p,v,cp,rcp,a,ba,sa,hl,pcp,t
18700.0,3020200,-1250.0,-0.1,,22451600.0,50629100.0,False,-100.0,14:45:00
18800.0,700,-1150.0,-0.1,BU,22451600.0,50629100.0,False,0.0,14:29:59
18800.0,300,-1150.0,-0.1,BU,22450900.0,50629100.0,False,0.0,14:29:59
18800.0,1000,-1150.0,-0.1,BU,22450600.0,50629100.0,False,50.0,14:29:59
18750.0,7100,-1200.0,-0.1,SD,22449600.0,50629100.0,False,0.0,14:29:59
18750.0,3000,-1200.0,-0.1,SD,22449600.0,50622000.0,False,0.0,14:29:59
18750.0,200,-1200.0,-0.1,SD,22449600.0,50619000.0,False,0.0,14:29:59
18750.0,6000,-1200.0,-0.1,SD,22449600.0,50618800.0,False,0.0,14:29:59
18750.0,100,-1200.0,-0.1,SD,22449600.0,50612800.0,False,0.0,14:29:59
18750.0,300,-1200.0,-0.1,SD,22449600.0,50612700.0,False,0.0,14:29:59
18750.0,2000,-1200.0,-0.1,SD,22449600.0,50612400.0,False,0.0,14:29:59
18750.0,400,-1200.0,-0.1,SD,22449600.0,50610400.0,False,0.0,14:29:59
18750.0,500,-1200.0,-0.1,SD,22449600.0,50610000.0,False,0.0,14:29:59
18750.0,200,-1200.0,-0.1,SD,22449600.0,50609500.0,False,0.0,14:29:59
18750.0,200,-1200.0,-0.1,SD,22449600.0,50609300.0,False,0.0,14:29:59
18750.0,2800,-1200.0,-0.1,SD,22449600.0,50609100.0,False,0.0,14:29:58
18750.0,4700,-1200.0,-0.1,SD,22449600.0,50606300.0,False,-50.0,14:29:58
18800.0,100,-1150.0,-0.1,BU,22449600.0,50601600.0,False,50.0,14:29:58
18750.0,100,-1200.0,-0.1,SD,22449500.0,50601600.0,False,-50.0,14:29:57
18800.0,200,-1150.0,-0.1,BU,22449500.0,50601500.0,False,0.0,14:29:56
18800.0,100,-1150.0,-0.1,BU,22449300.0,50601500.0,False,0.0,14:29:56
18800.0,2700,-1150.0,-0.1,BU,22449200.0,50601500.0,False,50.0,14:29:56
18750.0,5000,-1200.0,-0.1,SD,22446500.0,50601500.0,False,0.0,14:29:56
18750.0,700,-1200.0,-0.1,SD,22446500.0,50596500.0,False,0.0,14:29:56
18750.0,300,-1200.0,-0.1,SD,22446500.0,50595800.0,False,-50.0,14:29:55
18800.0,1000,-1150.0,-0.1,BU,22446500.0,50595500.0,False,0.0,14:29:55
18800.0,200,-1150.0,-0.1,BU,22445500.0,50595500.0,False,0.0,14:29:54
18800.0,500,-1150.0,-0.1,BU,22445300.0,50595500.0,False,50.0,14:29:54
18750.0,3000,-1200.0,-0.1,SD,22444800.0,50595500.0,False,-50.0,14:29:54
18800.0,600,-1150.0,-0.1,BU,22444800.0,50592500.0,False,0.0,14:29:54
18800.0,1000,-1150.0,-0.1,BU,22444200.0,50592500.0,False,0.0,14:29:54
18800.0,200,-1150.0,-0.1,BU,22443200.0,50592500.0,False,0.0,14:29:54
18800.0,900,-1150.0,-0.1,BU,22443000.0,50592500.0,False,0.0,14:29:54
18800.0,1000,-1150.0,-0.1,BU,22442100.0,50592500.0,False,0.0,14:29:54
18800.0,300,-1150.0,-0.1,BU,22441100.0,50592500.0,False,0.0,14:29:54
18800.0,2000,-1150.0,-0.1,BU,22440800.0,50592500.0,False,0.0,14:29:54
18800.0,2000,-1150.0,-0.1,BU,22438800.0,50592500.0,False,0.0,14:29:54
18800.0,1000,-1150.0,-0.1,BU,22436800.0,50592500.0,False,0.0,14:29:54
18800.0,1000,-1150.0,-0.1,BU,22435800.0,50592500.0,False,0.0,14:29:52
18800.0,400,-1150.0,-0.1,BU,22434800.0,50592500.0,False,0.0,14:29:52
18800.0,200,-1150.0,-0.1,BU,22434400.0,50592500.0,False,0.0,14:29:52
18800.0,1400,-1150.0,-0.1,BU,22434200.0,50592500.0,False,0.0,14:29:52
18800.0,600,-1150.0,-0.1,BU,22432800.0,50592500.0,False,0.0,14:29:52
18800.0,2000,-1150.0,-0.1,BU,22432200.0,50592500.0,False,0.0,14:29:52
18800.0,200,-1150.0,-0.1,BU,22430200.0,50592500.0,False,0.0,14:29:52
18800.0,1000,-1150.0,-0.1,BU,22430000.0,50592500.0,False,0.0,14:29:52
18800.0,1200,-1150.0,-0.1,BU,22429000.0,50592500.0,False,0.0,14:29:52
18800.0,15000,-1150.0,-0.1,BU,22427800.0,50592500.0,True,0.0,14:29:52
18800.0,1200,-1150.0,-0.1,BU,22412800.0,50592500.0,False,0.0,14:29:52
18800.0,100,-1150.0,-0.1,BU,22411600.0,50592500.0,False,0.0,14:29:51
18800.0,500,-1150.0,-0.1,BU,22411500.0,50592500.0,False,50.0,14:29:50
18750.0,1000,-1200.0,-0.1,SD,22411000.0,50592500.0,False,-50.0,14:29:50
18800.0,1000,-1150.0,-0.1,BU,22411000.0,50591500.0,False,50.0,14:29:50
18750.0,1000,-1200.0,-0.1,SD,22410000.0,50591500.0,False,-50.0,14:29:49
18800.0,1100,-1150.0,-0.1,BU,22410000.0,50590500.0,False,0.0,14:29:49
18800.0,700,-1150.0,-0.1,BU,22408900.0,50590500.0,False,0.0,14:29:49
18800.0,500,-1150.0,-0.1,BU,22408200.0,50590500.0,False,0.0,14:29:49
18800.0,700,-1150.0,-0.1,BU,22407700.0,50590500.0,False,0.0,14:29:49
18800.0,200,-1150.0,-0.1,BU,22407000.0,50590500.0,False,50.0,14:29:48
18750.0,300,-1200.0,-0.1,SD,22406800.0,50590500.0,False,0.0,14:29:47
18750.0,2000,-1200.0,-0.1,SD,22406800.0,50590200.0,False,-50.0,14:29:47
18800.0,2000,-1150.0,-0.1,BU,22406800.0,50588200.0,False,0.0,14:29:46
18800.0,100,-1150.0,-0.1,BU,22404800.0,50588200.0,False,0.0,14:29:45
18800.0,400,-1150.0,-0.1,BU,22404700.0,50588200.0,False,50.0,14:29:45
18750.0,5000,-1200.0,-0.1,SD,22404300.0,50588200.0,False,-50.0,14:29:44
18800.0,200,-1150.0,-0.1,BU,22404300.0,50583200.0,False,0.0,14:29:44
18800.0,1300,-1150.0,-0.1,BU,22404100.0,50583200.0,False,50.0,14:29:44
18750.0,39900,-1200.0,-0.1,SD,22402800.0,50583200.0,True,0.0,14:29:43
18750.0,6800,-1200.0,-0.1,SD,22402800.0,50543300.0,False,0.0,14:29:43
18750.0,3300,-1200.0,-0.1,SD,22402800.0,50536500.0,False,0.0,14:29:43
18750.0,1000,-1200.0,-0.1,SD,22402800.0,50533200.0,False,0.0,14:29:43
18750.0,400,-1200.0,-0.1,SD,22402800.0,50532200.0,False,0.0,14:29:43
18750.0,2000,-1200.0,-0.1,SD,22402800.0,50531800.0,False,0.0,14:29:43
18750.0,200,-1200.0,-0.1,SD,22402800.0,50529800.0,False,0.0,14:29:43
18750.0,200,-1200.0,-0.1,SD,22402800.0,50529600.0,False,0.0,14:29:43
18750.0,2000,-1200.0,-0.1,SD,22402800.0,50529400.0,False,0.0,14:29:43
18750.0,1000,-1200.0,-0.1,SD,22402800.0,50527400.0,False,0.0,14:29:43
18750.0,300,-1200.0,-0.1,SD,22402800.0,50526400.0,False,0.0,14:29:43
18750.0,2100,-1200.0,-0.1,SD,22402800.0,50526100.0,False,0.0,14:29:43
18750.0,3700,-1200.0,-0.1,SD,22402800.0,50524000.0,False,0.0,14:29:43
18750.0,500,-1200.0,-0.1,SD,22402800.0,50520300.0,False,0.0,14:29:43
18750.0,100,-1200.0,-0.1,SD,22402800.0,50519800.0,False,0.0,14:29:43
18750.0,100,-1200.0,-0.1,SD,22402800.0,50519700.0,False,0.0,14:29:43
18750.0,2000,-1200.0,-0.1,SD,22402800.0,50519600.0,False,0.0,14:29:43
18750.0,500,-1200.0,-0.1,SD,22402800.0,50517600.0,False,0.0,14:29:43
18750.0,1000,-1200.0,-0.1,SD,22402800.0,50517100.0,False,0.0,14:29:43
18750.0,2000,-1200.0,-0.1,SD,22402800.0,50516100.0,False,0.0,14:29:43
18750.0,300,-1200.0,-0.1,SD,22402800.0,50514100.0,False,0.0,14:29:43
18750.0,7500,-1200.0,-0.1,SD,22402800.0,50513800.0,False,-50.0,14:29:43
18800.0,700,-1150.0,-0.1,BU,22402800.0,50506300.0,False,0.0,14:29:43
18800.0,100,-1150.0,-0.1,BU,22402100.0,50506300.0,False,0.0,14:29:43
18800.0,200,-1150.0,-0.1,BU,22402000.0,50506300.0,False,0.0,14:29:43
18800.0,200,-1150.0,-0.1,BU,22401800.0,50506300.0,False,0.0,14:29:42
18800.0,1000,-1150.0,-0.1,BU,22401600.0,50506300.0,False,50.0,14:29:42
18750.0,1400,-1200.0,-0.1,SD,22400600.0,50506300.0,False,-50.0,14:29:42
18800.0,500,-1150.0,-0.1,BU,22400600.0,50504900.0,False,0.0,14:29:41
18800.0,100,-1150.0,-0.1,BU,22400100.0,50504900.0,False,0.0,14:29:41
18800.0,2600,-1150.0,-0.1,BU,22400000.0,50504900.0,False,0.0,14:29:41
18800.0,200,-1150.0,-0.1,BU,22397400.0,50504900.0,False,0.0,14:29:39
18800.0,800,-1150.0,-0.1,BU,22397200.0,50504900.0,False,0.0,14:29:39
18800.0,200,-1150.0,-0.1,BU,22396400.0,50504900.0,False,0.0,14:29:39
18800.0,1000,-1150.0,-0.1,BU,22396200.0,50504900.0,False,50.0,14:29:39
18750.0,100,-1200.0,-0.1,SD,22395200.0,50504900.0,False,-50.0,14:29:38
18800.0,200,-1150.0,-0.1,BU,22395200.0,50504800.0,False,50.0,14:29:38
18750.0,200,-1200.0,-0.1,SD,22395000.0,50504800.0,False,0.0,14:29:37
18750.0,3600,-1200.0,-0.1,SD,22395000.0,50504600.0,False,-50.0,14:29:37
18800.0,200,-1150.0,-0.1,BU,22395000.0,50501000.0,False,50.0,14:29:37
18750.0,100,-1200.0,-0.1,SD,22394800.0,50501000.0,False,-50.0,14:29:37
18800.0,200,-1150.0,-0.1,BU,22394800.0,50500900.0,False,0.0,14:29:37
18800.0,500,-1150.0,-0.1,BU,22394600.0,50500900.0,False,0.0,14:29:36
18800.0,100,-1150.0,-0.1,BU,22394100.0,50500900.0,False,0.0,14:29:36
18800.0,500,-1150.0,-0.1,BU,22394000.0,50500900.0,False,50.0,14:29:35
18750.0,2000,-1200.0,-0.1,SD,22393500.0,50500900.0,False,0.0,14:29:34
18750.0,500,-1200.0,-0.1,SD,22393500.0,50498900.0,False,-50.0,14:29:34
18800.0,900,-1150.0,-0.1,BU,22393500.0,50498400.0,False,0.0,14:29:33
18800.0,100,-1150.0,-0.1,BU,22392600.0,50498400.0,False,0.0,14:29:33
18800.0,1000,-1150.0,-0.1,BU,22392500.0,50498400.0,False,0.0,14:29:33
18800.0,1000,-1150.0,-0.1,BU,22391500.0,50498400.0,False,0.0,14:29:33
18800.0,900,-1150.0,-0.1,BU,22390500.0,50498400.0,False,0.0,14:29:31
18800.0,100,-1150.0,-0.1,BU,22389600.0,50498400.0,False,0.0,14:29:31
18800.0,500,-1150.0,-0.1,BU,22389500.0,50498400.0,False,50.0,14:29:31
18750.0,1000,-1200.0,-0.1,SD,22389000.0,50498400.0,False,0.0,14:29:30
18750.0,1800,-1200.0,-0.1,SD,22389000.0,50497400.0,False,-50.0,14:29:29
18800.0,100,-1150.0,-0.1,BU,22389000.0,50495600.0,False,0.0,14:29:29
18800.0,100,-1150.0,-0.1,BU,22388900.0,50495600.0,False,0.0,14:29:28
18800.0,500,-1150.0,-0.1,BU,22388800.0,50495600.0,False,50.0,14:29:28
18750.0,100,-1200.0,-0.1,SD,22388300.0,50495600.0,False,-50.0,14:29:27
18800.0,500,-1150.0,-0.1,BU,22388300.0,50495500.0,False,0.0,14:29:27
18800.0,300,-1150.0,-0.1,BU,22387800.0,50495500.0,False,0.0,14:29:26
18800.0,4100,-1150.0,-0.1,BU,22387500.0,50495500.0,False,0.0,14:29:24
18800.0,300,-1150.0,-0.1,BU,22383400.0,50495500.0,False,0.0,14:29:24
18800.0,600,-1150.0,-0.1,BU,22383100.0,50495500.0,False,0.0,14:29:24
18800.0,500,-1150.0,-0.1,BU,22382500.0,50495500.0,False,50.0,14:29:24
18750.0,3600,-1200.0,-0.1,SD,22382000.0,50495500.0,False,-50.0,14:29:24
18800.0,5000,-1150.0,-0.1,BU,22382000.0,50491900.0,False,50.0,14:29:24
18750.0,8100,-1200.0,-0.1,SD,22377000.0,50491900.0,False,0.0,14:29:24
18750.0,11900,-1200.0,-0.1,SD,22377000.0,50483800.0,True,0.0,14:29:24
18750.0,2000,-1200.0,-0.1,SD,22377000.0,50471900.0,False,0.0,14:29:22
18750.0,4000,-1200.0,-0.1,SD,22377000.0,50469900.0,False,0.0,14:29:22
18750.0,2000,-1200.0,-0.1,SD,22377000.0,50465900.0,False,0.0,14:29:21
18750.0,5000,-1200.0,-0.1,SD,22377000.0,50463900.0,False,0.0,14:29:21
18750.0,2000,-1200.0,-0.1,SD,22377000.0,50458900.0,False,0.0,14:29:20
18750.0,1000,-1200.0,-0.1,SD,22377000.0,50456900.0,False,0.0,14:29:20
18750.0,5000,-1200.0,-0.1,SD,22377000.0,50455900.0,False,0.0,14:29:20
18750.0,4500,-1200.0,-0.1,SD,22377000.0,50450900.0,False,0.0,14:29:20
18750.0,200,-1200.0,-0.1,SD,22377000.0,50446400.0,False,0.0,14:29:20
18750.0,2400,-1200.0,-0.1,SD,22377000.0,50446200.0,False,0.0,14:29:19
18750.0,1000,-1200.0,-0.1,SD,22377000.0,50443800.0,False,0.0,14:29:19
18750.0,300,-1200.0,-0.1,SD,22377000.0,50442800.0,False,0.0,14:29:19
18750.0,200,-1200.0,-0.1,SD,22377000.0,50442500.0,False,0.0,14:29:19
18750.0,1000,-1200.0,-0.1,SD,22377000.0,50442300.0,False,0.0,14:29:19
18750.0,200,-1200.0,-0.1,SD,22377000.0,50441300.0,False,0.0,14:29:19
18750.0,900,-1200.0,-0.1,SD,22377000.0,50441100.0,False,0.0,14:29:19
18750.0,100,-1200.0,-0.1,SD,22377000.0,50440200.0,False,0.0,14:29:18
18750.0,2800,-1200.0,-0.1,SD,22377000.0,50440100.0,False,0.0,14:29:18
18750.0,600,-1200.0,-0.1,SD,22377000.0,50437300.0,False,-50.0,14:29:17
18800.0,100,-1150.0,-0.1,BU,22377000.0,50436700.0,False,50.0,14:29:17
18750.0,1300,-1200.0,-0.1,SD,22376900.0,50436700.0,False,-50.0,14:29:17
18800.0,1000,-1150.0,-0.1,BU,22376900.0,50435400.0,False,0.0,14:29:17
18800.0,1000,-1150.0,-0.1,BU,22375900.0,50435400.0,False,50.0,14:29:16
18750.0,300,-1200.0,-0.1,SD,22374900.0,50435400.0,False,-50.0,14:29:16
18800.0,1000,-1150.0,-0.1,BU,22374900.0,50435100.0,False,50.0,14:29:15
18750.0,500,-1200.0,-0.1,SD,22373900.0,50435100.0,False,0.0,14:29:15
18750.0,16400,-1200.0,-0.1,SD,22373900.0,50434600.0,True,0.0,14:29:15
18750.0,19100,-1200.0,-0.1,SD,22373900.0,50418200.0,True,0.0,14:29:14
18750.0,900,-1200.0,-0.1,SD,22373900.0,50399100.0,False,0.0,14:29:14
18750.0,2500,-1200.0,-0.1,SD,22373900.0,50398200.0,False,0.0,14:29:14
18750.0,500,-1200.0,-0.1,SD,22373900.0,50395700.0,False,0.0,14:29:14
18750.0,1100,-1200.0,-0.1,SD,22373900.0,50395200.0,False,0.0,14:29:14
18750.0,1000,-1200.0,-0.1,SD,22373900.0,50394100.0,False,0.0,14:29:14
18750.0,500,-1200.0,-0.1,SD,22373900.0,50393100.0,False,0.0,14:29:14
18750.0,400,-1200.0,-0.1,SD,22373900.0,50392600.0,False,0.0,14:29:14
18750.0,800,-1200.0,-0.1,SD,22373900.0,50392200.0,False,0.0,14:29:14
18750.0,1000,-1200.0,-0.1,SD,22373900.0,50391400.0,False,0.0,14:29:14
18750.0,1500,-1200.0,-0.1,SD,22373900.0,50390400.0,False,0.0,14:29:14
18750.0,700,-1200.0,-0.1,SD,22373900.0,50388900.0,False,50.0,14:29:14
18700.0,95500,-1250.0,-0.1,SD,22373900.0,50388200.0,True,0.0,14:29:13
18700.0,1000,-1250.0,-0.1,SD,22373900.0,50292700.0,False,0.0,14:29:13
18700.0,1500,-1250.0,-0.1,SD,22373900.0,50291700.0,False,0.0,14:29:13
18700.0,3500,-1250.0,-0.1,SD,22373900.0,50290200.0,False,0.0,14:29:13
18700.0,2000,-1250.0,-0.1,SD,22373900.0,50286700.0,False,0.0,14:29:13
18700.0,100,-1250.0,-0.1,SD,22373900.0,50284700.0,False,0.0,14:29:13
18700.0,300,-1250.0,-0.1,SD,22373900.0,50284600.0,False,0.0,14:29:13
18700.0,1000,-1250.0,-0.1,SD,22373900.0,50284300.0,False,0.0,14:29:13
18700.0,300,-1250.0,-0.1,SD,22373900.0,50283300.0,False,0.0,14:29:13
18700.0,500,-1250.0,-0.1,SD,22373900.0,50283000.0,False,0.0,14:29:13
18700.0,800,-1250.0,-0.1,SD,22373900.0,50282500.0,False,-50.0,14:29:13
18750.0,2700,-1200.0,-0.1,SD,22373900.0,50281700.0,False,0.0,14:29:13
18750.0,300,-1200.0,-0.1,SD,22373900.0,50279000.0,False,0.0,14:29:13
18750.0,500,-1200.0,-0.1,SD,22373900.0,50278700.0,False,0.0,14:29:13
18750.0,1000,-1200.0,-0.1,SD,22373900.0,50278200.0,False,0.0,14:29:13
18750.0,1500,-1200.0,-0.1,SD,22373900.0,50277200.0,False,0.0,14:29:13
18750.0,5000,-1200.0,-0.1,SD,22373900.0,50275700.0,False,0.0,14:29:13
18750.0,1300,-1200.0,-0.1,SD,22373900.0,50270700.0,False,0.0,14:29:13
18750.0,800,-1200.0,-0.1,SD,22373900.0,50269400.0,False,0.0,14:29:13
18750.0,400,-1200.0,-0.1,SD,22373900.0,50268600.0,False,50.0,14:29:13
18700.0,2200,-1250.0,-0.1,SD,22373900.0,50268200.0,False,0.0,14:29:12
18700.0,500,-1250.0,-0.1,SD,22373900.0,50266000.0,False,0.0,14:29:12
18700.0,300,-1250.0,-0.1,SD,22373900.0,50265500.0,False,0.0,14:29:12
18700.0,100,-1250.0,-0.1,SD,22373900.0,50265200.0,False,0.0,14:29:12
18700.0,2300,-1250.0,-0.1,SD,22373900.0,50265100.0,False,-50.0,14:29:12
18750.0,200,-1200.0,-0.1,SD,22373900.0,50262800.0,False,0.0,14:29:12
18750.0,100,-1200.0,-0.1,SD,22373900.0,50262600.0,False,0.0,14:29:12
18750.0,4300,-1200.0,-0.1,SD,22373900.0,50262500.0,False,-50.0,14:29:12
18800.0,3000,-1150.0,-0.1,BU,22373900.0,50258200.0,False,50.0,14:29:12
18750.0,300,-1200.0,-0.1,SD,22370900.0,50258200.0,False,0.0,14:29:12
18750.0,1000,-1200.0,-0.1,SD,22370900.0,50257900.0,False,0.0,14:29:12
18750.0,300,-1200.0,-0.1,SD,22370900.0,50256900.0,False,0.0,14:29:12
18750.0,100,-1200.0,-0.1,SD,22370900.0,50256600.0,False,0.0,14:29:12
18750.0,100,-1200.0,-0.1,BU,22370900.0,50256500.0,False,0.0,14:29:11
18750.0,1800,-1200.0,-0.1,BU,22370800.0,50256500.0,False,0.0,14:29:11
18750.0,1200,-1200.0,-0.1,BU,22369000.0,50256500.0,False,0.0,14:29:11
18750.0,900,-1200.0,-0.1,BU,22367800.0,50256500.0,False,0.0,14:29:10
18750.0,400,-1200.0,-0.1,BU,22366900.0,50256500.0,False,0.0,14:29:10
18750.0,300,-1200.0,-0.1,BU,22366500.0,50256500.0,False,0.0,14:29:10
18750.0,1500,-1200.0,-0.1,BU,22366200.0,50256500.0,False,0.0,14:29:10
18750.0,200,-1200.0,-0.1,BU,22364700.0,50256500.0,False,0.0,14:29:10
18750.0,200,-1200.0,-0.1,BU,22364500.0,50256500.0,False,0.0,14:29:10
18750.0,7400,-1200.0,-0.1,BU,22364300.0,50256500.0,False,0.0,14:29:10
18750.0,2600,-1200.0,-0.1,BU,22356900.0,50256500.0,False,0.0,14:29:10
18750.0,5500,-1200.0,-0.1,BU,22354300.0,50256500.0,False,0.0,14:29:10
18750.0,1000,-1200.0,-0.1,BU,22348800.0,50256500.0,False,50.0,14:29:10
18700.0,2000,-1250.0,-0.1,SD,22347800.0,50256500.0,False,0.0,14:29:10
18700.0,2700,-1250.0,-0.1,SD,22347800.0,50254500.0,False,0.0,14:29:10
18700.0,500,-1250.0,-0.1,SD,22347800.0,50251800.0,False,0.0,14:29:10
18700.0,500,-1250.0,-0.1,SD,22347800.0,50251300.0,False,0.0,14:29:10
18700.0,300,-1250.0,-0.1,SD,22347800.0,50250800.0,False,-50.0,14:29:10
18750.0,500,-1200.0,-0.1,BU,22347800.0,50250500.0,False,0.0,14:29:10
18750.0,1000,-1200.0,-0.1,BU,22347300.0,50250500.0,False,0.0,14:29:10
18750.0,1000,-1200.0,-0.1,BU,22346300.0,50250500.0,False,50.0,14:29:10
18700.0,1000,-1250.0,-0.1,SD,22345300.0,50250500.0,False,-50.0,14:29:10
18750.0,1300,-1200.0,-0.1,BU,22345300.0,50249500.0,False,0.0,14:29:10
18750.0,1200,-1200.0,-0.1,BU,22344000.0,50249500.0,False,0.0,14:29:10
18750.0,200,-1200.0,-0.1,BU,22342800.0,50249500.0,False,0.0,14:29:09
18750.0,1000,-1200.0,-0.1,BU,22342600.0,50249500.0,False,0.0,14:29:09
18750.0,100,-1200.0,-0.1,BU,22341600.0,50249500.0,False,0.0,14:29:09
18750.0,30000,-1200.0,-0.1,BU,22341500.0,50249500.0,True,0.0,14:29:09
18750.0,100,-1200.0,-0.1,BU,22311500.0,50249500.0,False,0.0,14:29:08
18750.0,200,-1200.0,-0.1,BU,22311400.0,50249500.0,False,50.0,14:29:08
18700.0,500,-1250.0,-0.1,SD,22311200.0,50249500.0,False,-50.0,14:29:08
18750.0,500,-1200.0,-0.1,BU,22311200.0,50249000.0,False,0.0,14:29:08
18750.0,100,-1200.0,-0.1,BU,22310700.0,50249000.0,False,0.0,14:29:08
18750.0,100,-1200.0,-0.1,BU,22310600.0,50249000.0,False,0.0,14:29:08
18750.0,1200,-1200.0,-0.1,BU,22310500.0,50249000.0,False,0.0,14:29:07
18750.0,600,-1200.0,-0.1,BU,22309300.0,50249000.0,False,0.0,14:29:07
18750.0,57200,-1200.0,-0.1,BU,22308700.0,50249000.0,True,0.0,14:29:07
18750.0,1900,-1200.0,-0.1,BU,22251500.0,50249000.0,False,0.0,14:29:07
18750.0,3000,-1200.0,-0.1,BU,22249600.0,50249000.0,False,0.0,14:29:07
18750.0,500,-1200.0,-0.1,BU,22246600.0,50249000.0,False,0.0,14:29:07
18750.0,300,-1200.0,-0.1,BU,22246100.0,50249000.0,False,0.0,14:29:07
18750.0,8200,-1200.0,-0.1,BU,22245800.0,50249000.0,False,0.0,14:29:07
18750.0,1000,-1200.0,-0.1,BU,22237600.0,50249000.0,False,0.0,14:29:07
18750.0,12000,-1200.0,-0.1,BU,22236600.0,50249000.0,True,0.0,14:29:07
18750.0,100,-1200.0,-0.1,BU,22224600.0,50249000.0,False,0.0,14:29:07
18750.0,1000,-1200.0,-0.1,BU,22224500.0,50249000.0,False,0.0,14:29:07
18750.0,1000,-1200.0,-0.1,BU,22223500.0,50249000.0,False,0.0,14:29:07
18750.0,2000,-1200.0,-0.1,BU,22222500.0,50249000.0,False,0.0,14:29:07
18750.0,2800,-1200.0,-0.1,BU,22220500.0,50249000.0,False,0.0,14:29:07
18750.0,1000,-1200.0,-0.1,BU,22217700.0,50249000.0,False,0.0,14:29:06
18750.0,1200,-1200.0,-0.1,BU,22216700.0,50249000.0,False,0.0,14:29:06
18750.0,800,-1200.0,-0.1,BU,22215500.0,50249000.0,False,0.0,14:29:06
18750.0,100,-1200.0,-0.1,BU,22214700.0,50249000.0,False,0.0,14:29:06
18750.0,2100,-1200.0,-0.1,BU,22214600.0,50249000.0,False,0.0,14:29:06
18750.0,100,-1200.0,-0.1,BU,22212500.0,50249000.0,False,0.0,14:29:06
18750.0,500,-1200.0,-0.1,BU,22212400.0,50249000.0,False,0.0,14:29:06
18750.0,3000,-1200.0,-0.1,BU,22211900.0,50249000.0,False,0.0,14:29:05
18750.0,100,-1200.0,-0.1,BU,22208900.0,50249000.0,False,0.0,14:29:05
18750.0,100,-1200.0,-0.1,BU,22208800.0,50249000.0,False,0.0,14:29:04
18750.0,1000,-1200.0,-0.1,BU,22208700.0,50249000.0,False,0.0,14:29:04
18750.0,600,-1200.0,-0.1,BU,22207700.0,50249000.0,False,0.0,14:29:04
18750.0,800,-1200.0,-0.1,BU,22207100.0,50249000.0,False,0.0,14:29:04
18750.0,200,-1200.0,-0.1,BU,22206300.0,50249000.0,False,0.0,14:29:03
18750.0,1000,-1200.0,-0.1,BU,22206100.0,50249000.0,False,0.0,14:29:03
18750.0,400,-1200.0,-0.1,BU,22205100.0,50249000.0,False,0.0,14:29:03
18750.0,5000,-1200.0,-0.1,BU,22204700.0,50249000.0,False,0.0,14:29:03
18750.0,200,-1200.0,-0.1,BU,22199700.0,50249000.0,False,0.0,14:29:03
18750.0,500,-1200.0,-0.1,BU,22199500.0,50249000.0,False,0.0,14:29:03
18750.0,3800,-1200.0,-0.1,BU,22199000.0,50249000.0,False,0.0,14:29:03
18750.0,100,-1200.0,-0.1,BU,22195200.0,50249000.0,False,0.0,14:29:03
18750.0,3000,-1200.0,-0.1,BU,22195100.0,50249000.0,False,0.0,14:29:03
18750.0,1200,-1200.0,-0.1,BU,22192100.0,50249000.0,False,0.0,14:29:03
18750.0,200,-1200.0,-0.1,BU,22190900.0,50249000.0,False,0.0,14:29:03
18750.0,25400,-1200.0,-0.1,BU,22190700.0,50249000.0,True,0.0,14:29:03
18750.0,1000,-1200.0,-0.1,BU,22165300.0,50249000.0,False,0.0,14:29:03
18750.0,200,-1200.0,-0.1,BU,22164300.0,50249000.0,False,0.0,14:29:03
18750.0,100,-1200.0,-0.1,BU,22164100.0,50249000.0,False,0.0,14:29:03
18750.0,2900,-1200.0,-0.1,BU,22164000.0,50249000.0,False,0.0,14:29:03
18750.0,1000,-1200.0,-0.1,BU,22161100.0,50249000.0,False,0.0,14:29:03
18750.0,100,-1200.0,-0.1,BU,22160100.0,50249000.0,False,0.0,14:29:02
18750.0,500,-1200.0,-0.1,BU,22160000.0,50249000.0,False,0.0,14:29:02
18750.0,1000,-1200.0,-0.1,BU,22159500.0,50249000.0,False,0.0,14:29:02
18750.0,8000,-1200.0,-0.1,BU,22158500.0,50249000.0,False,50.0,14:29:02
18700.0,1000,-1250.0,-0.1,SD,22150500.0,50249000.0,False,0.0,14:29:02
18700.0,300,-1250.0,-0.1,SD,22150500.0,50248000.0,False,0.0,14:29:02
18700.0,3700,-1250.0,-0.1,SD,22150500.0,50247700.0,False,-50.0,14:29:02
18750.0,200,-1200.0,-0.1,BU,22150500.0,50244000.0,False,0.0,14:29:01
18750.0,200,-1200.0,-0.1,BU,22150300.0,50244000.0,False,50.0,14:29:01
18700.0,2000,-1250.0,-0.1,SD,22150100.0,50244000.0,False,-50.0,14:29:01
18750.0,1100,-1200.0,-0.1,BU,22150100.0,50242000.0,False,0.0,14:29:01
18750.0,400,-1200.0,-0.1,BU,22149000.0,50242000.0,False,0.0,14:29:01
18750.0,100,-1200.0,-0.1,BU,22148600.0,50242000.0,False,0.0,14:29:00
18750.0,300,-1200.0,-0.1,BU,22148500.0,50242000.0,False,0.0,14:29:00
18750.0,600,-1200.0,-0.1,BU,22148200.0,50242000.0,False,50.0,14:29:00
18700.0,1800,-1250.0,-0.1,SD,22147600.0,50242000.0,False,0.0,14:29:00
18700.0,2500,-1250.0,-0.1,SD,22147600.0,50240200.0,False,0.0,14:29:00
18700.0,200,-1250.0,-0.1,SD,22147600.0,50237700.0,False,0.0,14:29:00
18700.0,1000,-1250.0,-0.1,SD,22147600.0,50237500.0,False,-50.0,14:29:00
18750.0,500,-1200.0,-0.1,BU,22147600.0,50236500.0,False,0.0,14:29:00
18750.0,800,-1200.0,-0.1,BU,22147100.0,50236500.0,False,50.0,14:29:00
18700.0,100,-1250.0,-0.1,SD,22146300.0,50236500.0,False,0.0,14:29:00
18700.0,5000,-1250.0,-0.1,SD,22146300.0,50236400.0,False,0.0,14:29:00
18700.0,100,-1250.0,-0.1,SD,22146300.0,50231400.0,False,0.0,14:29:00
18700.0,100,-1250.0,-0.1,SD,22146300.0,50231300.0,False,0.0,14:29:00
18700.0,100,-1250.0,-0.1,SD,22146300.0,50231200.0,False,0.0,14:29:00
18700.0,100,-1250.0,-0.1,SD,22146300.0,50231100.0,False,0.0,14:29:00
18700.0,300,-1250.0,-0.1,SD,22146300.0,50231000.0,False,0.0,14:29:00
18700.0,2000,-1250.0,-0.1,SD,22146300.0,50230700.0,False,0.0,14:29:00
18700.0,100,-1250.0,-0.1,SD,22146300.0,50228700.0,False,0.0,14:29:00
18700.0,300,-1250.0,-0.1,SD,22146300.0,50228600.0,False,0.0,14:29:00
18700.0,500,-1250.0,-0.1,SD,22146300.0,50228300.0,False,0.0,14:29:00
18700.0,200,-1250.0,-0.1,SD,22146300.0,50227800.0,False,0.0,14:29:00
18700.0,5000,-1250.0,-0.1,SD,22146300.0,50227600.0,False,0.0,14:29:00
18700.0,100,-1250.0,-0.1,SD,22146300.0,50222600.0,False,0.0,14:29:00
18700.0,1000,-1250.0,-0.1,SD,22146300.0,50222500.0,False,0.0,14:29:00
18700.0,1000,-1250.0,-0.1,SD,22146300.0,50221500.0,False,0.0,14:29:00
18700.0,1000,-1250.0,-0.1,SD,22146300.0,50220500.0,False,0.0,14:29:00
18700.0,200,-1250.0,-0.1,SD,22146300.0,50219500.0,False,0.0,14:29:00
18700.0,200,-1250.0,-0.1,SD,22146300.0,50219300.0,False,0.0,14:29:00
18700.0,300,-1250.0,-0.1,SD,22146300.0,50219100.0,False,0.0,14:29:00
18700.0,500,-1250.0,-0.1,SD,22146300.0,50218800.0,False,0.0,14:29:00
18700.0,1000,-1250.0,-0.1,SD,22146300.0,50218300.0,False,0.0,14:29:00
18700.0,100,-1250.0,-0.1,SD,22146300.0,50217300.0,False,0.0,14:29:00
18700.0,400,-1250.0,-0.1,SD,22146300.0,50217200.0,False,0.0,14:29:00
18700.0,5000,-1250.0,-0.1,SD,22146300.0,50216800.0,False,0.0,14:29:00
18700.0,1000,-1250.0,-0.1,SD,22146300.0,50211800.0,False,0.0,14:29:00
18700.0,1000,-1250.0,-0.1,SD,22146300.0,50210800.0,False,0.0,14:29:00
18700.0,500,-1250.0,-0.1,SD,22146300.0,50209800.0,False,0.0,14:29:00
18700.0,100,-1250.0,-0.1,SD,22146300.0,50209300.0,False,0.0,14:29:00
18700.0,300,-1250.0,-0.1,SD,22146300.0,50209200.0,False,0.0,14:29:00
18700.0,300,-1250.0,-0.1,SD,22146300.0,50208900.0,False,0.0,14:29:00
18700.0,300,-1250.0,-0.1,SD,22146300.0,50208600.0,False,0.0,14:29:00
18700.0,200,-1250.0,-0.1,SD,22146300.0,50208300.0,False,0.0,14:29:00
18700.0,500,-1250.0,-0.1,SD,22146300.0,50208100.0,False,0.0,14:29:00
18700.0,500,-1250.0,-0.1,SD,22146300.0,50207600.0,False,0.0,14:29:00
18700.0,1000,-1250.0,-0.1,SD,22146300.0,50207100.0,False,0.0,14:29:00
18700.0,1000,-1250.0,-0.1,SD,22146300.0,50206100.0,False,0.0,14:29:00
18700.0,1000,-1250.0,-0.1,SD,22146300.0,50205100.0,False,0.0,14:29:00
18700.0,10000,-1250.0,-0.1,SD,22146300.0,50204100.0,False,0.0,14:29:00
18700.0,500,-1250.0,-0.1,SD,22146300.0,50194100.0,False,0.0,14:29:00
18700.0,3000,-1250.0,-0.1,SD,22146300.0,50193600.0,False,0.0,14:29:00
18700.0,500,-1250.0,-0.1,SD,22146300.0,50190600.0,False,0.0,14:29:00
18700.0,500,-1250.0,-0.1,SD,22146300.0,50190100.0,False,0.0,14:29:00
18700.0,600,-1250.0,-0.1,SD,22146300.0,50189600.0,False,0.0,14:29:00
18700.0,1000,-1250.0,-0.1,SD,22146300.0,50189000.0,False,0.0,14:29:00
18700.0,1000,-1250.0,-0.1,SD,22146300.0,50188000.0,False,0.0,14:29:00
18700.0,1000,-1250.0,-0.1,SD,22146300.0,50187000.0,False,0.0,14:29:00
18700.0,200,-1250.0,-0.1,SD,22146300.0,50186000.0,False,0.0,14:29:00
18700.0,2000,-1250.0,-0.1,SD,22146300.0,50185800.0,False,0.0,14:29:00
18700.0,100,-1250.0,-0.1,SD,22146300.0,50183800.0,False,0.0,14:29:00
18700.0,100,-1250.0,-0.1,SD,22146300.0,50183700.0,False,0.0,14:29:00
18700.0,1000,-1250.0,-0.1,SD,22146300.0,50183600.0,False,0.0,14:29:00
18700.0,2000,-1250.0,-0.1,SD,22146300.0,50182600.0,False,0.0,14:29:00
18700.0,100,-1250.0,-0.1,SD,22146300.0,50180600.0,False,0.0,14:29:00
18700.0,100,-1250.0,-0.1,SD,22146300.0,50180500.0,False,0.0,14:29:00
18700.0,100,-1250.0,-0.1,SD,22146300.0,50180400.0,False,0.0,14:29:00
18700.0,100,-1250.0,-0.1,SD,22146300.0,50180300.0,False,0.0,14:29:00
18700.0,1000,-1250.0,-0.1,SD,22146300.0,50180200.0,False,0.0,14:29:00
18700.0,200,-1250.0,-0.1,SD,22146300.0,50179200.0,False,0.0,14:28:59
18700.0,1500,-1250.0,-0.1,SD,22146300.0,50179000.0,False,0.0,14:28:59
18700.0,100,-1250.0,-0.1,SD,22146300.0,50177500.0,False,0.0,14:28:59
18700.0,1000,-1250.0,-0.1,SD,22146300.0,50177400.0,False,0.0,14:28:59
18700.0,1000,-1250.0,-0.1,SD,22146300.0,50176400.0,False,0.0,14:28:59
18700.0,700,-1250.0,-0.1,SD,22146300.0,50175400.0,False,0.0,14:28:59
18700.0,1000,-1250.0,-0.1,SD,22146300.0,50174700.0,False,0.0,14:28:59
18700.0,4900,-1250.0,-0.1,SD,22146300.0,50173700.0,False,0.0,14:28:59
18700.0,1500,-1250.0,-0.1,SD,22146300.0,50168800.0,False,0.0,14:28:59
18700.0,2000,-1250.0,-0.1,SD,22146300.0,50167300.0,False,0.0,14:28:59
18700.0,2000,-1250.0,-0.1,SD,22146300.0,50165300.0,False,0.0,14:28:59
18700.0,100,-1250.0,-0.1,SD,22146300.0,50163300.0,False,0.0,14:28:59
18700.0,200,-1250.0,-0.1,SD,22146300.0,50163200.0,False,0.0,14:28:59
18700.0,1000,-1250.0,-0.1,SD,22146300.0,50163000.0,False,0.0,14:28:59
18700.0,100,-1250.0,-0.1,SD,22146300.0,50162000.0,False,0.0,14:28:59
18700.0,3000,-1250.0,-0.1,SD,22146300.0,50161900.0,False,0.0,14:28:59
18700.0,1000,-1250.0,-0.1,SD,22146300.0,50158900.0,False,0.0,14:28:59
18700.0,500,-1250.0,-0.1,SD,22146300.0,50157900.0,False,0.0,14:28:59
18700.0,500,-1250.0,-0.1,SD,22146300.0,50157400.0,False,0.0,14:28:59
18700.0,2000,-1250.0,-0.1,SD,22146300.0,50156900.0,False,0.0,14:28:59
18700.0,1000,-1250.0,-0.1,SD,22146300.0,50154900.0,False,0.0,14:28:59
18700.0,3000,-1250.0,-0.1,SD,22146300.0,50153900.0,False,0.0,14:28:59
18700.0,200,-1250.0,-0.1,SD,22146300.0,50150900.0,False,0.0,14:28:59
18700.0,100,-1250.0,-0.1,SD,22146300.0,50150700.0,False,0.0,14:28:59
18700.0,100,-1250.0,-0.1,SD,22146300.0,50150600.0,False,0.0,14:28:59
18700.0,500,-1250.0,-0.1,SD,22146300.0,50150500.0,False,0.0,14:28:59
18700.0,800,-1250.0,-0.1,SD,22146300.0,50150000.0,False,0.0,14:28:59
18700.0,1300,-1250.0,-0.1,SD,22146300.0,50149200.0,False,0.0,14:28:59
18700.0,500,-1250.0,-0.1,SD,22146300.0,50147900.0,False,0.0,14:28:59
18700.0,2000,-1250.0,-0.1,SD,22146300.0,50147400.0,False,0.0,14:28:59
18700.0,1000,-1250.0,-0.1,SD,22146300.0,50145400.0,False,0.0,14:28:59
18700.0,500,-1250.0,-0.1,SD,22146300.0,50144400.0,False,0.0,14:28:59
18700.0,100,-1250.0,-0.1,SD,22146300.0,50143900.0,False,0.0,14:28:59
18700.0,200,-1250.0,-0.1,SD,22146300.0,50143800.0,False,0.0,14:28:59
18700.0,100,-1250.0,-0.1,SD,22146300.0,50143600.0,False,0.0,14:28:59
18700.0,100,-1250.0,-0.1,SD,22146300.0,50143500.0,False,0.0,14:28:59
18700.0,100,-1250.0,-0.1,SD,22146300.0,50143400.0,False,0.0,14:28:59
18700.0,2700,-1250.0,-0.1,SD,22146300.0,50143300.0,False,0.0,14:28:59
18700.0,1000,-1250.0,-0.1,SD,22146300.0,50140600.0,False,0.0,14:28:59
18700.0,1000,-1250.0,-0.1,SD,22146300.0,50139600.0,False,0.0,14:28:59
18700.0,500,-1250.0,-0.1,SD,22146300.0,50138600.0,False,0.0,14:28:59
18700.0,3000,-1250.0,-0.1,SD,22146300.0,50138100.0,False,0.0,14:28:59
18700.0,200,-1250.0,-0.1,SD,22146300.0,50135100.0,False,0.0,14:28:59
18700.0,1000,-1250.0,-0.1,SD,22146300.0,50134900.0,False,0.0,14:28:59
18700.0,800,-1250.0,-0.1,SD,22146300.0,50133900.0,False,0.0,14:28:59
18700.0,200,-1250.0,-0.1,SD,22146300.0,50133100.0,False,0.0,14:28:59
18700.0,300,-1250.0,-0.1,SD,22146300.0,50132900.0,False,0.0,14:28:59
18700.0,100,-1250.0,-0.1,SD,22146300.0,50132600.0,False,0.0,14:28:59
18700.0,100,-1250.0,-0.1,SD,22146300.0,50132500.0,False,0.0,14:28:59
18700.0,200,-1250.0,-0.1,SD,22146300.0,50132400.0,False,0.0,14:28:59
18700.0,2000,-1250.0,-0.1,SD,22146300.0,50132200.0,False,0.0,14:28:59
18700.0,13700,-1250.0,-0.1,SD,22146300.0,50130200.0,True,-50.0,14:28:59
18750.0,100,-1200.0,-0.1,BU,22146300.0,50116500.0,False,50.0,14:28:59
18700.0,8300,-1250.0,-0.1,SD,22146200.0,50116500.0,False,-50.0,14:28:58
18750.0,100,-1200.0,-0.1,BU,22146200.0,50108200.0,False,0.0,14:28:58
18750.0,2400,-1200.0,-0.1,BU,22146100.0,50108200.0,False,0.0,14:28:58
18750.0,1000,-1200.0,-0.1,BU,22143700.0,50108200.0,False,0.0,14:28:57
18750.0,2000,-1200.0,-0.1,BU,22142700.0,50108200.0,False,0.0,14:28:57
18750.0,3000,-1200.0,-0.1,BU,22140700.0,50108200.0,False,0.0,14:28:57
18750.0,200,-1200.0,-0.1,BU,22137700.0,50108200.0,False,0.0,14:28:56
18750.0,500,-1200.0,-0.1,BU,22137500.0,50108200.0,False,0.0,14:28:56
18750.0,3000,-1200.0,-0.1,BU,22137000.0,50108200.0,False,0.0,14:28:54
18750.0,5000,-1200.0,-0.1,BU,22134000.0,50108200.0,False,0.0,14:28:54
18750.0,32900,-1200.0,-0.1,BU,22129000.0,50108200.0,True,0.0,14:28:53
18750.0,200,-1200.0,-0.1,BU,22096100.0,50108200.0,False,0.0,14:28:53
18750.0,5000,-1200.0,-0.1,BU,22095900.0,50108200.0,False,0.0,14:28:53
18750.0,2000,-1200.0,-0.1,BU,22090900.0,50108200.0,False,0.0,14:28:53
18750.0,1000,-1200.0,-0.1,BU,22088900.0,50108200.0,False,0.0,14:28:53
18750.0,200,-1200.0,-0.1,BU,22087900.0,50108200.0,False,0.0,14:28:53
18750.0,5000,-1200.0,-0.1,BU,22087700.0,50108200.0,False,0.0,14:28:53
18750.0,2000,-1200.0,-0.1,BU,22082700.0,50108200.0,False,0.0,14:28:53
18750.0,800,-1200.0,-0.1,BU,22080700.0,50108200.0,False,0.0,14:28:53
18750.0,900,-1200.0,-0.1,BU,22079900.0,50108200.0,False,0.0,14:28:53
18750.0,1000,-1200.0,-0.1,BU,22079000.0,50108200.0,False,0.0,14:28:53
18750.0,100,-1200.0,-0.1,BU,22078000.0,50108200.0,False,0.0,14:28:53
18750.0,100,-1200.0,-0.1,BU,22077900.0,50108200.0,False,0.0,14:28:53
18750.0,100,-1200.0,-0.1,BU,22077800.0,50108200.0,False,0.0,14:28:53
18750.0,4800,-1200.0,-0.1,BU,22077700.0,50108200.0,False,0.0,14:28:52
18750.0,200,-1200.0,-0.1,BU,22072900.0,50108200.0,False,0.0,14:28:52
18750.0,300,-1200.0,-0.1,BU,22072700.0,50108200.0,False,0.0,14:28:52
18750.0,500,-1200.0,-0.1,BU,22072400.0,50108200.0,False,0.0,14:28:52
18750.0,500,-1200.0,-0.1,BU,22071900.0,50108200.0,False,0.0,14:28:52
18750.0,1200,-1200.0,-0.1,BU,22071400.0,50108200.0,False,0.0,14:28:52
18750.0,500,-1200.0,-0.1,BU,22070200.0,50108200.0,False,50.0,14:28:52
18700.0,2500,-1250.0,-0.1,SD,22069700.0,50108200.0,False,-50.0,14:28:51
18750.0,1000,-1200.0,-0.1,BU,22069700.0,50105700.0,False,50.0,14:28:51
18700.0,3000,-1250.0,-0.1,SD,22068700.0,50105700.0,False,-50.0,14:28:51
18750.0,400,-1200.0,-0.1,BU,22068700.0,50102700.0,False,0.0,14:28:50
18750.0,200,-1200.0,-0.1,BU,22068300.0,50102700.0,False,0.0,14:28:50
18750.0,1000,-1200.0,-0.1,BU,22068100.0,50102700.0,False,0.0,14:28:50
18750.0,200,-1200.0,-0.1,BU,22067100.0,50102700.0,False,0.0,14:28:50
18750.0,3200,-1200.0,-0.1,BU,22066900.0,50102700.0,False,0.0,14:28:49
18750.0,200,-1200.0,-0.1,BU,22063700.0,50102700.0,False,0.0,14:28:49
18750.0,1000,-1200.0,-0.1,BU,22063500.0,50102700.0,False,0.0,14:28:49
18750.0,1000,-1200.0,-0.1,BU,22062500.0,50102700.0,False,0.0,14:28:49
18750.0,10100,-1200.0,-0.1,BU,22061500.0,50102700.0,False,0.0,14:28:49
18750.0,500,-1200.0,-0.1,BU,22051400.0,50102700.0,False,0.0,14:28:49
18750.0,1100,-1200.0,-0.1,BU,22050900.0,50102700.0,False,0.0,14:28:49
18750.0,100,-1200.0,-0.1,BU,22049800.0,50102700.0,False,0.0,14:28:49
18750.0,100,-1200.0,-0.1,BU,22049700.0,50102700.0,False,50.0,14:28:48
18700.0,200,-1250.0,-0.1,SD,22049600.0,50102700.0,False,-50.0,14:28:48
18750.0,400,-1200.0,-0.1,BU,22049600.0,50102500.0,False,0.0,14:28:48
18750.0,400,-1200.0,-0.1,BU,22049200.0,50102500.0,False,0.0,14:28:48
18750.0,1800,-1200.0,-0.1,BU,22048800.0,50102500.0,False,0.0,14:28:48
18750.0,100,-1200.0,-0.1,BU,22047000.0,50102500.0,False,0.0,14:28:48
18750.0,100,-1200.0,-0.1,BU,22046900.0,50102500.0,False,50.0,14:28:48
18700.0,3600,-1250.0,-0.1,SD,22046800.0,50102500.0,False,0.0,14:28:47
18700.0,400,-1250.0,-0.1,SD,22046800.0,50098900.0,False,-50.0,14:28:47
18750.0,1000,-1200.0,-0.1,BU,22046800.0,50098500.0,False,0.0,14:28:46
18750.0,100,-1200.0,-0.1,BU,22045800.0,50098500.0,False,0.0,14:28:46
18750.0,200,-1200.0,-0.1,BU,22045700.0,50098500.0,False,0.0,14:28:46
18750.0,100,-1200.0,-0.1,BU,22045500.0,50098500.0,False,0.0,14:28:46
18750.0,100,-1200.0,-0.1,BU,22045400.0,50098500.0,False,0.0,14:28:45
18750.0,1000,-1200.0,-0.1,BU,22045300.0,50098500.0,False,0.0,14:28:45
18750.0,3000,-1200.0,-0.1,BU,22044300.0,50098500.0,False,0.0,14:28:45
18750.0,200,-1200.0,-0.1,BU,22041300.0,50098500.0,False,0.0,14:28:44
18750.0,200,-1200.0,-0.1,BU,22041100.0,50098500.0,False,50.0,14:28:44
18700.0,30000,-1250.0,-0.1,SD,22040900.0,50098500.0,True,-50.0,14:28:44
18750.0,500,-1200.0,-0.1,BU,22040900.0,50068500.0,False,0.0,14:28:44
18750.0,5000,-1200.0,-0.1,BU,22040400.0,50068500.0,False,0.0,14:28:43
18750.0,500,-1200.0,-0.1,BU,22035400.0,50068500.0,False,0.0,14:28:43
18750.0,200,-1200.0,-0.1,BU,22034900.0,50068500.0,False,0.0,14:28:41
18750.0,100,-1200.0,-0.1,BU,22034700.0,50068500.0,False,0.0,14:28:41
18750.0,300,-1200.0,-0.1,BU,22034600.0,50068500.0,False,0.0,14:28:41
18750.0,400,-1200.0,-0.1,BU,22034300.0,50068500.0,False,0.0,14:28:41
18750.0,100,-1200.0,-0.1,BU,22033900.0,50068500.0,False,0.0,14:28:40
18750.0,500,-1200.0,-0.1,BU,22033800.0,50068500.0,False,0.0,14:28:40
18750.0,500,-1200.0,-0.1,BU,22033300.0,50068500.0,False,0.0,14:28:40
18750.0,2000,-1200.0,-0.1,BU,22032800.0,50068500.0,False,0.0,14:28:40
18750.0,300,-1200.0,-0.1,BU,22030800.0,50068500.0,False,0.0,14:28:39
18750.0,5000,-1200.0,-0.1,BU,22030500.0,50068500.0,False,0.0,14:28:39
18750.0,1000,-1200.0,-0.1,BU,22025500.0,50068500.0,False,0.0,14:28:39
18750.0,4400,-1200.0,-0.1,BU,22024500.0,50068500.0,False,0.0,14:28:38
18750.0,100,-1200.0,-0.1,BU,22020100.0,50068500.0,False,0.0,14:28:38
18750.0,300,-1200.0,-0.1,BU,22020000.0,50068500.0,False,0.0,14:28:38
18750.0,10000,-1200.0,-0.1,BU,22019700.0,50068500.0,False,0.0,14:28:37
18750.0,5000,-1200.0,-0.1,BU,22009700.0,50068500.0,False,0.0,14:28:37
18750.0,10000,-1200.0,-0.1,BU,22004700.0,50068500.0,False,0.0,14:28:37
18750.0,200,-1200.0,-0.1,BU,21994700.0,50068500.0,False,50.0,14:28:37
18700.0,5300,-1250.0,-0.1,SD,21994500.0,50068500.0,False,0.0,14:28:37
18700.0,200,-1250.0,-0.1,SD,21994500.0,50063200.0,False,0.0,14:28:36
18700.0,1000,-1250.0,-0.1,SD,21994500.0,50063000.0,False,-50.0,14:28:36
18750.0,6000,-1200.0,-0.1,BU,21994500.0,50062000.0,False,0.0,14:28:36
18750.0,100,-1200.0,-0.1,BU,21988500.0,50062000.0,False,0.0,14:28:35
18750.0,9500,-1200.0,-0.1,BU,21988400.0,50062000.0,False,0.0,14:28:35
18750.0,1000,-1200.0,-0.1,BU,21978900.0,50062000.0,False,0.0,14:28:35
18750.0,100,-1200.0,-0.1,BU,21977900.0,50062000.0,False,0.0,14:28:35
18750.0,100,-1200.0,-0.1,BU,21977800.0,50062000.0,False,0.0,14:28:34
18750.0,300,-1200.0,-0.1,BU,21977700.0,50062000.0,False,0.0,14:28:34
18750.0,10600,-1200.0,-0.1,BU,21977400.0,50062000.0,False,0.0,14:28:33
18750.0,1000,-1200.0,-0.1,BU,21966800.0,50062000.0,False,50.0,14:28:33
18700.0,10000,-1250.0,-0.1,SD,21965800.0,50062000.0,False,-50.0,14:28:33
18750.0,2400,-1200.0,-0.1,BU,21965800.0,50052000.0,False,0.0,14:28:31
18750.0,300,-1200.0,-0.1,BU,21963400.0,50052000.0,False,50.0,14:28:31
18700.0,10000,-1250.0,-0.1,SD,21963100.0,50052000.0,False,-50.0,14:28:31
18750.0,1000,-1200.0,-0.1,BU,21963100.0,50042000.0,False,0.0,14:28:30
18750.0,100,-1200.0,-0.1,BU,21962100.0,50042000.0,False,0.0,14:28:30
18750.0,5000,-1200.0,-0.1,BU,21962000.0,50042000.0,False,0.0,14:28:30
18750.0,700,-1200.0,-0.1,BU,21957000.0,50042000.0,False,0.0,14:28:29
18750.0,1000,-1200.0,-0.1,BU,21956300.0,50042000.0,False,0.0,14:28:29
18750.0,500,-1200.0,-0.1,BU,21955300.0,50042000.0,False,0.0,14:28:27
18750.0,800,-1200.0,-0.1,BU,21954800.0,50042000.0,False,0.0,14:28:25
18750.0,500,-1200.0,-0.1,BU,21954000.0,50042000.0,False,0.0,14:28:25
18750.0,400,-1200.0,-0.1,BU,21953500.0,50042000.0,False,0.0,14:28:25
18750.0,100,-1200.0,-0.1,BU,21953100.0,50042000.0,False,50.0,14:28:25
18700.0,5000,-1250.0,-0.1,SD,21953000.0,50042000.0,False,0.0,14:28:25
18700.0,5000,-1250.0,-0.1,SD,21953000.0,50037000.0,False,-50.0,14:28:24
18750.0,200,-1200.0,-0.1,BU,21953000.0,50032000.0,False,0.0,14:28:23
18750.0,4000,-1200.0,-0.1,BU,21952800.0,50032000.0,False,0.0,14:28:23
18750.0,300,-1200.0,-0.1,BU,21948800.0,50032000.0,False,0.0,14:28:23
18750.0,5000,-1200.0,-0.1,BU,21948500.0,50032000.0,False,0.0,14:28:23
18750.0,300,-1200.0,-0.1,BU,21943500.0,50032000.0,False,0.0,14:28:22
18750.0,100,-1200.0,-0.1,BU,21943200.0,50032000.0,False,50.0,14:28:21
18700.0,1800,-1250.0,-0.1,SD,21943100.0,50032000.0,False,0.0,14:28:21
18700.0,400,-1250.0,-0.1,SD,21943100.0,50030200.0,False,0.0,14:28:21
18700.0,5000,-1250.0,-0.1,SD,21943100.0,50029800.0,False,0.0,14:28:21
18700.0,200,-1250.0,-0.1,SD,21943100.0,50024800.0,False,0.0,14:28:21
18700.0,100,-1250.0,-0.1,SD,21943100.0,50024600.0,False,0.0,14:28:21
18700.0,200,-1250.0,-0.1,SD,21943100.0,50024500.0,False,0.0,14:28:21
18700.0,5000,-1250.0,-0.1,SD,21943100.0,50024300.0,False,0.0,14:28:21
18700.0,2000,-1250.0,-0.1,SD,21943100.0,50019300.0,False,0.0,14:28:21
18700.0,100,-1250.0,-0.1,SD,21943100.0,50017300.0,False,0.0,14:28:21
18700.0,100,-1250.0,-0.1,SD,21943100.0,50017200.0,False,0.0,14:28:21
18700.0,1000,-1250.0,-0.1,SD,21943100.0,50017100.0,False,0.0,14:28:21
18700.0,5000,-1250.0,-0.1,SD,21943100.0,50016100.0,False,0.0,14:28:21
18700.0,600,-1250.0,-0.1,SD,21943100.0,50011100.0,False,0.0,14:28:21
18700.0,3000,-1250.0,-0.1,SD,21943100.0,50010500.0,False,0.0,14:28:21
18700.0,10000,-1250.0,-0.1,SD,21943100.0,50007500.0,False,0.0,14:28:21
18700.0,100,-1250.0,-0.1,SD,21943100.0,49997500.0,False,0.0,14:28:21
18700.0,2900,-1250.0,-0.1,SD,21943100.0,49997400.0,False,0.0,14:28:21
18700.0,100,-1250.0,-0.1,SD,21943100.0,49994500.0,False,0.0,14:28:21
18700.0,300,-1250.0,-0.1,SD,21943100.0,49994400.0,False,0.0,14:28:21
18700.0,900,-1250.0,-0.1,SD,21943100.0,49994100.0,False,0.0,14:28:21
18700.0,3000,-1250.0,-0.1,SD,21943100.0,49993200.0,False,0.0,14:28:21
18700.0,100,-1250.0,-0.1,SD,21943100.0,49990200.0,False,0.0,14:28:21
18700.0,500,-1250.0,-0.1,SD,21943100.0,49990100.0,False,0.0,14:28:21
18700.0,500,-1250.0,-0.1,SD,21943100.0,49989600.0,False,0.0,14:28:21
18700.0,100,-1250.0,-0.1,SD,21943100.0,49989100.0,False,0.0,14:28:21
18700.0,100,-1250.0,-0.1,SD,21943100.0,49989000.0,False,0.0,14:28:21
18700.0,300,-1250.0,-0.1,SD,21943100.0,49988900.0,False,0.0,14:28:21
18700.0,300,-1250.0,-0.1,SD,21943100.0,49988600.0,False,0.0,14:28:21
18700.0,1000,-1250.0,-0.1,SD,21943100.0,49988300.0,False,0.0,14:28:21
18700.0,100,-1250.0,-0.1,SD,21943100.0,49987300.0,False,0.0,14:28:21
18700.0,200,-1250.0,-0.1,SD,21943100.0,49987200.0,False,0.0,14:28:21
18700.0,500,-1250.0,-0.1,SD,21943100.0,49987000.0,False,0.0,14:28:21
18700.0,100,-1250.0,-0.1,SD,21943100.0,49986500.0,False,0.0,14:28:21
18700.0,25900,-1250.0,-0.1,SD,21943100.0,49986400.0,True,-50.0,14:28:21
18750.0,1000,-1200.0,-0.1,BU,21943100.0,49960500.0,False,0.0,14:28:21
18750.0,8000,-1200.0,-0.1,BU,21942100.0,49960500.0,False,0.0,14:28:21
18750.0,100,-1200.0,-0.1,BU,21934100.0,49960500.0,False,0.0,14:28:20
18750.0,2800,-1200.0,-0.1,BU,21934000.0,49960500.0,False,50.0,14:28:20
18700.0,5000,-1250.0,-0.1,SD,21931200.0,49960500.0,False,-50.0,14:28:20
18750.0,5000,-1200.0,-0.1,BU,21931200.0,49955500.0,False,50.0,14:28:20
18700.0,500,-1250.0,-0.1,SD,21926200.0,49955500.0,False,-50.0,14:28:20
18750.0,1000,-1200.0,-0.1,BU,21926200.0,49955000.0,False,0.0,14:28:20
18750.0,10000,-1200.0,-0.1,BU,21925200.0,49955000.0,False,0.0,14:28:20
18750.0,200,-1200.0,-0.1,BU,21915200.0,49955000.0,False,0.0,14:28:20
18750.0,1500,-1200.0,-0.1,BU,21915000.0,49955000.0,False,50.0,14:28:19
18700.0,10000,-1250.0,-0.1,SD,21913500.0,49955000.0,False,0.0,14:28:19
18700.0,33300,-1250.0,-0.1,SD,21913500.0,49945000.0,True,-50.0,14:28:18
18750.0,1000,-1200.0,-0.1,BU,21913500.0,49911700.0,False,0.0,14:28:17
18750.0,200,-1200.0,-0.1,BU,21912500.0,49911700.0,False,0.0,14:28:17
18750.0,50000,-1200.0,-0.1,BU,21912300.0,49911700.0,True,0.0,14:28:16
18750.0,500,-1200.0,-0.1,BU,21862300.0,49911700.0,False,0.0,14:28:16
18750.0,1000,-1200.0,-0.1,BU,21861800.0,49911700.0,False,0.0,14:28:16
18750.0,500,-1200.0,-0.1,BU,21860800.0,49911700.0,False,0.0,14:28:16
18750.0,100,-1200.0,-0.1,BU,21860300.0,49911700.0,False,0.0,14:28:16
18750.0,10000,-1200.0,-0.1,BU,21860200.0,49911700.0,False,0.0,14:28:16
18750.0,900,-1200.0,-0.1,BU,21850200.0,49911700.0,False,0.0,14:28:16
18750.0,100,-1200.0,-0.1,BU,21849300.0,49911700.0,False,50.0,14:28:16
18700.0,20000,-1250.0,-0.1,SD,21849200.0,49911700.0,True,-50.0,14:28:16
18750.0,2000,-1200.0,-0.1,BU,21849200.0,49891700.0,False,0.0,14:28:14
18750.0,100,-1200.0,-0.1,BU,21847200.0,49891700.0,False,0.0,14:28:13
18750.0,300,-1200.0,-0.1,BU,21847100.0,49891700.0,False,50.0,14:28:13
18700.0,100,-1250.0,-0.1,SD,21846800.0,49891700.0,False,-50.0,14:28:12
18750.0,1000,-1200.0,-0.1,BU,21846800.0,49891600.0,False,50.0,14:28:11
18700.0,100,-1250.0,-0.1,SD,21845800.0,49891600.0,False,-50.0,14:28:11
18750.0,500,-1200.0,-0.1,BU,21845800.0,49891500.0,False,50.0,14:28:10
18700.0,5100,-1250.0,-0.1,SD,21845300.0,49891500.0,False,0.0,14:28:09
18700.0,100,-1250.0,-0.1,SD,21845300.0,49886400.0,False,0.0,14:28:09
18700.0,1000,-1250.0,-0.1,SD,21845300.0,49886300.0,False,0.0,14:28:09
18700.0,200,-1250.0,-0.1,SD,21845300.0,49885300.0,False,0.0,14:28:09
18700.0,1000,-1250.0,-0.1,SD,21845300.0,49885100.0,False,0.0,14:28:09
18700.0,2000,-1250.0,-0.1,SD,21845300.0,49884100.0,False,0.0,14:28:09
18700.0,600,-1250.0,-0.1,SD,21845300.0,49882100.0,False,0.0,14:28:09
18700.0,400,-1250.0,-0.1,SD,21845300.0,49881500.0,False,0.0,14:28:09
18700.0,1000,-1250.0,-0.1,SD,21845300.0,49881100.0,False,0.0,14:28:09
18700.0,600,-1250.0,-0.1,SD,21845300.0,49880100.0,False,-50.0,14:28:09
18750.0,100,-1200.0,-0.1,BU,21845300.0,49879500.0,False,50.0,14:28:09
18700.0,300,-1250.0,-0.1,SD,21845200.0,49879500.0,False,-50.0,14:28:08
18750.0,100,-1200.0,-0.1,BU,21845200.0,49879200.0,False,0.0,14:28:08
18750.0,200,-1200.0,-0.1,BU,21845100.0,49879200.0,False,0.0,14:28:08
18750.0,1000,-1200.0,-0.1,BU,21844900.0,49879200.0,False,0.0,14:28:07
18750.0,1000,-1200.0,-0.1,BU,21843900.0,49879200.0,False,0.0,14:28:05
18750.0,500,-1200.0,-0.1,BU,21842900.0,49879200.0,False,0.0,14:28:05
18750.0,10000,-1200.0,-0.1,BU,21842400.0,49879200.0,False,50.0,14:28:04
18700.0,1000,-1250.0,-0.1,SD,21832400.0,49879200.0,False,0.0,14:28:04
18700.0,800,-1250.0,-0.1,SD,21832400.0,49878200.0,False,0.0,14:28:01
18700.0,200,-1250.0,-0.1,SD,21832400.0,49877400.0,False,-50.0,14:28:01
18750.0,1000,-1200.0,-0.1,BU,21832400.0,49877200.0,False,0.0,14:28:01
18750.0,1000,-1200.0,-0.1,BU,21831400.0,49877200.0,False,0.0,14:28:01
18750.0,1000,-1200.0,-0.1,BU,21830400.0,49877200.0,False,0.0,14:27:58
18750.0,100,-1200.0,-0.1,BU,21829400.0,49877200.0,False,50.0,14:27:58
18700.0,300,-1250.0,-0.1,SD,21829300.0,49877200.0,False,-50.0,14:27:57
18750.0,1500,-1200.0,-0.1,BU,21829300.0,49876900.0,False,0.0,14:27:57
18750.0,200,-1200.0,-0.1,BU,21827800.0,49876900.0,False,0.0,14:27:57
18750.0,50000,-1200.0,-0.1,BU,21827600.0,49876900.0,True,0.0,14:27:56
18750.0,100,-1200.0,-0.1,BU,21777600.0,49876900.0,False,50.0,14:27:56
18700.0,400,-1250.0,-0.1,SD,21777500.0,49876900.0,False,0.0,14:27:55
18700.0,1000,-1250.0,-0.1,SD,21777500.0,49876500.0,False,0.0,14:27:55
18700.0,500,-1250.0,-0.1,SD,21777500.0,49875500.0,False,0.0,14:27:55
18700.0,100,-1250.0,-0.1,SD,21777500.0,49875000.0,False,0.0,14:27:55
18700.0,500,-1250.0,-0.1,SD,21777500.0,49874900.0,False,0.0,14:27:55
18700.0,500,-1250.0,-0.1,SD,21777500.0,49874400.0,False,0.0,14:27:55
18700.0,200,-1250.0,-0.1,SD,21777500.0,49873900.0,False,0.0,14:27:55
18700.0,2000,-1250.0,-0.1,SD,21777500.0,49873700.0,False,0.0,14:27:55
18700.0,4800,-1250.0,-0.1,SD,21777500.0,49871700.0,False,-50.0,14:27:55
18750.0,5000,-1200.0,-0.1,BU,21777500.0,49866900.0,False,0.0,14:27:55
18750.0,4000,-1200.0,-0.1,BU,21772500.0,49866900.0,False,0.0,14:27:55
18750.0,2000,-1200.0,-0.1,BU,21768500.0,49866900.0,False,0.0,14:27:53
18750.0,1000,-1200.0,-0.1,BU,21766500.0,49866900.0,False,0.0,14:27:52
18750.0,100,-1200.0,-0.1,BU,21765500.0,49866900.0,False,0.0,14:27:52
18750.0,1800,-1200.0,-0.1,BU,21765400.0,49866900.0,False,50.0,14:27:52
18700.0,200,-1250.0,-0.1,SD,21763600.0,49866900.0,False,0.0,14:27:51
18700.0,300,-1250.0,-0.1,SD,21763600.0,49866700.0,False,-50.0,14:27:51
18750.0,500,-1200.0,-0.1,BU,21763600.0,49866400.0,False,0.0,14:27:51
18750.0,100,-1200.0,-0.1,BU,21763100.0,49866400.0,False,0.0,14:27:51
18750.0,300,-1200.0,-0.1,BU,21763000.0,49866400.0,False,0.0,14:27:50
18750.0,1000,-1200.0,-0.1,BU,21762700.0,49866400.0,False,0.0,14:27:50
18750.0,1000,-1200.0,-0.1,BU,21761700.0,49866400.0,False,50.0,14:27:49
18700.0,700,-1250.0,-0.1,SD,21760700.0,49866400.0,False,0.0,14:27:49
18700.0,300,-1250.0,-0.1,SD,21760700.0,49865700.0,False,0.0,14:27:49
18700.0,500,-1250.0,-0.1,SD,21760700.0,49865400.0,False,0.0,14:27:49
18700.0,500,-1250.0,-0.1,SD,21760700.0,49864900.0,False,-50.0,14:27:49
18750.0,2000,-1200.0,-0.1,BU,21760700.0,49864400.0,False,0.0,14:27:49
18750.0,1000,-1200.0,-0.1,BU,21758700.0,49864400.0,False,50.0,14:27:48
18700.0,500,-1250.0,-0.1,SD,21757700.0,49864400.0,False,0.0,14:27:47
18700.0,500,-1250.0,-0.1,SD,21757700.0,49863900.0,False,-50.0,14:27:47
18750.0,100,-1200.0,-0.1,BU,21757700.0,49863400.0,False,0.0,14:27:47
18750.0,100,-1200.0,-0.1,BU,21757600.0,49863400.0,False,0.0,14:27:47
18750.0,200,-1200.0,-0.1,BU,21757500.0,49863400.0,False,50.0,14:27:46
18700.0,400,-1250.0,-0.1,SD,21757300.0,49863400.0,False,-50.0,14:27:46
18750.0,200,-1200.0,-0.1,BU,21757300.0,49863000.0,False,0.0,14:27:46
18750.0,200,-1200.0,-0.1,BU,21757100.0,49863000.0,False,0.0,14:27:46
18750.0,300,-1200.0,-0.1,BU,21756900.0,49863000.0,False,50.0,14:27:45
18700.0,10200,-1250.0,-0.1,SD,21756600.0,49863000.0,False,0.0,14:27:44
18700.0,1000,-1250.0,-0.1,SD,21756600.0,49852800.0,False,-50.0,14:27:44
18750.0,500,-1200.0,-0.1,BU,21756600.0,49851800.0,False,50.0,14:27:43
18700.0,10000,-1250.0,-0.1,SD,21756100.0,49851800.0,False,-50.0,14:27:42
18750.0,200,-1200.0,-0.1,BU,21756100.0,49841800.0,False,0.0,14:27:42
18750.0,400,-1200.0,-0.1,BU,21755900.0,49841800.0,False,0.0,14:27:41
18750.0,2000,-1200.0,-0.1,BU,21755500.0,49841800.0,False,0.0,14:27:41
18750.0,400,-1200.0,-0.1,BU,21753500.0,49841800.0,False,0.0,14:27:41
18750.0,100,-1200.0,-0.1,BU,21753100.0,49841800.0,False,50.0,14:27:40
18700.0,2000,-1250.0,-0.1,SD,21753000.0,49841800.0,False,-50.0,14:27:39
18750.0,1800,-1200.0,-0.1,BU,21753000.0,49839800.0,False,0.0,14:27:38
18750.0,800,-1200.0,-0.1,BU,21751200.0,49839800.0,False,50.0,14:27:38
18700.0,1000,-1250.0,-0.1,SD,21750400.0,49839800.0,False,0.0,14:27:36
18700.0,4900,-1250.0,-0.1,SD,21750400.0,49838800.0,False,0.0,14:27:36
18700.0,100,-1250.0,-0.1,SD,21750400.0,49833900.0,False,0.0,14:27:36
18700.0,1000,-1250.0,-0.1,SD,21750400.0,49833800.0,False,0.0,14:27:36
18700.0,100,-1250.0,-0.1,SD,21750400.0,49832800.0,False,0.0,14:27:36
18700.0,15000,-1250.0,-0.1,SD,21750400.0,49832700.0,True,0.0,14:27:36
18700.0,2000,-1250.0,-0.1,SD,21750400.0,49817700.0,False,0.0,14:27:36
18700.0,2000,-1250.0,-0.1,SD,21750400.0,49815700.0,False,0.0,14:27:36
18700.0,100,-1250.0,-0.1,SD,21750400.0,49813700.0,False,0.0,14:27:36
18700.0,100,-1250.0,-0.1,SD,21750400.0,49813600.0,False,0.0,14:27:36
18700.0,100,-1250.0,-0.1,SD,21750400.0,49813500.0,False,0.0,14:27:36
18700.0,1000,-1250.0,-0.1,SD,21750400.0,49813400.0,False,0.0,14:27:36
18700.0,400,-1250.0,-0.1,SD,21750400.0,49812400.0,False,0.0,14:27:36
18700.0,100,-1250.0,-0.1,SD,21750400.0,49812000.0,False,0.0,14:27:36
18700.0,3000,-1250.0,-0.1,SD,21750400.0,49811900.0,False,0.0,14:27:36
18700.0,300,-1250.0,-0.1,SD,21750400.0,49808900.0,False,0.0,14:27:36
18700.0,1900,-1250.0,-0.1,SD,21750400.0,49808600.0,False,0.0,14:27:36
18700.0,300,-1250.0,-0.1,SD,21750400.0,49806700.0,False,0.0,14:27:36
18700.0,100,-1250.0,-0.1,SD,21750400.0,49806400.0,False,0.0,14:27:36
18700.0,1000,-1250.0,-0.1,SD,21750400.0,49806300.0,False,0.0,14:27:36
18700.0,4000,-1250.0,-0.1,SD,21750400.0,49805300.0,False,0.0,14:27:36
18700.0,1000,-1250.0,-0.1,SD,21750400.0,49801300.0,False,0.0,14:27:36
18700.0,200,-1250.0,-0.1,SD,21750400.0,49800300.0,False,0.0,14:27:36
18700.0,2000,-1250.0,-0.1,SD,21750400.0,49800100.0,False,0.0,14:27:36
18700.0,200,-1250.0,-0.1,SD,21750400.0,49798100.0,False,0.0,14:27:36
18700.0,400,-1250.0,-0.1,SD,21750400.0,49797900.0,False,0.0,14:27:36
18700.0,100,-1250.0,-0.1,SD,21750400.0,49797500.0,False,0.0,14:27:36
18700.0,1000,-1250.0,-0.1,SD,21750400.0,49797400.0,False,0.0,14:27:36
18700.0,100,-1250.0,-0.1,SD,21750400.0,49796400.0,False,0.0,14:27:36
18700.0,300,-1250.0,-0.1,SD,21750400.0,49796300.0,False,0.0,14:27:36
18700.0,200,-1250.0,-0.1,SD,21750400.0,49796000.0,False,0.0,14:27:36
18700.0,100,-1250.0,-0.1,SD,21750400.0,49795800.0,False,0.0,14:27:36
18700.0,1000,-1250.0,-0.1,SD,21750400.0,49795700.0,False,0.0,14:27:36
18700.0,1000,-1250.0,-0.1,SD,21750400.0,49794700.0,False,0.0,14:27:36
18700.0,1000,-1250.0,-0.1,SD,21750400.0,49793700.0,False,0.0,14:27:36
18700.0,500,-1250.0,-0.1,SD,21750400.0,49792700.0,False,0.0,14:27:36
18700.0,100,-1250.0,-0.1,SD,21750400.0,49792200.0,False,0.0,14:27:36
18700.0,500,-1250.0,-0.1,SD,21750400.0,49792100.0,False,0.0,14:27:36
18700.0,1000,-1250.0,-0.1,SD,21750400.0,49791600.0,False,0.0,14:27:36
18700.0,100,-1250.0,-0.1,SD,21750400.0,49790600.0,False,0.0,14:27:36
18700.0,200,-1250.0,-0.1,SD,21750400.0,49790500.0,False,0.0,14:27:36
18700.0,3000,-1250.0,-0.1,SD,21750400.0,49790300.0,False,0.0,14:27:36
18700.0,100,-1250.0,-0.1,SD,21750400.0,49787300.0,False,0.0,14:27:36
18700.0,200,-1250.0,-0.1,SD,21750400.0,49787200.0,False,0.0,14:27:36
18700.0,300,-1250.0,-0.1,SD,21750400.0,49787000.0,False,0.0,14:27:36
18700.0,500,-1250.0,-0.1,SD,21750400.0,49786700.0,False,0.0,14:27:36
18700.0,700,-1250.0,-0.1,SD,21750400.0,49786200.0,False,0.0,14:27:36
18700.0,100,-1250.0,-0.1,SD,21750400.0,49785500.0,False,0.0,14:27:36
18700.0,100,-1250.0,-0.1,SD,21750400.0,49785400.0,False,0.0,14:27:36
18700.0,1100,-1250.0,-0.1,SD,21750400.0,49785300.0,False,0.0,14:27:36
18700.0,100,-1250.0,-0.1,SD,21750400.0,49784200.0,False,0.0,14:27:36
18700.0,2000,-1250.0,-0.1,SD,21750400.0,49784100.0,False,0.0,14:27:36
18700.0,1000,-1250.0,-0.1,SD,21750400.0,49782100.0,False,0.0,14:27:36
18700.0,2300,-1250.0,-0.1,SD,21750400.0,49781100.0,False,0.0,14:27:36
18700.0,7700,-1250.0,-0.1,SD,21750400.0,49778800.0,False,0.0,14:27:35
18700.0,5000,-1250.0,-0.1,SD,21750400.0,49771100.0,False,0.0,14:27:35
18700.0,100,-1250.0,-0.1,SD,21750400.0,49766100.0,False,0.0,14:27:35
18700.0,1000,-1250.0,-0.1,SD,21750400.0,49766000.0,False,0.0,14:27:35
18700.0,500,-1250.0,-0.1,SD,21750400.0,49765000.0,False,0.0,14:27:35
18700.0,100,-1250.0,-0.1,SD,21750400.0,49764500.0,False,0.0,14:27:35
18700.0,500,-1250.0,-0.1,SD,21750400.0,49764400.0,False,0.0,14:27:35
18700.0,5000,-1250.0,-0.1,SD,21750400.0,49763900.0,False,0.0,14:27:35
18700.0,100,-1250.0,-0.1,SD,21750400.0,49758900.0,False,-50.0,14:27:35
18750.0,200,-1200.0,-0.1,BU,21750400.0,49758800.0,False,0.0,14:27:35
18750.0,900,-1200.0,-0.1,BU,21750200.0,49758800.0,False,0.0,14:27:34
18750.0,1000,-1200.0,-0.1,BU,21749300.0,49758800.0,False,0.0,14:27:34
18750.0,1000,-1200.0,-0.1,BU,21748300.0,49758800.0,False,0.0,14:27:33
18750.0,100,-1200.0,-0.1,BU,21747300.0,49758800.0,False,0.0,14:27:33
18750.0,300,-1200.0,-0.1,BU,21747200.0,49758800.0,False,0.0,14:27:32
18750.0,900,-1200.0,-0.1,BU,21746900.0,49758800.0,False,0.0,14:27:32
18750.0,100,-1200.0,-0.1,BU,21746000.0,49758800.0,False,0.0,14:27:32
18750.0,500,-1200.0,-0.1,BU,21745900.0,49758800.0,False,0.0,14:27:32
18750.0,200,-1200.0,-0.1,BU,21745400.0,49758800.0,False,0.0,14:27:32
18750.0,1000,-1200.0,-0.1,BU,21745200.0,49758800.0,False,0.0,14:27:32
18750.0,1000,-1200.0,-0.1,BU,21744200.0,49758800.0,False,50.0,14:27:32
18700.0,900,-1250.0,-0.1,SD,21743200.0,49758800.0,False,0.0,14:27:32
18700.0,800,-1250.0,-0.1,SD,21743200.0,49757900.0,False,0.0,14:27:32
18700.0,3000,-1250.0,-0.1,SD,21743200.0,49757100.0,False,0.0,14:27:32
18700.0,10000,-1250.0,-0.1,SD,21743200.0,49754100.0,False,0.0,14:27:32
18700.0,2200,-1250.0,-0.1,SD,21743200.0,49744100.0,False,0.0,14:27:32
18700.0,100,-1250.0,-0.1,SD,21743200.0,49741900.0,False,0.0,14:27:32
18700.0,100,-1250.0,-0.1,SD,21743200.0,49741800.0,False,0.0,14:27:32
18700.0,500,-1250.0,-0.1,SD,21743200.0,49741700.0,False,0.0,14:27:32
18700.0,500,-1250.0,-0.1,SD,21743200.0,49741200.0,False,0.0,14:27:32
18700.0,100,-1250.0,-0.1,SD,21743200.0,49740700.0,False,0.0,14:27:32
18700.0,200,-1250.0,-0.1,SD,21743200.0,49740600.0,False,0.0,14:27:32
18700.0,100,-1250.0,-0.1,SD,21743200.0,49740400.0,False,0.0,14:27:32
18700.0,5000,-1250.0,-0.1,SD,21743200.0,49740300.0,False,0.0,14:27:32
18700.0,700,-1250.0,-0.1,SD,21743200.0,49735300.0,False,0.0,14:27:32
18700.0,3000,-1250.0,-0.1,SD,21743200.0,49734600.0,False,0.0,14:27:32
18700.0,5300,-1250.0,-0.1,SD,21743200.0,49731600.0,False,0.0,14:27:32
18700.0,5000,-1250.0,-0.1,SD,21743200.0,49726300.0,False,0.0,14:27:32
18700.0,100,-1250.0,-0.1,SD,21743200.0,49721300.0,False,0.0,14:27:32
18700.0,500,-1250.0,-0.1,SD,21743200.0,49721200.0,False,0.0,14:27:32
18700.0,100,-1250.0,-0.1,SD,21743200.0,49720700.0,False,0.0,14:27:32
18700.0,3000,-1250.0,-0.1,SD,21743200.0,49720600.0,False,0.0,14:27:32
18700.0,100,-1250.0,-0.1,SD,21743200.0,49717600.0,False,0.0,14:27:32
18700.0,1000,-1250.0,-0.1,SD,21743200.0,49717500.0,False,0.0,14:27:32
18700.0,1000,-1250.0,-0.1,SD,21743200.0,49716500.0,False,0.0,14:27:32
18700.0,100,-1250.0,-0.1,SD,21743200.0,49715500.0,False,0.0,14:27:32
18700.0,1000,-1250.0,-0.1,SD,21743200.0,49715400.0,False,0.0,14:27:32
18700.0,1000,-1250.0,-0.1,SD,21743200.0,49714400.0,False,0.0,14:27:32
18700.0,2000,-1250.0,-0.1,SD,21743200.0,49713400.0,False,0.0,14:27:32
18700.0,900,-1250.0,-0.1,SD,21743200.0,49711400.0,False,0.0,14:27:32
18700.0,2000,-1250.0,-0.1,SD,21743200.0,49710500.0,False,0.0,14:27:32
18700.0,200,-1250.0,-0.1,SD,21743200.0,49708500.0,False,0.0,14:27:32
18700.0,500,-1250.0,-0.1,SD,21743200.0,49708300.0,False,0.0,14:27:32
18700.0,100,-1250.0,-0.1,SD,21743200.0,49707800.0,False,0.0,14:27:32
18700.0,100,-1250.0,-0.1,SD,21743200.0,49707700.0,False,0.0,14:27:32
18700.0,1000,-1250.0,-0.1,SD,21743200.0,49707600.0,False,0.0,14:27:32
18700.0,300,-1250.0,-0.1,SD,21743200.0,49706600.0,False,0.0,14:27:32
18700.0,500,-1250.0,-0.1,SD,21743200.0,49706300.0,False,0.0,14:27:32
18700.0,100,-1250.0,-0.1,SD,21743200.0,49705800.0,False,0.0,14:27:32
18700.0,300,-1250.0,-0.1,SD,21743200.0,49705700.0,False,0.0,14:27:32
18700.0,100,-1250.0,-0.1,SD,21743200.0,49705400.0,False,0.0,14:27:32
18700.0,100,-1250.0,-0.1,SD,21743200.0,49705300.0,False,0.0,14:27:32
18700.0,100,-1250.0,-0.1,SD,21743200.0,49705200.0,False,0.0,14:27:32
18700.0,100,-1250.0,-0.1,SD,21743200.0,49705100.0,False,0.0,14:27:32
18700.0,100,-1250.0,-0.1,SD,21743200.0,49705000.0,False,0.0,14:27:32
18700.0,300,-1250.0,-0.1,SD,21743200.0,49704900.0,False,0.0,14:27:32
18700.0,5000,-1250.0,-0.1,SD,21743200.0,49704600.0,False,0.0,14:27:32
18700.0,100,-1250.0,-0.1,SD,21743200.0,49699600.0,False,0.0,14:27:32
18700.0,300,-1250.0,-0.1,SD,21743200.0,49699500.0,False,0.0,14:27:32
18700.0,500,-1250.0,-0.1,SD,21743200.0,49699200.0,False,0.0,14:27:32
18700.0,500,-1250.0,-0.1,SD,21743200.0,49698700.0,False,0.0,14:27:32
18700.0,1000,-1250.0,-0.1,SD,21743200.0,49698200.0,False,0.0,14:27:32
18700.0,200,-1250.0,-0.1,SD,21743200.0,49697200.0,False,0.0,14:27:32
18700.0,100,-1250.0,-0.1,SD,21743200.0,49697000.0,False,0.0,14:27:32
18700.0,300,-1250.0,-0.1,SD,21743200.0,49696900.0,False,0.0,14:27:32
18700.0,100,-1250.0,-0.1,SD,21743200.0,49696600.0,False,0.0,14:27:32
18700.0,200,-1250.0,-0.1,SD,21743200.0,49696500.0,False,0.0,14:27:32
18700.0,2000,-1250.0,-0.1,SD,21743200.0,49696300.0,False,0.0,14:27:32
18700.0,100,-1250.0,-0.1,SD,21743200.0,49694300.0,False,0.0,14:27:32
18700.0,200,-1250.0,-0.1,SD,21743200.0,49694200.0,False,0.0,14:27:32
18700.0,100,-1250.0,-0.1,SD,21743200.0,49694000.0,False,0.0,14:27:32
18700.0,100,-1250.0,-0.1,SD,21743200.0,49693900.0,False,0.0,14:27:32
18700.0,2000,-1250.0,-0.1,SD,21743200.0,49693800.0,False,0.0,14:27:32
18700.0,4500,-1250.0,-0.1,SD,21743200.0,49691800.0,False,-50.0,14:27:32
18750.0,200,-1200.0,-0.1,BU,21743200.0,49687300.0,False,0.0,14:27:32
18750.0,2000,-1200.0,-0.1,BU,21743000.0,49687300.0,False,0.0,14:27:31
18750.0,600,-1200.0,-0.1,BU,21741000.0,49687300.0,False,0.0,14:27:31
18750.0,700,-1200.0,-0.1,BU,21740400.0,49687300.0,False,0.0,14:27:31
18750.0,2000,-1200.0,-0.1,BU,21739700.0,49687300.0,False,50.0,14:27:30
18700.0,100,-1250.0,-0.1,SD,21737700.0,49687300.0,False,-50.0,14:27:30
18750.0,1000,-1200.0,-0.1,BU,21737700.0,49687200.0,False,0.0,14:27:29
18750.0,4000,-1200.0,-0.1,BU,21736700.0,49687200.0,False,0.0,14:27:29
18750.0,800,-1200.0,-0.1,BU,21732700.0,49687200.0,False,0.0,14:27:28
18750.0,1000,-1200.0,-0.1,BU,21731900.0,49687200.0,False,0.0,14:27:28
18750.0,1600,-1200.0,-0.1,BU,21730900.0,49687200.0,False,0.0,14:27:28
18750.0,200,-1200.0,-0.1,BU,21729300.0,49687200.0,False,0.0,14:27:28
18750.0,13600,-1200.0,-0.1,BU,21729100.0,49687200.0,True,0.0,14:27:28
18750.0,500,-1200.0,-0.1,BU,21715500.0,49687200.0,False,0.0,14:27:28
18750.0,100,-1200.0,-0.1,BU,21715000.0,49687200.0,False,50.0,14:27:27
18700.0,100,-1250.0,-0.1,SD,21714900.0,49687200.0,False,-50.0,14:27:27
18750.0,500,-1200.0,-0.1,BU,21714900.0,49687100.0,False,0.0,14:27:27
18750.0,1000,-1200.0,-0.1,BU,21714400.0,49687100.0,False,0.0,14:27:26
18750.0,1000,-1200.0,-0.1,BU,21713400.0,49687100.0,False,0.0,14:27:26
18750.0,3000,-1200.0,-0.1,BU,21712400.0,49687100.0,False,0.0,14:27:26
18750.0,300,-1200.0,-0.1,BU,21709400.0,49687100.0,False,0.0,14:27:25
18750.0,400,-1200.0,-0.1,BU,21709100.0,49687100.0,False,0.0,14:27:25
18750.0,100,-1200.0,-0.1,BU,21708700.0,49687100.0,False,0.0,14:27:25
18750.0,2500,-1200.0,-0.1,BU,21708600.0,49687100.0,False,0.0,14:27:25
18750.0,1000,-1200.0,-0.1,BU,21706100.0,49687100.0,False,0.0,14:27:25
18750.0,100,-1200.0,-0.1,BU,21705100.0,49687100.0,False,0.0,14:27:25
18750.0,400,-1200.0,-0.1,BU,21705000.0,49687100.0,False,0.0,14:27:25
18750.0,100,-1200.0,-0.1,BU,21704600.0,49687100.0,False,0.0,14:27:25
18750.0,600,-1200.0,-0.1,BU,21704500.0,49687100.0,False,0.0,14:27:25
18750.0,900,-1200.0,-0.1,BU,21703900.0,49687100.0,False,0.0,14:27:24
18750.0,100,-1200.0,-0.1,BU,21703000.0,49687100.0,False,0.0,14:27:24
18750.0,2900,-1200.0,-0.1,BU,21702900.0,49687100.0,False,0.0,14:27:23
18750.0,1100,-1200.0,-0.1,BU,21700000.0,49687100.0,False,0.0,14:27:23
18750.0,1000,-1200.0,-0.1,BU,21698900.0,49687100.0,False,0.0,14:27:23
18750.0,2900,-1200.0,-0.1,BU,21697900.0,49687100.0,False,0.0,14:27:22
18750.0,2100,-1200.0,-0.1,BU,21695000.0,49687100.0,False,50.0,14:27:22
18700.0,300,-1250.0,-0.1,SD,21692900.0,49687100.0,False,-50.0,14:27:22
18750.0,10000,-1200.0,-0.1,BU,21692900.0,49686800.0,False,0.0,14:27:21
18750.0,500,-1200.0,-0.1,BU,21682900.0,49686800.0,False,0.0,14:27:21
18750.0,100,-1200.0,-0.1,BU,21682400.0,49686800.0,False,0.0,14:27:21
18750.0,300,-1200.0,-0.1,BU,21682300.0,49686800.0,False,0.0,14:27:21
18750.0,300,-1200.0,-0.1,BU,21682000.0,49686800.0,False,0.0,14:27:21
18750.0,1000,-1200.0,-0.1,BU,21681700.0,49686800.0,False,0.0,14:27:21
18750.0,3000,-1200.0,-0.1,BU,21680700.0,49686800.0,False,0.0,14:27:20
18750.0,900,-1200.0,-0.1,BU,21677700.0,49686800.0,False,0.0,14:27:20
18750.0,1000,-1200.0,-0.1,BU,21676800.0,49686800.0,False,0.0,14:27:20
18750.0,100,-1200.0,-0.1,BU,21675800.0,49686800.0,False,0.0,14:27:18
18750.0,200,-1200.0,-0.1,BU,21675700.0,49686800.0,False,0.0,14:27:18
18750.0,2000,-1200.0,-0.1,BU,21675500.0,49686800.0,False,0.0,14:27:18
18750.0,1000,-1200.0,-0.1,BU,21673500.0,49686800.0,False,0.0,14:27:18
18750.0,500,-1200.0,-0.1,BU,21672500.0,49686800.0,False,0.0,14:27:15
18750.0,100,-1200.0,-0.1,BU,21672000.0,49686800.0,False,0.0,14:27:15
18750.0,500,-1200.0,-0.1,BU,21671900.0,49686800.0,False,0.0,14:27:15
18750.0,100,-1200.0,-0.1,BU,21671400.0,49686800.0,False,0.0,14:27:14
18750.0,400,-1200.0,-0.1,BU,21671300.0,49686800.0,False,0.0,14:27:13
18750.0,300,-1200.0,-0.1,BU,21670900.0,49686800.0,False,0.0,14:27:13
18750.0,1000,-1200.0,-0.1,BU,21670600.0,49686800.0,False,0.0,14:27:13
18750.0,1000,-1200.0,-0.1,BU,21669600.0,49686800.0,False,0.0,14:27:12
18750.0,400,-1200.0,-0.1,BU,21668600.0,49686800.0,False,0.0,14:27:12
18750.0,1000,-1200.0,-0.1,BU,21668200.0,49686800.0,False,0.0,14:27:12
18750.0,500,-1200.0,-0.1,BU,21667200.0,49686800.0,False,0.0,14:27:11
18750.0,2000,-1200.0,-0.1,BU,21666700.0,49686800.0,False,0.0,14:27:09
18750.0,200,-1200.0,-0.1,BU,21664700.0,49686800.0,False,0.0,14:27:09
18750.0,1500,-1200.0,-0.1,BU,21664500.0,49686800.0,False,50.0,14:27:09
18700.0,200,-1250.0,-0.1,SD,21663000.0,49686800.0,False,0.0,14:27:09
18700.0,200,-1250.0,-0.1,SD,21663000.0,49686600.0,False,0.0,14:27:09
18700.0,100,-1250.0,-0.1,SD,21663000.0,49686400.0,False,0.0,14:27:09
18700.0,100,-1250.0,-0.1,SD,21663000.0,49686300.0,False,0.0,14:27:09
18700.0,100,-1250.0,-0.1,SD,21663000.0,49686200.0,False,0.0,14:27:09
18700.0,1000,-1250.0,-0.1,SD,21663000.0,49686100.0,False,0.0,14:27:09
18700.0,600,-1250.0,-0.1,SD,21663000.0,49685100.0,False,0.0,14:27:09
18700.0,500,-1250.0,-0.1,SD,21663000.0,49684500.0,False,0.0,14:27:09
18700.0,1000,-1250.0,-0.1,SD,21663000.0,49684000.0,False,0.0,14:27:09
18700.0,200,-1250.0,-0.1,SD,21663000.0,49683000.0,False,-50.0,14:27:09
18750.0,200,-1200.0,-0.1,BU,21663000.0,49682800.0,False,0.0,14:27:09
18750.0,2000,-1200.0,-0.1,BU,21662800.0,49682800.0,False,0.0,14:27:08
18750.0,700,-1200.0,-0.1,BU,21660800.0,49682800.0,False,0.0,14:27:07
18750.0,1000,-1200.0,-0.1,BU,21660100.0,49682800.0,False,0.0,14:27:07
18750.0,2000,-1200.0,-0.1,BU,21659100.0,49682800.0,False,50.0,14:27:07
18700.0,1000,-1250.0,-0.1,SD,21657100.0,49682800.0,False,-50.0,14:27:06
18750.0,200,-1200.0,-0.1,BU,21657100.0,49681800.0,False,0.0,14:27:06
18750.0,600,-1200.0,-0.1,BU,21656900.0,49681800.0,False,0.0,14:27:06
18750.0,200,-1200.0,-0.1,BU,21656300.0,49681800.0,False,0.0,14:27:04
18750.0,200,-1200.0,-0.1,BU,21656100.0,49681800.0,False,0.0,14:27:04
18750.0,200,-1200.0,-0.1,SD,21655900.0,49681800.0,False,0.0,14:27:03
18750.0,500,-1200.0,-0.1,SD,21655900.0,49681600.0,False,0.0,14:27:03
18750.0,200,-1200.0,-0.1,SD,21655900.0,49681100.0,False,0.0,14:27:03
18750.0,3900,-1200.0,-0.1,SD,21655900.0,49680900.0,False,0.0,14:27:02
18750.0,100,-1200.0,-0.1,BU,21655900.0,49677000.0,False,0.0,14:27:02
18750.0,800,-1200.0,-0.1,BU,21655800.0,49677000.0,False,0.0,14:27:02
18750.0,200,-1200.0,-0.1,BU,21655000.0,49677000.0,False,0.0,14:27:01
18750.0,300,-1200.0,-0.1,BU,21654800.0,49677000.0,False,50.0,14:27:01
18700.0,300,-1250.0,-0.1,SD,21654500.0,49677000.0,False,0.0,14:27:01
18700.0,400,-1250.0,-0.1,SD,21654500.0,49676700.0,False,-50.0,14:27:01
18750.0,500,-1200.0,-0.1,BU,21654500.0,49676300.0,False,0.0,14:27:00
18750.0,1000,-1200.0,-0.1,BU,21654000.0,49676300.0,False,0.0,14:27:00
18750.0,1000,-1200.0,-0.1,BU,21653000.0,49676300.0,False,0.0,14:27:00
18750.0,500,-1200.0,-0.1,BU,21652000.0,49676300.0,False,0.0,14:27:00
18750.0,1000,-1200.0,-0.1,BU,21651500.0,49676300.0,False,0.0,14:26:59
18750.0,4600,-1200.0,-0.1,BU,21650500.0,49676300.0,False,0.0,14:26:59
18750.0,400,-1200.0,-0.1,BU,21645900.0,49676300.0,False,0.0,14:26:59
18750.0,200,-1200.0,-0.1,BU,21645500.0,49676300.0,False,0.0,14:26:59
18750.0,500,-1200.0,-0.1,BU,21645300.0,49676300.0,False,50.0,14:26:58
18700.0,600,-1250.0,-0.1,SD,21644800.0,49676300.0,False,0.0,14:26:57
18700.0,1000,-1250.0,-0.1,SD,21644800.0,49675700.0,False,0.0,14:26:57
18700.0,100,-1250.0,-0.1,SD,21644800.0,49674700.0,False,0.0,14:26:57
18700.0,1300,-1250.0,-0.1,SD,21644800.0,49674600.0,False,-50.0,14:26:57
18750.0,200,-1200.0,-0.1,BU,21644800.0,49673300.0,False,50.0,14:26:56
18700.0,1600,-1250.0,-0.1,SD,21644600.0,49673300.0,False,-50.0,14:26:56
18750.0,900,-1200.0,-0.1,BU,21644600.0,49671700.0,False,0.0,14:26:56
18750.0,2200,-1200.0,-0.1,BU,21643700.0,49671700.0,False,0.0,14:26:56
18750.0,1000,-1200.0,-0.1,BU,21641500.0,49671700.0,False,0.0,14:26:56
18750.0,300,-1200.0,-0.1,BU,21640500.0,49671700.0,False,0.0,14:26:56
18750.0,4000,-1200.0,-0.1,BU,21640200.0,49671700.0,False,0.0,14:26:56
18750.0,1400,-1200.0,-0.1,BU,21636200.0,49671700.0,False,50.0,14:26:56
18700.0,700,-1250.0,-0.1,SD,21634800.0,49671700.0,False,0.0,14:26:56
18700.0,100,-1250.0,-0.1,SD,21634800.0,49671000.0,False,0.0,14:26:56
18700.0,1000,-1250.0,-0.1,SD,21634800.0,49670900.0,False,0.0,14:26:56
18700.0,100,-1250.0,-0.1,SD,21634800.0,49669900.0,False,0.0,14:26:56
18700.0,500,-1250.0,-0.1,SD,21634800.0,49669800.0,False,0.0,14:26:56
18700.0,4000,-1250.0,-0.1,SD,21634800.0,49669300.0,False,0.0,14:26:56
18700.0,300,-1250.0,-0.1,SD,21634800.0,49665300.0,False,0.0,14:26:56
18700.0,1500,-1250.0,-0.1,SD,21634800.0,49665000.0,False,0.0,14:26:56
18700.0,41900,-1250.0,-0.1,SD,21634800.0,49663500.0,True,0.0,14:26:56
18700.0,2000,-1250.0,-0.1,SD,21634800.0,49621600.0,False,0.0,14:26:56
18700.0,300,-1250.0,-0.1,SD,21634800.0,49619600.0,False,-50.0,14:26:56
18750.0,1000,-1200.0,-0.1,BU,21634800.0,49619300.0,False,0.0,14:26:56
18750.0,2600,-1200.0,-0.1,BU,21633800.0,49619300.0,False,0.0,14:26:54
18750.0,2000,-1200.0,-0.1,BU,21631200.0,49619300.0,False,0.0,14:26:54
18750.0,1000,-1200.0,-0.1,BU,21629200.0,49619300.0,False,0.0,14:26:54
18750.0,4400,-1200.0,-0.1,BU,21628200.0,49619300.0,False,0.0,14:26:54
18750.0,1000,-1200.0,-0.1,BU,21623800.0,49619300.0,False,0.0,14:26:54
18750.0,1400,-1200.0,-0.1,BU,21622800.0,49619300.0,False,0.0,14:26:53
18750.0,600,-1200.0,-0.1,BU,21621400.0,49619300.0,False,0.0,14:26:53
18750.0,1000,-1200.0,-0.1,BU,21620800.0,49619300.0,False,0.0,14:26:53
18750.0,5000,-1200.0,-0.1,BU,21619800.0,49619300.0,False,0.0,14:26:52
18750.0,600,-1200.0,-0.1,BU,21614800.0,49619300.0,False,0.0,14:26:52
18750.0,100,-1200.0,-0.1,BU,21614200.0,49619300.0,False,0.0,14:26:52
18750.0,1400,-1200.0,-0.1,BU,21614100.0,49619300.0,False,50.0,14:26:51
18700.0,700,-1250.0,-0.1,SD,21612700.0,49619300.0,False,-50.0,14:26:51
18750.0,200,-1200.0,-0.1,BU,21612700.0,49618600.0,False,50.0,14:26:50
18700.0,400,-1250.0,-0.1,SD,21612500.0,49618600.0,False,-50.0,14:26:50
18750.0,600,-1200.0,-0.1,BU,21612500.0,49618200.0,False,0.0,14:26:50
18750.0,1000,-1200.0,-0.1,BU,21611900.0,49618200.0,False,0.0,14:26:49
18750.0,1000,-1200.0,-0.1,BU,21610900.0,49618200.0,False,0.0,14:26:48
18750.0,100,-1200.0,-0.1,BU,21609900.0,49618200.0,False,0.0,14:26:48
18750.0,500,-1200.0,-0.1,BU,21609800.0,49618200.0,False,50.0,14:26:48
18700.0,25000,-1250.0,-0.1,SD,21609300.0,49618200.0,True,-50.0,14:26:47
18750.0,100,-1200.0,-0.1,BU,21609300.0,49593200.0,False,50.0,14:26:47
18700.0,6100,-1250.0,-0.1,SD,21609200.0,49593200.0,False,-50.0,14:26:47
18750.0,400,-1200.0,-0.1,BU,21609200.0,49587100.0,False,0.0,14:26:46
18750.0,100,-1200.0,-0.1,BU,21608800.0,49587100.0,False,0.0,14:26:46
18750.0,2000,-1200.0,-0.1,BU,21608700.0,49587100.0,False,0.0,14:26:46
18750.0,1000,-1200.0,-0.1,BU,21606700.0,49587100.0,False,0.0,14:26:45
18750.0,2000,-1200.0,-0.1,BU,21605700.0,49587100.0,False,0.0,14:26:44
18750.0,2000,-1200.0,-0.1,BU,21603700.0,49587100.0,False,50.0,14:26:44
18700.0,7000,-1250.0,-0.1,SD,21601700.0,49587100.0,False,0.0,14:26:43
18700.0,300,-1250.0,-0.1,SD,21601700.0,49580100.0,False,-50.0,14:26:43
18750.0,500,-1200.0,-0.1,BU,21601700.0,49579800.0,False,0.0,14:26:43
18750.0,4500,-1200.0,-0.1,BU,21601200.0,49579800.0,False,0.0,14:26:43
18750.0,100,-1200.0,-0.1,BU,21596700.0,49579800.0,False,0.0,14:26:43
18750.0,300,-1200.0,-0.1,BU,21596600.0,49579800.0,False,0.0,14:26:43
18750.0,1100,-1200.0,-0.1,BU,21596300.0,49579800.0,False,0.0,14:26:42
18750.0,100,-1200.0,-0.1,BU,21595200.0,49579800.0,False,0.0,14:26:42
18750.0,600,-1200.0,-0.1,BU,21595100.0,49579800.0,False,0.0,14:26:42
18750.0,400,-1200.0,-0.1,BU,21594500.0,49579800.0,False,0.0,14:26:41
18750.0,100,-1200.0,-0.1,BU,21594100.0,49579800.0,False,50.0,14:26:41
18700.0,400,-1250.0,-0.1,SD,21594000.0,49579800.0,False,0.0,14:26:41
18700.0,100,-1250.0,-0.1,SD,21594000.0,49579400.0,False,-50.0,14:26:41
18750.0,2400,-1200.0,-0.1,SD,21594000.0,49579300.0,False,0.0,14:26:40
18750.0,200,-1200.0,-0.1,BU,21594000.0,49576900.0,False,0.0,14:26:40
18750.0,2000,-1200.0,-0.1,BU,21593800.0,49576900.0,False,0.0,14:26:40
18750.0,900,-1200.0,-0.1,BU,21591800.0,49576900.0,False,0.0,14:26:40
18750.0,500,-1200.0,-0.1,BU,21590900.0,49576900.0,False,50.0,14:26:39
18700.0,2000,-1250.0,-0.1,SD,21590400.0,49576900.0,False,0.0,14:26:38
18700.0,200,-1250.0,-0.1,SD,21590400.0,49574900.0,False,0.0,14:26:38
18700.0,3100,-1250.0,-0.1,SD,21590400.0,49574700.0,False,0.0,14:26:38
18700.0,300,-1250.0,-0.1,SD,21590400.0,49571600.0,False,0.0,14:26:38
18700.0,10500,-1250.0,-0.1,SD,21590400.0,49571300.0,False,0.0,14:26:38
18700.0,200,-1250.0,-0.1,SD,21590400.0,49560800.0,False,0.0,14:26:38
18700.0,1000,-1250.0,-0.1,SD,21590400.0,49560600.0,False,0.0,14:26:38
18700.0,1000,-1250.0,-0.1,SD,21590400.0,49559600.0,False,0.0,14:26:38
18700.0,2000,-1250.0,-0.1,SD,21590400.0,49558600.0,False,0.0,14:26:38
18700.0,500,-1250.0,-0.1,SD,21590400.0,49556600.0,False,0.0,14:26:38
18700.0,200,-1250.0,-0.1,SD,21590400.0,49556100.0,False,0.0,14:26:38
18700.0,200,-1250.0,-0.1,SD,21590400.0,49555900.0,False,0.0,14:26:38
18700.0,200,-1250.0,-0.1,SD,21590400.0,49555700.0,False,0.0,14:26:38
18700.0,500,-1250.0,-0.1,SD,21590400.0,49555500.0,False,0.0,14:26:38
18700.0,200,-1250.0,-0.1,SD,21590400.0,49555000.0,False,0.0,14:26:38
18700.0,500,-1250.0,-0.1,SD,21590400.0,49554800.0,False,0.0,14:26:38
18700.0,300,-1250.0,-0.1,SD,21590400.0,49554300.0,False,0.0,14:26:38
18700.0,100,-1250.0,-0.1,SD,21590400.0,49554000.0,False,0.0,14:26:38
18700.0,100,-1250.0,-0.1,SD,21590400.0,49553900.0,False,0.0,14:26:38
18700.0,1000,-1250.0,-0.1,SD,21590400.0,49553800.0,False,0.0,14:26:38
18700.0,100,-1250.0,-0.1,SD,21590400.0,49552800.0,False,0.0,14:26:38
18700.0,100,-1250.0,-0.1,SD,21590400.0,49552700.0,False,0.0,14:26:38
18700.0,2500,-1250.0,-0.1,SD,21590400.0,49552600.0,False,-50.0,14:26:38
18750.0,4000,-1200.0,-0.1,SD,21590400.0,49550100.0,False,0.0,14:26:38
18750.0,1200,-1200.0,-0.1,SD,21590400.0,49546100.0,False,0.0,14:26:38
18750.0,500,-1200.0,-0.1,SD,21590400.0,49544900.0,False,0.0,14:26:38
18750.0,1000,-1200.0,-0.1,SD,21590400.0,49544400.0,False,0.0,14:26:38
18750.0,4800,-1200.0,-0.1,BU,21590400.0,49543400.0,False,0.0,14:26:37
18750.0,3500,-1200.0,-0.1,BU,21585600.0,49543400.0,False,0.0,14:26:37
18750.0,200,-1200.0,-0.1,BU,21582100.0,49543400.0,False,0.0,14:26:37
18750.0,700,-1200.0,-0.1,SD,21581900.0,49543400.0,False,0.0,14:26:37
18750.0,600,-1200.0,-0.1,SD,21581900.0,49542700.0,False,0.0,14:26:36
18750.0,100,-1200.0,-0.1,SD,21581900.0,49542100.0,False,0.0,14:26:36
18750.0,400,-1200.0,-0.1,SD,21581900.0,49542000.0,False,0.0,14:26:36
18750.0,1900,-1200.0,-0.1,SD,21581900.0,49541600.0,False,0.0,14:26:36
18750.0,200,-1200.0,-0.1,SD,21581900.0,49539700.0,False,0.0,14:26:36
18750.0,2500,-1200.0,-0.1,SD,21581900.0,49539500.0,False,0.0,14:26:36
18750.0,500,-1200.0,-0.1,BU,21581900.0,49537000.0,False,0.0,14:26:35
18750.0,500,-1200.0,-0.1,BU,21581400.0,49537000.0,False,0.0,14:26:35
18750.0,300,-1200.0,-0.1,BU,21580900.0,49537000.0,False,0.0,14:26:35
18750.0,200,-1200.0,-0.1,BU,21580600.0,49537000.0,False,0.0,14:26:35
18750.0,700,-1200.0,-0.1,BU,21580400.0,49537000.0,False,0.0,14:26:34
18750.0,300,-1200.0,-0.1,BU,21579700.0,49537000.0,False,50.0,14:26:34
18700.0,1000,-1250.0,-0.1,SD,21579400.0,49537000.0,False,0.0,14:26:33
18700.0,2000,-1250.0,-0.1,SD,21579400.0,49536000.0,False,0.0,14:26:33
18700.0,100,-1250.0,-0.1,SD,21579400.0,49534000.0,False,0.0,14:26:33
18700.0,100,-1250.0,-0.1,SD,21579400.0,49533900.0,False,0.0,14:26:33
18700.0,2500,-1250.0,-0.1,SD,21579400.0,49533800.0,False,0.0,14:26:33
18700.0,800,-1250.0,-0.1,SD,21579400.0,49531300.0,False,0.0,14:26:33
18700.0,1000,-1250.0,-0.1,SD,21579400.0,49530500.0,False,0.0,14:26:33
18700.0,200,-1250.0,-0.1,SD,21579400.0,49529500.0,False,0.0,14:26:33
18700.0,1000,-1250.0,-0.1,SD,21579400.0,49529300.0,False,0.0,14:26:33
18700.0,500,-1250.0,-0.1,SD,21579400.0,49528300.0,False,0.0,14:26:33
18700.0,300,-1250.0,-0.1,SD,21579400.0,49527800.0,False,0.0,14:26:33
18700.0,100,-1250.0,-0.1,SD,21579400.0,49527500.0,False,0.0,14:26:33
18700.0,5000,-1250.0,-0.1,SD,21579400.0,49527400.0,False,0.0,14:26:33
18700.0,1000,-1250.0,-0.1,SD,21579400.0,49522400.0,False,0.0,14:26:33
18700.0,10000,-1250.0,-0.1,SD,21579400.0,49521400.0,False,-50.0,14:26:33
18750.0,300,-1200.0,-0.1,BU,21579400.0,49511400.0,False,0.0,14:26:33
18750.0,400,-1200.0,-0.1,BU,21579100.0,49511400.0,False,0.0,14:26:33
18750.0,200,-1200.0,-0.1,BU,21578700.0,49511400.0,False,0.0,14:26:33
18750.0,100,-1200.0,-0.1,BU,21578500.0,49511400.0,False,0.0,14:26:32
18750.0,2800,-1200.0,-0.1,BU,21578400.0,49511400.0,False,0.0,14:26:31
18750.0,2200,-1200.0,-0.1,BU,21575600.0,49511400.0,False,0.0,14:26:31
18750.0,100,-1200.0,-0.1,BU,21573400.0,49511400.0,False,0.0,14:26:31
18750.0,100,-1200.0,-0.1,BU,21573300.0,49511400.0,False,0.0,14:26:30
18750.0,700,-1200.0,-0.1,BU,21573200.0,49511400.0,False,0.0,14:26:30
18750.0,100,-1200.0,-0.1,BU,21572500.0,49511400.0,False,0.0,14:26:30
18750.0,100,-1200.0,-0.1,BU,21572400.0,49511400.0,False,0.0,14:26:30
18750.0,1200,-1200.0,-0.1,BU,21572300.0,49511400.0,False,0.0,14:26:30
18750.0,100,-1200.0,-0.1,BU,21571100.0,49511400.0,False,0.0,14:26:30
18750.0,5000,-1200.0,-0.1,BU,21571000.0,49511400.0,False,0.0,14:26:29
18750.0,100,-1200.0,-0.1,BU,21566000.0,49511400.0,False,0.0,14:26:28
18750.0,100,-1200.0,-0.1,BU,21565900.0,49511400.0,False,50.0,14:26:28
18700.0,6000,-1250.0,-0.1,SD,21565800.0,49511400.0,False,-50.0,14:26:28
18750.0,300,-1200.0,-0.1,BU,21565800.0,49505400.0,False,0.0,14:26:27
18750.0,100,-1200.0,-0.1,SD,21565500.0,49505400.0,False,0.0,14:26:25
18750.0,100,-1200.0,-0.1,SD,21565500.0,49505300.0,False,0.0,14:26:25
18750.0,1000,-1200.0,-0.1,SD,21565500.0,49505200.0,False,0.0,14:26:25
18750.0,1000,-1200.0,-0.1,SD,21565500.0,49504200.0,False,0.0,14:26:25
18750.0,100,-1200.0,-0.1,SD,21565500.0,49503200.0,False,0.0,14:26:25
18750.0,1300,-1200.0,-0.1,SD,21565500.0,49503100.0,False,0.0,14:26:25
18750.0,100,-1200.0,-0.1,SD,21565500.0,49501800.0,False,0.0,14:26:25
18750.0,1000,-1200.0,-0.1,SD,21565500.0,49501700.0,False,0.0,14:26:25
18750.0,500,-1200.0,-0.1,SD,21565500.0,49500700.0,False,0.0,14:26:25
18750.0,500,-1200.0,-0.1,SD,21565500.0,49500200.0,False,0.0,14:26:25
18750.0,800,-1200.0,-0.1,SD,21565500.0,49499700.0,False,0.0,14:26:25
18750.0,1300,-1200.0,-0.1,SD,21565500.0,49498900.0,False,0.0,14:26:25
18750.0,2000,-1200.0,-0.1,SD,21565500.0,49497600.0,False,0.0,14:26:25
18750.0,900,-1200.0,-0.1,SD,21565500.0,49495600.0,False,0.0,14:26:25
18750.0,1800,-1200.0,-0.1,SD,21565500.0,49494700.0,False,0.0,14:26:25
18750.0,800,-1200.0,-0.1,SD,21565500.0,49492900.0,False,0.0,14:26:24
18750.0,1900,-1200.0,-0.1,SD,21565500.0,49492100.0,False,0.0,14:26:24
18750.0,100,-1200.0,-0.1,SD,21565500.0,49490200.0,False,0.0,14:26:23
18750.0,700,-1200.0,-0.1,SD,21565500.0,49490100.0,False,0.0,14:26:23
18750.0,200,-1200.0,-0.1,SD,21565500.0,49489400.0,False,0.0,14:26:23
18750.0,100,-1200.0,-0.1,SD,21565500.0,49489200.0,False,0.0,14:26:23
18750.0,600,-1200.0,-0.1,SD,21565500.0,49489100.0,False,0.0,14:26:23
18750.0,1000,-1200.0,-0.1,SD,21565500.0,49488500.0,False,0.0,14:26:23
18750.0,1000,-1200.0,-0.1,SD,21565500.0,49487500.0,False,0.0,14:26:23
18750.0,500,-1200.0,-0.1,SD,21565500.0,49486500.0,False,0.0,14:26:23
18750.0,500,-1200.0,-0.1,SD,21565500.0,49486000.0,False,0.0,14:26:23
18750.0,500,-1200.0,-0.1,SD,21565500.0,49485500.0,False,0.0,14:26:23
18750.0,1900,-1200.0,-0.1,SD,21565500.0,49485000.0,False,0.0,14:26:23
18750.0,800,-1200.0,-0.1,SD,21565500.0,49483100.0,False,0.0,14:26:23
18750.0,200,-1200.0,-0.1,SD,21565500.0,49482300.0,False,0.0,14:26:22
18750.0,1700,-1200.0,-0.1,SD,21565500.0,49482100.0,False,0.0,14:26:21
18750.0,200,-1200.0,-0.1,SD,21565500.0,49480400.0,False,0.0,14:26:21
18750.0,300,-1200.0,-0.1,SD,21565500.0,49480200.0,False,0.0,14:26:21
18750.0,800,-1200.0,-0.1,SD,21565500.0,49479900.0,False,0.0,14:26:21
18750.0,4000,-1200.0,-0.1,SD,21565500.0,49479100.0,False,0.0,14:26:21
18750.0,200,-1200.0,-0.1,SD,21565500.0,49475100.0,False,0.0,14:26:20
18750.0,400,-1200.0,-0.1,SD,21565500.0,49474900.0,False,0.0,14:26:20
18750.0,1700,-1200.0,-0.1,SD,21565500.0,49474500.0,False,0.0,14:26:20
18750.0,300,-1200.0,-0.1,SD,21565500.0,49472800.0,False,0.0,14:26:20
18750.0,500,-1200.0,-0.1,SD,21565500.0,49472500.0,False,0.0,14:26:20
18750.0,100,-1200.0,-0.1,SD,21565500.0,49472000.0,False,0.0,14:26:20
18750.0,700,-1200.0,-0.1,SD,21565500.0,49471900.0,False,0.0,14:26:20
18750.0,200,-1200.0,-0.1,SD,21565500.0,49471200.0,False,0.0,14:26:20
18750.0,200,-1200.0,-0.1,SD,21565500.0,49471000.0,False,0.0,14:26:20
18750.0,500,-1200.0,-0.1,SD,21565500.0,49470800.0,False,0.0,14:26:20
18750.0,300,-1200.0,-0.1,SD,21565500.0,49470300.0,False,0.0,14:26:20
18750.0,300,-1200.0,-0.1,SD,21565500.0,49470000.0,False,0.0,14:26:19
18750.0,400,-1200.0,-0.1,SD,21565500.0,49469700.0,False,0.0,14:26:19
18750.0,100,-1200.0,-0.1,SD,21565500.0,49469300.0,False,0.0,14:26:19
18750.0,1000,-1200.0,-0.1,SD,21565500.0,49469200.0,False,0.0,14:26:19
18750.0,100,-1200.0,-0.1,SD,21565500.0,49468200.0,False,0.0,14:26:19
18750.0,1200,-1200.0,-0.1,SD,21565500.0,49468100.0,False,0.0,14:26:19
18750.0,100,-1200.0,-0.1,SD,21565500.0,49466900.0,False,0.0,14:26:19
18750.0,1900,-1200.0,-0.1,SD,21565500.0,49466800.0,False,0.0,14:26:19
18750.0,1000,-1200.0,-0.1,SD,21565500.0,49464900.0,False,0.0,14:26:19
18750.0,1000,-1200.0,-0.1,SD,21565500.0,49463900.0,False,0.0,14:26:19
18750.0,500,-1200.0,-0.1,SD,21565500.0,49462900.0,False,0.0,14:26:19
18750.0,100,-1200.0,-0.1,SD,21565500.0,49462400.0,False,0.0,14:26:19
18750.0,500,-1200.0,-0.1,SD,21565500.0,49462300.0,False,0.0,14:26:19
18750.0,100,-1200.0,-0.1,SD,21565500.0,49461800.0,False,0.0,14:26:19
18750.0,300,-1200.0,-0.1,SD,21565500.0,49461700.0,False,0.0,14:26:19
18750.0,1500,-1200.0,-0.1,SD,21565500.0,49461400.0,False,0.0,14:26:19
18750.0,400,-1200.0,-0.1,SD,21565500.0,49459900.0,False,0.0,14:26:19
18750.0,5300,-1200.0,-0.1,SD,21565500.0,49459500.0,False,-50.0,14:26:19
18800.0,100,-1150.0,-0.1,BU,21565500.0,49454200.0,False,0.0,14:26:18
18800.0,1000,-1150.0,-0.1,BU,21565400.0,49454200.0,False,50.0,14:26:18
18750.0,4700,-1200.0,-0.1,SD,21564400.0,49454200.0,False,0.0,14:26:18
18750.0,1300,-1200.0,-0.1,SD,21564400.0,49449500.0,False,0.0,14:26:18
18750.0,2000,-1200.0,-0.1,SD,21564400.0,49448200.0,False,0.0,14:26:18
18750.0,2000,-1200.0,-0.1,SD,21564400.0,49446200.0,False,0.0,14:26:18
18750.0,500,-1200.0,-0.1,SD,21564400.0,49444200.0,False,0.0,14:26:18
18750.0,18000,-1200.0,-0.1,SD,21564400.0,49443700.0,True,0.0,14:26:18
18750.0,100,-1200.0,-0.1,SD,21564400.0,49425700.0,False,0.0,14:26:18
18750.0,100,-1200.0,-0.1,SD,21564400.0,49425600.0,False,0.0,14:26:18
18750.0,100,-1200.0,-0.1,SD,21564400.0,49425500.0,False,0.0,14:26:18
18750.0,1000,-1200.0,-0.1,SD,21564400.0,49425400.0,False,0.0,14:26:18
18750.0,100,-1200.0,-0.1,SD,21564400.0,49424400.0,False,0.0,14:26:18
18750.0,100,-1200.0,-0.1,SD,21564400.0,49424300.0,False,0.0,14:26:18
18750.0,100,-1200.0,-0.1,SD,21564400.0,49424200.0,False,-50.0,14:26:17
18800.0,200,-1150.0,-0.1,BU,21564400.0,49424100.0,False,50.0,14:26:17
18750.0,100,-1200.0,-0.1,SD,21564200.0,49424100.0,False,0.0,14:26:16
18750.0,600,-1200.0,-0.1,SD,21564200.0,49424000.0,False,0.0,14:26:16
18750.0,1000,-1200.0,-0.1,SD,21564200.0,49423400.0,False,0.0,14:26:16
18750.0,100,-1200.0,-0.1,SD,21564200.0,49422400.0,False,0.0,14:26:15
18750.0,300,-1200.0,-0.1,SD,21564200.0,49422300.0,False,0.0,14:26:15
18750.0,500,-1200.0,-0.1,SD,21564200.0,49422000.0,False,0.0,14:26:15
18750.0,9200,-1200.0,-0.1,SD,21564200.0,49421500.0,False,0.0,14:26:15
18750.0,800,-1200.0,-0.1,SD,21564200.0,49412300.0,False,0.0,14:26:15
18750.0,400,-1200.0,-0.1,SD,21564200.0,49411500.0,False,0.0,14:26:15
18750.0,500,-1200.0,-0.1,SD,21564200.0,49411100.0,False,0.0,14:26:15
18750.0,200,-1200.0,-0.1,SD,21564200.0,49410600.0,False,0.0,14:26:15
18750.0,100,-1200.0,-0.1,SD,21564200.0,49410400.0,False,0.0,14:26:15
18750.0,100,-1200.0,-0.1,SD,21564200.0,49410300.0,False,0.0,14:26:15
18750.0,100,-1200.0,-0.1,SD,21564200.0,49410200.0,False,0.0,14:26:14
18750.0,300,-1200.0,-0.1,SD,21564200.0,49410100.0,False,-50.0,14:26:14
18800.0,200,-1150.0,-0.1,BU,21564200.0,49409800.0,False,50.0,14:26:13
18750.0,2000,-1200.0,-0.1,SD,21564000.0,49409800.0,False,0.0,14:26:13
18750.0,2500,-1200.0,-0.1,SD,21564000.0,49407800.0,False,0.0,14:26:12
18750.0,2200,-1200.0,-0.1,SD,21564000.0,49405300.0,False,0.0,14:26:11
18750.0,1000,-1200.0,-0.1,SD,21564000.0,49403100.0,False,0.0,14:26:11
18750.0,500,-1200.0,-0.1,SD,21564000.0,49402100.0,False,0.0,14:26:11
18750.0,100,-1200.0,-0.1,SD,21564000.0,49401600.0,False,0.0,14:26:11
18750.0,200,-1200.0,-0.1,SD,21564000.0,49401500.0,False,0.0,14:26:11
18750.0,200,-1200.0,-0.1,SD,21564000.0,49401300.0,False,0.0,14:26:11
18750.0,4800,-1200.0,-0.1,SD,21564000.0,49401100.0,False,0.0,14:26:11
18750.0,100,-1200.0,-0.1,SD,21564000.0,49396300.0,False,0.0,14:26:11
18750.0,100,-1200.0,-0.1,SD,21564000.0,49396200.0,False,0.0,14:26:08
18750.0,9700,-1200.0,-0.1,SD,21564000.0,49396100.0,False,0.0,14:26:08
18750.0,100,-1200.0,-0.1,SD,21564000.0,49386400.0,False,0.0,14:26:08
18750.0,20000,-1200.0,-0.1,SD,21564000.0,49386300.0,True,0.0,14:26:08
18750.0,100,-1200.0,-0.1,SD,21564000.0,49366300.0,False,0.0,14:26:08
18750.0,400,-1200.0,-0.1,SD,21564000.0,49366200.0,False,0.0,14:26:08
18750.0,100,-1200.0,-0.1,SD,21564000.0,49365800.0,False,0.0,14:26:08
18750.0,4200,-1200.0,-0.1,SD,21564000.0,49365700.0,False,0.0,14:26:08
18750.0,100,-1200.0,-0.1,SD,21564000.0,49361500.0,False,0.0,14:26:08
18750.0,3000,-1200.0,-0.1,SD,21564000.0,49361400.0,False,0.0,14:26:08
18750.0,400,-1200.0,-0.1,SD,21564000.0,49358400.0,False,0.0,14:26:08
18750.0,1000,-1200.0,-0.1,SD,21564000.0,49358000.0,False,0.0,14:26:08
18750.0,2600,-1200.0,-0.1,SD,21564000.0,49357000.0,False,0.0,14:26:08
18750.0,100,-1200.0,-0.1,SD,21564000.0,49354400.0,False,0.0,14:26:08
18750.0,200,-1200.0,-0.1,SD,21564000.0,49354300.0,False,0.0,14:26:08
18750.0,100,-1200.0,-0.1,SD,21564000.0,49354100.0,False,0.0,14:26:08
18750.0,500,-1200.0,-0.1,SD,21564000.0,49354000.0,False,0.0,14:26:08
18750.0,4500,-1200.0,-0.1,SD,21564000.0,49353500.0,False,0.0,14:26:08
18750.0,100,-1200.0,-0.1,SD,21564000.0,49349000.0,False,0.0,14:26:08
18750.0,500,-1200.0,-0.1,SD,21564000.0,49348900.0,False,0.0,14:26:08
18750.0,300,-1200.0,-0.1,SD,21564000.0,49348400.0,False,0.0,14:26:08
18750.0,100,-1200.0,-0.1,SD,21564000.0,49348100.0,False,0.0,14:26:08
18750.0,1000,-1200.0,-0.1,SD,21564000.0,49348000.0,False,0.0,14:26:08
18750.0,200,-1200.0,-0.1,SD,21564000.0,49347000.0,False,0.0,14:26:08
18750.0,100,-1200.0,-0.1,SD,21564000.0,49346800.0,False,0.0,14:26:08
18750.0,500,-1200.0,-0.1,SD,21564000.0,49346700.0,False,0.0,14:26:08
18750.0,1000,-1200.0,-0.1,SD,21564000.0,49346200.0,False,0.0,14:26:08
18750.0,1000,-1200.0,-0.1,SD,21564000.0,49345200.0,False,0.0,14:26:08
18750.0,200,-1200.0,-0.1,SD,21564000.0,49344200.0,False,0.0,14:26:08
18750.0,1000,-1200.0,-0.1,SD,21564000.0,49344000.0,False,0.0,14:26:08
18750.0,400,-1200.0,-0.1,SD,21564000.0,49343000.0,False,0.0,14:26:08
18750.0,100,-1200.0,-0.1,SD,21564000.0,49342600.0,False,0.0,14:26:08
18750.0,700,-1200.0,-0.1,SD,21564000.0,49342500.0,False,0.0,14:26:08
18750.0,500,-1200.0,-0.1,SD,21564000.0,49341800.0,False,0.0,14:26:08
18750.0,200,-1200.0,-0.1,SD,21564000.0,49341300.0,False,0.0,14:26:08
18750.0,100,-1200.0,-0.1,SD,21564000.0,49341100.0,False,0.0,14:26:08
18750.0,100,-1200.0,-0.1,SD,21564000.0,49341000.0,False,0.0,14:26:08
18750.0,1000,-1200.0,-0.1,SD,21564000.0,49340900.0,False,0.0,14:26:08
18750.0,1000,-1200.0,-0.1,SD,21564000.0,49339900.0,False,0.0,14:26:08
18750.0,100,-1200.0,-0.1,SD,21564000.0,49338900.0,False,0.0,14:26:08
18750.0,200,-1200.0,-0.1,SD,21564000.0,49338800.0,False,0.0,14:26:08
18750.0,1000,-1200.0,-0.1,SD,21564000.0,49338600.0,False,0.0,14:26:08
18750.0,200,-1200.0,-0.1,SD,21564000.0,49337600.0,False,0.0,14:26:08
18750.0,1000,-1200.0,-0.1,SD,21564000.0,49337400.0,False,0.0,14:26:08
18750.0,300,-1200.0,-0.1,SD,21564000.0,49336400.0,False,0.0,14:26:08
18750.0,100,-1200.0,-0.1,SD,21564000.0,49336100.0,False,0.0,14:26:08
18750.0,100,-1200.0,-0.1,SD,21564000.0,49336000.0,False,0.0,14:26:08
18750.0,1000,-1200.0,-0.1,SD,21564000.0,49335900.0,False,0.0,14:26:08
18750.0,2300,-1200.0,-0.1,SD,21564000.0,49334900.0,False,0.0,14:26:08
18750.0,300,-1200.0,-0.1,SD,21564000.0,49332600.0,False,0.0,14:26:08
18750.0,100,-1200.0,-0.1,SD,21564000.0,49332300.0,False,0.0,14:26:08
18750.0,200,-1200.0,-0.1,SD,21564000.0,49332200.0,False,0.0,14:26:08
18750.0,900,-1200.0,-0.1,SD,21564000.0,49332000.0,False,0.0,14:26:08
18750.0,1000,-1200.0,-0.1,SD,21564000.0,49331100.0,False,0.0,14:26:08
18750.0,5000,-1200.0,-0.1,SD,21564000.0,49330100.0,False,0.0,14:26:08
18750.0,200,-1200.0,-0.1,SD,21564000.0,49325100.0,False,0.0,14:26:08
18750.0,500,-1200.0,-0.1,SD,21564000.0,49324900.0,False,0.0,14:26:08
18750.0,500,-1200.0,-0.1,SD,21564000.0,49324400.0,False,0.0,14:26:08
18750.0,1000,-1200.0,-0.1,SD,21564000.0,49323900.0,False,0.0,14:26:08
18750.0,100,-1200.0,-0.1,SD,21564000.0,49322900.0,False,0.0,14:26:08
18750.0,500,-1200.0,-0.1,SD,21564000.0,49322800.0,False,0.0,14:26:08
18750.0,500,-1200.0,-0.1,SD,21564000.0,49322300.0,False,0.0,14:26:08
18750.0,2400,-1200.0,-0.1,SD,21564000.0,49321800.0,False,0.0,14:26:08
18750.0,100,-1200.0,-0.1,SD,21564000.0,49319400.0,False,0.0,14:26:08
18750.0,2000,-1200.0,-0.1,SD,21564000.0,49319300.0,False,0.0,14:26:08
18750.0,100,-1200.0,-0.1,SD,21564000.0,49317300.0,False,0.0,14:26:08
18750.0,2800,-1200.0,-0.1,SD,21564000.0,49317200.0,False,0.0,14:26:08
18750.0,100,-1200.0,-0.1,SD,21564000.0,49314400.0,False,0.0,14:26:08
18750.0,100,-1200.0,-0.1,SD,21564000.0,49314300.0,False,0.0,14:26:08
18750.0,500,-1200.0,-0.1,SD,21564000.0,49314200.0,False,0.0,14:26:08
18750.0,1000,-1200.0,-0.1,SD,21564000.0,49313700.0,False,0.0,14:26:08
18750.0,1000,-1200.0,-0.1,SD,21564000.0,49312700.0,False,0.0,14:26:08
18750.0,100,-1200.0,-0.1,SD,21564000.0,49311700.0,False,0.0,14:26:08
18750.0,700,-1200.0,-0.1,SD,21564000.0,49311600.0,False,0.0,14:26:08
18750.0,100,-1200.0,-0.1,SD,21564000.0,49310900.0,False,0.0,14:26:08
18750.0,200,-1200.0,-0.1,SD,21564000.0,49310800.0,False,0.0,14:26:08
18750.0,100,-1200.0,-0.1,SD,21564000.0,49310600.0,False,0.0,14:26:08
18750.0,200,-1200.0,-0.1,SD,21564000.0,49310500.0,False,0.0,14:26:08
18750.0,1100,-1200.0,-0.1,SD,21564000.0,49310300.0,False,0.0,14:26:08
18750.0,100,-1200.0,-0.1,SD,21564000.0,49309200.0,False,0.0,14:26:08
18750.0,100,-1200.0,-0.1,SD,21564000.0,49309100.0,False,0.0,14:26:08
18750.0,100,-1200.0,-0.1,SD,21564000.0,49309000.0,False,0.0,14:26:08
18750.0,700,-1200.0,-0.1,SD,21564000.0,49308900.0,False,0.0,14:26:08
18750.0,1000,-1200.0,-0.1,SD,21564000.0,49308200.0,False,0.0,14:26:08
18750.0,23000,-1200.0,-0.1,SD,21564000.0,49307200.0,True,-50.0,14:26:08
18800.0,200,-1150.0,-0.1,BU,21564000.0,49284200.0,False,0.0,14:26:08
18800.0,100,-1150.0,-0.1,BU,21563800.0,49284200.0,False,0.0,14:26:07
18800.0,300,-1150.0,-0.1,BU,21563700.0,49284200.0,False,50.0,14:26:06
18750.0,1000,-1200.0,-0.1,SD,21563400.0,49284200.0,False,-50.0,14:26:06
18800.0,800,-1150.0,-0.1,BU,21563400.0,49283200.0,False,50.0,14:26:04
18750.0,2200,-1200.0,-0.1,SD,21562600.0,49283200.0,False,0.0,14:26:04
18750.0,3800,-1200.0,-0.1,SD,21562600.0,49281000.0,False,0.0,14:26:04
18750.0,2000,-1200.0,-0.1,SD,21562600.0,49277200.0,False,0.0,14:26:04
18750.0,900,-1200.0,-0.1,SD,21562600.0,49275200.0,False,0.0,14:26:04
18750.0,200,-1200.0,-0.1,SD,21562600.0,49274300.0,False,0.0,14:26:04
18750.0,100,-1200.0,-0.1,SD,21562600.0,49274100.0,False,0.0,14:26:04
18750.0,100,-1200.0,-0.1,SD,21562600.0,49274000.0,False,0.0,14:26:02
18750.0,800,-1200.0,-0.1,SD,21562600.0,49273900.0,False,0.0,14:26:01
18750.0,500,-1200.0,-0.1,SD,21562600.0,49273100.0,False,0.0,14:26:01
18750.0,1000,-1200.0,-0.1,SD,21562600.0,49272600.0,False,0.0,14:26:01
18750.0,300,-1200.0,-0.1,SD,21562600.0,49271600.0,False,0.0,14:26:01
18750.0,100,-1200.0,-0.1,SD,21562600.0,49271300.0,False,0.0,14:26:01
18750.0,10000,-1200.0,-0.1,SD,21562600.0,49271200.0,False,0.0,14:26:01
18750.0,800,-1200.0,-0.1,SD,21562600.0,49261200.0,False,-50.0,14:26:01
18800.0,100,-1150.0,-0.1,BU,21562600.0,49260400.0,False,50.0,14:26:01
18750.0,100,-1200.0,-0.1,SD,21562500.0,49260400.0,False,0.0,14:26:00
18750.0,100,-1200.0,-0.1,SD,21562500.0,49260300.0,False,0.0,14:25:59
18750.0,100,-1200.0,-0.1,SD,21562500.0,49260200.0,False,0.0,14:25:59
18750.0,200,-1200.0,-0.1,SD,21562500.0,49260100.0,False,0.0,14:25:59
18750.0,100,-1200.0,-0.1,SD,21562500.0,49259900.0,False,0.0,14:25:59
18750.0,100,-1200.0,-0.1,SD,21562500.0,49259800.0,False,0.0,14:25:58
18750.0,300,-1200.0,-0.1,SD,21562500.0,49259700.0,False,0.0,14:25:58
18750.0,100,-1200.0,-0.1,SD,21562500.0,49259400.0,False,0.0,14:25:58
18750.0,2000,-1200.0,-0.1,SD,21562500.0,49259300.0,False,0.0,14:25:58
18750.0,200,-1200.0,-0.1,SD,21562500.0,49257300.0,False,0.0,14:25:58
18750.0,200,-1200.0,-0.1,SD,21562500.0,49257100.0,False,0.0,14:25:58
18750.0,500,-1200.0,-0.1,SD,21562500.0,49256900.0,False,0.0,14:25:58
18750.0,100,-1200.0,-0.1,SD,21562500.0,49256400.0,False,0.0,14:25:58
18750.0,200,-1200.0,-0.1,SD,21562500.0,49256300.0,False,0.0,14:25:58
18750.0,5000,-1200.0,-0.1,SD,21562500.0,49256100.0,False,0.0,14:25:58
18750.0,200,-1200.0,-0.1,SD,21562500.0,49251100.0,False,0.0,14:25:58
18750.0,100,-1200.0,-0.1,SD,21562500.0,49250900.0,False,0.0,14:25:58
18750.0,500,-1200.0,-0.1,SD,21562500.0,49250800.0,False,0.0,14:25:58
18750.0,500,-1200.0,-0.1,SD,21562500.0,49250300.0,False,0.0,14:25:58
18750.0,1500,-1200.0,-0.1,SD,21562500.0,49249800.0,False,0.0,14:25:58
18750.0,1000,-1200.0,-0.1,SD,21562500.0,49248300.0,False,0.0,14:25:58
18750.0,100,-1200.0,-0.1,SD,21562500.0,49247300.0,False,0.0,14:25:58
18750.0,300,-1200.0,-0.1,SD,21562500.0,49247200.0,False,0.0,14:25:58
18750.0,200,-1200.0,-0.1,SD,21562500.0,49246900.0,False,0.0,14:25:58
18750.0,100,-1200.0,-0.1,SD,21562500.0,49246700.0,False,0.0,14:25:58
18750.0,300,-1200.0,-0.1,SD,21562500.0,49246600.0,False,0.0,14:25:58
18750.0,500,-1200.0,-0.1,SD,21562500.0,49246300.0,False,0.0,14:25:58
18750.0,100,-1200.0,-0.1,SD,21562500.0,49245800.0,False,0.0,14:25:58
18750.0,800,-1200.0,-0.1,SD,21562500.0,49245700.0,False,0.0,14:25:58
18750.0,200,-1200.0,-0.1,SD,21562500.0,49244900.0,False,0.0,14:25:58
18750.0,3000,-1200.0,-0.1,SD,21562500.0,49244700.0,False,0.0,14:25:58
18750.0,1000,-1200.0,-0.1,SD,21562500.0,49241700.0,False,0.0,14:25:58
18750.0,700,-1200.0,-0.1,SD,21562500.0,49240700.0,False,0.0,14:25:58
18750.0,100,-1200.0,-0.1,SD,21562500.0,49240000.0,False,0.0,14:25:58
18750.0,100,-1200.0,-0.1,SD,21562500.0,49239900.0,False,-50.0,14:25:58
18800.0,100,-1150.0,-0.1,BU,21562500.0,49239800.0,False,0.0,14:25:58
18800.0,900,-1150.0,-0.1,BU,21562400.0,49239800.0,False,0.0,14:25:58
18800.0,100,-1150.0,-0.1,BU,21561500.0,49239800.0,False,50.0,14:25:58
18750.0,600,-1200.0,-0.1,SD,21561400.0,49239800.0,False,0.0,14:25:56
18750.0,1600,-1200.0,-0.1,SD,21561400.0,49239200.0,False,0.0,14:25:56
18750.0,200,-1200.0,-0.1,SD,21561400.0,49237600.0,False,0.0,14:25:56
18750.0,100,-1200.0,-0.1,SD,21561400.0,49237400.0,False,-50.0,14:25:56
18800.0,100,-1150.0,-0.1,BU,21561400.0,49237300.0,False,0.0,14:25:56
18800.0,100,-1150.0,-0.1,BU,21561300.0,49237300.0,False,0.0,14:25:55
18800.0,500,-1150.0,-0.1,BU,21561200.0,49237300.0,False,0.0,14:25:55
18800.0,100,-1150.0,-0.1,BU,21560700.0,49237300.0,False,0.0,14:25:55
18800.0,1000,-1150.0,-0.1,BU,21560600.0,49237300.0,False,50.0,14:25:55
18750.0,400,-1200.0,-0.1,SD,21559600.0,49237300.0,False,0.0,14:25:54
18750.0,1600,-1200.0,-0.1,SD,21559600.0,49236900.0,False,0.0,14:25:54
18750.0,400,-1200.0,-0.1,SD,21559600.0,49235300.0,False,0.0,14:25:54
18750.0,300,-1200.0,-0.1,SD,21559600.0,49234900.0,False,0.0,14:25:54
18750.0,500,-1200.0,-0.1,SD,21559600.0,49234600.0,False,0.0,14:25:54
18750.0,300,-1200.0,-0.1,SD,21559600.0,49234100.0,False,0.0,14:25:54
18750.0,500,-1200.0,-0.1,SD,21559600.0,49233800.0,False,0.0,14:25:54
18750.0,100,-1200.0,-0.1,SD,21559600.0,49233300.0,False,-50.0,14:25:53
18800.0,8400,-1150.0,-0.1,BU,21559600.0,49233200.0,False,0.0,14:25:53
18800.0,10000,-1150.0,-0.1,BU,21551200.0,49233200.0,False,50.0,14:25:53
18750.0,2000,-1200.0,-0.1,SD,21541200.0,49233200.0,False,-50.0,14:25:51
18800.0,5000,-1150.0,-0.1,BU,21541200.0,49231200.0,False,50.0,14:25:50
18750.0,2400,-1200.0,-0.1,SD,21536200.0,49231200.0,False,0.0,14:25:50
18750.0,300,-1200.0,-0.1,SD,21536200.0,49228800.0,False,0.0,14:25:50
18750.0,16000,-1200.0,-0.1,SD,21536200.0,49228500.0,True,0.0,14:25:50
18750.0,500,-1200.0,-0.1,SD,21536200.0,49212500.0,False,0.0,14:25:50
18750.0,800,-1200.0,-0.1,SD,21536200.0,49212000.0,False,0.0,14:25:50
18750.0,200,-1200.0,-0.1,SD,21536200.0,49211200.0,False,0.0,14:25:49
18750.0,100,-1200.0,-0.1,SD,21536200.0,49211000.0,False,0.0,14:25:49
18750.0,3000,-1200.0,-0.1,SD,21536200.0,49210900.0,False,0.0,14:25:49
18750.0,300,-1200.0,-0.1,SD,21536200.0,49207900.0,False,0.0,14:25:49
18750.0,400,-1200.0,-0.1,SD,21536200.0,49207600.0,False,-50.0,14:25:49
18800.0,1000,-1150.0,-0.1,BU,21536200.0,49207200.0,False,50.0,14:25:48
18750.0,3000,-1200.0,-0.1,SD,21535200.0,49207200.0,False,-50.0,14:25:48
18800.0,2300,-1150.0,-0.1,BU,21535200.0,49204200.0,False,0.0,14:25:47
18800.0,100,-1150.0,-0.1,BU,21532900.0,49204200.0,False,0.0,14:25:45
18800.0,3000,-1150.0,-0.1,BU,21532800.0,49204200.0,False,50.0,14:25:45
18750.0,1600,-1200.0,-0.1,SD,21529800.0,49204200.0,False,0.0,14:25:44
18750.0,500,-1200.0,-0.1,SD,21529800.0,49202600.0,False,0.0,14:25:44
18750.0,100,-1200.0,-0.1,SD,21529800.0,49202100.0,False,0.0,14:25:44
18750.0,1500,-1200.0,-0.1,SD,21529800.0,49202000.0,False,0.0,14:25:44
18750.0,200,-1200.0,-0.1,SD,21529800.0,49200500.0,False,0.0,14:25:44
18750.0,2500,-1200.0,-0.1,SD,21529800.0,49200300.0,False,0.0,14:25:44
18750.0,300,-1200.0,-0.1,SD,21529800.0,49197800.0,False,0.0,14:25:44
18750.0,500,-1200.0,-0.1,SD,21529800.0,49197500.0,False,0.0,14:25:44
18750.0,3800,-1200.0,-0.1,SD,21529800.0,49197000.0,False,-50.0,14:25:44
18800.0,100,-1150.0,-0.1,BU,21529800.0,49193200.0,False,0.0,14:25:44
18800.0,8500,-1150.0,-0.1,BU,21529700.0,49193200.0,False,0.0,14:25:44
18800.0,31200,-1150.0,-0.1,BU,21521200.0,49193200.0,True,0.0,14:25:44
18800.0,100,-1150.0,-0.1,BU,21490000.0,49193200.0,False,0.0,14:25:43
18800.0,100,-1150.0,-0.1,BU,21489900.0,49193200.0,False,0.0,14:25:43
18800.0,5000,-1150.0,-0.1,BU,21489800.0,49193200.0,False,50.0,14:25:43
18750.0,6200,-1200.0,-0.1,SD,21484800.0,49193200.0,False,0.0,14:25:43
18750.0,3200,-1200.0,-0.1,SD,21484800.0,49187000.0,False,0.0,14:25:43
18750.0,500,-1200.0,-0.1,SD,21484800.0,49183800.0,False,0.0,14:25:43
18750.0,100,-1200.0,-0.1,SD,21484800.0,49183300.0,False,0.0,14:25:43
18750.0,1000,-1200.0,-0.1,SD,21484800.0,49183200.0,False,0.0,14:25:43
18750.0,200,-1200.0,-0.1,SD,21484800.0,49182200.0,False,0.0,14:25:43
18750.0,200,-1200.0,-0.1,SD,21484800.0,49182000.0,False,0.0,14:25:43
18750.0,500,-1200.0,-0.1,SD,21484800.0,49181800.0,False,0.0,14:25:43
18750.0,100,-1200.0,-0.1,SD,21484800.0,49181300.0,False,0.0,14:25:43
18750.0,5000,-1200.0,-0.1,SD,21484800.0,49181200.0,False,0.0,14:25:43
18750.0,100,-1200.0,-0.1,SD,21484800.0,49176200.0,False,0.0,14:25:43
18750.0,100,-1200.0,-0.1,SD,21484800.0,49176100.0,False,0.0,14:25:43
18750.0,100,-1200.0,-0.1,SD,21484800.0,49176000.0,False,0.0,14:25:43
18750.0,100,-1200.0,-0.1,SD,21484800.0,49175900.0,False,0.0,14:25:43
18750.0,4000,-1200.0,-0.1,SD,21484800.0,49175800.0,False,0.0,14:25:43
18750.0,200,-1200.0,-0.1,SD,21484800.0,49171800.0,False,0.0,14:25:43
18750.0,3000,-1200.0,-0.1,SD,21484800.0,49171600.0,False,0.0,14:25:43
18750.0,1300,-1200.0,-0.1,SD,21484800.0,49168600.0,False,0.0,14:25:42
18750.0,1000,-1200.0,-0.1,SD,21484800.0,49167300.0,False,0.0,14:25:42
18750.0,500,-1200.0,-0.1,SD,21484800.0,49166300.0,False,0.0,14:25:42
18750.0,200,-1200.0,-0.1,SD,21484800.0,49165800.0,False,0.0,14:25:42
18750.0,200,-1200.0,-0.1,SD,21484800.0,49165600.0,False,0.0,14:25:42
18750.0,300,-1200.0,-0.1,SD,21484800.0,49165400.0,False,0.0,14:25:42
18750.0,2000,-1200.0,-0.1,SD,21484800.0,49165100.0,False,0.0,14:25:42
18750.0,1000,-1200.0,-0.1,SD,21484800.0,49163100.0,False,0.0,14:25:42
18750.0,200,-1200.0,-0.1,SD,21484800.0,49162100.0,False,0.0,14:25:42
18750.0,1000,-1200.0,-0.1,SD,21484800.0,49161900.0,False,0.0,14:25:42
18750.0,1500,-1200.0,-0.1,SD,21484800.0,49160900.0,False,0.0,14:25:42
18750.0,100,-1200.0,-0.1,SD,21484800.0,49159400.0,False,0.0,14:25:42
18750.0,100,-1200.0,-0.1,SD,21484800.0,49159300.0,False,0.0,14:25:42
18750.0,5000,-1200.0,-0.1,SD,21484800.0,49159200.0,False,0.0,14:25:42
18750.0,100,-1200.0,-0.1,SD,21484800.0,49154200.0,False,0.0,14:25:42
18750.0,900,-1200.0,-0.1,SD,21484800.0,49154100.0,False,0.0,14:25:42
18750.0,100,-1200.0,-0.1,SD,21484800.0,49153200.0,False,0.0,14:25:41
18750.0,500,-1200.0,-0.1,SD,21484800.0,49153100.0,False,0.0,14:25:41
18750.0,100,-1200.0,-0.1,SD,21484800.0,49152600.0,False,0.0,14:25:41
18750.0,100,-1200.0,-0.1,SD,21484800.0,49152500.0,False,0.0,14:25:41
18750.0,1000,-1200.0,-0.1,SD,21484800.0,49152400.0,False,0.0,14:25:41
18750.0,2000,-1200.0,-0.1,SD,21484800.0,49151400.0,False,0.0,14:25:41
18750.0,1500,-1200.0,-0.1,SD,21484800.0,49149400.0,False,0.0,14:25:41
18750.0,1100,-1200.0,-0.1,SD,21484800.0,49147900.0,False,0.0,14:25:41
18750.0,400,-1200.0,-0.1,SD,21484800.0,49146800.0,False,0.0,14:25:41
18750.0,200,-1200.0,-0.1,SD,21484800.0,49146400.0,False,0.0,14:25:41
18750.0,500,-1200.0,-0.1,SD,21484800.0,49146200.0,False,0.0,14:25:41
18750.0,500,-1200.0,-0.1,SD,21484800.0,49145700.0,False,0.0,14:25:41
18750.0,1300,-1200.0,-0.1,SD,21484800.0,49145200.0,False,0.0,14:25:41
18750.0,500,-1200.0,-0.1,SD,21484800.0,49143900.0,False,0.0,14:25:41
18750.0,200,-1200.0,-0.1,SD,21484800.0,49143400.0,False,-50.0,14:25:41
18800.0,1000,-1150.0,-0.1,BU,21484800.0,49143200.0,False,50.0,14:25:41
18750.0,1000,-1200.0,-0.1,SD,21483800.0,49143200.0,False,0.0,14:25:40
18750.0,500,-1200.0,-0.1,SD,21483800.0,49142200.0,False,-50.0,14:25:38
18800.0,10000,-1150.0,-0.1,BU,21483800.0,49141700.0,False,50.0,14:25:38
18750.0,1300,-1200.0,-0.1,SD,21473800.0,49141700.0,False,0.0,14:25:38
18750.0,100,-1200.0,-0.1,SD,21473800.0,49140400.0,False,0.0,14:25:38
18750.0,100,-1200.0,-0.1,SD,21473800.0,49140300.0,False,0.0,14:25:38
18750.0,100,-1200.0,-0.1,SD,21473800.0,49140200.0,False,0.0,14:25:38
18750.0,5000,-1200.0,-0.1,SD,21473800.0,49140100.0,False,0.0,14:25:38
18750.0,100,-1200.0,-0.1,SD,21473800.0,49135100.0,False,0.0,14:25:38
18750.0,1000,-1200.0,-0.1,SD,21473800.0,49135000.0,False,0.0,14:25:38
18750.0,100,-1200.0,-0.1,SD,21473800.0,49134000.0,False,0.0,14:25:38
18750.0,500,-1200.0,-0.1,SD,21473800.0,49133900.0,False,0.0,14:25:37
18750.0,10000,-1200.0,-0.1,SD,21473800.0,49133400.0,False,0.0,14:25:37
18750.0,100,-1200.0,-0.1,SD,21473800.0,49123400.0,False,0.0,14:25:37
18750.0,1000,-1200.0,-0.1,SD,21473800.0,49123300.0,False,0.0,14:25:37
18750.0,600,-1200.0,-0.1,SD,21473800.0,49122300.0,False,-50.0,14:25:37
18800.0,300,-1150.0,-0.1,BU,21473800.0,49121700.0,False,0.0,14:25:37
18800.0,1000,-1150.0,-0.1,BU,21473500.0,49121700.0,False,50.0,14:25:36
18750.0,400,-1200.0,-0.1,SD,21472500.0,49121700.0,False,0.0,14:25:36
18750.0,900,-1200.0,-0.1,SD,21472500.0,49121300.0,False,0.0,14:25:36
18750.0,500,-1200.0,-0.1,SD,21472500.0,49120400.0,False,0.0,14:25:36
18750.0,200,-1200.0,-0.1,SD,21472500.0,49119900.0,False,0.0,14:25:36
18750.0,2500,-1200.0,-0.1,SD,21472500.0,49119700.0,False,-50.0,14:25:36
18800.0,300,-1150.0,-0.1,BU,21472500.0,49117200.0,False,0.0,14:25:34
18800.0,300,-1150.0,-0.1,BU,21472200.0,49117200.0,False,50.0,14:25:34
18750.0,2000,-1200.0,-0.1,SD,21471900.0,49117200.0,False,-50.0,14:25:33
18800.0,100,-1150.0,-0.1,BU,21471900.0,49115200.0,False,0.0,14:25:33
18800.0,100,-1150.0,-0.1,BU,21471800.0,49115200.0,False,0.0,14:25:32
18800.0,1100,-1150.0,-0.1,BU,21471700.0,49115200.0,False,50.0,14:25:32
18750.0,4900,-1200.0,-0.1,SD,21470600.0,49115200.0,False,0.0,14:25:30
18750.0,100,-1200.0,-0.1,SD,21470600.0,49110300.0,False,0.0,14:25:30
18750.0,900,-1200.0,-0.1,SD,21470600.0,49110200.0,False,0.0,14:25:29
18750.0,2000,-1200.0,-0.1,SD,21470600.0,49109300.0,False,0.0,14:25:29
18750.0,500,-1200.0,-0.1,SD,21470600.0,49107300.0,False,0.0,14:25:29
18750.0,4700,-1200.0,-0.1,SD,21470600.0,49106800.0,False,0.0,14:25:29
18750.0,200,-1200.0,-0.1,SD,21470600.0,49102100.0,False,-50.0,14:25:29
18800.0,700,-1150.0,-0.1,BU,21470600.0,49101900.0,False,0.0,14:25:28
18800.0,1000,-1150.0,-0.1,BU,21469900.0,49101900.0,False,50.0,14:25:27
18750.0,100,-1200.0,-0.1,SD,21468900.0,49101900.0,False,0.0,14:25:27
18750.0,1000,-1200.0,-0.1,SD,21468900.0,49101800.0,False,0.0,14:25:27
18750.0,100,-1200.0,-0.1,SD,21468900.0,49100800.0,False,0.0,14:25:27
18750.0,3300,-1200.0,-0.1,SD,21468900.0,49100700.0,False,0.0,14:25:27
18750.0,100,-1200.0,-0.1,SD,21468900.0,49097400.0,False,0.0,14:25:27
18750.0,500,-1200.0,-0.1,SD,21468900.0,49097300.0,False,0.0,14:25:27
18750.0,100,-1200.0,-0.1,SD,21468900.0,49096800.0,False,0.0,14:25:27
18750.0,500,-1200.0,-0.1,SD,21468900.0,49096700.0,False,0.0,14:25:27
18750.0,3000,-1200.0,-0.1,SD,21468900.0,49096200.0,False,0.0,14:25:27
18750.0,100,-1200.0,-0.1,SD,21468900.0,49093200.0,False,0.0,14:25:27
18750.0,100,-1200.0,-0.1,SD,21468900.0,49093100.0,False,0.0,14:25:27
18750.0,100,-1200.0,-0.1,SD,21468900.0,49093000.0,False,0.0,14:25:27
18750.0,200,-1200.0,-0.1,SD,21468900.0,49092900.0,False,0.0,14:25:27
18750.0,800,-1200.0,-0.1,SD,21468900.0,49092700.0,False,-50.0,14:25:27
18800.0,400,-1150.0,-0.1,BU,21468900.0,49091900.0,False,0.0,14:25:26
18800.0,100,-1150.0,-0.1,BU,21468500.0,49091900.0,False,0.0,14:25:26
18800.0,400,-1150.0,-0.1,BU,21468400.0,49091900.0,False,0.0,14:25:25
18800.0,100,-1150.0,-0.1,BU,21468000.0,49091900.0,False,0.0,14:25:24
18800.0,500,-1150.0,-0.1,BU,21467900.0,49091900.0,False,0.0,14:25:24
18800.0,1000,-1150.0,-0.1,BU,21467400.0,49091900.0,False,0.0,14:25:24
18800.0,1000,-1150.0,-0.1,BU,21466400.0,49091900.0,False,50.0,14:25:24
18750.0,9200,-1200.0,-0.1,SD,21465400.0,49091900.0,False,0.0,14:25:23
18750.0,100,-1200.0,-0.1,SD,21465400.0,49082700.0,False,0.0,14:25:23
18750.0,500,-1200.0,-0.1,SD,21465400.0,49082600.0,False,0.0,14:25:23
18750.0,200,-1200.0,-0.1,SD,21465400.0,49082100.0,False,-50.0,14:25:23
18800.0,10000,-1150.0,-0.1,BU,21465400.0,49081900.0,False,0.0,14:25:23
18800.0,700,-1150.0,-0.1,BU,21455400.0,49081900.0,False,50.0,14:25:20
18750.0,300,-1200.0,-0.1,SD,21454700.0,49081900.0,False,0.0,14:25:19
18750.0,700,-1200.0,-0.1,SD,21454700.0,49081600.0,False,-50.0,14:25:19
18800.0,300,-1150.0,-0.1,BU,21454700.0,49080900.0,False,0.0,14:25:19
18800.0,100,-1150.0,-0.1,BU,21454400.0,49080900.0,False,0.0,14:25:19
18800.0,2000,-1150.0,-0.1,BU,21454300.0,49080900.0,False,0.0,14:25:19
18800.0,200,-1150.0,-0.1,BU,21452300.0,49080900.0,False,0.0,14:25:18
18800.0,300,-1150.0,-0.1,BU,21452100.0,49080900.0,False,0.0,14:25:18
18800.0,200,-1150.0,-0.1,BU,21451800.0,49080900.0,False,50.0,14:25:17
18750.0,200,-1200.0,-0.1,SD,21451600.0,49080900.0,False,-50.0,14:25:17
18800.0,1000,-1150.0,-0.1,BU,21451600.0,49080700.0,False,0.0,14:25:15
18800.0,500,-1150.0,-0.1,BU,21450600.0,49080700.0,False,0.0,14:25:13
18800.0,100,-1150.0,-0.1,BU,21450100.0,49080700.0,False,0.0,14:25:12
18800.0,1300,-1150.0,-0.1,SD,21450000.0,49080700.0,False,0.0,14:25:09
18800.0,200,-1150.0,-0.1,SD,21450000.0,49079400.0,False,0.0,14:25:09
18800.0,1000,-1150.0,-0.1,SD,21450000.0,49079200.0,False,0.0,14:25:09
18800.0,1000,-1150.0,-0.1,SD,21450000.0,49078200.0,False,0.0,14:25:09
18800.0,300,-1150.0,-0.1,SD,21450000.0,49077200.0,False,0.0,14:25:09
18800.0,1000,-1150.0,-0.1,SD,21450000.0,49076900.0,False,0.0,14:25:09
18800.0,2000,-1150.0,-0.1,SD,21450000.0,49075900.0,False,0.0,14:25:09
18800.0,200,-1150.0,-0.1,SD,21450000.0,49073900.0,False,0.0,14:25:09
18800.0,200,-1150.0,-0.1,SD,21450000.0,49073700.0,False,0.0,14:25:09
18800.0,1000,-1150.0,-0.1,SD,21450000.0,49073500.0,False,0.0,14:25:09
18800.0,100,-1150.0,-0.1,SD,21450000.0,49072500.0,False,0.0,14:25:09
18800.0,3000,-1150.0,-0.1,SD,21450000.0,49072400.0,False,0.0,14:25:09
18800.0,2000,-1150.0,-0.1,SD,21450000.0,49069400.0,False,0.0,14:25:09
18800.0,2000,-1150.0,-0.1,SD,21450000.0,49067400.0,False,0.0,14:25:09
18800.0,3000,-1150.0,-0.1,SD,21450000.0,49065400.0,False,0.0,14:25:09
18800.0,1000,-1150.0,-0.1,SD,21450000.0,49062400.0,False,0.0,14:25:09
18800.0,1000,-1150.0,-0.1,SD,21450000.0,49061400.0,False,0.0,14:25:09
18800.0,100,-1150.0,-0.1,SD,21450000.0,49060400.0,False,0.0,14:25:09
18800.0,900,-1150.0,-0.1,SD,21450000.0,49060300.0,False,0.0,14:25:09
18800.0,2000,-1150.0,-0.1,SD,21450000.0,49059400.0,False,0.0,14:25:08
18800.0,800,-1150.0,-0.1,SD,21450000.0,49057400.0,False,0.0,14:25:08
18800.0,500,-1150.0,-0.1,SD,21450000.0,49056600.0,False,-50.0,14:25:08
18850.0,3000,-1100.0,-0.1,BU,21450000.0,49056100.0,False,50.0,14:25:08
18800.0,100,-1150.0,-0.1,SD,21447000.0,49056100.0,False,0.0,14:25:07
18800.0,1200,-1150.0,-0.1,SD,21447000.0,49056000.0,False,0.0,14:25:07
18800.0,100,-1150.0,-0.1,SD,21447000.0,49054800.0,False,0.0,14:25:07
18800.0,4200,-1150.0,-0.1,SD,21447000.0,49054700.0,False,0.0,14:25:07
18800.0,5000,-1150.0,-0.1,SD,21447000.0,49050500.0,False,0.0,14:25:07
18800.0,200,-1150.0,-0.1,SD,21447000.0,49045500.0,False,-50.0,14:25:07
18850.0,1000,-1100.0,-0.1,BU,21447000.0,49045300.0,False,50.0,14:25:07
18800.0,600,-1150.0,-0.1,SD,21446000.0,49045300.0,False,0.0,14:25:06
18800.0,100,-1150.0,-0.1,SD,21446000.0,49044700.0,False,0.0,14:25:06
18800.0,100,-1150.0,-0.1,SD,21446000.0,49044600.0,False,0.0,14:25:06
18800.0,1000,-1150.0,-0.1,SD,21446000.0,49044500.0,False,0.0,14:25:06
18800.0,300,-1150.0,-0.1,SD,21446000.0,49043500.0,False,0.0,14:25:06
18800.0,100,-1150.0,-0.1,SD,21446000.0,49043200.0,False,0.0,14:25:06
18800.0,100,-1150.0,-0.1,SD,21446000.0,49043100.0,False,0.0,14:25:06
18800.0,400,-1150.0,-0.1,SD,21446000.0,49043000.0,False,0.0,14:25:06
18800.0,1000,-1150.0,-0.1,SD,21446000.0,49042600.0,False,0.0,14:25:06
18800.0,100,-1150.0,-0.1,SD,21446000.0,49041600.0,False,0.0,14:25:06
18800.0,2000,-1150.0,-0.1,SD,21446000.0,49041500.0,False,0.0,14:25:06
18800.0,1500,-1150.0,-0.1,SD,21446000.0,49039500.0,False,0.0,14:25:06
18800.0,100,-1150.0,-0.1,SD,21446000.0,49038000.0,False,0.0,14:25:05
18800.0,8400,-1150.0,-0.1,SD,21446000.0,49037900.0,False,0.0,14:25:05
18800.0,4000,-1150.0,-0.1,SD,21446000.0,49029500.0,False,0.0,14:25:05
18800.0,5600,-1150.0,-0.1,SD,21446000.0,49025500.0,False,0.0,14:25:05
18800.0,900,-1150.0,-0.1,SD,21446000.0,49019900.0,False,0.0,14:25:05
18800.0,3500,-1150.0,-0.1,SD,21446000.0,49019000.0,False,0.0,14:25:04
18800.0,100,-1150.0,-0.1,SD,21446000.0,49015500.0,False,0.0,14:25:04
18800.0,100,-1150.0,-0.1,SD,21446000.0,49015400.0,False,0.0,14:25:04
18800.0,400,-1150.0,-0.1,SD,21446000.0,49015300.0,False,0.0,14:25:04
18800.0,200,-1150.0,-0.1,SD,21446000.0,49014900.0,False,0.0,14:25:04
18800.0,300,-1150.0,-0.1,SD,21446000.0,49014700.0,False,0.0,14:25:04
18800.0,500,-1150.0,-0.1,SD,21446000.0,49014400.0,False,0.0,14:25:04
18800.0,300,-1150.0,-0.1,SD,21446000.0,49013900.0,False,0.0,14:25:04
18800.0,100,-1150.0,-0.1,SD,21446000.0,49013600.0,False,0.0,14:25:04
18800.0,500,-1150.0,-0.1,SD,21446000.0,49013500.0,False,0.0,14:25:04
18800.0,100,-1150.0,-0.1,SD,21446000.0,49013000.0,False,0.0,14:25:04
18800.0,100,-1150.0,-0.1,SD,21446000.0,49012900.0,False,0.0,14:25:04
18800.0,100,-1150.0,-0.1,SD,21446000.0,49012800.0,False,0.0,14:25:04
18800.0,300,-1150.0,-0.1,SD,21446000.0,49012700.0,False,0.0,14:25:04
18800.0,500,-1150.0,-0.1,SD,21446000.0,49012400.0,False,0.0,14:25:04
18800.0,100,-1150.0,-0.1,SD,21446000.0,49011900.0,False,0.0,14:25:04
18800.0,200,-1150.0,-0.1,SD,21446000.0,49011800.0,False,0.0,14:25:04
18800.0,100,-1150.0,-0.1,SD,21446000.0,49011600.0,False,0.0,14:25:04
18800.0,1000,-1150.0,-0.1,SD,21446000.0,49011500.0,False,0.0,14:25:04
18800.0,100,-1150.0,-0.1,SD,21446000.0,49010500.0,False,0.0,14:25:04
18800.0,1400,-1150.0,-0.1,SD,21446000.0,49010400.0,False,0.0,14:25:04
18800.0,2200,-1150.0,-0.1,SD,21446000.0,49009000.0,False,0.0,14:25:04
18800.0,200,-1150.0,-0.1,SD,21446000.0,49006800.0,False,0.0,14:25:04
18800.0,2600,-1150.0,-0.1,SD,21446000.0,49006600.0,False,0.0,14:25:04
18800.0,1500,-1150.0,-0.1,SD,21446000.0,49004000.0,False,0.0,14:25:04
18800.0,600,-1150.0,-0.1,SD,21446000.0,49002500.0,False,0.0,14:25:03
18800.0,5000,-1150.0,-0.1,SD,21446000.0,49001900.0,False,0.0,14:25:03
18800.0,1100,-1150.0,-0.1,SD,21446000.0,48996900.0,False,0.0,14:25:03
18800.0,200,-1150.0,-0.1,SD,21446000.0,48995800.0,False,0.0,14:25:03
18800.0,600,-1150.0,-0.1,SD,21446000.0,48995600.0,False,0.0,14:25:03
18800.0,1600,-1150.0,-0.1,SD,21446000.0,48995000.0,False,0.0,14:25:03
18800.0,1000,-1150.0,-0.1,SD,21446000.0,48993400.0,False,0.0,14:25:01
18800.0,500,-1150.0,-0.1,SD,21446000.0,48992400.0,False,0.0,14:25:01
18800.0,2300,-1150.0,-0.1,SD,21446000.0,48991900.0,False,0.0,14:25:01
18800.0,15000,-1150.0,-0.1,SD,21446000.0,48989600.0,True,0.0,14:25:01
18800.0,2000,-1150.0,-0.1,SD,21446000.0,48974600.0,False,0.0,14:25:01
18800.0,500,-1150.0,-0.1,SD,21446000.0,48972600.0,False,0.0,14:25:00
18800.0,2400,-1150.0,-0.1,SD,21446000.0,48972100.0,False,0.0,14:25:00
18800.0,3000,-1150.0,-0.1,SD,21446000.0,48969700.0,False,0.0,14:25:00
18800.0,100,-1150.0,-0.1,SD,21446000.0,48966700.0,False,0.0,14:25:00
18800.0,2000,-1150.0,-0.1,SD,21446000.0,48966600.0,False,0.0,14:25:00
18800.0,100,-1150.0,-0.1,SD,21446000.0,48964600.0,False,0.0,14:25:00
18800.0,100,-1150.0,-0.1,SD,21446000.0,48964500.0,False,0.0,14:25:00
18800.0,100,-1150.0,-0.1,SD,21446000.0,48964400.0,False,0.0,14:25:00
18800.0,500,-1150.0,-0.1,SD,21446000.0,48964300.0,False,0.0,14:25:00
18800.0,5000,-1150.0,-0.1,SD,21446000.0,48963800.0,False,0.0,14:25:00
18800.0,9900,-1150.0,-0.1,SD,21446000.0,48958800.0,False,-50.0,14:25:00
18850.0,1500,-1100.0,-0.1,BU,21446000.0,48948900.0,False,50.0,14:24:58
18800.0,100,-1150.0,-0.1,SD,21444500.0,48948900.0,False,0.0,14:24:58
18800.0,300,-1150.0,-0.1,SD,21444500.0,48948800.0,False,0.0,14:24:58
18800.0,1500,-1150.0,-0.1,SD,21444500.0,48948500.0,False,0.0,14:24:58
18800.0,20000,-1150.0,-0.1,SD,21444500.0,48947000.0,True,0.0,14:24:58
18800.0,200,-1150.0,-0.1,SD,21444500.0,48927000.0,False,0.0,14:24:58
18800.0,500,-1150.0,-0.1,SD,21444500.0,48926800.0,False,0.0,14:24:58
18800.0,200,-1150.0,-0.1,SD,21444500.0,48926300.0,False,0.0,14:24:58
18800.0,200,-1150.0,-0.1,SD,21444500.0,48926100.0,False,0.0,14:24:58
18800.0,200,-1150.0,-0.1,SD,21444500.0,48925900.0,False,0.0,14:24:58
18800.0,1000,-1150.0,-0.1,SD,21444500.0,48925700.0,False,0.0,14:24:58
18800.0,300,-1150.0,-0.1,SD,21444500.0,48924700.0,False,0.0,14:24:58
18800.0,2000,-1150.0,-0.1,SD,21444500.0,48924400.0,False,0.0,14:24:58
18800.0,2000,-1150.0,-0.1,SD,21444500.0,48922400.0,False,0.0,14:24:58
18800.0,100,-1150.0,-0.1,SD,21444500.0,48920400.0,False,0.0,14:24:58
18800.0,100,-1150.0,-0.1,SD,21444500.0,48920300.0,False,0.0,14:24:58
18800.0,2000,-1150.0,-0.1,SD,21444500.0,48920200.0,False,0.0,14:24:58
18800.0,100,-1150.0,-0.1,SD,21444500.0,48918200.0,False,0.0,14:24:58
18800.0,300,-1150.0,-0.1,SD,21444500.0,48918100.0,False,0.0,14:24:58
18800.0,1000,-1150.0,-0.1,SD,21444500.0,48917800.0,False,0.0,14:24:58
18800.0,10000,-1150.0,-0.1,SD,21444500.0,48916800.0,False,0.0,14:24:58
18800.0,1000,-1150.0,-0.1,SD,21444500.0,48906800.0,False,0.0,14:24:58
18800.0,3000,-1150.0,-0.1,SD,21444500.0,48905800.0,False,0.0,14:24:58
18800.0,900,-1150.0,-0.1,SD,21444500.0,48902800.0,False,0.0,14:24:58
18800.0,500,-1150.0,-0.1,SD,21444500.0,48901900.0,False,0.0,14:24:58
18800.0,1000,-1150.0,-0.1,SD,21444500.0,48901400.0,False,0.0,14:24:58
18800.0,500,-1150.0,-0.1,SD,21444500.0,48900400.0,False,0.0,14:24:58
18800.0,3600,-1150.0,-0.1,SD,21444500.0,48899900.0,False,0.0,14:24:58
18800.0,2500,-1150.0,-0.1,SD,21444500.0,48896300.0,False,0.0,14:24:58
18800.0,500,-1150.0,-0.1,SD,21444500.0,48893800.0,False,0.0,14:24:58
18800.0,500,-1150.0,-0.1,SD,21444500.0,48893300.0,False,0.0,14:24:58
18800.0,2100,-1150.0,-0.1,SD,21444500.0,48892800.0,False,0.0,14:24:58
18800.0,2000,-1150.0,-0.1,SD,21444500.0,48890700.0,False,0.0,14:24:58
18800.0,100,-1150.0,-0.1,SD,21444500.0,48888700.0,False,0.0,14:24:58
18800.0,500,-1150.0,-0.1,SD,21444500.0,48888600.0,False,0.0,14:24:58
18800.0,6000,-1150.0,-0.1,SD,21444500.0,48888100.0,False,0.0,14:24:58
18800.0,200,-1150.0,-0.1,SD,21444500.0,48882100.0,False,0.0,14:24:58
18800.0,1000,-1150.0,-0.1,SD,21444500.0,48881900.0,False,0.0,14:24:58
18800.0,1000,-1150.0,-0.1,SD,21444500.0,48880900.0,False,0.0,14:24:58
18800.0,100,-1150.0,-0.1,SD,21444500.0,48879900.0,False,0.0,14:24:58
18800.0,14300,-1150.0,-0.1,SD,21444500.0,48879800.0,True,0.0,14:24:58
18800.0,400,-1150.0,-0.1,SD,21444500.0,48865500.0,False,0.0,14:24:58
18800.0,5000,-1150.0,-0.1,SD,21444500.0,48865100.0,False,0.0,14:24:58
18800.0,1000,-1150.0,-0.1,SD,21444500.0,48860100.0,False,0.0,14:24:58
18800.0,700,-1150.0,-0.1,SD,21444500.0,48859100.0,False,0.0,14:24:58
18800.0,300,-1150.0,-0.1,SD,21444500.0,48858400.0,False,-50.0,14:24:57
18850.0,2000,-1100.0,-0.1,BU,21444500.0,48858100.0,False,50.0,14:24:57
18800.0,100,-1150.0,-0.1,SD,21442500.0,48858100.0,False,0.0,14:24:57
18800.0,900,-1150.0,-0.1,SD,21442500.0,48858000.0,False,0.0,14:24:57
18800.0,200,-1150.0,-0.1,SD,21442500.0,48857100.0,False,0.0,14:24:57
18800.0,300,-1150.0,-0.1,SD,21442500.0,48856900.0,False,0.0,14:24:57
18800.0,3400,-1150.0,-0.1,SD,21442500.0,48856600.0,False,-50.0,14:24:57
18850.0,1300,-1100.0,-0.1,BU,21442500.0,48853200.0,False,50.0,14:24:55
18800.0,26600,-1150.0,-0.1,SD,21441200.0,48853200.0,True,0.0,14:24:55
18800.0,100,-1150.0,-0.1,SD,21441200.0,48826600.0,False,0.0,14:24:55
18800.0,500,-1150.0,-0.1,SD,21441200.0,48826500.0,False,0.0,14:24:55
18800.0,1000,-1150.0,-0.1,SD,21441200.0,48826000.0,False,0.0,14:24:55
18800.0,100,-1150.0,-0.1,SD,21441200.0,48825000.0,False,0.0,14:24:55
18800.0,2500,-1150.0,-0.1,SD,21441200.0,48824900.0,False,0.0,14:24:55
18800.0,1000,-1150.0,-0.1,SD,21441200.0,48822400.0,False,0.0,14:24:55
18800.0,1000,-1150.0,-0.1,SD,21441200.0,48821400.0,False,0.0,14:24:55
18800.0,1000,-1150.0,-0.1,SD,21441200.0,48820400.0,False,0.0,14:24:55
18800.0,800,-1150.0,-0.1,SD,21441200.0,48819400.0,False,0.0,14:24:55
18800.0,1000,-1150.0,-0.1,SD,21441200.0,48818600.0,False,0.0,14:24:55
18800.0,100,-1150.0,-0.1,SD,21441200.0,48817600.0,False,0.0,14:24:55
18800.0,300,-1150.0,-0.1,SD,21441200.0,48817500.0,False,0.0,14:24:55
18800.0,200,-1150.0,-0.1,SD,21441200.0,48817200.0,False,0.0,14:24:55
18800.0,500,-1150.0,-0.1,SD,21441200.0,48817000.0,False,0.0,14:24:55
18800.0,200,-1150.0,-0.1,SD,21441200.0,48816500.0,False,0.0,14:24:55
18800.0,100,-1150.0,-0.1,SD,21441200.0,48816300.0,False,0.0,14:24:55
18800.0,500,-1150.0,-0.1,SD,21441200.0,48816200.0,False,0.0,14:24:55
18800.0,1200,-1150.0,-0.1,SD,21441200.0,48815700.0,False,0.0,14:24:55
18800.0,100,-1150.0,-0.1,SD,21441200.0,48814500.0,False,0.0,14:24:55
18800.0,6500,-1150.0,-0.1,SD,21441200.0,48814400.0,False,0.0,14:24:55
18800.0,500,-1150.0,-0.1,SD,21441200.0,48807900.0,False,0.0,14:24:55
18800.0,200,-1150.0,-0.1,SD,21441200.0,48807400.0,False,0.0,14:24:55
18800.0,2600,-1150.0,-0.1,SD,21441200.0,48807200.0,False,0.0,14:24:55
18800.0,2000,-1150.0,-0.1,SD,21441200.0,48804600.0,False,0.0,14:24:55
18800.0,200,-1150.0,-0.1,SD,21441200.0,48802600.0,False,0.0,14:24:55
18800.0,100,-1150.0,-0.1,SD,21441200.0,48802400.0,False,0.0,14:24:55
18800.0,500,-1150.0,-0.1,SD,21441200.0,48802300.0,False,0.0,14:24:55
18800.0,100,-1150.0,-0.1,SD,21441200.0,48801800.0,False,0.0,14:24:55
18800.0,300,-1150.0,-0.1,SD,21441200.0,48801700.0,False,0.0,14:24:55
18800.0,2000,-1150.0,-0.1,SD,21441200.0,48801400.0,False,0.0,14:24:55
18800.0,100,-1150.0,-0.1,SD,21441200.0,48799400.0,False,0.0,14:24:55
18800.0,1000,-1150.0,-0.1,SD,21441200.0,48799300.0,False,0.0,14:24:55
18800.0,3100,-1150.0,-0.1,SD,21441200.0,48798300.0,False,0.0,14:24:55
18800.0,400,-1150.0,-0.1,SD,21441200.0,48795200.0,False,0.0,14:24:54
18800.0,200,-1150.0,-0.1,SD,21441200.0,48794800.0,False,0.0,14:24:54
18800.0,100,-1150.0,-0.1,SD,21441200.0,48794600.0,False,0.0,14:24:54
18800.0,1000,-1150.0,-0.1,SD,21441200.0,48794500.0,False,0.0,14:24:54
18800.0,1000,-1150.0,-0.1,SD,21441200.0,48793500.0,False,0.0,14:24:54
18800.0,300,-1150.0,-0.1,SD,21441200.0,48792500.0,False,0.0,14:24:54
18800.0,400,-1150.0,-0.1,SD,21441200.0,48792200.0,False,0.0,14:24:53
18800.0,600,-1150.0,-0.1,SD,21441200.0,48791800.0,False,0.0,14:24:53
18800.0,1400,-1150.0,-0.1,SD,21441200.0,48791200.0,False,0.0,14:24:53
18800.0,900,-1150.0,-0.1,SD,21441200.0,48789800.0,False,0.0,14:24:53
18800.0,200,-1150.0,-0.1,SD,21441200.0,48788900.0,False,0.0,14:24:53
18800.0,500,-1150.0,-0.1,SD,21441200.0,48788700.0,False,0.0,14:24:53
18800.0,100,-1150.0,-0.1,SD,21441200.0,48788200.0,False,0.0,14:24:53
18800.0,1400,-1150.0,-0.1,SD,21441200.0,48788100.0,False,0.0,14:24:52
18800.0,1000,-1150.0,-0.1,SD,21441200.0,48786700.0,False,0.0,14:24:52
18800.0,200,-1150.0,-0.1,SD,21441200.0,48785700.0,False,0.0,14:24:52
18800.0,500,-1150.0,-0.1,SD,21441200.0,48785500.0,False,0.0,14:24:52
18800.0,500,-1150.0,-0.1,SD,21441200.0,48785000.0,False,0.0,14:24:52
18800.0,100,-1150.0,-0.1,SD,21441200.0,48784500.0,False,0.0,14:24:52
18800.0,200,-1150.0,-0.1,SD,21441200.0,48784400.0,False,0.0,14:24:52
18800.0,100,-1150.0,-0.1,SD,21441200.0,48784200.0,False,0.0,14:24:52
18800.0,1000,-1150.0,-0.1,SD,21441200.0,48784100.0,False,0.0,14:24:52
18800.0,100,-1150.0,-0.1,SD,21441200.0,48783100.0,False,0.0,14:24:52
18800.0,500,-1150.0,-0.1,SD,21441200.0,48783000.0,False,0.0,14:24:52
18800.0,200,-1150.0,-0.1,SD,21441200.0,48782500.0,False,0.0,14:24:52
18800.0,500,-1150.0,-0.1,SD,21441200.0,48782300.0,False,0.0,14:24:52
18800.0,300,-1150.0,-0.1,SD,21441200.0,48781800.0,False,0.0,14:24:52
18800.0,800,-1150.0,-0.1,SD,21441200.0,48781500.0,False,0.0,14:24:52
18800.0,500,-1150.0,-0.1,SD,21441200.0,48780700.0,False,0.0,14:24:52
18800.0,1000,-1150.0,-0.1,SD,21441200.0,48780200.0,False,0.0,14:24:52
18800.0,1000,-1150.0,-0.1,SD,21441200.0,48779200.0,False,0.0,14:24:52
18800.0,100,-1150.0,-0.1,SD,21441200.0,48778200.0,False,0.0,14:24:52
18800.0,400,-1150.0,-0.1,SD,21441200.0,48778100.0,False,0.0,14:24:52
18800.0,100,-1150.0,-0.1,SD,21441200.0,48777700.0,False,0.0,14:24:52
18800.0,100,-1150.0,-0.1,SD,21441200.0,48777600.0,False,0.0,14:24:52
18800.0,500,-1150.0,-0.1,SD,21441200.0,48777500.0,False,0.0,14:24:52
18800.0,200,-1150.0,-0.1,SD,21441200.0,48777000.0,False,0.0,14:24:52
18800.0,500,-1150.0,-0.1,SD,21441200.0,48776800.0,False,0.0,14:24:52
18800.0,600,-1150.0,-0.1,SD,21441200.0,48776300.0,False,0.0,14:24:52
18800.0,200,-1150.0,-0.1,SD,21441200.0,48775700.0,False,0.0,14:24:52
18800.0,500,-1150.0,-0.1,SD,21441200.0,48775500.0,False,0.0,14:24:52
18800.0,500,-1150.0,-0.1,SD,21441200.0,48775000.0,False,0.0,14:24:52
18800.0,2000,-1150.0,-0.1,SD,21441200.0,48774500.0,False,0.0,14:24:52
18800.0,100,-1150.0,-0.1,SD,21441200.0,48772500.0,False,0.0,14:24:52
18800.0,300,-1150.0,-0.1,SD,21441200.0,48772400.0,False,0.0,14:24:52
18800.0,100,-1150.0,-0.1,SD,21441200.0,48772100.0,False,0.0,14:24:52
18800.0,2300,-1150.0,-0.1,SD,21441200.0,48772000.0,False,0.0,14:24:52
18800.0,5000,-1150.0,-0.1,SD,21441200.0,48769700.0,False,0.0,14:24:52
18800.0,300,-1150.0,-0.1,SD,21441200.0,48764700.0,False,0.0,14:24:52
18800.0,100,-1150.0,-0.1,SD,21441200.0,48764400.0,False,0.0,14:24:52
18800.0,1000,-1150.0,-0.1,SD,21441200.0,48764300.0,False,0.0,14:24:52
18800.0,300,-1150.0,-0.1,SD,21441200.0,48763300.0,False,0.0,14:24:52
18800.0,1000,-1150.0,-0.1,SD,21441200.0,48763000.0,False,0.0,14:24:52
18800.0,500,-1150.0,-0.1,SD,21441200.0,48762000.0,False,0.0,14:24:52
18800.0,200,-1150.0,-0.1,SD,21441200.0,48761500.0,False,0.0,14:24:52
18800.0,200,-1150.0,-0.1,SD,21441200.0,48761300.0,False,0.0,14:24:52
18800.0,100,-1150.0,-0.1,SD,21441200.0,48761100.0,False,0.0,14:24:51
18800.0,600,-1150.0,-0.1,SD,21441200.0,48761000.0,False,0.0,14:24:51
18800.0,200,-1150.0,-0.1,SD,21441200.0,48760400.0,False,0.0,14:24:51
18800.0,500,-1150.0,-0.1,SD,21441200.0,48760200.0,False,0.0,14:24:51
18800.0,600,-1150.0,-0.1,SD,21441200.0,48759700.0,False,0.0,14:24:51
18800.0,100,-1150.0,-0.1,SD,21441200.0,48759100.0,False,0.0,14:24:51
18800.0,500,-1150.0,-0.1,SD,21441200.0,48759000.0,False,0.0,14:24:51
18800.0,100,-1150.0,-0.1,SD,21441200.0,48758500.0,False,0.0,14:24:51
18800.0,400,-1150.0,-0.1,SD,21441200.0,48758400.0,False,0.0,14:24:51
18800.0,6900,-1150.0,-0.1,SD,21441200.0,48758000.0,False,0.0,14:24:51
18800.0,1000,-1150.0,-0.1,SD,21441200.0,48751100.0,False,0.0,14:24:51
18800.0,100,-1150.0,-0.1,SD,21441200.0,48750100.0,False,0.0,14:24:51
18800.0,3100,-1150.0,-0.1,SD,21441200.0,48750000.0,False,0.0,14:24:51
18800.0,100,-1150.0,-0.1,SD,21441200.0,48746900.0,False,0.0,14:24:51
18800.0,100,-1150.0,-0.1,SD,21441200.0,48746800.0,False,0.0,14:24:51
18800.0,600,-1150.0,-0.1,SD,21441200.0,48746700.0,False,0.0,14:24:51
18800.0,200,-1150.0,-0.1,SD,21441200.0,48746100.0,False,0.0,14:24:50
18800.0,300,-1150.0,-0.1,SD,21441200.0,48745900.0,False,0.0,14:24:50
18800.0,100,-1150.0,-0.1,SD,21441200.0,48745600.0,False,0.0,14:24:50
18800.0,700,-1150.0,-0.1,SD,21441200.0,48745500.0,False,0.0,14:24:50
18800.0,700,-1150.0,-0.1,SD,21441200.0,48744800.0,False,0.0,14:24:50
18800.0,600,-1150.0,-0.1,SD,21441200.0,48744100.0,False,0.0,14:24:50
18800.0,200,-1150.0,-0.1,SD,21441200.0,48743500.0,False,0.0,14:24:49
18800.0,500,-1150.0,-0.1,SD,21441200.0,48743300.0,False,0.0,14:24:48
18800.0,200,-1150.0,-0.1,SD,21441200.0,48742800.0,False,0.0,14:24:48
18800.0,100,-1150.0,-0.1,SD,21441200.0,48742600.0,False,0.0,14:24:48
18800.0,400,-1150.0,-0.1,SD,21441200.0,48742500.0,False,0.0,14:24:48
18800.0,100,-1150.0,-0.1,SD,21441200.0,48742100.0,False,0.0,14:24:48
18800.0,100,-1150.0,-0.1,SD,21441200.0,48742000.0,False,0.0,14:24:48
18800.0,300,-1150.0,-0.1,SD,21441200.0,48741900.0,False,0.0,14:24:48
18800.0,1200,-1150.0,-0.1,SD,21441200.0,48741600.0,False,0.0,14:24:48
18800.0,100,-1150.0,-0.1,SD,21441200.0,48740400.0,False,-50.0,14:24:48
18850.0,20000,-1100.0,-0.1,BU,21441200.0,48740300.0,True,50.0,14:24:48
18800.0,900,-1150.0,-0.1,SD,21421200.0,48740300.0,False,0.0,14:24:48
18800.0,100,-1150.0,-0.1,SD,21421200.0,48739400.0,False,0.0,14:24:48
18800.0,100,-1150.0,-0.1,SD,21421200.0,48739300.0,False,0.0,14:24:48
18800.0,100,-1150.0,-0.1,SD,21421200.0,48739200.0,False,0.0,14:24:48
18800.0,300,-1150.0,-0.1,SD,21421200.0,48739100.0,False,0.0,14:24:48
18800.0,500,-1150.0,-0.1,SD,21421200.0,48738800.0,False,0.0,14:24:48
18800.0,2500,-1150.0,-0.1,SD,21421200.0,48738300.0,False,0.0,14:24:48
18800.0,1000,-1150.0,-0.1,SD,21421200.0,48735800.0,False,0.0,14:24:48
18800.0,100,-1150.0,-0.1,SD,21421200.0,48734800.0,False,0.0,14:24:48
18800.0,1300,-1150.0,-0.1,SD,21421200.0,48734700.0,False,0.0,14:24:48
18800.0,3000,-1150.0,-0.1,SD,21421200.0,48733400.0,False,0.0,14:24:48
18800.0,400,-1150.0,-0.1,SD,21421200.0,48730400.0,False,-50.0,14:24:48
18850.0,500,-1100.0,-0.1,BU,21421200.0,48730000.0,False,50.0,14:24:48
18800.0,300,-1150.0,-0.1,SD,21420700.0,48730000.0,False,0.0,14:24:46
18800.0,5600,-1150.0,-0.1,SD,21420700.0,48729700.0,False,0.0,14:24:46
18800.0,1000,-1150.0,-0.1,SD,21420700.0,48724100.0,False,0.0,14:24:46
18800.0,500,-1150.0,-0.1,SD,21420700.0,48723100.0,False,0.0,14:24:46
18800.0,900,-1150.0,-0.1,SD,21420700.0,48722600.0,False,0.0,14:24:46
18800.0,600,-1150.0,-0.1,SD,21420700.0,48721700.0,False,0.0,14:24:44
18800.0,1000,-1150.0,-0.1,SD,21420700.0,48721100.0,False,0.0,14:24:44
18800.0,3200,-1150.0,-0.1,SD,21420700.0,48720100.0,False,0.0,14:24:44
18800.0,200,-1150.0,-0.1,SD,21420700.0,48716900.0,False,0.0,14:24:44
18800.0,1600,-1150.0,-0.1,SD,21420700.0,48716700.0,False,0.0,14:24:43
18800.0,900,-1150.0,-0.1,SD,21420700.0,48715100.0,False,-50.0,14:24:43
18850.0,1000,-1100.0,-0.1,BU,21420700.0,48714200.0,False,50.0,14:24:43
18800.0,1100,-1150.0,-0.1,SD,21419700.0,48714200.0,False,0.0,14:24:43
18800.0,600,-1150.0,-0.1,SD,21419700.0,48713100.0,False,0.0,14:24:43
18800.0,100,-1150.0,-0.1,SD,21419700.0,48712500.0,False,-50.0,14:24:43
18850.0,1000,-1100.0,-0.1,BU,21419700.0,48712400.0,False,50.0,14:24:39
18800.0,900,-1150.0,-0.1,SD,21418700.0,48712400.0,False,0.0,14:24:38
18800.0,100,-1150.0,-0.1,SD,21418700.0,48711500.0,False,-50.0,14:24:38
18850.0,100,-1100.0,-0.1,BU,21418700.0,48711400.0,False,50.0,14:24:37
18800.0,400,-1150.0,-0.1,SD,21418600.0,48711400.0,False,0.0,14:24:36
18800.0,500,-1150.0,-0.1,SD,21418600.0,48711000.0,False,0.0,14:24:36
18800.0,1600,-1150.0,-0.1,SD,21418600.0,48710500.0,False,0.0,14:24:35
18800.0,100,-1150.0,-0.1,SD,21418600.0,48708900.0,False,0.0,14:24:35
18800.0,1000,-1150.0,-0.1,SD,21418600.0,48708800.0,False,0.0,14:24:35
18800.0,1000,-1150.0,-0.1,SD,21418600.0,48707800.0,False,0.0,14:24:35
18800.0,500,-1150.0,-0.1,SD,21418600.0,48706800.0,False,0.0,14:24:35
18800.0,500,-1150.0,-0.1,SD,21418600.0,48706300.0,False,0.0,14:24:35
18800.0,5300,-1150.0,-0.1,SD,21418600.0,48705800.0,False,0.0,14:24:35
18800.0,100,-1150.0,-0.1,SD,21418600.0,48700500.0,False,0.0,14:24:35
18800.0,4500,-1150.0,-0.1,SD,21418600.0,48700400.0,False,0.0,14:24:33
18800.0,100,-1150.0,-0.1,SD,21418600.0,48695900.0,False,0.0,14:24:33
18800.0,4900,-1150.0,-0.1,SD,21418600.0,48695800.0,False,0.0,14:24:33
18800.0,1000,-1150.0,-0.1,SD,21418600.0,48690900.0,False,-50.0,14:24:31
18850.0,1000,-1100.0,-0.1,BU,21418600.0,48689900.0,False,0.0,14:24:30
18850.0,1000,-1100.0,-0.1,BU,21417600.0,48689900.0,False,50.0,14:24:30
18800.0,100,-1150.0,-0.1,SD,21416600.0,48689900.0,False,0.0,14:24:29
18800.0,3000,-1150.0,-0.1,SD,21416600.0,48689800.0,False,0.0,14:24:29
18800.0,400,-1150.0,-0.1,SD,21416600.0,48686800.0,False,0.0,14:24:29
18800.0,1500,-1150.0,-0.1,SD,21416600.0,48686400.0,False,0.0,14:24:29
18800.0,100,-1150.0,-0.1,SD,21416600.0,48684900.0,False,0.0,14:24:29
18800.0,200,-1150.0,-0.1,SD,21416600.0,48684800.0,False,0.0,14:24:29
18800.0,1000,-1150.0,-0.1,SD,21416600.0,48684600.0,False,0.0,14:24:29
18800.0,100,-1150.0,-0.1,SD,21416600.0,48683600.0,False,0.0,14:24:29
18800.0,1400,-1150.0,-0.1,SD,21416600.0,48683500.0,False,0.0,14:24:29
18800.0,1200,-1150.0,-0.1,SD,21416600.0,48682100.0,False,0.0,14:24:29
18800.0,500,-1150.0,-0.1,SD,21416600.0,48680900.0,False,-50.0,14:24:29
18850.0,5000,-1100.0,-0.1,BU,21416600.0,48680400.0,False,50.0,14:24:29
18800.0,300,-1150.0,-0.1,SD,21411600.0,48680400.0,False,0.0,14:24:28
18800.0,300,-1150.0,-0.1,SD,21411600.0,48680100.0,False,0.0,14:24:28
18800.0,1000,-1150.0,-0.1,SD,21411600.0,48679800.0,False,0.0,14:24:28
18800.0,400,-1150.0,-0.1,SD,21411600.0,48678800.0,False,0.0,14:24:28
18800.0,1800,-1150.0,-0.1,SD,21411600.0,48678400.0,False,0.0,14:24:27
18800.0,500,-1150.0,-0.1,SD,21411600.0,48676600.0,False,0.0,14:24:27
18800.0,600,-1150.0,-0.1,SD,21411600.0,48676100.0,False,0.0,14:24:27
18800.0,100,-1150.0,-0.1,SD,21411600.0,48675500.0,False,0.0,14:24:27
18800.0,1000,-1150.0,-0.1,SD,21411600.0,48675400.0,False,0.0,14:24:27
18800.0,300,-1150.0,-0.1,SD,21411600.0,48674400.0,False,0.0,14:24:27
18800.0,5000,-1150.0,-0.1,SD,21411600.0,48674100.0,False,0.0,14:24:27
18800.0,5000,-1150.0,-0.1,SD,21411600.0,48669100.0,False,0.0,14:24:26
18800.0,8400,-1150.0,-0.1,SD,21411600.0,48664100.0,False,0.0,14:24:24
18800.0,200,-1150.0,-0.1,SD,21411600.0,48655700.0,False,0.0,14:24:24
18800.0,200,-1150.0,-0.1,SD,21411600.0,48655500.0,False,0.0,14:24:24
18800.0,200,-1150.0,-0.1,SD,21411600.0,48655300.0,False,0.0,14:24:24
18800.0,200,-1150.0,-0.1,SD,21411600.0,48655100.0,False,0.0,14:24:24
18800.0,800,-1150.0,-0.1,SD,21411600.0,48654900.0,False,0.0,14:24:24
18800.0,300,-1150.0,-0.1,SD,21411600.0,48654100.0,False,0.0,14:24:24
18800.0,1000,-1150.0,-0.1,SD,21411600.0,48653800.0,False,0.0,14:24:22
18800.0,5000,-1150.0,-0.1,SD,21411600.0,48652800.0,False,0.0,14:24:22
18800.0,2900,-1150.0,-0.1,SD,21411600.0,48647800.0,False,0.0,14:24:22
18800.0,200,-1150.0,-0.1,SD,21411600.0,48644900.0,False,0.0,14:24:22
18800.0,900,-1150.0,-0.1,SD,21411600.0,48644700.0,False,0.0,14:24:22
18800.0,5000,-1150.0,-0.1,SD,21411600.0,48643800.0,False,0.0,14:24:21
18800.0,5000,-1150.0,-0.1,SD,21411600.0,48638800.0,False,0.0,14:24:21
18800.0,100,-1150.0,-0.1,SD,21411600.0,48633800.0,False,0.0,14:24:21
18800.0,1000,-1150.0,-0.1,SD,21411600.0,48633700.0,False,0.0,14:24:21
18800.0,100,-1150.0,-0.1,SD,21411600.0,48632700.0,False,0.0,14:24:21
18800.0,100,-1150.0,-0.1,SD,21411600.0,48632600.0,False,0.0,14:24:21
18800.0,200,-1150.0,-0.1,SD,21411600.0,48632500.0,False,0.0,14:24:21
18800.0,100,-1150.0,-0.1,SD,21411600.0,48632300.0,False,0.0,14:24:21
18800.0,5000,-1150.0,-0.1,SD,21411600.0,48632200.0,False,0.0,14:24:21
18800.0,100,-1150.0,-0.1,SD,21411600.0,48627200.0,False,0.0,14:24:21
18800.0,100,-1150.0,-0.1,SD,21411600.0,48627100.0,False,0.0,14:24:21
18800.0,1000,-1150.0,-0.1,SD,21411600.0,48627000.0,False,0.0,14:24:21
18800.0,500,-1150.0,-0.1,SD,21411600.0,48626000.0,False,0.0,14:24:21
18800.0,1000,-1150.0,-0.1,SD,21411600.0,48625500.0,False,0.0,14:24:21
18800.0,200,-1150.0,-0.1,SD,21411600.0,48624500.0,False,0.0,14:24:21
18800.0,100,-1150.0,-0.1,SD,21411600.0,48624300.0,False,0.0,14:24:21
18800.0,100,-1150.0,-0.1,SD,21411600.0,48624200.0,False,0.0,14:24:21
18800.0,1900,-1150.0,-0.1,SD,21411600.0,48624100.0,False,0.0,14:24:21
18800.0,200,-1150.0,-0.1,SD,21411600.0,48622200.0,False,0.0,14:24:21
18800.0,1000,-1150.0,-0.1,SD,21411600.0,48622000.0,False,0.0,14:24:21
18800.0,300,-1150.0,-0.1,SD,21411600.0,48621000.0,False,0.0,14:24:21
18800.0,500,-1150.0,-0.1,SD,21411600.0,48620700.0,False,0.0,14:24:21
18800.0,500,-1150.0,-0.1,SD,21411600.0,48620200.0,False,0.0,14:24:21
18800.0,1000,-1150.0,-0.1,SD,21411600.0,48619700.0,False,0.0,14:24:21
18800.0,400,-1150.0,-0.1,SD,21411600.0,48618700.0,False,0.0,14:24:21
18800.0,5000,-1150.0,-0.1,SD,21411600.0,48618300.0,False,0.0,14:24:21
18800.0,2000,-1150.0,-0.1,SD,21411600.0,48613300.0,False,0.0,14:24:21
18800.0,500,-1150.0,-0.1,SD,21411600.0,48611300.0,False,0.0,14:24:21
18800.0,200,-1150.0,-0.1,SD,21411600.0,48610800.0,False,0.0,14:24:21
18800.0,200,-1150.0,-0.1,SD,21411600.0,48610600.0,False,0.0,14:24:21
18800.0,1000,-1150.0,-0.1,SD,21411600.0,48610400.0,False,0.0,14:24:21
18800.0,1000,-1150.0,-0.1,SD,21411600.0,48609400.0,False,0.0,14:24:21
18800.0,200,-1150.0,-0.1,SD,21411600.0,48608400.0,False,0.0,14:24:21
18800.0,1000,-1150.0,-0.1,SD,21411600.0,48608200.0,False,0.0,14:24:21
18800.0,300,-1150.0,-0.1,SD,21411600.0,48607200.0,False,0.0,14:24:21
18800.0,200,-1150.0,-0.1,SD,21411600.0,48606900.0,False,0.0,14:24:21
18800.0,500,-1150.0,-0.1,SD,21411600.0,48606700.0,False,0.0,14:24:21
18800.0,200,-1150.0,-0.1,SD,21411600.0,48606200.0,False,0.0,14:24:21
18800.0,1000,-1150.0,-0.1,SD,21411600.0,48606000.0,False,0.0,14:24:21
18800.0,1000,-1150.0,-0.1,SD,21411600.0,48605000.0,False,0.0,14:24:21
18800.0,1000,-1150.0,-0.1,SD,21411600.0,48604000.0,False,0.0,14:24:21
18800.0,500,-1150.0,-0.1,SD,21411600.0,48603000.0,False,0.0,14:24:21
18800.0,10000,-1150.0,-0.1,SD,21411600.0,48602500.0,False,0.0,14:24:21
18800.0,1000,-1150.0,-0.1,SD,21411600.0,48592500.0,False,0.0,14:24:21
18800.0,1000,-1150.0,-0.1,SD,21411600.0,48591500.0,False,0.0,14:24:21
18800.0,1800,-1150.0,-0.1,SD,21411600.0,48590500.0,False,0.0,14:24:21
18800.0,100,-1150.0,-0.1,SD,21411600.0,48588700.0,False,0.0,14:24:21
18800.0,100,-1150.0,-0.1,SD,21411600.0,48588600.0,False,0.0,14:24:21
18800.0,800,-1150.0,-0.1,SD,21411600.0,48588500.0,False,0.0,14:24:21
18800.0,100,-1150.0,-0.1,SD,21411600.0,48587700.0,False,0.0,14:24:21
18800.0,100,-1150.0,-0.1,SD,21411600.0,48587600.0,False,0.0,14:24:21
18800.0,500,-1150.0,-0.1,SD,21411600.0,48587500.0,False,0.0,14:24:21
18800.0,100,-1150.0,-0.1,SD,21411600.0,48587000.0,False,0.0,14:24:21
18800.0,100,-1150.0,-0.1,SD,21411600.0,48586900.0,False,0.0,14:24:21
18800.0,200,-1150.0,-0.1,SD,21411600.0,48586800.0,False,0.0,14:24:21
18800.0,7000,-1150.0,-0.1,SD,21411600.0,48586600.0,False,0.0,14:24:21
18800.0,500,-1150.0,-0.1,SD,21411600.0,48579600.0,False,0.0,14:24:21
18800.0,100,-1150.0,-0.1,SD,21411600.0,48579100.0,False,0.0,14:24:21
18800.0,5000,-1150.0,-0.1,SD,21411600.0,48579000.0,False,0.0,14:24:21
18800.0,100,-1150.0,-0.1,SD,21411600.0,48574000.0,False,0.0,14:24:21
18800.0,100,-1150.0,-0.1,SD,21411600.0,48573900.0,False,0.0,14:24:21
18800.0,100,-1150.0,-0.1,SD,21411600.0,48573800.0,False,-50.0,14:24:20
18850.0,900,-1100.0,-0.1,BU,21411600.0,48573700.0,False,50.0,14:24:19
18800.0,700,-1150.0,-0.1,SD,21410700.0,48573700.0,False,0.0,14:24:19
18800.0,200,-1150.0,-0.1,SD,21410700.0,48573000.0,False,0.0,14:24:19
18800.0,100,-1150.0,-0.1,SD,21410700.0,48572800.0,False,0.0,14:24:19
18800.0,500,-1150.0,-0.1,SD,21410700.0,48572700.0,False,0.0,14:24:19
18800.0,100,-1150.0,-0.1,SD,21410700.0,48572200.0,False,0.0,14:24:19
18800.0,500,-1150.0,-0.1,SD,21410700.0,48572100.0,False,0.0,14:24:19
18800.0,500,-1150.0,-0.1,SD,21410700.0,48571600.0,False,0.0,14:24:19
18800.0,100,-1150.0,-0.1,SD,21410700.0,48571100.0,False,0.0,14:24:19
18800.0,200,-1150.0,-0.1,SD,21410700.0,48571000.0,False,0.0,14:24:19
18800.0,5000,-1150.0,-0.1,SD,21410700.0,48570800.0,False,0.0,14:24:19
18800.0,500,-1150.0,-0.1,SD,21410700.0,48565800.0,False,0.0,14:24:19
18800.0,500,-1150.0,-0.1,SD,21410700.0,48565300.0,False,0.0,14:24:19
18800.0,1000,-1150.0,-0.1,SD,21410700.0,48564800.0,False,0.0,14:24:19
18800.0,700,-1150.0,-0.1,SD,21410700.0,48563800.0,False,0.0,14:24:19
18800.0,3200,-1150.0,-0.1,SD,21410700.0,48563100.0,False,0.0,14:24:19
18800.0,100,-1150.0,-0.1,SD,21410700.0,48559900.0,False,0.0,14:24:19
18800.0,2000,-1150.0,-0.1,SD,21410700.0,48559800.0,False,0.0,14:24:19
18800.0,100,-1150.0,-0.1,SD,21410700.0,48557800.0,False,0.0,14:24:19
18800.0,100,-1150.0,-0.1,SD,21410700.0,48557700.0,False,0.0,14:24:19
18800.0,300,-1150.0,-0.1,SD,21410700.0,48557600.0,False,0.0,14:24:19
18800.0,10000,-1150.0,-0.1,SD,21410700.0,48557300.0,False,0.0,14:24:19
18800.0,100,-1150.0,-0.1,SD,21410700.0,48547300.0,False,0.0,14:24:19
18800.0,200,-1150.0,-0.1,SD,21410700.0,48547200.0,False,0.0,14:24:19
18800.0,1000,-1150.0,-0.1,SD,21410700.0,48547000.0,False,0.0,14:24:19
18800.0,100,-1150.0,-0.1,SD,21410700.0,48546000.0,False,0.0,14:24:19
18800.0,400,-1150.0,-0.1,SD,21410700.0,48545900.0,False,0.0,14:24:19
18800.0,500,-1150.0,-0.1,SD,21410700.0,48545500.0,False,0.0,14:24:19
18800.0,1000,-1150.0,-0.1,SD,21410700.0,48545000.0,False,0.0,14:24:19
18800.0,1500,-1150.0,-0.1,SD,21410700.0,48544000.0,False,0.0,14:24:19
18800.0,100,-1150.0,-0.1,SD,21410700.0,48542500.0,False,0.0,14:24:19
18800.0,400,-1150.0,-0.1,SD,21410700.0,48542400.0,False,0.0,14:24:19
18800.0,1000,-1150.0,-0.1,SD,21410700.0,48542000.0,False,0.0,14:24:19
18800.0,4400,-1150.0,-0.1,SD,21410700.0,48541000.0,False,0.0,14:24:19
18800.0,200,-1150.0,-0.1,SD,21410700.0,48536600.0,False,0.0,14:24:19
18800.0,300,-1150.0,-0.1,SD,21410700.0,48536400.0,False,0.0,14:24:19
18800.0,100,-1150.0,-0.1,SD,21410700.0,48536100.0,False,0.0,14:24:19
18800.0,100,-1150.0,-0.1,SD,21410700.0,48536000.0,False,0.0,14:24:19
18800.0,10000,-1150.0,-0.1,SD,21410700.0,48535900.0,False,0.0,14:24:19
18800.0,500,-1150.0,-0.1,SD,21410700.0,48525900.0,False,0.0,14:24:19
18800.0,100,-1150.0,-0.1,SD,21410700.0,48525400.0,False,0.0,14:24:19
18800.0,600,-1150.0,-0.1,SD,21410700.0,48525300.0,False,0.0,14:24:19
18800.0,100,-1150.0,-0.1,SD,21410700.0,48524700.0,False,0.0,14:24:19
18800.0,100,-1150.0,-0.1,SD,21410700.0,48524600.0,False,0.0,14:24:19
18800.0,100,-1150.0,-0.1,SD,21410700.0,48524500.0,False,0.0,14:24:19
18800.0,2000,-1150.0,-0.1,SD,21410700.0,48524400.0,False,0.0,14:24:19
18800.0,3000,-1150.0,-0.1,SD,21410700.0,48522400.0,False,0.0,14:24:19
18800.0,1000,-1150.0,-0.1,SD,21410700.0,48519400.0,False,0.0,14:24:19
18800.0,100,-1150.0,-0.1,SD,21410700.0,48518400.0,False,0.0,14:24:19
18800.0,1000,-1150.0,-0.1,SD,21410700.0,48518300.0,False,0.0,14:24:19
18800.0,5000,-1150.0,-0.1,SD,21410700.0,48517300.0,False,0.0,14:24:19
18800.0,500,-1150.0,-0.1,SD,21410700.0,48512300.0,False,0.0,14:24:19
18800.0,100,-1150.0,-0.1,SD,21410700.0,48511800.0,False,0.0,14:24:19
18800.0,500,-1150.0,-0.1,SD,21410700.0,48511700.0,False,0.0,14:24:19
18800.0,100,-1150.0,-0.1,SD,21410700.0,48511200.0,False,0.0,14:24:19
18800.0,1000,-1150.0,-0.1,SD,21410700.0,48511100.0,False,0.0,14:24:19
18800.0,500,-1150.0,-0.1,SD,21410700.0,48510100.0,False,0.0,14:24:19
18800.0,1000,-1150.0,-0.1,SD,21410700.0,48509600.0,False,0.0,14:24:19
18800.0,200,-1150.0,-0.1,SD,21410700.0,48508600.0,False,0.0,14:24:19
18800.0,200,-1150.0,-0.1,SD,21410700.0,48508400.0,False,0.0,14:24:19
18800.0,100,-1150.0,-0.1,SD,21410700.0,48508200.0,False,0.0,14:24:19
18800.0,700,-1150.0,-0.1,SD,21410700.0,48508100.0,False,0.0,14:24:19
18800.0,600,-1150.0,-0.1,SD,21410700.0,48507400.0,False,0.0,14:24:19
18800.0,500,-1150.0,-0.1,SD,21410700.0,48506800.0,False,0.0,14:24:19
18800.0,1000,-1150.0,-0.1,SD,21410700.0,48506300.0,False,0.0,14:24:19
18800.0,100,-1150.0,-0.1,SD,21410700.0,48505300.0,False,0.0,14:24:19
18800.0,1000,-1150.0,-0.1,SD,21410700.0,48505200.0,False,0.0,14:24:19
18800.0,100,-1150.0,-0.1,SD,21410700.0,48504200.0,False,0.0,14:24:19
18800.0,600,-1150.0,-0.1,SD,21410700.0,48504100.0,False,0.0,14:24:19
18800.0,100,-1150.0,-0.1,SD,21410700.0,48503500.0,False,0.0,14:24:19
18800.0,1000,-1150.0,-0.1,SD,21410700.0,48503400.0,False,0.0,14:24:19
18800.0,1000,-1150.0,-0.1,SD,21410700.0,48502400.0,False,0.0,14:24:19
18800.0,400,-1150.0,-0.1,SD,21410700.0,48501400.0,False,0.0,14:24:19
18800.0,100,-1150.0,-0.1,SD,21410700.0,48501000.0,False,0.0,14:24:19
18800.0,200,-1150.0,-0.1,SD,21410700.0,48500900.0,False,0.0,14:24:19
18800.0,100,-1150.0,-0.1,SD,21410700.0,48500700.0,False,0.0,14:24:19
18800.0,5000,-1150.0,-0.1,SD,21410700.0,48500600.0,False,0.0,14:24:19
18800.0,500,-1150.0,-0.1,SD,21410700.0,48495600.0,False,0.0,14:24:19
18800.0,500,-1150.0,-0.1,SD,21410700.0,48495100.0,False,0.0,14:24:19
18800.0,500,-1150.0,-0.1,SD,21410700.0,48494600.0,False,0.0,14:24:19
18800.0,1000,-1150.0,-0.1,SD,21410700.0,48494100.0,False,0.0,14:24:19
18800.0,100,-1150.0,-0.1,SD,21410700.0,48493100.0,False,0.0,14:24:19
18800.0,200,-1150.0,-0.1,SD,21410700.0,48493000.0,False,0.0,14:24:19
18800.0,100,-1150.0,-0.1,SD,21410700.0,48492800.0,False,0.0,14:24:19
18800.0,400,-1150.0,-0.1,SD,21410700.0,48492700.0,False,0.0,14:24:19
18800.0,1000,-1150.0,-0.1,SD,21410700.0,48492300.0,False,0.0,14:24:19
18800.0,1000,-1150.0,-0.1,SD,21410700.0,48491300.0,False,0.0,14:24:19
18800.0,300,-1150.0,-0.1,SD,21410700.0,48490300.0,False,0.0,14:24:19
18800.0,100,-1150.0,-0.1,SD,21410700.0,48490000.0,False,0.0,14:24:19
18800.0,200,-1150.0,-0.1,SD,21410700.0,48489900.0,False,0.0,14:24:19
18800.0,500,-1150.0,-0.1,SD,21410700.0,48489700.0,False,0.0,14:24:19
18800.0,500,-1150.0,-0.1,SD,21410700.0,48489200.0,False,0.0,14:24:19
18800.0,100,-1150.0,-0.1,SD,21410700.0,48488700.0,False,0.0,14:24:19
18800.0,100,-1150.0,-0.1,SD,21410700.0,48488600.0,False,0.0,14:24:19
18800.0,10000,-1150.0,-0.1,SD,21410700.0,48488500.0,False,0.0,14:24:19
18800.0,1000,-1150.0,-0.1,SD,21410700.0,48478500.0,False,0.0,14:24:19
18800.0,1000,-1150.0,-0.1,SD,21410700.0,48477500.0,False,0.0,14:24:19
18800.0,3800,-1150.0,-0.1,SD,21410700.0,48476500.0,False,0.0,14:24:19
18800.0,1200,-1150.0,-0.1,SD,21410700.0,48472700.0,False,0.0,14:24:19
18800.0,800,-1150.0,-0.1,SD,21410700.0,48471500.0,False,-50.0,14:24:19
18850.0,4200,-1100.0,-0.1,BU,21410700.0,48470700.0,False,0.0,14:24:18
18850.0,1000,-1100.0,-0.1,BU,21406500.0,48470700.0,False,0.0,14:24:18
18850.0,900,-1100.0,-0.1,BU,21405500.0,48470700.0,False,0.0,14:24:18
18850.0,3200,-1100.0,-0.1,BU,21404600.0,48470700.0,False,0.0,14:24:18
18850.0,700,-1100.0,-0.1,BU,21401400.0,48470700.0,False,0.0,14:24:18
18850.0,6100,-1100.0,-0.1,BU,21400700.0,48470700.0,False,0.0,14:24:18
18850.0,1200,-1100.0,-0.1,BU,21394600.0,48470700.0,False,0.0,14:24:17
18850.0,3300,-1100.0,-0.1,BU,21393400.0,48470700.0,False,50.0,14:24:17
18800.0,200,-1150.0,-0.1,SD,21390100.0,48470700.0,False,0.0,14:24:15
18800.0,500,-1150.0,-0.1,SD,21390100.0,48470500.0,False,0.0,14:24:15
18800.0,500,-1150.0,-0.1,SD,21390100.0,48470000.0,False,0.0,14:24:15
18800.0,1000,-1150.0,-0.1,SD,21390100.0,48469500.0,False,0.0,14:24:15
18800.0,2800,-1150.0,-0.1,SD,21390100.0,48468500.0,False,-50.0,14:24:15
18850.0,100,-1100.0,-0.1,BU,21390100.0,48465700.0,False,0.0,14:24:14
18850.0,1600,-1100.0,-0.1,BU,21390000.0,48465700.0,False,0.0,14:24:13
18850.0,1400,-1100.0,-0.1,BU,21388400.0,48465700.0,False,50.0,14:24:13
18800.0,2800,-1150.0,-0.1,SD,21387000.0,48465700.0,False,0.0,14:24:13
18800.0,1000,-1150.0,-0.1,SD,21387000.0,48462900.0,False,-50.0,14:24:12
18850.0,200,-1100.0,-0.1,BU,21387000.0,48461900.0,False,0.0,14:24:11
18850.0,300,-1100.0,-0.1,BU,21386800.0,48461900.0,False,0.0,14:24:11
18850.0,1000,-1100.0,-0.1,BU,21386500.0,48461900.0,False,50.0,14:24:10
18800.0,200,-1150.0,-0.1,SD,21385500.0,48461900.0,False,0.0,14:24:09
18800.0,1100,-1150.0,-0.1,SD,21385500.0,48461700.0,False,0.0,14:24:07
18800.0,3000,-1150.0,-0.1,SD,21385500.0,48460600.0,False,0.0,14:24:07
18800.0,1000,-1150.0,-0.1,SD,21385500.0,48457600.0,False,0.0,14:24:07
18800.0,300,-1150.0,-0.1,SD,21385500.0,48456600.0,False,-50.0,14:24:07
18850.0,100,-1100.0,-0.1,BU,21385500.0,48456300.0,False,0.0,14:24:07
18850.0,100,-1100.0,-0.1,BU,21385400.0,48456300.0,False,0.0,14:24:06
18850.0,500,-1100.0,-0.1,BU,21385300.0,48456300.0,False,0.0,14:24:04
18850.0,3000,-1100.0,-0.1,BU,21384800.0,48456300.0,False,0.0,14:24:03
18850.0,20000,-1100.0,-0.1,BU,21381800.0,48456300.0,True,50.0,14:24:02
18800.0,200,-1150.0,-0.1,SD,21361800.0,48456300.0,False,0.0,14:24:01
18800.0,2000,-1150.0,-0.1,SD,21361800.0,48456100.0,False,0.0,14:24:01
18800.0,200,-1150.0,-0.1,SD,21361800.0,48454100.0,False,0.0,14:24:01
18800.0,100,-1150.0,-0.1,SD,21361800.0,48453900.0,False,0.0,14:24:01
18800.0,200,-1150.0,-0.1,SD,21361800.0,48453800.0,False,0.0,14:24:01
18800.0,5000,-1150.0,-0.1,SD,21361800.0,48453600.0,False,0.0,14:24:01
18800.0,100,-1150.0,-0.1,SD,21361800.0,48448600.0,False,0.0,14:24:01
18800.0,2000,-1150.0,-0.1,SD,21361800.0,48448500.0,False,0.0,14:24:01
18800.0,1300,-1150.0,-0.1,SD,21361800.0,48446500.0,False,0.0,14:24:01
18800.0,1000,-1150.0,-0.1,SD,21361800.0,48445200.0,False,0.0,14:24:01
18800.0,100,-1150.0,-0.1,SD,21361800.0,48444200.0,False,0.0,14:24:01
18800.0,500,-1150.0,-0.1,SD,21361800.0,48444100.0,False,0.0,14:24:01
18800.0,1000,-1150.0,-0.1,SD,21361800.0,48443600.0,False,0.0,14:24:01
18800.0,900,-1150.0,-0.1,SD,21361800.0,48442600.0,False,-50.0,14:24:01
18850.0,1000,-1100.0,-0.1,BU,21361800.0,48441700.0,False,0.0,14:24:01
18850.0,1400,-1100.0,-0.1,BU,21360800.0,48441700.0,False,0.0,14:24:00
18850.0,2400,-1100.0,-0.1,BU,21359400.0,48441700.0,False,0.0,14:24:00
18850.0,1500,-1100.0,-0.1,BU,21357000.0,48441700.0,False,0.0,14:23:59
18850.0,4000,-1100.0,-0.1,BU,21355500.0,48441700.0,False,0.0,14:23:59
18850.0,100,-1100.0,-0.1,BU,21351500.0,48441700.0,False,0.0,14:23:58
18850.0,1900,-1100.0,-0.1,BU,21351400.0,48441700.0,False,0.0,14:23:58
18850.0,500,-1100.0,-0.1,BU,21349500.0,48441700.0,False,0.0,14:23:58
18850.0,1300,-1100.0,-0.1,SD,21349000.0,48441700.0,False,0.0,14:23:57
18850.0,100,-1100.0,-0.1,SD,21349000.0,48440400.0,False,0.0,14:23:57
18850.0,300,-1100.0,-0.1,SD,21349000.0,48440300.0,False,0.0,14:23:57
18850.0,200,-1100.0,-0.1,SD,21349000.0,48440000.0,False,0.0,14:23:57
18850.0,100,-1100.0,-0.1,SD,21349000.0,48439800.0,False,0.0,14:23:57
18850.0,1000,-1100.0,-0.1,SD,21349000.0,48439700.0,False,0.0,14:23:57
18850.0,200,-1100.0,-0.1,SD,21349000.0,48438700.0,False,0.0,14:23:57
18850.0,500,-1100.0,-0.1,SD,21349000.0,48438500.0,False,0.0,14:23:57
18850.0,500,-1100.0,-0.1,SD,21349000.0,48438000.0,False,0.0,14:23:57
18850.0,600,-1100.0,-0.1,SD,21349000.0,48437500.0,False,0.0,14:23:57
18850.0,1000,-1100.0,-0.1,SD,21349000.0,48436900.0,False,0.0,14:23:57
18850.0,400,-1100.0,-0.1,SD,21349000.0,48435900.0,False,0.0,14:23:57
18850.0,1000,-1100.0,-0.1,SD,21349000.0,48435500.0,False,0.0,14:23:57
18850.0,200,-1100.0,-0.1,SD,21349000.0,48434500.0,False,0.0,14:23:57
18850.0,400,-1100.0,-0.1,SD,21349000.0,48434300.0,False,0.0,14:23:57
18850.0,300,-1100.0,-0.1,SD,21349000.0,48433900.0,False,0.0,14:23:57
18850.0,3000,-1100.0,-0.1,SD,21349000.0,48433600.0,False,0.0,14:23:57
18850.0,100,-1100.0,-0.1,SD,21349000.0,48430600.0,False,0.0,14:23:57
18850.0,300,-1100.0,-0.1,SD,21349000.0,48430500.0,False,0.0,14:23:57
18850.0,500,-1100.0,-0.1,SD,21349000.0,48430200.0,False,0.0,14:23:57
18850.0,300,-1100.0,-0.1,SD,21349000.0,48429700.0,False,0.0,14:23:57
18850.0,1000,-1100.0,-0.1,SD,21349000.0,48429400.0,False,0.0,14:23:57
18850.0,500,-1100.0,-0.1,SD,21349000.0,48428400.0,False,0.0,14:23:57
18850.0,500,-1100.0,-0.1,SD,21349000.0,48427900.0,False,0.0,14:23:57
18850.0,2000,-1100.0,-0.1,SD,21349000.0,48427400.0,False,0.0,14:23:57
18850.0,300,-1100.0,-0.1,SD,21349000.0,48425400.0,False,0.0,14:23:57
18850.0,100,-1100.0,-0.1,SD,21349000.0,48425100.0,False,0.0,14:23:57
18850.0,1000,-1100.0,-0.1,SD,21349000.0,48425000.0,False,0.0,14:23:57
18850.0,300,-1100.0,-0.1,SD,21349000.0,48424000.0,False,0.0,14:23:57
18850.0,200,-1100.0,-0.1,SD,21349000.0,48423700.0,False,0.0,14:23:57
18850.0,1500,-1100.0,-0.1,SD,21349000.0,48423500.0,False,0.0,14:23:57
18850.0,100,-1100.0,-0.1,SD,21349000.0,48422000.0,False,0.0,14:23:57
18850.0,27800,-1100.0,-0.1,SD,21349000.0,48421900.0,True,0.0,14:23:57
18850.0,5000,-1100.0,-0.1,SD,21349000.0,48394100.0,False,0.0,14:23:57
18850.0,10000,-1100.0,-0.1,SD,21349000.0,48389100.0,False,0.0,14:23:57
18850.0,1000,-1100.0,-0.1,SD,21349000.0,48379100.0,False,-50.0,14:23:56
18900.0,200,-1050.0,-0.1,BU,21349000.0,48378100.0,False,50.0,14:23:56
18850.0,1000,-1100.0,-0.1,SD,21348800.0,48378100.0,False,0.0,14:23:56
18850.0,2000,-1100.0,-0.1,SD,21348800.0,48377100.0,False,0.0,14:23:54
18850.0,200,-1100.0,-0.1,SD,21348800.0,48375100.0,False,0.0,14:23:54
18850.0,2800,-1100.0,-0.1,SD,21348800.0,48374900.0,False,0.0,14:23:54
18850.0,16200,-1100.0,-0.1,SD,21348800.0,48372100.0,True,0.0,14:23:53
18850.0,100,-1100.0,-0.1,SD,21348800.0,48355900.0,False,0.0,14:23:53
18850.0,800,-1100.0,-0.1,SD,21348800.0,48355800.0,False,0.0,14:23:53
18850.0,100,-1100.0,-0.1,SD,21348800.0,48355000.0,False,0.0,14:23:53
18850.0,100,-1100.0,-0.1,SD,21348800.0,48354900.0,False,0.0,14:23:53
18850.0,100,-1100.0,-0.1,SD,21348800.0,48354800.0,False,0.0,14:23:53
18850.0,100,-1100.0,-0.1,SD,21348800.0,48354700.0,False,0.0,14:23:53
18850.0,1000,-1100.0,-0.1,SD,21348800.0,48354600.0,False,0.0,14:23:53
18850.0,2000,-1100.0,-0.1,SD,21348800.0,48353600.0,False,0.0,14:23:53
18850.0,500,-1100.0,-0.1,SD,21348800.0,48351600.0,False,0.0,14:23:53
18850.0,100,-1100.0,-0.1,SD,21348800.0,48351100.0,False,0.0,14:23:53
18850.0,100,-1100.0,-0.1,SD,21348800.0,48351000.0,False,0.0,14:23:53
18850.0,100,-1100.0,-0.1,SD,21348800.0,48350900.0,False,0.0,14:23:53
18850.0,500,-1100.0,-0.1,SD,21348800.0,48350800.0,False,0.0,14:23:53
18850.0,100,-1100.0,-0.1,SD,21348800.0,48350300.0,False,0.0,14:23:53
18850.0,10000,-1100.0,-0.1,SD,21348800.0,48350200.0,False,0.0,14:23:53
18850.0,1000,-1100.0,-0.1,SD,21348800.0,48340200.0,False,0.0,14:23:53
18850.0,100,-1100.0,-0.1,SD,21348800.0,48339200.0,False,0.0,14:23:53
18850.0,1000,-1100.0,-0.1,SD,21348800.0,48339100.0,False,0.0,14:23:53
18850.0,1100,-1100.0,-0.1,SD,21348800.0,48338100.0,False,0.0,14:23:53
18850.0,200,-1100.0,-0.1,SD,21348800.0,48337000.0,False,0.0,14:23:53
18850.0,500,-1100.0,-0.1,SD,21348800.0,48336800.0,False,0.0,14:23:53
18850.0,800,-1100.0,-0.1,SD,21348800.0,48336300.0,False,0.0,14:23:53
18850.0,10000,-1100.0,-0.1,SD,21348800.0,48335500.0,False,0.0,14:23:53
18850.0,200,-1100.0,-0.1,SD,21348800.0,48325500.0,False,0.0,14:23:53
18850.0,500,-1100.0,-0.1,SD,21348800.0,48325300.0,False,0.0,14:23:53
18850.0,200,-1100.0,-0.1,SD,21348800.0,48324800.0,False,0.0,14:23:53
18850.0,500,-1100.0,-0.1,SD,21348800.0,48324600.0,False,0.0,14:23:53
18850.0,500,-1100.0,-0.1,SD,21348800.0,48324100.0,False,0.0,14:23:53
18850.0,600,-1100.0,-0.1,SD,21348800.0,48323600.0,False,0.0,14:23:53
18850.0,1000,-1100.0,-0.1,SD,21348800.0,48323000.0,False,0.0,14:23:53
18850.0,900,-1100.0,-0.1,SD,21348800.0,48322000.0,False,0.0,14:23:53
18850.0,100,-1100.0,-0.1,SD,21348800.0,48321100.0,False,0.0,14:23:53
18850.0,1200,-1100.0,-0.1,SD,21348800.0,48321000.0,False,0.0,14:23:53
18850.0,700,-1100.0,-0.1,SD,21348800.0,48319800.0,False,0.0,14:23:53
18850.0,47000,-1100.0,-0.1,SD,21348800.0,48319100.0,True,0.0,14:23:53
18850.0,100,-1100.0,-0.1,SD,21348800.0,48272100.0,False,0.0,14:23:53
18850.0,400,-1100.0,-0.1,SD,21348800.0,48272000.0,False,-50.0,14:23:52
18900.0,200,-1050.0,-0.1,BU,21348800.0,48271600.0,False,0.0,14:23:50
18900.0,100,-1050.0,-0.1,BU,21348600.0,48271600.0,False,50.0,14:23:50
18850.0,200,-1100.0,-0.1,SD,21348500.0,48271600.0,False,0.0,14:23:50
18850.0,200,-1100.0,-0.1,SD,21348500.0,48271400.0,False,0.0,14:23:49
18850.0,500,-1100.0,-0.1,SD,21348500.0,48271200.0,False,0.0,14:23:49
18850.0,1000,-1100.0,-0.1,SD,21348500.0,48270700.0,False,0.0,14:23:48
18850.0,12000,-1100.0,-0.1,SD,21348500.0,48269700.0,True,-50.0,14:23:46
18900.0,100,-1050.0,-0.1,BU,21348500.0,48257700.0,False,50.0,14:23:45
18850.0,1000,-1100.0,-0.1,SD,21348400.0,48257700.0,False,0.0,14:23:45
18850.0,3000,-1100.0,-0.1,SD,21348400.0,48256700.0,False,0.0,14:23:44
18850.0,200,-1100.0,-0.1,SD,21348400.0,48253700.0,False,0.0,14:23:44
18850.0,100,-1100.0,-0.1,SD,21348400.0,48253500.0,False,0.0,14:23:43
18850.0,10000,-1100.0,-0.1,SD,21348400.0,48253400.0,False,0.0,14:23:42
18850.0,200,-1100.0,-0.1,SD,21348400.0,48243400.0,False,0.0,14:23:42
18850.0,1300,-1100.0,-0.1,SD,21348400.0,48243200.0,False,0.0,14:23:42
18850.0,2300,-1100.0,-0.1,SD,21348400.0,48241900.0,False,0.0,14:23:41
18850.0,2700,-1100.0,-0.1,SD,21348400.0,48239600.0,False,-50.0,14:23:41
18900.0,100,-1050.0,-0.1,BU,21348400.0,48236900.0,False,0.0,14:23:40
18900.0,1000,-1050.0,-0.1,BU,21348300.0,48236900.0,False,50.0,14:23:40
18850.0,1000,-1100.0,-0.1,SD,21347300.0,48236900.0,False,0.0,14:23:40
18850.0,1000,-1100.0,-0.1,SD,21347300.0,48235900.0,False,0.0,14:23:38
18850.0,300,-1100.0,-0.1,SD,21347300.0,48234900.0,False,0.0,14:23:36
18850.0,100,-1100.0,-0.1,SD,21347300.0,48234600.0,False,0.0,14:23:36
18850.0,600,-1100.0,-0.1,SD,21347300.0,48234500.0,False,-50.0,14:23:36
18900.0,500,-1050.0,-0.1,BU,21347300.0,48233900.0,False,50.0,14:23:34
18850.0,1000,-1100.0,-0.1,SD,21346800.0,48233900.0,False,-50.0,14:23:32
18900.0,600,-1050.0,-0.1,BU,21346800.0,48232900.0,False,0.0,14:23:32
18900.0,500,-1050.0,-0.1,BU,21346200.0,48232900.0,False,50.0,14:23:32
18850.0,400,-1100.0,-0.1,SD,21345700.0,48232900.0,False,0.0,14:23:28
18850.0,3400,-1100.0,-0.1,SD,21345700.0,48232500.0,False,0.0,14:23:28
18850.0,200,-1100.0,-0.1,SD,21345700.0,48229100.0,False,0.0,14:23:28
18850.0,1000,-1100.0,-0.1,SD,21345700.0,48228900.0,False,-50.0,14:23:28
18900.0,100,-1050.0,-0.1,BU,21345700.0,48227900.0,False,50.0,14:23:28
18850.0,500,-1100.0,-0.1,SD,21345600.0,48227900.0,False,0.0,14:23:28
18850.0,2000,-1100.0,-0.1,SD,21345600.0,48227400.0,False,0.0,14:23:28
18850.0,2000,-1100.0,-0.1,SD,21345600.0,48225400.0,False,0.0,14:23:28
18850.0,500,-1100.0,-0.1,SD,21345600.0,48223400.0,False,0.0,14:23:28
18850.0,7700,-1100.0,-0.1,SD,21345600.0,48222900.0,False,0.0,14:23:27
18850.0,1000,-1100.0,-0.1,SD,21345600.0,48215200.0,False,0.0,14:23:27
18850.0,300,-1100.0,-0.1,SD,21345600.0,48214200.0,False,0.0,14:23:27
18850.0,1000,-1100.0,-0.1,SD,21345600.0,48213900.0,False,-50.0,14:23:27
18900.0,4600,-1050.0,-0.1,BU,21345600.0,48212900.0,False,0.0,14:23:25
18900.0,4600,-1050.0,-0.1,BU,21341000.0,48212900.0,False,50.0,14:23:25
18850.0,500,-1100.0,-0.1,SD,21336400.0,48212900.0,False,0.0,14:23:24
18850.0,1000,-1100.0,-0.1,SD,21336400.0,48212400.0,False,0.0,14:23:24
18850.0,100,-1100.0,-0.1,SD,21336400.0,48211400.0,False,0.0,14:23:24
18850.0,100,-1100.0,-0.1,SD,21336400.0,48211300.0,False,0.0,14:23:24
18850.0,200,-1100.0,-0.1,SD,21336400.0,48211200.0,False,0.0,14:23:24
18850.0,500,-1100.0,-0.1,SD,21336400.0,48211000.0,False,0.0,14:23:24
18850.0,100,-1100.0,-0.1,SD,21336400.0,48210500.0,False,0.0,14:23:24
18850.0,600,-1100.0,-0.1,SD,21336400.0,48210400.0,False,0.0,14:23:24
18850.0,300,-1100.0,-0.1,SD,21336400.0,48209800.0,False,0.0,14:23:23
18850.0,300,-1100.0,-0.1,SD,21336400.0,48209500.0,False,0.0,14:23:23
18850.0,100,-1100.0,-0.1,SD,21336400.0,48209200.0,False,0.0,14:23:23
18850.0,300,-1100.0,-0.1,SD,21336400.0,48209100.0,False,0.0,14:23:23
18850.0,1000,-1100.0,-0.1,SD,21336400.0,48208800.0,False,0.0,14:23:23
18850.0,400,-1100.0,-0.1,SD,21336400.0,48207800.0,False,0.0,14:23:23
18850.0,600,-1100.0,-0.1,SD,21336400.0,48207400.0,False,-50.0,14:23:23
18900.0,100,-1050.0,-0.1,BU,21336400.0,48206800.0,False,0.0,14:23:20
18900.0,600,-1050.0,-0.1,BU,21336300.0,48206800.0,False,0.0,14:23:18
18900.0,100,-1050.0,-0.1,BU,21335700.0,48206800.0,False,0.0,14:23:18
18900.0,2300,-1050.0,-0.1,BU,21335600.0,48206800.0,False,0.0,14:23:18
18900.0,400,-1050.0,-0.1,BU,21333300.0,48206800.0,False,50.0,14:23:18
18850.0,100,-1100.0,-0.1,SD,21332900.0,48206800.0,False,0.0,14:23:18
18850.0,1200,-1100.0,-0.1,SD,21332900.0,48206700.0,False,0.0,14:23:18
18850.0,1000,-1100.0,-0.1,SD,21332900.0,48205500.0,False,0.0,14:23:18
18850.0,500,-1100.0,-0.1,SD,21332900.0,48204500.0,False,0.0,14:23:18
18850.0,1000,-1100.0,-0.1,SD,21332900.0,48204000.0,False,0.0,14:23:18
18850.0,1000,-1100.0,-0.1,SD,21332900.0,48203000.0,False,0.0,14:23:18
18850.0,200,-1100.0,-0.1,SD,21332900.0,48202000.0,False,-50.0,14:23:18
18900.0,300,-1050.0,-0.1,BU,21332900.0,48201800.0,False,0.0,14:23:16
18900.0,200,-1050.0,-0.1,BU,21332600.0,48201800.0,False,0.0,14:23:16
18900.0,200,-1050.0,-0.1,BU,21332400.0,48201800.0,False,0.0,14:23:16
18900.0,1900,-1050.0,-0.1,BU,21332200.0,48201800.0,False,0.0,14:23:16
18900.0,500,-1050.0,-0.1,BU,21330300.0,48201800.0,False,0.0,14:23:16
18900.0,700,-1050.0,-0.1,BU,21329800.0,48201800.0,False,50.0,14:23:14
18850.0,1100,-1100.0,-0.1,SD,21329100.0,48201800.0,False,0.0,14:23:13
18850.0,900,-1100.0,-0.1,SD,21329100.0,48200700.0,False,-50.0,14:23:13
18900.0,200,-1050.0,-0.1,BU,21329100.0,48199800.0,False,50.0,14:23:12
18850.0,100,-1100.0,-0.1,SD,21328900.0,48199800.0,False,0.0,14:23:12
18850.0,9900,-1100.0,-0.1,SD,21328900.0,48199700.0,False,0.0,14:23:12
18850.0,3000,-1100.0,-0.1,SD,21328900.0,48189800.0,False,0.0,14:23:12
18850.0,200,-1100.0,-0.1,SD,21328900.0,48186800.0,False,-50.0,14:23:11
18900.0,200,-1050.0,-0.1,BU,21328900.0,48186600.0,False,0.0,14:23:10
18900.0,3500,-1050.0,-0.1,BU,21328700.0,48186600.0,False,0.0,14:23:09
18900.0,500,-1050.0,-0.1,BU,21325200.0,48186600.0,False,0.0,14:23:06
18900.0,200,-1050.0,-0.1,BU,21324700.0,48186600.0,False,50.0,14:23:05
18850.0,13300,-1100.0,-0.1,SD,21324500.0,48186600.0,True,0.0,14:23:04
18850.0,1000,-1100.0,-0.1,SD,21324500.0,48173300.0,False,0.0,14:23:04
18850.0,200,-1100.0,-0.1,SD,21324500.0,48172300.0,False,0.0,14:23:04
18850.0,1500,-1100.0,-0.1,SD,21324500.0,48172100.0,False,0.0,14:23:04
18850.0,3500,-1100.0,-0.1,SD,21324500.0,48170600.0,False,0.0,14:23:03
18850.0,400,-1100.0,-0.1,SD,21324500.0,48167100.0,False,0.0,14:23:03
18850.0,1000,-1100.0,-0.1,SD,21324500.0,48166700.0,False,0.0,14:23:03
18850.0,300,-1100.0,-0.1,SD,21324500.0,48165700.0,False,0.0,14:23:03
18850.0,500,-1100.0,-0.1,SD,21324500.0,48165400.0,False,0.0,14:23:03
18850.0,200,-1100.0,-0.1,SD,21324500.0,48164900.0,False,0.0,14:23:03
18850.0,100,-1100.0,-0.1,SD,21324500.0,48164700.0,False,0.0,14:23:03
18850.0,1000,-1100.0,-0.1,SD,21324500.0,48164600.0,False,0.0,14:23:03
18850.0,500,-1100.0,-0.1,SD,21324500.0,48163600.0,False,0.0,14:23:03
18850.0,400,-1100.0,-0.1,SD,21324500.0,48163100.0,False,0.0,14:23:03
18850.0,4600,-1100.0,-0.1,SD,21324500.0,48162700.0,False,0.0,14:23:03
18850.0,200,-1100.0,-0.1,SD,21324500.0,48158100.0,False,0.0,14:23:03
18850.0,300,-1100.0,-0.1,SD,21324500.0,48157900.0,False,0.0,14:23:03
18850.0,500,-1100.0,-0.1,SD,21324500.0,48157600.0,False,0.0,14:23:03
18850.0,1000,-1100.0,-0.1,SD,21324500.0,48157100.0,False,0.0,14:23:03
18850.0,500,-1100.0,-0.1,SD,21324500.0,48156100.0,False,0.0,14:23:03
18850.0,500,-1100.0,-0.1,SD,21324500.0,48155600.0,False,0.0,14:23:03
18850.0,1000,-1100.0,-0.1,SD,21324500.0,48155100.0,False,0.0,14:23:03
18850.0,100,-1100.0,-0.1,SD,21324500.0,48154100.0,False,0.0,14:23:03
18850.0,200,-1100.0,-0.1,SD,21324500.0,48154000.0,False,0.0,14:23:03
18850.0,500,-1100.0,-0.1,SD,21324500.0,48153800.0,False,0.0,14:23:03
18850.0,600,-1100.0,-0.1,SD,21324500.0,48153300.0,False,0.0,14:23:03
18850.0,600,-1100.0,-0.1,SD,21324500.0,48152700.0,False,0.0,14:23:03
18850.0,100,-1100.0,-0.1,SD,21324500.0,48152100.0,False,0.0,14:23:03
18850.0,200,-1100.0,-0.1,SD,21324500.0,48152000.0,False,0.0,14:23:03
18850.0,100,-1100.0,-0.1,SD,21324500.0,48151800.0,False,0.0,14:23:03
18850.0,200,-1100.0,-0.1,SD,21324500.0,48151700.0,False,0.0,14:23:03
18850.0,800,-1100.0,-0.1,SD,21324500.0,48151500.0,False,0.0,14:23:03
18850.0,200,-1100.0,-0.1,SD,21324500.0,48150700.0,False,0.0,14:23:02
18850.0,5000,-1100.0,-0.1,SD,21324500.0,48150500.0,False,0.0,14:23:02
18850.0,300,-1100.0,-0.1,SD,21324500.0,48145500.0,False,0.0,14:23:02
18850.0,200,-1100.0,-0.1,SD,21324500.0,48145200.0,False,0.0,14:23:02
18850.0,300,-1100.0,-0.1,SD,21324500.0,48145000.0,False,0.0,14:23:02
18850.0,300,-1100.0,-0.1,SD,21324500.0,48144700.0,False,0.0,14:23:02
18850.0,5000,-1100.0,-0.1,SD,21324500.0,48144400.0,False,0.0,14:23:02
18850.0,200,-1100.0,-0.1,SD,21324500.0,48139400.0,False,0.0,14:23:02
18850.0,1000,-1100.0,-0.1,SD,21324500.0,48139200.0,False,0.0,14:23:02
18850.0,2000,-1100.0,-0.1,SD,21324500.0,48138200.0,False,0.0,14:23:02
18850.0,5000,-1100.0,-0.1,SD,21324500.0,48136200.0,False,0.0,14:23:02
18850.0,10000,-1100.0,-0.1,SD,21324500.0,48131200.0,False,0.0,14:23:02
18850.0,500,-1100.0,-0.1,SD,21324500.0,48121200.0,False,0.0,14:23:02
18850.0,1000,-1100.0,-0.1,SD,21324500.0,48120700.0,False,0.0,14:23:02
18850.0,100,-1100.0,-0.1,SD,21324500.0,48119700.0,False,0.0,14:23:02
18850.0,300,-1100.0,-0.1,SD,21324500.0,48119600.0,False,0.0,14:23:02
18850.0,100,-1100.0,-0.1,SD,21324500.0,48119300.0,False,0.0,14:23:02
18850.0,100,-1100.0,-0.1,SD,21324500.0,48119200.0,False,0.0,14:23:02
18850.0,500,-1100.0,-0.1,SD,21324500.0,48119100.0,False,0.0,14:23:02
18850.0,100,-1100.0,-0.1,SD,21324500.0,48118600.0,False,0.0,14:23:02
18850.0,300,-1100.0,-0.1,SD,21324500.0,48118500.0,False,0.0,14:23:02
18850.0,200,-1100.0,-0.1,SD,21324500.0,48118200.0,False,0.0,14:23:02
18850.0,1000,-1100.0,-0.1,SD,21324500.0,48118000.0,False,0.0,14:23:02
18850.0,2000,-1100.0,-0.1,SD,21324500.0,48117000.0,False,0.0,14:23:02
18850.0,1000,-1100.0,-0.1,SD,21324500.0,48115000.0,False,0.0,14:23:02
18850.0,100,-1100.0,-0.1,SD,21324500.0,48114000.0,False,0.0,14:23:02
18850.0,1000,-1100.0,-0.1,SD,21324500.0,48113900.0,False,0.0,14:23:02
18850.0,2200,-1100.0,-0.1,SD,21324500.0,48112900.0,False,-50.0,14:23:02
18900.0,300,-1050.0,-0.1,BU,21324500.0,48110700.0,False,0.0,14:23:00
18900.0,200,-1050.0,-0.1,BU,21324200.0,48110700.0,False,0.0,14:23:00
18900.0,1000,-1050.0,-0.1,BU,21324000.0,48110700.0,False,50.0,14:22:58
18850.0,3000,-1100.0,-0.1,SD,21323000.0,48110700.0,False,0.0,14:22:57
18850.0,15800,-1100.0,-0.1,SD,21323000.0,48107700.0,True,0.0,14:22:57
18850.0,1000,-1100.0,-0.1,SD,21323000.0,48091900.0,False,0.0,14:22:57
18850.0,200,-1100.0,-0.1,SD,21323000.0,48090900.0,False,0.0,14:22:57
18850.0,100,-1100.0,-0.1,SD,21323000.0,48090700.0,False,0.0,14:22:57
18850.0,900,-1100.0,-0.1,SD,21323000.0,48090600.0,False,0.0,14:22:57
18850.0,1000,-1100.0,-0.1,SD,21323000.0,48089700.0,False,0.0,14:22:57
18850.0,1000,-1100.0,-0.1,SD,21323000.0,48088700.0,False,-50.0,14:22:57
18900.0,800,-1050.0,-0.1,BU,21323000.0,48087700.0,False,0.0,14:22:57
18900.0,1100,-1050.0,-0.1,BU,21322200.0,48087700.0,False,0.0,14:22:57
18900.0,2000,-1050.0,-0.1,BU,21321100.0,48087700.0,False,0.0,14:22:57
18900.0,200,-1050.0,-0.1,BU,21319100.0,48087700.0,False,0.0,14:22:55
18900.0,1000,-1050.0,-0.1,BU,21318900.0,48087700.0,False,0.0,14:22:55
18900.0,200,-1050.0,-0.1,BU,21317900.0,48087700.0,False,0.0,14:22:54
18900.0,200,-1050.0,-0.1,BU,21317700.0,48087700.0,False,0.0,14:22:53
18900.0,2000,-1050.0,-0.1,BU,21317500.0,48087700.0,False,50.0,14:22:53
18850.0,100,-1100.0,-0.1,SD,21315500.0,48087700.0,False,0.0,14:22:53
18850.0,900,-1100.0,-0.1,SD,21315500.0,48087600.0,False,-50.0,14:22:53
18900.0,300,-1050.0,-0.1,BU,21315500.0,48086700.0,False,0.0,14:22:52
18900.0,200,-1050.0,-0.1,BU,21315200.0,48086700.0,False,50.0,14:22:52
18850.0,1100,-1100.0,-0.1,SD,21315000.0,48086700.0,False,0.0,14:22:50
18850.0,1000,-1100.0,-0.1,SD,21315000.0,48085600.0,False,0.0,14:22:50
18850.0,300,-1100.0,-0.1,SD,21315000.0,48084600.0,False,0.0,14:22:50
18850.0,500,-1100.0,-0.1,SD,21315000.0,48084300.0,False,0.0,14:22:50
18850.0,1100,-1100.0,-0.1,SD,21315000.0,48083800.0,False,-50.0,14:22:50
18900.0,100,-1050.0,-0.1,BU,21315000.0,48082700.0,False,0.0,14:22:50
18900.0,100,-1050.0,-0.1,BU,21314900.0,48082700.0,False,0.0,14:22:50
18900.0,400,-1050.0,-0.1,BU,21314800.0,48082700.0,False,0.0,14:22:50
18900.0,600,-1050.0,-0.1,BU,21314400.0,48082700.0,False,0.0,14:22:50
18900.0,1200,-1050.0,-0.1,BU,21313800.0,48082700.0,False,0.0,14:22:50
18900.0,2000,-1050.0,-0.1,BU,21312600.0,48082700.0,False,0.0,14:22:50
18900.0,4000,-1050.0,-0.1,BU,21310600.0,48082700.0,False,0.0,14:22:50
18900.0,1000,-1050.0,-0.1,BU,21306600.0,48082700.0,False,0.0,14:22:50
18900.0,2000,-1050.0,-0.1,BU,21305600.0,48082700.0,False,0.0,14:22:50
18900.0,5000,-1050.0,-0.1,BU,21303600.0,48082700.0,False,0.0,14:22:50
18900.0,100,-1050.0,-0.1,BU,21298600.0,48082700.0,False,0.0,14:22:50
18900.0,2000,-1050.0,-0.1,BU,21298500.0,48082700.0,False,0.0,14:22:50
18900.0,2100,-1050.0,-0.1,BU,21296500.0,48082700.0,False,0.0,14:22:50
18900.0,100,-1050.0,-0.1,BU,21294400.0,48082700.0,False,0.0,14:22:49
18900.0,1500,-1050.0,-0.1,BU,21294300.0,48082700.0,False,0.0,14:22:48
18900.0,1000,-1050.0,-0.1,BU,21292800.0,48082700.0,False,0.0,14:22:48
18900.0,3000,-1050.0,-0.1,BU,21291800.0,48082700.0,False,50.0,14:22:47
18850.0,10000,-1100.0,-0.1,SD,21288800.0,48082700.0,False,0.0,14:22:46
18850.0,3000,-1100.0,-0.1,SD,21288800.0,48072700.0,False,-50.0,14:22:45
18900.0,300,-1050.0,-0.1,BU,21288800.0,48069700.0,False,0.0,14:22:45
18900.0,1000,-1050.0,-0.1,BU,21288500.0,48069700.0,False,0.0,14:22:45
18900.0,700,-1050.0,-0.1,BU,21287500.0,48069700.0,False,0.0,14:22:45
18900.0,500,-1050.0,-0.1,BU,21286800.0,48069700.0,False,0.0,14:22:43
18900.0,500,-1050.0,-0.1,BU,21286300.0,48069700.0,False,0.0,14:22:42
18900.0,300,-1050.0,-0.1,BU,21285800.0,48069700.0,False,0.0,14:22:40
18900.0,100,-1050.0,-0.1,BU,21285500.0,48069700.0,False,0.0,14:22:39
18900.0,100,-1050.0,-0.1,BU,21285400.0,48069700.0,False,0.0,14:22:38
18900.0,100,-1050.0,-0.1,BU,21285300.0,48069700.0,False,0.0,14:22:38
18900.0,100,-1050.0,-0.1,BU,21285200.0,48069700.0,False,0.0,14:22:37
18900.0,4000,-1050.0,-0.1,BU,21285100.0,48069700.0,False,0.0,14:22:37
18900.0,1000,-1050.0,-0.1,BU,21281100.0,48069700.0,False,0.0,14:22:37
18900.0,300,-1050.0,-0.1,BU,21280100.0,48069700.0,False,0.0,14:22:36
18900.0,2300,-1050.0,-0.1,BU,21279800.0,48069700.0,False,0.0,14:22:36
18900.0,6400,-1050.0,-0.1,SD,21277500.0,48069700.0,False,0.0,14:22:35
18900.0,1200,-1050.0,-0.1,SD,21277500.0,48063300.0,False,0.0,14:22:35
18900.0,600,-1050.0,-0.1,SD,21277500.0,48062100.0,False,0.0,14:22:35
18900.0,2500,-1050.0,-0.1,SD,21277500.0,48061500.0,False,0.0,14:22:33
18900.0,1400,-1050.0,-0.1,SD,21277500.0,48059000.0,False,0.0,14:22:33
18900.0,4000,-1050.0,-0.1,SD,21277500.0,48057600.0,False,0.0,14:22:33
18900.0,100,-1050.0,-0.1,SD,21277500.0,48053600.0,False,0.0,14:22:33
18900.0,32500,-1050.0,-0.1,SD,21277500.0,48053500.0,True,0.0,14:22:33
18900.0,3800,-1050.0,-0.1,SD,21277500.0,48021000.0,False,0.0,14:22:33
18900.0,100,-1050.0,-0.1,SD,21277500.0,48017200.0,False,0.0,14:22:33
18900.0,200,-1050.0,-0.1,SD,21277500.0,48017100.0,False,0.0,14:22:32
18900.0,100,-1050.0,-0.1,SD,21277500.0,48016900.0,False,0.0,14:22:32
18900.0,100,-1050.0,-0.1,SD,21277500.0,48016800.0,False,0.0,14:22:32
18900.0,100,-1050.0,-0.1,SD,21277500.0,48016700.0,False,0.0,14:22:32
18900.0,1200,-1050.0,-0.1,SD,21277500.0,48016600.0,False,0.0,14:22:32
18900.0,800,-1050.0,-0.1,SD,21277500.0,48015400.0,False,0.0,14:22:31
18900.0,100,-1050.0,-0.1,SD,21277500.0,48014600.0,False,0.0,14:22:31
18900.0,2000,-1050.0,-0.1,SD,21277500.0,48014500.0,False,0.0,14:22:31
18900.0,200,-1050.0,-0.1,SD,21277500.0,48012500.0,False,0.0,14:22:31
18900.0,300,-1050.0,-0.1,SD,21277500.0,48012300.0,False,0.0,14:22:31
18900.0,1900,-1050.0,-0.1,SD,21277500.0,48012000.0,False,0.0,14:22:31
18900.0,200,-1050.0,-0.1,SD,21277500.0,48010100.0,False,0.0,14:22:31
18900.0,3000,-1050.0,-0.1,SD,21277500.0,48009900.0,False,0.0,14:22:31
18900.0,200,-1050.0,-0.1,SD,21277500.0,48006900.0,False,0.0,14:22:31
18900.0,200,-1050.0,-0.1,SD,21277500.0,48006700.0,False,0.0,14:22:31
18900.0,2000,-1050.0,-0.1,SD,21277500.0,48006500.0,False,0.0,14:22:31
18900.0,5000,-1050.0,-0.1,SD,21277500.0,48004500.0,False,0.0,14:22:31
18900.0,300,-1050.0,-0.1,SD,21277500.0,47999500.0,False,0.0,14:22:31
18900.0,1000,-1050.0,-0.1,SD,21277500.0,47999200.0,False,0.0,14:22:31
18900.0,100,-1050.0,-0.1,SD,21277500.0,47998200.0,False,0.0,14:22:31
18900.0,1000,-1050.0,-0.1,SD,21277500.0,47998100.0,False,0.0,14:22:31
18900.0,100,-1050.0,-0.1,SD,21277500.0,47997100.0,False,0.0,14:22:31
18900.0,100,-1050.0,-0.1,SD,21277500.0,47997000.0,False,0.0,14:22:31
18900.0,500,-1050.0,-0.1,SD,21277500.0,47996900.0,False,0.0,14:22:31
18900.0,1000,-1050.0,-0.1,SD,21277500.0,47996400.0,False,0.0,14:22:31
18900.0,100,-1050.0,-0.1,SD,21277500.0,47995400.0,False,0.0,14:22:31
18900.0,200,-1050.0,-0.1,SD,21277500.0,47995300.0,False,0.0,14:22:31
18900.0,700,-1050.0,-0.1,SD,21277500.0,47995100.0,False,0.0,14:22:31
18900.0,300,-1050.0,-0.1,SD,21277500.0,47994400.0,False,0.0,14:22:31
18900.0,100,-1050.0,-0.1,SD,21277500.0,47994100.0,False,0.0,14:22:31
18900.0,100,-1050.0,-0.1,SD,21277500.0,47994000.0,False,0.0,14:22:31
18900.0,300,-1050.0,-0.1,SD,21277500.0,47993900.0,False,0.0,14:22:31
18900.0,1000,-1050.0,-0.1,SD,21277500.0,47993600.0,False,0.0,14:22:30
18900.0,500,-1050.0,-0.1,SD,21277500.0,47992600.0,False,0.0,14:22:30
18900.0,100,-1050.0,-0.1,SD,21277500.0,47992100.0,False,0.0,14:22:30
18900.0,500,-1050.0,-0.1,SD,21277500.0,47992000.0,False,0.0,14:22:30
18900.0,100,-1050.0,-0.1,SD,21277500.0,47991500.0,False,0.0,14:22:30
18900.0,100,-1050.0,-0.1,SD,21277500.0,47991400.0,False,0.0,14:22:30
18900.0,100,-1050.0,-0.1,SD,21277500.0,47991300.0,False,0.0,14:22:30
18900.0,100,-1050.0,-0.1,SD,21277500.0,47991200.0,False,0.0,14:22:30
18900.0,200,-1050.0,-0.1,SD,21277500.0,47991100.0,False,0.0,14:22:30
18900.0,500,-1050.0,-0.1,SD,21277500.0,47990900.0,False,0.0,14:22:30
18900.0,200,-1050.0,-0.1,SD,21277500.0,47990400.0,False,0.0,14:22:30
18900.0,500,-1050.0,-0.1,SD,21277500.0,47990200.0,False,0.0,14:22:30
18900.0,5600,-1050.0,-0.1,SD,21277500.0,47989700.0,False,0.0,14:22:30
18900.0,700,-1050.0,-0.1,SD,21277500.0,47984100.0,False,0.0,14:22:30
18900.0,100,-1050.0,-0.1,SD,21277500.0,47983400.0,False,0.0,14:22:30
18900.0,100,-1050.0,-0.1,SD,21277500.0,47983300.0,False,0.0,14:22:30
18900.0,100,-1050.0,-0.1,SD,21277500.0,47983200.0,False,0.0,14:22:30
18900.0,2500,-1050.0,-0.1,SD,21277500.0,47983100.0,False,0.0,14:22:30
18900.0,300,-1050.0,-0.1,SD,21277500.0,47980600.0,False,0.0,14:22:30
18900.0,100,-1050.0,-0.1,SD,21277500.0,47980300.0,False,0.0,14:22:30
18900.0,1000,-1050.0,-0.1,SD,21277500.0,47980200.0,False,0.0,14:22:30
18900.0,2000,-1050.0,-0.1,SD,21277500.0,47979200.0,False,0.0,14:22:30
18900.0,1000,-1050.0,-0.1,SD,21277500.0,47977200.0,False,0.0,14:22:30
18900.0,200,-1050.0,-0.1,SD,21277500.0,47976200.0,False,0.0,14:22:30
18900.0,500,-1050.0,-0.1,SD,21277500.0,47976000.0,False,0.0,14:22:30
18900.0,100,-1050.0,-0.1,SD,21277500.0,47975500.0,False,0.0,14:22:30
18900.0,1000,-1050.0,-0.1,SD,21277500.0,47975400.0,False,0.0,14:22:30
18900.0,100,-1050.0,-0.1,SD,21277500.0,47974400.0,False,0.0,14:22:30
18900.0,100,-1050.0,-0.1,SD,21277500.0,47974300.0,False,0.0,14:22:30
18900.0,500,-1050.0,-0.1,SD,21277500.0,47974200.0,False,0.0,14:22:30
18900.0,1000,-1050.0,-0.1,SD,21277500.0,47973700.0,False,0.0,14:22:30
18900.0,500,-1050.0,-0.1,SD,21277500.0,47972700.0,False,0.0,14:22:30
18900.0,500,-1050.0,-0.1,SD,21277500.0,47972200.0,False,0.0,14:22:30
18900.0,500,-1050.0,-0.1,SD,21277500.0,47971700.0,False,0.0,14:22:30
18900.0,500,-1050.0,-0.1,SD,21277500.0,47971200.0,False,0.0,14:22:30
18900.0,100,-1050.0,-0.1,SD,21277500.0,47970700.0,False,0.0,14:22:30
18900.0,5000,-1050.0,-0.1,SD,21277500.0,47970600.0,False,0.0,14:22:30
18900.0,2000,-1050.0,-0.1,SD,21277500.0,47965600.0,False,0.0,14:22:30
18900.0,22200,-1050.0,-0.1,SD,21277500.0,47963600.0,True,0.0,14:22:30
18900.0,2000,-1050.0,-0.1,SD,21277500.0,47941400.0,False,0.0,14:22:30
18900.0,700,-1050.0,-0.1,SD,21277500.0,47939400.0,False,0.0,14:22:29
18900.0,2000,-1050.0,-0.1,SD,21277500.0,47938700.0,False,0.0,14:22:29
18900.0,500,-1050.0,-0.1,SD,21277500.0,47936700.0,False,0.0,14:22:28
18900.0,200,-1050.0,-0.1,SD,21277500.0,47936200.0,False,0.0,14:22:28
18900.0,100,-1050.0,-0.1,SD,21277500.0,47936000.0,False,0.0,14:22:27
18900.0,3000,-1050.0,-0.1,SD,21277500.0,47935900.0,False,0.0,14:22:27
18900.0,10000,-1050.0,-0.1,SD,21277500.0,47932900.0,False,0.0,14:22:27
18900.0,4700,-1050.0,-0.1,SD,21277500.0,47922900.0,False,0.0,14:22:26
18900.0,200,-1050.0,-0.1,SD,21277500.0,47918200.0,False,0.0,14:22:26
18900.0,200,-1050.0,-0.1,SD,21277500.0,47918000.0,False,0.0,14:22:26
18900.0,5000,-1050.0,-0.1,SD,21277500.0,47917800.0,False,0.0,14:22:25
18900.0,4000,-1050.0,-0.1,SD,21277500.0,47912800.0,False,0.0,14:22:24
18900.0,400,-1050.0,-0.1,SD,21277500.0,47908800.0,False,0.0,14:22:23
18900.0,14000,-1050.0,-0.1,SD,21277500.0,47908400.0,True,0.0,14:22:23
18900.0,1100,-1050.0,-0.1,SD,21277500.0,47894400.0,False,0.0,14:22:22
18900.0,10000,-1050.0,-0.1,SD,21277500.0,47893300.0,False,0.0,14:22:21
18900.0,1100,-1050.0,-0.1,SD,21277500.0,47883300.0,False,0.0,14:22:21
18900.0,14700,-1050.0,-0.1,SD,21277500.0,47882200.0,True,0.0,14:22:21
18900.0,5000,-1050.0,-0.1,SD,21277500.0,47867500.0,False,0.0,14:22:21
18900.0,1000,-1050.0,-0.1,SD,21277500.0,47862500.0,False,0.0,14:22:21
18900.0,2000,-1050.0,-0.1,SD,21277500.0,47861500.0,False,0.0,14:22:21
18900.0,500,-1050.0,-0.1,SD,21277500.0,47859500.0,False,0.0,14:22:21
18900.0,1000,-1050.0,-0.1,SD,21277500.0,47859000.0,False,0.0,14:22:21
18900.0,100,-1050.0,-0.1,SD,21277500.0,47858000.0,False,0.0,14:22:21
18900.0,2000,-1050.0,-0.1,SD,21277500.0,47857900.0,False,0.0,14:22:21
18900.0,100,-1050.0,-0.1,SD,21277500.0,47855900.0,False,0.0,14:22:21
18900.0,1000,-1050.0,-0.1,SD,21277500.0,47855800.0,False,0.0,14:22:21
18900.0,200,-1050.0,-0.1,SD,21277500.0,47854800.0,False,0.0,14:22:21
18900.0,2000,-1050.0,-0.1,SD,21277500.0,47854600.0,False,0.0,14:22:21
18900.0,2000,-1050.0,-0.1,SD,21277500.0,47852600.0,False,0.0,14:22:21
18900.0,500,-1050.0,-0.1,SD,21277500.0,47850600.0,False,0.0,14:22:21
18900.0,300,-1050.0,-0.1,SD,21277500.0,47850100.0,False,0.0,14:22:21
18900.0,200,-1050.0,-0.1,SD,21277500.0,47849800.0,False,0.0,14:22:21
18900.0,1000,-1050.0,-0.1,SD,21277500.0,47849600.0,False,0.0,14:22:21
18900.0,1000,-1050.0,-0.1,SD,21277500.0,47848600.0,False,0.0,14:22:21
18900.0,1000,-1050.0,-0.1,SD,21277500.0,47847600.0,False,0.0,14:22:21
18900.0,1000,-1050.0,-0.1,SD,21277500.0,47846600.0,False,0.0,14:22:21
18900.0,500,-1050.0,-0.1,SD,21277500.0,47845600.0,False,0.0,14:22:21
18900.0,100,-1050.0,-0.1,SD,21277500.0,47845100.0,False,0.0,14:22:21
18900.0,800,-1050.0,-0.1,SD,21277500.0,47845000.0,False,0.0,14:22:21
18900.0,200,-1050.0,-0.1,SD,21277500.0,47844200.0,False,0.0,14:22:21
18900.0,100,-1050.0,-0.1,SD,21277500.0,47844000.0,False,0.0,14:22:21
18900.0,2000,-1050.0,-0.1,SD,21277500.0,47843900.0,False,0.0,14:22:21
18900.0,500,-1050.0,-0.1,SD,21277500.0,47841900.0,False,0.0,14:22:21
18900.0,100,-1050.0,-0.1,SD,21277500.0,47841400.0,False,0.0,14:22:21
18900.0,500,-1050.0,-0.1,SD,21277500.0,47841300.0,False,0.0,14:22:21
18900.0,500,-1050.0,-0.1,SD,21277500.0,47840800.0,False,0.0,14:22:21
18900.0,1000,-1050.0,-0.1,SD,21277500.0,47840300.0,False,0.0,14:22:21
18900.0,300,-1050.0,-0.1,SD,21277500.0,47839300.0,False,0.0,14:22:21
18900.0,10200,-1050.0,-0.1,SD,21277500.0,47839000.0,False,0.0,14:22:21
18900.0,500,-1050.0,-0.1,SD,21277500.0,47828800.0,False,0.0,14:22:21
18900.0,100,-1050.0,-0.1,SD,21277500.0,47828300.0,False,0.0,14:22:20
18900.0,100,-1050.0,-0.1,SD,21277500.0,47828200.0,False,0.0,14:22:20
18900.0,200,-1050.0,-0.1,SD,21277500.0,47828100.0,False,0.0,14:22:20
18900.0,200,-1050.0,-0.1,SD,21277500.0,47827900.0,False,0.0,14:22:19
18900.0,1400,-1050.0,-0.1,SD,21277500.0,47827700.0,False,0.0,14:22:19
18900.0,600,-1050.0,-0.1,SD,21277500.0,47826300.0,False,0.0,14:22:19
18900.0,1000,-1050.0,-0.1,SD,21277500.0,47825700.0,False,0.0,14:22:16
18900.0,400,-1050.0,-0.1,SD,21277500.0,47824700.0,False,0.0,14:22:15
18900.0,100,-1050.0,-0.1,SD,21277500.0,47824300.0,False,0.0,14:22:15
18900.0,200,-1050.0,-0.1,SD,21277500.0,47824200.0,False,0.0,14:22:15
18900.0,3000,-1050.0,-0.1,SD,21277500.0,47824000.0,False,0.0,14:22:15
18900.0,1200,-1050.0,-0.1,SD,21277500.0,47821000.0,False,0.0,14:22:15
18900.0,300,-1050.0,-0.1,SD,21277500.0,47819800.0,False,0.0,14:22:15
18900.0,200,-1050.0,-0.1,SD,21277500.0,47819500.0,False,0.0,14:22:15
18900.0,100,-1050.0,-0.1,SD,21277500.0,47819300.0,False,0.0,14:22:15
18900.0,300,-1050.0,-0.1,SD,21277500.0,47819200.0,False,0.0,14:22:14
18900.0,400,-1050.0,-0.1,SD,21277500.0,47818900.0,False,0.0,14:22:14
18900.0,300,-1050.0,-0.1,SD,21277500.0,47818500.0,False,0.0,14:22:14
18900.0,2000,-1050.0,-0.1,SD,21277500.0,47818200.0,False,0.0,14:22:14
18900.0,2700,-1050.0,-0.1,SD,21277500.0,47816200.0,False,0.0,14:22:13
18900.0,1000,-1050.0,-0.1,SD,21277500.0,47813500.0,False,0.0,14:22:13
18900.0,2500,-1050.0,-0.1,SD,21277500.0,47812500.0,False,0.0,14:22:13
18900.0,500,-1050.0,-0.1,SD,21277500.0,47810000.0,False,0.0,14:22:13
18900.0,500,-1050.0,-0.1,SD,21277500.0,47809500.0,False,0.0,14:22:13
18900.0,500,-1050.0,-0.1,SD,21277500.0,47809000.0,False,0.0,14:22:13
18900.0,500,-1050.0,-0.1,SD,21277500.0,47808500.0,False,0.0,14:22:13
18900.0,1500,-1050.0,-0.1,SD,21277500.0,47808000.0,False,0.0,14:22:13
18900.0,300,-1050.0,-0.1,SD,21277500.0,47806500.0,False,0.0,14:22:13
18900.0,1000,-1050.0,-0.1,SD,21277500.0,47806200.0,False,0.0,14:22:13
18900.0,1900,-1050.0,-0.1,SD,21277500.0,47805200.0,False,0.0,14:22:13
18900.0,100,-1050.0,-0.1,SD,21277500.0,47803300.0,False,0.0,14:22:13
18900.0,2000,-1050.0,-0.1,SD,21277500.0,47803200.0,False,0.0,14:22:13
18900.0,11000,-1050.0,-0.1,SD,21277500.0,47801200.0,True,0.0,14:22:13
18900.0,3000,-1050.0,-0.1,SD,21277500.0,47790200.0,False,0.0,14:22:13
18900.0,100,-1050.0,-0.1,SD,21277500.0,47787200.0,False,-50.0,14:22:10
18950.0,400,-1000.0,-0.1,BU,21277500.0,47787100.0,False,50.0,14:22:10
18900.0,1000,-1050.0,-0.1,SD,21277100.0,47787100.0,False,0.0,14:22:09
18900.0,300,-1050.0,-0.1,SD,21277100.0,47786100.0,False,0.0,14:22:09
18900.0,1000,-1050.0,-0.1,SD,21277100.0,47785800.0,False,0.0,14:22:09
18900.0,100,-1050.0,-0.1,SD,21277100.0,47784800.0,False,0.0,14:22:09
18900.0,300,-1050.0,-0.1,SD,21277100.0,47784700.0,False,0.0,14:22:09
18900.0,500,-1050.0,-0.1,SD,21277100.0,47784400.0,False,0.0,14:22:09
18900.0,100,-1050.0,-0.1,SD,21277100.0,47783900.0,False,0.0,14:22:09
18900.0,500,-1050.0,-0.1,SD,21277100.0,47783800.0,False,0.0,14:22:09
18900.0,1200,-1050.0,-0.1,SD,21277100.0,47783300.0,False,0.0,14:22:09
18900.0,1000,-1050.0,-0.1,SD,21277100.0,47782100.0,False,0.0,14:22:09
18900.0,2600,-1050.0,-0.1,SD,21277100.0,47781100.0,False,0.0,14:22:08
18900.0,7000,-1050.0,-0.1,SD,21277100.0,47778500.0,False,0.0,14:22:08
18900.0,100,-1050.0,-0.1,SD,21277100.0,47771500.0,False,0.0,14:22:08
18900.0,400,-1050.0,-0.1,SD,21277100.0,47771400.0,False,0.0,14:22:08
18900.0,200,-1050.0,-0.1,SD,21277100.0,47771000.0,False,0.0,14:22:08
18900.0,300,-1050.0,-0.1,SD,21277100.0,47770800.0,False,0.0,14:22:08
18900.0,1000,-1050.0,-0.1,SD,21277100.0,47770500.0,False,0.0,14:22:08
18900.0,100,-1050.0,-0.1,SD,21277100.0,47769500.0,False,0.0,14:22:08
18900.0,500,-1050.0,-0.1,SD,21277100.0,47769400.0,False,0.0,14:22:08
18900.0,200,-1050.0,-0.1,SD,21277100.0,47768900.0,False,0.0,14:22:08
18900.0,100,-1050.0,-0.1,SD,21277100.0,47768700.0,False,0.0,14:22:08
18900.0,200,-1050.0,-0.1,SD,21277100.0,47768600.0,False,0.0,14:22:08
18900.0,800,-1050.0,-0.1,SD,21277100.0,47768400.0,False,0.0,14:22:08
18900.0,700,-1050.0,-0.1,SD,21277100.0,47767600.0,False,0.0,14:22:08
18900.0,300,-1050.0,-0.1,SD,21277100.0,47766900.0,False,0.0,14:22:07
18900.0,2000,-1050.0,-0.1,SD,21277100.0,47766600.0,False,0.0,14:22:05
18900.0,100,-1050.0,-0.1,SD,21277100.0,47764600.0,False,0.0,14:22:05
18900.0,100,-1050.0,-0.1,SD,21277100.0,47764500.0,False,0.0,14:22:05
18900.0,2800,-1050.0,-0.1,SD,21277100.0,47764400.0,False,0.0,14:22:05
18900.0,200,-1050.0,-0.1,SD,21277100.0,47761600.0,False,-50.0,14:21:59
18950.0,100,-1000.0,-0.1,BU,21277100.0,47761400.0,False,50.0,14:21:59
18900.0,12800,-1050.0,-0.1,SD,21277000.0,47761400.0,True,0.0,14:21:59
18900.0,2000,-1050.0,-0.1,SD,21277000.0,47748600.0,False,0.0,14:21:59
18900.0,200,-1050.0,-0.1,SD,21277000.0,47746600.0,False,0.0,14:21:59
18900.0,500,-1050.0,-0.1,SD,21277000.0,47746400.0,False,0.0,14:21:59
18900.0,100,-1050.0,-0.1,SD,21277000.0,47745900.0,False,0.0,14:21:59
18900.0,1000,-1050.0,-0.1,SD,21277000.0,47745800.0,False,0.0,14:21:59
18900.0,100,-1050.0,-0.1,SD,21277000.0,47744800.0,False,0.0,14:21:59
18900.0,100,-1050.0,-0.1,SD,21277000.0,47744700.0,False,0.0,14:21:59
18900.0,2000,-1050.0,-0.1,SD,21277000.0,47744600.0,False,0.0,14:21:59
18900.0,400,-1050.0,-0.1,SD,21277000.0,47742600.0,False,0.0,14:21:59
18900.0,100,-1050.0,-0.1,SD,21277000.0,47742200.0,False,0.0,14:21:59
18900.0,1900,-1050.0,-0.1,SD,21277000.0,47742100.0,False,0.0,14:21:59
18900.0,6100,-1050.0,-0.1,SD,21277000.0,47740200.0,False,0.0,14:21:58
18900.0,100,-1050.0,-0.1,SD,21277000.0,47734100.0,False,0.0,14:21:58
18900.0,500,-1050.0,-0.1,SD,21277000.0,47734000.0,False,0.0,14:21:58
18900.0,200,-1050.0,-0.1,SD,21277000.0,47733500.0,False,0.0,14:21:58
18900.0,200,-1050.0,-0.1,SD,21277000.0,47733300.0,False,0.0,14:21:58
18900.0,200,-1050.0,-0.1,SD,21277000.0,47733100.0,False,0.0,14:21:58
18900.0,100,-1050.0,-0.1,SD,21277000.0,47732900.0,False,0.0,14:21:58
18900.0,100,-1050.0,-0.1,SD,21277000.0,47732800.0,False,0.0,14:21:58
18900.0,100,-1050.0,-0.1,SD,21277000.0,47732700.0,False,0.0,14:21:58
18900.0,1000,-1050.0,-0.1,SD,21277000.0,47732600.0,False,0.0,14:21:58
18900.0,2000,-1050.0,-0.1,SD,21277000.0,47731600.0,False,0.0,14:21:58
18900.0,100,-1050.0,-0.1,SD,21277000.0,47729600.0,False,0.0,14:21:58
18900.0,100,-1050.0,-0.1,SD,21277000.0,47729500.0,False,0.0,14:21:58
18900.0,1500,-1050.0,-0.1,SD,21277000.0,47729400.0,False,0.0,14:21:58
18900.0,5700,-1050.0,-0.1,SD,21277000.0,47727900.0,False,0.0,14:21:58
18900.0,100,-1050.0,-0.1,SD,21277000.0,47722200.0,False,0.0,14:21:57
18900.0,200,-1050.0,-0.1,SD,21277000.0,47722100.0,False,0.0,14:21:57
18900.0,200,-1050.0,-0.1,SD,21277000.0,47721900.0,False,0.0,14:21:57
18900.0,500,-1050.0,-0.1,SD,21277000.0,47721700.0,False,0.0,14:21:57
18900.0,300,-1050.0,-0.1,SD,21277000.0,47721200.0,False,0.0,14:21:57
18900.0,100,-1050.0,-0.1,SD,21277000.0,47720900.0,False,0.0,14:21:57
18900.0,500,-1050.0,-0.1,SD,21277000.0,47720800.0,False,0.0,14:21:57
18900.0,300,-1050.0,-0.1,SD,21277000.0,47720300.0,False,0.0,14:21:57
18900.0,400,-1050.0,-0.1,SD,21277000.0,47720000.0,False,0.0,14:21:56
18900.0,2000,-1050.0,-0.1,SD,21277000.0,47719600.0,False,0.0,14:21:56
18900.0,500,-1050.0,-0.1,SD,21277000.0,47717600.0,False,0.0,14:21:56
18900.0,200,-1050.0,-0.1,SD,21277000.0,47717100.0,False,0.0,14:21:56
18900.0,7800,-1050.0,-0.1,SD,21277000.0,47716900.0,False,0.0,14:21:56
18900.0,2200,-1050.0,-0.1,SD,21277000.0,47709100.0,False,0.0,14:21:56
18900.0,500,-1050.0,-0.1,SD,21277000.0,47706900.0,False,0.0,14:21:56
18900.0,100,-1050.0,-0.1,SD,21277000.0,47706400.0,False,0.0,14:21:56
18900.0,200,-1050.0,-0.1,SD,21277000.0,47706300.0,False,0.0,14:21:56
18900.0,800,-1050.0,-0.1,SD,21277000.0,47706100.0,False,0.0,14:21:54
18900.0,5000,-1050.0,-0.1,SD,21277000.0,47705300.0,False,0.0,14:21:54
18900.0,3000,-1050.0,-0.1,SD,21277000.0,47700300.0,False,0.0,14:21:54
18900.0,200,-1050.0,-0.1,SD,21277000.0,47697300.0,False,0.0,14:21:54
18900.0,500,-1050.0,-0.1,SD,21277000.0,47697100.0,False,0.0,14:21:54
18900.0,100,-1050.0,-0.1,SD,21277000.0,47696600.0,False,0.0,14:21:54
18900.0,200,-1050.0,-0.1,SD,21277000.0,47696500.0,False,0.0,14:21:54
18900.0,1300,-1050.0,-0.1,SD,21277000.0,47696300.0,False,0.0,14:21:54
18900.0,500,-1050.0,-0.1,SD,21277000.0,47695000.0,False,0.0,14:21:54
18900.0,100,-1050.0,-0.1,SD,21277000.0,47694500.0,False,0.0,14:21:54
18900.0,100,-1050.0,-0.1,SD,21277000.0,47694400.0,False,0.0,14:21:54
18900.0,3000,-1050.0,-0.1,SD,21277000.0,47694300.0,False,0.0,14:21:54
18900.0,100,-1050.0,-0.1,SD,21277000.0,47691300.0,False,0.0,14:21:54
18900.0,10000,-1050.0,-0.1,SD,21277000.0,47691200.0,False,0.0,14:21:54
18900.0,200,-1050.0,-0.1,SD,21277000.0,47681200.0,False,0.0,14:21:54
18900.0,1500,-1050.0,-0.1,SD,21277000.0,47681000.0,False,0.0,14:21:54
18900.0,1000,-1050.0,-0.1,SD,21277000.0,47679500.0,False,0.0,14:21:54
18900.0,200,-1050.0,-0.1,SD,21277000.0,47678500.0,False,0.0,14:21:54
18900.0,2000,-1050.0,-0.1,SD,21277000.0,47678300.0,False,0.0,14:21:54
18900.0,200,-1050.0,-0.1,SD,21277000.0,47676300.0,False,0.0,14:21:54
18900.0,200,-1050.0,-0.1,SD,21277000.0,47676100.0,False,0.0,14:21:54
18900.0,500,-1050.0,-0.1,SD,21277000.0,47675900.0,False,0.0,14:21:54
18900.0,800,-1050.0,-0.1,SD,21277000.0,47675400.0,False,-50.0,14:21:54
18950.0,200,-1000.0,-0.1,BU,21277000.0,47674600.0,False,50.0,14:21:50
18900.0,9200,-1050.0,-0.1,SD,21276800.0,47674600.0,False,0.0,14:21:49
18900.0,100,-1050.0,-0.1,SD,21276800.0,47665400.0,False,0.0,14:21:49
18900.0,100,-1050.0,-0.1,SD,21276800.0,47665300.0,False,0.0,14:21:49
18900.0,2000,-1050.0,-0.1,SD,21276800.0,47665200.0,False,0.0,14:21:49
18900.0,100,-1050.0,-0.1,SD,21276800.0,47663200.0,False,0.0,14:21:49
18900.0,500,-1050.0,-0.1,SD,21276800.0,47663100.0,False,0.0,14:21:49
18900.0,200,-1050.0,-0.1,SD,21276800.0,47662600.0,False,0.0,14:21:49
18900.0,2700,-1050.0,-0.1,SD,21276800.0,47662400.0,False,-50.0,14:21:49
18950.0,200,-1000.0,-0.1,BU,21276800.0,47659700.0,False,50.0,14:21:46
18900.0,100,-1050.0,-0.1,SD,21276600.0,47659700.0,False,-50.0,14:21:41
18950.0,2600,-1000.0,-0.1,BU,21276600.0,47659600.0,False,0.0,14:21:40
18950.0,900,-1000.0,-0.1,BU,21274000.0,47659600.0,False,0.0,14:21:37
18950.0,2000,-1000.0,-0.1,BU,21273100.0,47659600.0,False,0.0,14:21:36
18950.0,100,-1000.0,-0.1,BU,21271100.0,47659600.0,False,0.0,14:21:32
18950.0,200,-1000.0,-0.1,BU,21271000.0,47659600.0,False,0.0,14:21:31
18950.0,1000,-1000.0,-0.1,BU,21270800.0,47659600.0,False,0.0,14:21:30
18950.0,200,-1000.0,-0.1,BU,21269800.0,47659600.0,False,50.0,14:21:30
18900.0,200,-1050.0,-0.1,SD,21269600.0,47659600.0,False,0.0,14:21:29
18900.0,100,-1050.0,-0.1,SD,21269600.0,47659400.0,False,0.0,14:21:29
18900.0,400,-1050.0,-0.1,SD,21269600.0,47659300.0,False,0.0,14:21:28
18900.0,200,-1050.0,-0.1,SD,21269600.0,47658900.0,False,0.0,14:21:28
18900.0,100,-1050.0,-0.1,SD,21269600.0,47658700.0,False,0.0,14:21:28
18900.0,200,-1050.0,-0.1,SD,21269600.0,47658600.0,False,0.0,14:21:28
18900.0,1000,-1050.0,-0.1,SD,21269600.0,47658400.0,False,0.0,14:21:28
18900.0,100,-1050.0,-0.1,SD,21269600.0,47657400.0,False,0.0,14:21:28
18900.0,200,-1050.0,-0.1,SD,21269600.0,47657300.0,False,0.0,14:21:28
18900.0,100,-1050.0,-0.1,SD,21269600.0,47657100.0,False,0.0,14:21:28
18900.0,200,-1050.0,-0.1,SD,21269600.0,47657000.0,False,0.0,14:21:28
18900.0,200,-1050.0,-0.1,SD,21269600.0,47656800.0,False,0.0,14:21:26
18900.0,1000,-1050.0,-0.1,SD,21269600.0,47656600.0,False,0.0,14:21:26
18900.0,1000,-1050.0,-0.1,SD,21269600.0,47655600.0,False,0.0,14:21:26
18900.0,1000,-1050.0,-0.1,SD,21269600.0,47654600.0,False,0.0,14:21:26
18900.0,100,-1050.0,-0.1,SD,21269600.0,47653600.0,False,0.0,14:21:26
18900.0,1100,-1050.0,-0.1,SD,21269600.0,47653500.0,False,-50.0,14:21:26
18950.0,300,-1000.0,-0.1,BU,21269600.0,47652400.0,False,0.0,14:21:26
18950.0,1000,-1000.0,-0.1,BU,21269300.0,47652400.0,False,50.0,14:21:26
18900.0,500,-1050.0,-0.1,SD,21268300.0,47652400.0,False,0.0,14:21:24
18900.0,1400,-1050.0,-0.1,SD,21268300.0,47651900.0,False,0.0,14:21:24
18900.0,200,-1050.0,-0.1,SD,21268300.0,47650500.0,False,0.0,14:21:24
18900.0,100,-1050.0,-0.1,SD,21268300.0,47650300.0,False,0.0,14:21:24
18900.0,500,-1050.0,-0.1,SD,21268300.0,47650200.0,False,0.0,14:21:24
18900.0,100,-1050.0,-0.1,SD,21268300.0,47649700.0,False,0.0,14:21:24
18900.0,200,-1050.0,-0.1,SD,21268300.0,47649600.0,False,0.0,14:21:24
18900.0,500,-1050.0,-0.1,SD,21268300.0,47649400.0,False,0.0,14:21:24
18900.0,1000,-1050.0,-0.1,SD,21268300.0,47648900.0,False,0.0,14:21:24
18900.0,200,-1050.0,-0.1,SD,21268300.0,47647900.0,False,0.0,14:21:24
18900.0,1900,-1050.0,-0.1,SD,21268300.0,47647700.0,False,-50.0,14:21:23
18950.0,300,-1000.0,-0.1,BU,21268300.0,47645800.0,False,0.0,14:21:21
18950.0,1000,-1000.0,-0.1,BU,21268000.0,47645800.0,False,0.0,14:21:18
18950.0,300,-1000.0,-0.1,BU,21267000.0,47645800.0,False,50.0,14:21:16
18900.0,100,-1050.0,-0.1,SD,21266700.0,47645800.0,False,0.0,14:21:16
18900.0,500,-1050.0,-0.1,SD,21266700.0,47645700.0,False,-50.0,14:21:16
18950.0,500,-1000.0,-0.1,BU,21266700.0,47645200.0,False,0.0,14:21:15
18950.0,300,-1000.0,-0.1,BU,21266200.0,47645200.0,False,0.0,14:21:14
18950.0,100,-1000.0,-0.1,BU,21265900.0,47645200.0,False,0.0,14:21:11
18950.0,100,-1000.0,-0.1,BU,21265800.0,47645200.0,False,0.0,14:21:10
18950.0,200,-1000.0,-0.1,BU,21265700.0,47645200.0,False,0.0,14:21:07
18950.0,4000,-1000.0,-0.1,BU,21265500.0,47645200.0,False,0.0,14:21:07
18950.0,300,-1000.0,-0.1,BU,21261500.0,47645200.0,False,0.0,14:21:06
18950.0,800,-1000.0,-0.1,BU,21261200.0,47645200.0,False,0.0,14:21:06
18950.0,1500,-1000.0,-0.1,BU,21260400.0,47645200.0,False,0.0,14:21:05
18950.0,200,-1000.0,-0.1,BU,21258900.0,47645200.0,False,50.0,14:21:05
18900.0,1000,-1050.0,-0.1,SD,21258700.0,47645200.0,False,-50.0,14:21:04
18950.0,1000,-1000.0,-0.1,BU,21258700.0,47644200.0,False,0.0,14:21:04
18950.0,1200,-1000.0,-0.1,BU,21257700.0,47644200.0,False,50.0,14:21:04
18900.0,300,-1050.0,-0.1,SD,21256500.0,47644200.0,False,-50.0,14:21:04
18950.0,100,-1000.0,-0.1,BU,21256500.0,47643900.0,False,0.0,14:21:02
18950.0,200,-1000.0,-0.1,BU,21256400.0,47643900.0,False,0.0,14:21:02
18950.0,500,-1000.0,-0.1,BU,21256200.0,47643900.0,False,0.0,14:21:02
18950.0,2300,-1000.0,-0.1,BU,21255700.0,47643900.0,False,0.0,14:20:58
18950.0,500,-1000.0,-0.1,BU,21253400.0,47643900.0,False,0.0,14:20:58
18950.0,1000,-1000.0,-0.1,BU,21252900.0,47643900.0,False,0.0,14:20:57
18950.0,200,-1000.0,-0.1,BU,21251900.0,47643900.0,False,0.0,14:20:55
18950.0,400,-1000.0,-0.1,BU,21251700.0,47643900.0,False,0.0,14:20:55
18950.0,100,-1000.0,-0.1,BU,21251300.0,47643900.0,False,0.0,14:20:54
18950.0,2000,-1000.0,-0.1,BU,21251200.0,47643900.0,False,0.0,14:20:54
18950.0,200,-1000.0,-0.1,BU,21249200.0,47643900.0,False,0.0,14:20:54
18950.0,500,-1000.0,-0.1,BU,21249000.0,47643900.0,False,0.0,14:20:53
18950.0,1000,-1000.0,-0.1,BU,21248500.0,47643900.0,False,0.0,14:20:52
18950.0,500,-1000.0,-0.1,BU,21247500.0,47643900.0,False,0.0,14:20:52
18950.0,600,-1000.0,-0.1,BU,21247000.0,47643900.0,False,0.0,14:20:52
18950.0,5000,-1000.0,-0.1,BU,21246400.0,47643900.0,False,0.0,14:20:52
18950.0,15000,-1000.0,-0.1,BU,21241400.0,47643900.0,True,0.0,14:20:49
18950.0,100,-1000.0,-0.1,BU,21226400.0,47643900.0,False,0.0,14:20:44
18950.0,100,-1000.0,-0.1,BU,21226300.0,47643900.0,False,0.0,14:20:43
18950.0,1000,-1000.0,-0.1,BU,21226200.0,47643900.0,False,0.0,14:20:40
18950.0,500,-1000.0,-0.1,BU,21225200.0,47643900.0,False,0.0,14:20:39
18950.0,300,-1000.0,-0.1,BU,21224700.0,47643900.0,False,0.0,14:20:36
18950.0,1000,-1000.0,-0.1,BU,21224400.0,47643900.0,False,0.0,14:20:34
18950.0,300,-1000.0,-0.1,BU,21223400.0,47643900.0,False,0.0,14:20:34
18950.0,300,-1000.0,-0.1,BU,21223100.0,47643900.0,False,0.0,14:20:34
18950.0,100,-1000.0,-0.1,BU,21222800.0,47643900.0,False,0.0,14:20:32
18950.0,100,-1000.0,-0.1,BU,21222700.0,47643900.0,False,0.0,14:20:29
18950.0,1500,-1000.0,-0.1,SD,21222600.0,47643900.0,False,0.0,14:20:29
18950.0,300,-1000.0,-0.1,SD,21222600.0,47642400.0,False,0.0,14:20:29
18950.0,300,-1000.0,-0.1,SD,21222600.0,47642100.0,False,0.0,14:20:29
18950.0,2200,-1000.0,-0.1,SD,21222600.0,47641800.0,False,0.0,14:20:29
18950.0,1900,-1000.0,-0.1,SD,21222600.0,47639600.0,False,0.0,14:20:29
18950.0,200,-1000.0,-0.1,SD,21222600.0,47637700.0,False,0.0,14:20:29
18950.0,5000,-1000.0,-0.1,SD,21222600.0,47637500.0,False,0.0,14:20:29
18950.0,500,-1000.0,-0.1,SD,21222600.0,47632500.0,False,0.0,14:20:29
18950.0,1000,-1000.0,-0.1,SD,21222600.0,47632000.0,False,0.0,14:20:29
18950.0,100,-1000.0,-0.1,SD,21222600.0,47631000.0,False,0.0,14:20:29
18950.0,100,-1000.0,-0.1,SD,21222600.0,47630900.0,False,0.0,14:20:29
18950.0,100,-1000.0,-0.1,SD,21222600.0,47630800.0,False,0.0,14:20:29
18950.0,1000,-1000.0,-0.1,SD,21222600.0,47630700.0,False,0.0,14:20:29
18950.0,200,-1000.0,-0.1,SD,21222600.0,47629700.0,False,0.0,14:20:29
18950.0,100,-1000.0,-0.1,SD,21222600.0,47629500.0,False,0.0,14:20:29
18950.0,800,-1000.0,-0.1,SD,21222600.0,47629400.0,False,0.0,14:20:29
18950.0,300,-1000.0,-0.1,SD,21222600.0,47628600.0,False,0.0,14:20:29
18950.0,200,-1000.0,-0.1,SD,21222600.0,47628300.0,False,0.0,14:20:29
18950.0,4000,-1000.0,-0.1,SD,21222600.0,47628100.0,False,0.0,14:20:29
18950.0,1000,-1000.0,-0.1,SD,21222600.0,47624100.0,False,0.0,14:20:29
18950.0,2500,-1000.0,-0.1,SD,21222600.0,47623100.0,False,0.0,14:20:29
18950.0,1000,-1000.0,-0.1,SD,21222600.0,47620600.0,False,0.0,14:20:29
18950.0,100,-1000.0,-0.1,SD,21222600.0,47619600.0,False,0.0,14:20:29
18950.0,200,-1000.0,-0.1,SD,21222600.0,47619500.0,False,0.0,14:20:29
18950.0,5000,-1000.0,-0.1,SD,21222600.0,47619300.0,False,0.0,14:20:29
18950.0,2000,-1000.0,-0.1,SD,21222600.0,47614300.0,False,0.0,14:20:29
18950.0,500,-1000.0,-0.1,SD,21222600.0,47612300.0,False,0.0,14:20:29
18950.0,1000,-1000.0,-0.1,SD,21222600.0,47611800.0,False,0.0,14:20:29
18950.0,100,-1000.0,-0.1,SD,21222600.0,47610800.0,False,0.0,14:20:29
18950.0,100,-1000.0,-0.1,SD,21222600.0,47610700.0,False,0.0,14:20:29
18950.0,500,-1000.0,-0.1,SD,21222600.0,47610600.0,False,0.0,14:20:29
18950.0,100,-1000.0,-0.1,SD,21222600.0,47610100.0,False,0.0,14:20:29
18950.0,4700,-1000.0,-0.1,SD,21222600.0,47610000.0,False,0.0,14:20:29
18950.0,100,-1000.0,-0.1,SD,21222600.0,47605300.0,False,0.0,14:20:29
18950.0,2000,-1000.0,-0.1,SD,21222600.0,47605200.0,False,0.0,14:20:29
18950.0,100,-1000.0,-0.1,SD,21222600.0,47603200.0,False,0.0,14:20:29
18950.0,2000,-1000.0,-0.1,SD,21222600.0,47603100.0,False,0.0,14:20:29
18950.0,200,-1000.0,-0.1,SD,21222600.0,47601100.0,False,0.0,14:20:29
18950.0,400,-1000.0,-0.1,SD,21222600.0,47600900.0,False,0.0,14:20:29
18950.0,100,-1000.0,-0.1,SD,21222600.0,47600500.0,False,0.0,14:20:29
18950.0,1500,-1000.0,-0.1,SD,21222600.0,47600400.0,False,0.0,14:20:29
18950.0,100,-1000.0,-0.1,SD,21222600.0,47598900.0,False,0.0,14:20:29
18950.0,200,-1000.0,-0.1,SD,21222600.0,47598800.0,False,0.0,14:20:29
18950.0,3000,-1000.0,-0.1,SD,21222600.0,47598600.0,False,0.0,14:20:29
18950.0,1000,-1000.0,-0.1,SD,21222600.0,47595600.0,False,0.0,14:20:29
18950.0,100,-1000.0,-0.1,SD,21222600.0,47594600.0,False,0.0,14:20:29
18950.0,200,-1000.0,-0.1,SD,21222600.0,47594500.0,False,0.0,14:20:29
18950.0,500,-1000.0,-0.1,SD,21222600.0,47594300.0,False,0.0,14:20:29
18950.0,2000,-1000.0,-0.1,SD,21222600.0,47593800.0,False,0.0,14:20:29
18950.0,5000,-1000.0,-0.1,SD,21222600.0,47591800.0,False,0.0,14:20:29
18950.0,900,-1000.0,-0.1,SD,21222600.0,47586800.0,False,-50.0,14:20:29
19000.0,3000,-950.0,0.0,BU,21222600.0,47585900.0,False,50.0,14:20:29
18950.0,1000,-1000.0,-0.1,SD,21219600.0,47585900.0,False,0.0,14:20:27
18950.0,400,-1000.0,-0.1,SD,21219600.0,47584900.0,False,0.0,14:20:27
18950.0,300,-1000.0,-0.1,SD,21219600.0,47584500.0,False,0.0,14:20:26
18950.0,100,-1000.0,-0.1,SD,21219600.0,47584200.0,False,0.0,14:20:26
18950.0,400,-1000.0,-0.1,SD,21219600.0,47584100.0,False,-50.0,14:20:23
19000.0,5000,-950.0,0.0,BU,21219600.0,47583700.0,False,50.0,14:20:22
18950.0,200,-1000.0,-0.1,SD,21214600.0,47583700.0,False,0.0,14:20:21
18950.0,3900,-1000.0,-0.1,SD,21214600.0,47583500.0,False,0.0,14:20:21
18950.0,300,-1000.0,-0.1,SD,21214600.0,47579600.0,False,0.0,14:20:21
18950.0,300,-1000.0,-0.1,SD,21214600.0,47579300.0,False,0.0,14:20:21
18950.0,5000,-1000.0,-0.1,SD,21214600.0,47579000.0,False,0.0,14:20:21
18950.0,300,-1000.0,-0.1,SD,21214600.0,47574000.0,False,-50.0,14:20:21
19000.0,100,-950.0,0.0,BU,21214600.0,47573700.0,False,50.0,14:20:19
18950.0,700,-1000.0,-0.1,SD,21214500.0,47573700.0,False,0.0,14:20:19
18950.0,1000,-1000.0,-0.1,SD,21214500.0,47573000.0,False,0.0,14:20:19
18950.0,100,-1000.0,-0.1,SD,21214500.0,47572000.0,False,0.0,14:20:19
18950.0,500,-1000.0,-0.1,SD,21214500.0,47571900.0,False,0.0,14:20:19
18950.0,300,-1000.0,-0.1,SD,21214500.0,47571400.0,False,0.0,14:20:19
18950.0,1900,-1000.0,-0.1,SD,21214500.0,47571100.0,False,0.0,14:20:19
18950.0,600,-1000.0,-0.1,SD,21214500.0,47569200.0,False,0.0,14:20:18
18950.0,100,-1000.0,-0.1,SD,21214500.0,47568600.0,False,0.0,14:20:18
18950.0,100,-1000.0,-0.1,SD,21214500.0,47568500.0,False,0.0,14:20:18
18950.0,2000,-1000.0,-0.1,SD,21214500.0,47568400.0,False,0.0,14:20:18
18950.0,100,-1000.0,-0.1,SD,21214500.0,47566400.0,False,0.0,14:20:18
18950.0,100,-1000.0,-0.1,SD,21214500.0,47566300.0,False,-50.0,14:20:18
19000.0,1000,-950.0,0.0,BU,21214500.0,47566200.0,False,50.0,14:20:18
18950.0,200,-1000.0,-0.1,SD,21213500.0,47566200.0,False,0.0,14:20:18
18950.0,1400,-1000.0,-0.1,SD,21213500.0,47566000.0,False,0.0,14:20:18
18950.0,100,-1000.0,-0.1,SD,21213500.0,47564600.0,False,0.0,14:20:18
18950.0,300,-1000.0,-0.1,SD,21213500.0,47564500.0,False,0.0,14:20:18
18950.0,100,-1000.0,-0.1,SD,21213500.0,47564200.0,False,-50.0,14:20:17
19000.0,100,-950.0,0.0,BU,21213500.0,47564100.0,False,0.0,14:20:17
19000.0,100,-950.0,0.0,BU,21213400.0,47564100.0,False,50.0,14:20:15
18950.0,100,-1000.0,-0.1,SD,21213300.0,47564100.0,False,0.0,14:20:13
18950.0,100,-1000.0,-0.1,SD,21213300.0,47564000.0,False,0.0,14:20:13
18950.0,400,-1000.0,-0.1,SD,21213300.0,47563900.0,False,0.0,14:20:13
18950.0,100,-1000.0,-0.1,SD,21213300.0,47563500.0,False,0.0,14:20:13
18950.0,300,-1000.0,-0.1,SD,21213300.0,47563400.0,False,0.0,14:20:13
18950.0,10000,-1000.0,-0.1,SD,21213300.0,47563100.0,False,0.0,14:20:13
18950.0,1000,-1000.0,-0.1,SD,21213300.0,47553100.0,False,-50.0,14:20:13
19000.0,200,-950.0,0.0,BU,21213300.0,47552100.0,False,50.0,14:20:13
18950.0,2500,-1000.0,-0.1,SD,21213100.0,47552100.0,False,-50.0,14:20:10
19000.0,2100,-950.0,0.0,BU,21213100.0,47549600.0,False,50.0,14:20:09
18950.0,1000,-1000.0,-0.1,SD,21211000.0,47549600.0,False,-50.0,14:20:01
19000.0,200,-950.0,0.0,BU,21211000.0,47548600.0,False,50.0,14:20:01
18950.0,2000,-1000.0,-0.1,SD,21210800.0,47548600.0,False,0.0,14:20:01
18950.0,500,-1000.0,-0.1,SD,21210800.0,47546600.0,False,0.0,14:20:01
18950.0,100,-1000.0,-0.1,SD,21210800.0,47546100.0,False,0.0,14:20:01
18950.0,100,-1000.0,-0.1,SD,21210800.0,47546000.0,False,0.0,14:20:01
18950.0,500,-1000.0,-0.1,SD,21210800.0,47545900.0,False,0.0,14:20:01
18950.0,700,-1000.0,-0.1,SD,21210800.0,47545400.0,False,0.0,14:20:01
18950.0,100,-1000.0,-0.1,SD,21210800.0,47544700.0,False,-50.0,14:20:01
19000.0,500,-950.0,0.0,BU,21210800.0,47544600.0,False,50.0,14:19:55
18950.0,1700,-1000.0,-0.1,SD,21210300.0,47544600.0,False,0.0,14:19:51
18950.0,200,-1000.0,-0.1,SD,21210300.0,47542900.0,False,0.0,14:19:51
18950.0,200,-1000.0,-0.1,SD,21210300.0,47542700.0,False,0.0,14:19:51
18950.0,100,-1000.0,-0.1,SD,21210300.0,47542500.0,False,0.0,14:19:51
18950.0,3000,-1000.0,-0.1,SD,21210300.0,47542400.0,False,0.0,14:19:51
18950.0,400,-1000.0,-0.1,SD,21210300.0,47539400.0,False,0.0,14:19:51
18950.0,2000,-1000.0,-0.1,SD,21210300.0,47539000.0,False,0.0,14:19:50
18950.0,600,-1000.0,-0.1,SD,21210300.0,47537000.0,False,0.0,14:19:49
18950.0,200,-1000.0,-0.1,SD,21210300.0,47536400.0,False,0.0,14:19:49
18950.0,500,-1000.0,-0.1,SD,21210300.0,47536200.0,False,0.0,14:19:49
18950.0,200,-1000.0,-0.1,SD,21210300.0,47535700.0,False,0.0,14:19:49
18950.0,900,-1000.0,-0.1,SD,21210300.0,47535500.0,False,0.0,14:19:49
18950.0,300,-1000.0,-0.1,SD,21210300.0,47534600.0,False,0.0,14:19:49
18950.0,100,-1000.0,-0.1,SD,21210300.0,47534300.0,False,0.0,14:19:49
18950.0,200,-1000.0,-0.1,SD,21210300.0,47534200.0,False,0.0,14:19:49
18950.0,200,-1000.0,-0.1,SD,21210300.0,47534000.0,False,0.0,14:19:49
18950.0,500,-1000.0,-0.1,SD,21210300.0,47533800.0,False,0.0,14:19:49
18950.0,1300,-1000.0,-0.1,SD,21210300.0,47533300.0,False,-50.0,14:19:49
19000.0,100,-950.0,0.0,BU,21210300.0,47532000.0,False,50.0,14:19:49
18950.0,700,-1000.0,-0.1,SD,21210200.0,47532000.0,False,0.0,14:19:46
18950.0,300,-1000.0,-0.1,SD,21210200.0,47531300.0,False,0.0,14:19:46
18950.0,3000,-1000.0,-0.1,SD,21210200.0,47531000.0,False,0.0,14:19:46
18950.0,100,-1000.0,-0.1,SD,21210200.0,47528000.0,False,0.0,14:19:46
18950.0,700,-1000.0,-0.1,SD,21210200.0,47527900.0,False,0.0,14:19:46
18950.0,100,-1000.0,-0.1,SD,21210200.0,47527200.0,False,0.0,14:19:45
18950.0,100,-1000.0,-0.1,SD,21210200.0,47527100.0,False,0.0,14:19:45
18950.0,100,-1000.0,-0.1,SD,21210200.0,47527000.0,False,0.0,14:19:45
18950.0,1200,-1000.0,-0.1,SD,21210200.0,47526900.0,False,-50.0,14:19:45
19000.0,2000,-950.0,0.0,BU,21210200.0,47525700.0,False,50.0,14:19:43
18950.0,400,-1000.0,-0.1,SD,21208200.0,47525700.0,False,-50.0,14:19:41
19000.0,100,-950.0,0.0,BU,21208200.0,47525300.0,False,50.0,14:19:40
18950.0,1000,-1000.0,-0.1,SD,21208100.0,47525300.0,False,-50.0,14:19:39
19000.0,100,-950.0,0.0,BU,21208100.0,47524300.0,False,0.0,14:19:38
19000.0,10000,-950.0,0.0,BU,21208000.0,47524300.0,False,0.0,14:19:36
19000.0,200,-950.0,0.0,BU,21198000.0,47524300.0,False,50.0,14:19:33
18950.0,300,-1000.0,-0.1,SD,21197800.0,47524300.0,False,0.0,14:19:33
18950.0,100,-1000.0,-0.1,SD,21197800.0,47524000.0,False,0.0,14:19:30
18950.0,2300,-1000.0,-0.1,SD,21197800.0,47523900.0,False,0.0,14:19:28
18950.0,400,-1000.0,-0.1,SD,21197800.0,47521600.0,False,-50.0,14:19:28
19000.0,100,-950.0,0.0,BU,21197800.0,47521200.0,False,0.0,14:19:26
19000.0,800,-950.0,0.0,BU,21197700.0,47521200.0,False,0.0,14:19:26
19000.0,1700,-950.0,0.0,BU,21196900.0,47521200.0,False,0.0,14:19:26
19000.0,400,-950.0,0.0,BU,21195200.0,47521200.0,False,0.0,14:19:26
19000.0,1000,-950.0,0.0,BU,21194800.0,47521200.0,False,0.0,14:19:26
19000.0,100,-950.0,0.0,BU,21193800.0,47521200.0,False,50.0,14:19:25
18950.0,100,-1000.0,-0.1,SD,21193700.0,47521200.0,False,0.0,14:19:24
18950.0,400,-1000.0,-0.1,SD,21193700.0,47521100.0,False,0.0,14:19:24
18950.0,1500,-1000.0,-0.1,SD,21193700.0,47520700.0,False,-50.0,14:19:24
19000.0,300,-950.0,0.0,BU,21193700.0,47519200.0,False,50.0,14:19:23
18950.0,2500,-1000.0,-0.1,SD,21193400.0,47519200.0,False,0.0,14:19:23
18950.0,200,-1000.0,-0.1,SD,21193400.0,47516700.0,False,0.0,14:19:22
18950.0,700,-1000.0,-0.1,SD,21193400.0,47516500.0,False,0.0,14:19:22
18950.0,500,-1000.0,-0.1,SD,21193400.0,47515800.0,False,0.0,14:19:22
18950.0,1100,-1000.0,-0.1,SD,21193400.0,47515300.0,False,0.0,14:19:22
18950.0,100,-1000.0,-0.1,SD,21193400.0,47514200.0,False,0.0,14:19:22
18950.0,2000,-1000.0,-0.1,SD,21193400.0,47514100.0,False,0.0,14:19:22
18950.0,100,-1000.0,-0.1,SD,21193400.0,47512100.0,False,0.0,14:19:22
18950.0,1000,-1000.0,-0.1,SD,21193400.0,47512000.0,False,-50.0,14:19:19
19000.0,100,-950.0,0.0,BU,21193400.0,47511000.0,False,0.0,14:19:18
19000.0,500,-950.0,0.0,BU,21193300.0,47511000.0,False,50.0,14:19:18
18950.0,1000,-1000.0,-0.1,SD,21192800.0,47511000.0,False,0.0,14:19:17
18950.0,700,-1000.0,-0.1,SD,21192800.0,47510000.0,False,0.0,14:19:17
18950.0,100,-1000.0,-0.1,SD,21192800.0,47509300.0,False,0.0,14:19:17
18950.0,200,-1000.0,-0.1,SD,21192800.0,47509200.0,False,-50.0,14:19:17
19000.0,1000,-950.0,0.0,BU,21192800.0,47509000.0,False,50.0,14:19:17
18950.0,100,-1000.0,-0.1,SD,21191800.0,47509000.0,False,-50.0,14:19:17
19000.0,200,-950.0,0.0,BU,21191800.0,47508900.0,False,50.0,14:19:14
18950.0,100,-1000.0,-0.1,SD,21191600.0,47508900.0,False,-50.0,14:19:14
19000.0,2000,-950.0,0.0,BU,21191600.0,47508800.0,False,0.0,14:19:13
19000.0,200,-950.0,0.0,BU,21189600.0,47508800.0,False,0.0,14:19:13
19000.0,500,-950.0,0.0,BU,21189400.0,47508800.0,False,0.0,14:19:13
19000.0,500,-950.0,0.0,BU,21188900.0,47508800.0,False,0.0,14:19:13
19000.0,500,-950.0,0.0,BU,21188400.0,47508800.0,False,0.0,14:19:13
19000.0,1300,-950.0,0.0,BU,21187900.0,47508800.0,False,0.0,14:19:13
19000.0,500,-950.0,0.0,BU,21186600.0,47508800.0,False,0.0,14:19:13
19000.0,300,-950.0,0.0,BU,21186100.0,47508800.0,False,0.0,14:19:13
19000.0,3000,-950.0,0.0,BU,21185800.0,47508800.0,False,0.0,14:19:13
19000.0,500,-950.0,0.0,BU,21182800.0,47508800.0,False,0.0,14:19:13
19000.0,2000,-950.0,0.0,BU,21182300.0,47508800.0,False,0.0,14:19:13
19000.0,500,-950.0,0.0,BU,21180300.0,47508800.0,False,0.0,14:19:13
19000.0,1000,-950.0,0.0,BU,21179800.0,47508800.0,False,0.0,14:19:13
19000.0,500,-950.0,0.0,BU,21178800.0,47508800.0,False,0.0,14:19:13
19000.0,500,-950.0,0.0,BU,21178300.0,47508800.0,False,0.0,14:19:13
19000.0,5000,-950.0,0.0,BU,21177800.0,47508800.0,False,0.0,14:19:13
19000.0,5000,-950.0,0.0,BU,21172800.0,47508800.0,False,0.0,14:19:13
19000.0,100,-950.0,0.0,BU,21167800.0,47508800.0,False,0.0,14:19:13
19000.0,1600,-950.0,0.0,BU,21167700.0,47508800.0,False,0.0,14:19:13
19000.0,1600,-950.0,0.0,BU,21166100.0,47508800.0,False,0.0,14:19:13
19000.0,500,-950.0,0.0,BU,21164500.0,47508800.0,False,0.0,14:19:13
19000.0,500,-950.0,0.0,BU,21164000.0,47508800.0,False,0.0,14:19:13
19000.0,1000,-950.0,0.0,BU,21163500.0,47508800.0,False,0.0,14:19:13
19000.0,300,-950.0,0.0,BU,21162500.0,47508800.0,False,0.0,14:19:13
19000.0,200,-950.0,0.0,BU,21162200.0,47508800.0,False,0.0,14:19:13
19000.0,500,-950.0,0.0,BU,21162000.0,47508800.0,False,0.0,14:19:12
19000.0,1000,-950.0,0.0,BU,21161500.0,47508800.0,False,50.0,14:19:12
18950.0,600,-1000.0,-0.1,SD,21160500.0,47508800.0,False,-50.0,14:19:09
19000.0,100,-950.0,0.0,BU,21160500.0,47508200.0,False,0.0,14:19:07
19000.0,100,-950.0,0.0,BU,21160400.0,47508200.0,False,50.0,14:19:06
18950.0,1400,-1000.0,-0.1,SD,21160300.0,47508200.0,False,0.0,14:19:04
18950.0,900,-1000.0,-0.1,SD,21160300.0,47506800.0,False,0.0,14:19:04
18950.0,2400,-1000.0,-0.1,SD,21160300.0,47505900.0,False,0.0,14:19:04
18950.0,200,-1000.0,-0.1,SD,21160300.0,47503500.0,False,0.0,14:19:04
18950.0,800,-1000.0,-0.1,SD,21160300.0,47503300.0,False,0.0,14:19:04
18950.0,100,-1000.0,-0.1,SD,21160300.0,47502500.0,False,0.0,14:19:04
18950.0,100,-1000.0,-0.1,SD,21160300.0,47502400.0,False,0.0,14:19:04
18950.0,100,-1000.0,-0.1,SD,21160300.0,47502300.0,False,0.0,14:19:04
18950.0,1500,-1000.0,-0.1,SD,21160300.0,47502200.0,False,0.0,14:19:04
18950.0,1100,-1000.0,-0.1,SD,21160300.0,47500700.0,False,0.0,14:18:59
18950.0,800,-1000.0,-0.1,SD,21160300.0,47499600.0,False,-50.0,14:18:59
19000.0,1800,-950.0,0.0,BU,21160300.0,47498800.0,False,0.0,14:18:57
19000.0,900,-950.0,0.0,BU,21158500.0,47498800.0,False,0.0,14:18:57
19000.0,5000,-950.0,0.0,BU,21157600.0,47498800.0,False,0.0,14:18:57
19000.0,1000,-950.0,0.0,BU,21152600.0,47498800.0,False,0.0,14:18:57
19000.0,300,-950.0,0.0,BU,21151600.0,47498800.0,False,0.0,14:18:57
19000.0,1000,-950.0,0.0,BU,21151300.0,47498800.0,False,0.0,14:18:57
19000.0,100,-950.0,0.0,BU,21150300.0,47498800.0,False,0.0,14:18:48
19000.0,100,-950.0,0.0,BU,21150200.0,47498800.0,False,0.0,14:18:48
19000.0,200,-950.0,0.0,BU,21150100.0,47498800.0,False,50.0,14:18:46
18950.0,100,-1000.0,-0.1,SD,21149900.0,47498800.0,False,-50.0,14:18:45
19000.0,100,-950.0,0.0,BU,21149900.0,47498700.0,False,50.0,14:18:45
18950.0,1000,-1000.0,-0.1,SD,21149800.0,47498700.0,False,-50.0,14:18:42
19000.0,100,-950.0,0.0,BU,21149800.0,47497700.0,False,0.0,14:18:37
19000.0,900,-950.0,0.0,BU,21149700.0,47497700.0,False,0.0,14:18:37
19000.0,1100,-950.0,0.0,BU,21148800.0,47497700.0,False,0.0,14:18:35
19000.0,1000,-950.0,0.0,BU,21147700.0,47497700.0,False,0.0,14:18:35
19000.0,2900,-950.0,0.0,BU,21146700.0,47497700.0,False,0.0,14:18:35
19000.0,200,-950.0,0.0,BU,21143800.0,47497700.0,False,0.0,14:18:35
19000.0,100,-950.0,0.0,BU,21143600.0,47497700.0,False,0.0,14:18:35
19000.0,500,-950.0,0.0,BU,21143500.0,47497700.0,False,50.0,14:18:34
18950.0,500,-1000.0,-0.1,SD,21143000.0,47497700.0,False,-50.0,14:18:32
19000.0,1300,-950.0,0.0,BU,21143000.0,47497200.0,False,0.0,14:18:31
19000.0,100,-950.0,0.0,BU,21141700.0,47497200.0,False,0.0,14:18:31
19000.0,900,-950.0,0.0,BU,21141600.0,47497200.0,False,0.0,14:18:31
19000.0,100,-950.0,0.0,BU,21140700.0,47497200.0,False,0.0,14:18:26
19000.0,1900,-950.0,0.0,BU,21140600.0,47497200.0,False,0.0,14:18:26
19000.0,100,-950.0,0.0,BU,21138700.0,47497200.0,False,50.0,14:18:24
18950.0,500,-1000.0,-0.1,SD,21138600.0,47497200.0,False,0.0,14:18:21
18950.0,500,-1000.0,-0.1,SD,21138600.0,47496700.0,False,0.0,14:18:21
18950.0,500,-1000.0,-0.1,SD,21138600.0,47496200.0,False,0.0,14:18:21
18950.0,800,-1000.0,-0.1,SD,21138600.0,47495700.0,False,0.0,14:18:21
18950.0,1000,-1000.0,-0.1,SD,21138600.0,47494900.0,False,0.0,14:18:21
18950.0,700,-1000.0,-0.1,SD,21138600.0,47493900.0,False,-50.0,14:18:21
19000.0,1000,-950.0,0.0,BU,21138600.0,47493200.0,False,0.0,14:18:20
19000.0,1000,-950.0,0.0,BU,21137600.0,47493200.0,False,0.0,14:18:19
19000.0,300,-950.0,0.0,BU,21136600.0,47493200.0,False,0.0,14:18:17
19000.0,400,-950.0,0.0,BU,21136300.0,47493200.0,False,0.0,14:18:16
19000.0,300,-950.0,0.0,BU,21135900.0,47493200.0,False,0.0,14:18:12
19000.0,100,-950.0,0.0,BU,21135600.0,47493200.0,False,0.0,14:18:12
19000.0,500,-950.0,0.0,BU,21135500.0,47493200.0,False,0.0,14:18:12
19000.0,100,-950.0,0.0,BU,21135000.0,47493200.0,False,50.0,14:18:12
18950.0,5000,-1000.0,-0.1,SD,21134900.0,47493200.0,False,-50.0,14:18:07
19000.0,900,-950.0,0.0,BU,21134900.0,47488200.0,False,0.0,14:18:05
19000.0,100,-950.0,0.0,BU,21134000.0,47488200.0,False,0.0,14:18:05
19000.0,1000,-950.0,0.0,BU,21133900.0,47488200.0,False,0.0,14:18:05
19000.0,400,-950.0,0.0,BU,21132900.0,47488200.0,False,0.0,14:18:05
19000.0,600,-950.0,0.0,BU,21132500.0,47488200.0,False,0.0,14:18:05
19000.0,600,-950.0,0.0,BU,21131900.0,47488200.0,False,50.0,14:18:03
18950.0,4300,-1000.0,-0.1,SD,21131300.0,47488200.0,False,0.0,14:18:03
18950.0,500,-1000.0,-0.1,SD,21131300.0,47483900.0,False,0.0,14:18:03
18950.0,200,-1000.0,-0.1,SD,21131300.0,47483400.0,False,-50.0,14:18:03
19000.0,100,-950.0,0.0,BU,21131300.0,47483200.0,False,0.0,14:18:02
19000.0,1000,-950.0,0.0,BU,21131200.0,47483200.0,False,50.0,14:18:00
18950.0,300,-1000.0,-0.1,SD,21130200.0,47483200.0,False,0.0,14:18:00
18950.0,500,-1000.0,-0.1,SD,21130200.0,47482900.0,False,-50.0,14:18:00
19000.0,2000,-950.0,0.0,BU,21130200.0,47482400.0,False,0.0,14:17:58
19000.0,1000,-950.0,0.0,BU,21128200.0,47482400.0,False,0.0,14:17:58
19000.0,5000,-950.0,0.0,BU,21127200.0,47482400.0,False,0.0,14:17:58
19000.0,500,-950.0,0.0,BU,21122200.0,47482400.0,False,0.0,14:17:56
19000.0,1500,-950.0,0.0,BU,21121700.0,47482400.0,False,0.0,14:17:54
19000.0,100,-950.0,0.0,BU,21120200.0,47482400.0,False,0.0,14:17:53
19000.0,500,-950.0,0.0,BU,21120100.0,47482400.0,False,0.0,14:17:53
19000.0,400,-950.0,0.0,BU,21119600.0,47482400.0,False,0.0,14:17:53
19000.0,800,-950.0,0.0,BU,21119200.0,47482400.0,False,0.0,14:17:51
19000.0,300,-950.0,0.0,BU,21118400.0,47482400.0,False,0.0,14:17:50
19000.0,6000,-950.0,0.0,BU,21118100.0,47482400.0,False,0.0,14:17:50
19000.0,9600,-950.0,0.0,BU,21112100.0,47482400.0,False,0.0,14:17:49
19000.0,1000,-950.0,0.0,BU,21102500.0,47482400.0,False,0.0,14:17:49
19000.0,2100,-950.0,0.0,BU,21101500.0,47482400.0,False,0.0,14:17:49
19000.0,300,-950.0,0.0,BU,21099400.0,47482400.0,False,0.0,14:17:49
19000.0,200,-950.0,0.0,BU,21099100.0,47482400.0,False,0.0,14:17:47
19000.0,300,-950.0,0.0,BU,21098900.0,47482400.0,False,0.0,14:17:47
19000.0,700,-950.0,0.0,BU,21098600.0,47482400.0,False,0.0,14:17:45
19000.0,500,-950.0,0.0,BU,21097900.0,47482400.0,False,0.0,14:17:45
19000.0,800,-950.0,0.0,BU,21097400.0,47482400.0,False,0.0,14:17:45
19000.0,1000,-950.0,0.0,BU,21096600.0,47482400.0,False,0.0,14:17:39
19000.0,200,-950.0,0.0,BU,21095600.0,47482400.0,False,0.0,14:17:39
19000.0,100,-950.0,0.0,BU,21095400.0,47482400.0,False,0.0,14:17:39
19000.0,1000,-950.0,0.0,BU,21095300.0,47482400.0,False,0.0,14:17:39
19000.0,1700,-950.0,0.0,BU,21094300.0,47482400.0,False,0.0,14:17:39
19000.0,3000,-950.0,0.0,BU,21092600.0,47482400.0,False,100.0,14:17:38
18900.0,700,-1050.0,-0.1,SD,21089600.0,47482400.0,False,-50.0,14:17:37
18950.0,100,-1000.0,-0.1,SD,21089600.0,47481700.0,False,0.0,14:17:37
18950.0,100,-1000.0,-0.1,SD,21089600.0,47481600.0,False,0.0,14:17:37
18950.0,100,-1000.0,-0.1,SD,21089600.0,47481500.0,False,-50.0,14:17:37
19000.0,300,-950.0,0.0,BU,21089600.0,47481400.0,False,50.0,14:17:34
18950.0,300,-1000.0,-0.1,BU,21089300.0,47481400.0,False,0.0,14:17:34
18950.0,2000,-1000.0,-0.1,BU,21089000.0,47481400.0,False,50.0,14:17:32
18900.0,300,-1050.0,-0.1,SD,21087000.0,47481400.0,False,-50.0,14:17:31
18950.0,100,-1000.0,-0.1,SD,21087000.0,47481100.0,False,50.0,14:17:30
18900.0,200,-1050.0,-0.1,SD,21087000.0,47481000.0,False,0.0,14:17:30
18900.0,500,-1050.0,-0.1,SD,21087000.0,47480800.0,False,0.0,14:17:30
18900.0,5000,-1050.0,-0.1,SD,21087000.0,47480300.0,False,0.0,14:17:30
18900.0,100,-1050.0,-0.1,SD,21087000.0,47475300.0,False,0.0,14:17:30
18900.0,1700,-1050.0,-0.1,SD,21087000.0,47475200.0,False,0.0,14:17:30
18900.0,200,-1050.0,-0.1,SD,21087000.0,47473500.0,False,0.0,14:17:30
18900.0,4200,-1050.0,-0.1,SD,21087000.0,47473300.0,False,0.0,14:17:30
18900.0,500,-1050.0,-0.1,SD,21087000.0,47469100.0,False,0.0,14:17:30
18900.0,2100,-1050.0,-0.1,SD,21087000.0,47468600.0,False,-50.0,14:17:30
18950.0,1000,-1000.0,-0.1,SD,21087000.0,47466500.0,False,0.0,14:17:30
18950.0,200,-1000.0,-0.1,SD,21087000.0,47465500.0,False,0.0,14:17:30
18950.0,200,-1000.0,-0.1,SD,21087000.0,47465300.0,False,0.0,14:17:30
18950.0,500,-1000.0,-0.1,SD,21087000.0,47465100.0,False,0.0,14:17:30
18950.0,10000,-1000.0,-0.1,SD,21087000.0,47464600.0,False,0.0,14:17:30
18950.0,100,-1000.0,-0.1,SD,21087000.0,47454600.0,False,0.0,14:17:30
18950.0,2000,-1000.0,-0.1,SD,21087000.0,47454500.0,False,0.0,14:17:30
18950.0,20400,-1000.0,-0.1,SD,21087000.0,47452500.0,True,0.0,14:17:30
18950.0,200,-1000.0,-0.1,SD,21087000.0,47432100.0,False,0.0,14:17:30
18950.0,500,-1000.0,-0.1,SD,21087000.0,47431900.0,False,0.0,14:17:26
18950.0,3000,-1000.0,-0.1,SD,21087000.0,47431400.0,False,0.0,14:17:25
18950.0,10000,-1000.0,-0.1,BU,21087000.0,47428400.0,False,0.0,14:17:22
18950.0,100,-1000.0,-0.1,BU,21077000.0,47428400.0,False,0.0,14:17:22
18950.0,2500,-1000.0,-0.1,BU,21076900.0,47428400.0,False,0.0,14:17:22
18950.0,2000,-1000.0,-0.1,BU,21074400.0,47428400.0,False,0.0,14:17:22
18950.0,100,-1000.0,-0.1,BU,21072400.0,47428400.0,False,0.0,14:17:22
18950.0,100,-1000.0,-0.1,BU,21072300.0,47428400.0,False,0.0,14:17:22
18950.0,100,-1000.0,-0.1,BU,21072200.0,47428400.0,False,0.0,14:17:22
18950.0,600,-1000.0,-0.1,BU,21072100.0,47428400.0,False,0.0,14:17:22
18950.0,500,-1000.0,-0.1,BU,21071500.0,47428400.0,False,0.0,14:17:22
18950.0,1100,-1000.0,-0.1,BU,21071000.0,47428400.0,False,0.0,14:17:22
18950.0,8800,-1000.0,-0.1,BU,21069900.0,47428400.0,False,0.0,14:17:22
18950.0,400,-1000.0,-0.1,BU,21061100.0,47428400.0,False,50.0,14:17:21
18900.0,1200,-1050.0,-0.1,SD,21060700.0,47428400.0,False,-50.0,14:17:19
18950.0,600,-1000.0,-0.1,BU,21060700.0,47427200.0,False,0.0,14:17:18
18950.0,1000,-1000.0,-0.1,BU,21060100.0,47427200.0,False,0.0,14:17:18
18950.0,5000,-1000.0,-0.1,BU,21059100.0,47427200.0,False,0.0,14:17:18
18950.0,2000,-1000.0,-0.1,BU,21054100.0,47427200.0,False,0.0,14:17:18
18950.0,100,-1000.0,-0.1,BU,21052100.0,47427200.0,False,0.0,14:17:18
18950.0,1300,-1000.0,-0.1,BU,21052000.0,47427200.0,False,0.0,14:17:18
18950.0,100,-1000.0,-0.1,BU,21050700.0,47427200.0,False,50.0,14:17:17
18900.0,5000,-1050.0,-0.1,SD,21050600.0,47427200.0,False,-50.0,14:17:15
18950.0,100,-1000.0,-0.1,BU,21050600.0,47422200.0,False,0.0,14:17:14
18950.0,100,-1000.0,-0.1,BU,21050500.0,47422200.0,False,0.0,14:17:14
18950.0,2000,-1000.0,-0.1,BU,21050400.0,47422200.0,False,0.0,14:17:13
18950.0,1400,-1000.0,-0.1,BU,21048400.0,47422200.0,False,0.0,14:17:11
18950.0,200,-1000.0,-0.1,BU,21047000.0,47422200.0,False,0.0,14:17:11
18950.0,18400,-1000.0,-0.1,BU,21046800.0,47422200.0,True,0.0,14:17:11
18950.0,1000,-1000.0,-0.1,BU,21028400.0,47422200.0,False,0.0,14:17:08
18950.0,50000,-1000.0,-0.1,BU,21027400.0,47422200.0,True,0.0,14:17:07
18950.0,4000,-1000.0,-0.1,BU,20977400.0,47422200.0,False,0.0,14:17:07
18950.0,500,-1000.0,-0.1,BU,20973400.0,47422200.0,False,0.0,14:17:06
18950.0,100,-1000.0,-0.1,BU,20972900.0,47422200.0,False,0.0,14:17:05
18950.0,2900,-1000.0,-0.1,BU,20972800.0,47422200.0,False,0.0,14:17:03
18950.0,500,-1000.0,-0.1,BU,20969900.0,47422200.0,False,0.0,14:17:02
18950.0,200,-1000.0,-0.1,BU,20969400.0,47422200.0,False,0.0,14:17:02
18950.0,10000,-1000.0,-0.1,BU,20969200.0,47422200.0,False,0.0,14:16:57
18950.0,500,-1000.0,-0.1,BU,20959200.0,47422200.0,False,50.0,14:16:55
18900.0,100,-1050.0,-0.1,SD,20958700.0,47422200.0,False,-50.0,14:16:48
18950.0,2000,-1000.0,-0.1,BU,20958700.0,47422100.0,False,0.0,14:16:47
18950.0,9900,-1000.0,-0.1,BU,20956700.0,47422100.0,False,0.0,14:16:44
18950.0,100,-1000.0,-0.1,BU,20946800.0,47422100.0,False,0.0,14:16:44
18950.0,300,-1000.0,-0.1,BU,20946700.0,47422100.0,False,50.0,14:16:43
18900.0,300,-1050.0,-0.1,SD,20946400.0,47422100.0,False,0.0,14:16:42
18900.0,100,-1050.0,-0.1,SD,20946400.0,47421800.0,False,0.0,14:16:40
18900.0,1200,-1050.0,-0.1,SD,20946400.0,47421700.0,False,0.0,14:16:40
18900.0,100,-1050.0,-0.1,SD,20946400.0,47420500.0,False,0.0,14:16:40
18900.0,300,-1050.0,-0.1,SD,20946400.0,47420400.0,False,0.0,14:16:40
18900.0,1000,-1050.0,-0.1,SD,20946400.0,47420100.0,False,0.0,14:16:40
18900.0,500,-1050.0,-0.1,SD,20946400.0,47419100.0,False,0.0,14:16:40
18900.0,100,-1050.0,-0.1,SD,20946400.0,47418600.0,False,0.0,14:16:40
18900.0,100,-1050.0,-0.1,SD,20946400.0,47418500.0,False,0.0,14:16:40
18900.0,100,-1050.0,-0.1,SD,20946400.0,47418400.0,False,-50.0,14:16:38
18950.0,1000,-1000.0,-0.1,BU,20946400.0,47418300.0,False,50.0,14:16:36
18900.0,800,-1050.0,-0.1,SD,20945400.0,47418300.0,False,0.0,14:16:36
18900.0,300,-1050.0,-0.1,SD,20945400.0,47417500.0,False,0.0,14:16:36
18900.0,3000,-1050.0,-0.1,SD,20945400.0,47417200.0,False,0.0,14:16:36
18900.0,500,-1050.0,-0.1,SD,20945400.0,47414200.0,False,0.0,14:16:36
18900.0,200,-1050.0,-0.1,SD,20945400.0,47413700.0,False,0.0,14:16:36
18900.0,3000,-1050.0,-0.1,SD,20945400.0,47413500.0,False,0.0,14:16:36
18900.0,5000,-1050.0,-0.1,SD,20945400.0,47410500.0,False,0.0,14:16:36
18900.0,2000,-1050.0,-0.1,SD,20945400.0,47405500.0,False,0.0,14:16:36
18900.0,300,-1050.0,-0.1,SD,20945400.0,47403500.0,False,0.0,14:16:36
18900.0,100,-1050.0,-0.1,SD,20945400.0,47403200.0,False,0.0,14:16:36
18900.0,500,-1050.0,-0.1,SD,20945400.0,47403100.0,False,0.0,14:16:36
18900.0,21200,-1050.0,-0.1,SD,20945400.0,47402600.0,True,-50.0,14:16:36
18950.0,1500,-1000.0,-0.1,BU,20945400.0,47381400.0,False,50.0,14:16:35
18900.0,1000,-1050.0,-0.1,SD,20943900.0,47381400.0,False,-50.0,14:16:30
18950.0,100,-1000.0,-0.1,BU,20943900.0,47380400.0,False,50.0,14:16:24
18900.0,200,-1050.0,-0.1,BU,20943800.0,47380400.0,False,0.0,14:16:23
18900.0,1000,-1050.0,-0.1,BU,20943600.0,47380400.0,False,0.0,14:16:23
18900.0,100,-1050.0,-0.1,BU,20942600.0,47380400.0,False,0.0,14:16:23
18900.0,600,-1050.0,-0.1,BU,20942500.0,47380400.0,False,0.0,14:16:23
18900.0,5000,-1050.0,-0.1,BU,20941900.0,47380400.0,False,0.0,14:16:23
18900.0,900,-1050.0,-0.1,BU,20936900.0,47380400.0,False,0.0,14:16:23
18900.0,100,-1050.0,-0.1,BU,20936000.0,47380400.0,False,0.0,14:16:23
18900.0,100,-1050.0,-0.1,BU,20935900.0,47380400.0,False,0.0,14:16:21
18900.0,1100,-1050.0,-0.1,BU,20935800.0,47380400.0,False,0.0,14:16:21
18900.0,700,-1050.0,-0.1,BU,20934700.0,47380400.0,False,0.0,14:16:20
18900.0,100,-1050.0,-0.1,BU,20934000.0,47380400.0,False,0.0,14:16:20
18900.0,400,-1050.0,-0.1,BU,20933900.0,47380400.0,False,50.0,14:16:20
18850.0,900,-1100.0,-0.1,SD,20933500.0,47380400.0,False,0.0,14:16:19
18850.0,100,-1100.0,-0.1,SD,20933500.0,47379500.0,False,0.0,14:16:19
18850.0,4000,-1100.0,-0.1,SD,20933500.0,47379400.0,False,-50.0,14:16:19
18900.0,100,-1050.0,-0.1,BU,20933500.0,47375400.0,False,0.0,14:16:18
18900.0,100,-1050.0,-0.1,BU,20933400.0,47375400.0,False,50.0,14:16:17
18850.0,200,-1100.0,-0.1,SD,20933300.0,47375400.0,False,-50.0,14:16:17
18900.0,100,-1050.0,-0.1,BU,20933300.0,47375200.0,False,0.0,14:16:17
18900.0,100,-1050.0,-0.1,BU,20933200.0,47375200.0,False,0.0,14:16:16
18900.0,100,-1050.0,-0.1,BU,20933100.0,47375200.0,False,0.0,14:16:15
18900.0,1000,-1050.0,-0.1,BU,20933000.0,47375200.0,False,0.0,14:16:14
18900.0,1000,-1050.0,-0.1,BU,20932000.0,47375200.0,False,0.0,14:16:13
18900.0,200,-1050.0,-0.1,BU,20931000.0,47375200.0,False,0.0,14:16:13
18900.0,200,-1050.0,-0.1,BU,20930800.0,47375200.0,False,0.0,14:16:12
18900.0,1200,-1050.0,-0.1,BU,20930600.0,47375200.0,False,0.0,14:16:11
18900.0,800,-1050.0,-0.1,BU,20929400.0,47375200.0,False,0.0,14:16:11
18900.0,2500,-1050.0,-0.1,BU,20928600.0,47375200.0,False,0.0,14:16:11
18900.0,2000,-1050.0,-0.1,BU,20926100.0,47375200.0,False,0.0,14:16:11
18900.0,1000,-1050.0,-0.1,BU,20924100.0,47375200.0,False,0.0,14:16:11
18900.0,200,-1050.0,-0.1,BU,20923100.0,47375200.0,False,0.0,14:16:11
18900.0,100,-1050.0,-0.1,BU,20922900.0,47375200.0,False,0.0,14:16:11
18900.0,500,-1050.0,-0.1,BU,20922800.0,47375200.0,False,0.0,14:16:11
18900.0,3000,-1050.0,-0.1,BU,20922300.0,47375200.0,False,0.0,14:16:11
18900.0,300,-1050.0,-0.1,BU,20919300.0,47375200.0,False,0.0,14:16:11
18900.0,400,-1050.0,-0.1,BU,20919000.0,47375200.0,False,0.0,14:16:11
18900.0,600,-1050.0,-0.1,BU,20918600.0,47375200.0,False,0.0,14:16:11
18900.0,400,-1050.0,-0.1,BU,20918000.0,47375200.0,False,0.0,14:16:11
18900.0,100,-1050.0,-0.1,BU,20917600.0,47375200.0,False,0.0,14:16:11
18900.0,300,-1050.0,-0.1,BU,20917500.0,47375200.0,False,0.0,14:16:11
18900.0,100,-1050.0,-0.1,BU,20917200.0,47375200.0,False,0.0,14:16:08
18900.0,3000,-1050.0,-0.1,BU,20917100.0,47375200.0,False,0.0,14:16:08
18900.0,100,-1050.0,-0.1,BU,20914100.0,47375200.0,False,0.0,14:16:08
18900.0,100,-1050.0,-0.1,BU,20914000.0,47375200.0,False,0.0,14:16:08
18900.0,5000,-1050.0,-0.1,BU,20913900.0,47375200.0,False,0.0,14:16:08
18900.0,500,-1050.0,-0.1,BU,20908900.0,47375200.0,False,0.0,14:16:08
18900.0,1000,-1050.0,-0.1,BU,20908400.0,47375200.0,False,0.0,14:16:08
18900.0,200,-1050.0,-0.1,BU,20907400.0,47375200.0,False,0.0,14:16:08
18900.0,300,-1050.0,-0.1,BU,20907200.0,47375200.0,False,0.0,14:16:08
18900.0,100,-1050.0,-0.1,BU,20906900.0,47375200.0,False,0.0,14:16:06
18900.0,400,-1050.0,-0.1,BU,20906800.0,47375200.0,False,0.0,14:16:04
18900.0,600,-1050.0,-0.1,BU,20906400.0,47375200.0,False,0.0,14:16:04
18900.0,800,-1050.0,-0.1,BU,20905800.0,47375200.0,False,0.0,14:16:02
18900.0,200,-1050.0,-0.1,BU,20905000.0,47375200.0,False,0.0,14:16:01
18900.0,400,-1050.0,-0.1,BU,20904800.0,47375200.0,False,0.0,14:16:01
18900.0,600,-1050.0,-0.1,BU,20904400.0,47375200.0,False,0.0,14:16:01
18900.0,3000,-1050.0,-0.1,BU,20903800.0,47375200.0,False,50.0,14:15:59
18850.0,500,-1100.0,-0.1,SD,20900800.0,47375200.0,False,0.0,14:15:58
18850.0,800,-1100.0,-0.1,SD,20900800.0,47374700.0,False,0.0,14:15:58
18850.0,700,-1100.0,-0.1,SD,20900800.0,47373900.0,False,-50.0,14:15:58
18900.0,1000,-1050.0,-0.1,BU,20900800.0,47373200.0,False,0.0,14:15:56
18900.0,200,-1050.0,-0.1,BU,20899800.0,47373200.0,False,50.0,14:15:53
18850.0,1900,-1100.0,-0.1,SD,20899600.0,47373200.0,False,-50.0,14:15:51
18900.0,100,-1050.0,-0.1,BU,20899600.0,47371300.0,False,50.0,14:15:49
18850.0,100,-1100.0,-0.1,SD,20899500.0,47371300.0,False,-50.0,14:15:48
18900.0,100,-1050.0,-0.1,BU,20899500.0,47371200.0,False,50.0,14:15:48
18850.0,3400,-1100.0,-0.1,SD,20899400.0,47371200.0,False,0.0,14:15:46
18850.0,200,-1100.0,-0.1,SD,20899400.0,47367800.0,False,-50.0,14:15:46
18900.0,3000,-1050.0,-0.1,BU,20899400.0,47367600.0,False,0.0,14:15:46
18900.0,1300,-1050.0,-0.1,BU,20896400.0,47367600.0,False,0.0,14:15:44
18900.0,2000,-1050.0,-0.1,BU,20895100.0,47367600.0,False,50.0,14:15:43
18850.0,500,-1100.0,-0.1,SD,20893100.0,47367600.0,False,0.0,14:15:38
18850.0,2500,-1100.0,-0.1,SD,20893100.0,47367100.0,False,0.0,14:15:37
18850.0,100,-1100.0,-0.1,SD,20893100.0,47364600.0,False,-50.0,14:15:36
18900.0,800,-1050.0,-0.1,BU,20893100.0,47364500.0,False,50.0,14:15:35
18850.0,6700,-1100.0,-0.1,SD,20892300.0,47364500.0,False,0.0,14:15:34
18850.0,200,-1100.0,-0.1,SD,20892300.0,47357800.0,False,0.0,14:15:34
18850.0,13100,-1100.0,-0.1,SD,20892300.0,47357600.0,True,0.0,14:15:34
18850.0,500,-1100.0,-0.1,SD,20892300.0,47344500.0,False,0.0,14:15:32
18850.0,1000,-1100.0,-0.1,SD,20892300.0,47344000.0,False,0.0,14:15:32
18850.0,300,-1100.0,-0.1,SD,20892300.0,47343000.0,False,0.0,14:15:32
18850.0,500,-1100.0,-0.1,SD,20892300.0,47342700.0,False,0.0,14:15:32
18850.0,4600,-1100.0,-0.1,SD,20892300.0,47342200.0,False,0.0,14:15:32
18850.0,100,-1100.0,-0.1,BU,20892300.0,47337600.0,False,50.0,14:15:32
18800.0,100,-1150.0,-0.1,SD,20892200.0,47337600.0,False,-50.0,14:15:32
18850.0,2100,-1100.0,-0.1,BU,20892200.0,47337500.0,False,50.0,14:15:32
18800.0,900,-1150.0,-0.1,SD,20890100.0,47337500.0,False,-50.0,14:15:32
18850.0,5000,-1100.0,-0.1,BU,20890100.0,47336600.0,False,0.0,14:15:32
18850.0,400,-1100.0,-0.1,BU,20885100.0,47336600.0,False,0.0,14:15:32
18850.0,100,-1100.0,-0.1,BU,20884700.0,47336600.0,False,0.0,14:15:32
18850.0,1000,-1100.0,-0.1,BU,20884600.0,47336600.0,False,0.0,14:15:32
18850.0,300,-1100.0,-0.1,BU,20883600.0,47336600.0,False,0.0,14:15:32
18850.0,2000,-1100.0,-0.1,BU,20883300.0,47336600.0,False,0.0,14:15:32
18850.0,1200,-1100.0,-0.1,BU,20881300.0,47336600.0,False,0.0,14:15:32
18850.0,100,-1100.0,-0.1,BU,20880100.0,47336600.0,False,0.0,14:15:32
18850.0,1900,-1100.0,-0.1,BU,20880000.0,47336600.0,False,0.0,14:15:32
18850.0,500,-1100.0,-0.1,BU,20878100.0,47336600.0,False,0.0,14:15:32
18850.0,100,-1100.0,-0.1,BU,20877600.0,47336600.0,False,0.0,14:15:32
18850.0,2000,-1100.0,-0.1,BU,20877500.0,47336600.0,False,0.0,14:15:32
18850.0,13200,-1100.0,-0.1,BU,20875500.0,47336600.0,True,0.0,14:15:32
18850.0,300,-1100.0,-0.1,BU,20862300.0,47336600.0,False,0.0,14:15:31
18850.0,200,-1100.0,-0.1,BU,20862000.0,47336600.0,False,0.0,14:15:31
18850.0,900,-1100.0,-0.1,BU,20861800.0,47336600.0,False,0.0,14:15:30
18850.0,600,-1100.0,-0.1,BU,20860900.0,47336600.0,False,0.0,14:15:30
18850.0,100,-1100.0,-0.1,BU,20860300.0,47336600.0,False,0.0,14:15:30
18850.0,100,-1100.0,-0.1,BU,20860200.0,47336600.0,False,0.0,14:15:30
18850.0,100,-1100.0,-0.1,BU,20860100.0,47336600.0,False,0.0,14:15:30
18850.0,500,-1100.0,-0.1,BU,20860000.0,47336600.0,False,0.0,14:15:29
18850.0,10000,-1100.0,-0.1,BU,20859500.0,47336600.0,False,0.0,14:15:28
18850.0,15000,-1100.0,-0.1,BU,20849500.0,47336600.0,True,0.0,14:15:27
18850.0,500,-1100.0,-0.1,BU,20834500.0,47336600.0,False,0.0,14:15:26
18850.0,2000,-1100.0,-0.1,BU,20834000.0,47336600.0,False,0.0,14:15:26
18850.0,200,-1100.0,-0.1,BU,20832000.0,47336600.0,False,0.0,14:15:25
18850.0,1000,-1100.0,-0.1,BU,20831800.0,47336600.0,False,0.0,14:15:24
18850.0,200,-1100.0,-0.1,BU,20830800.0,47336600.0,False,0.0,14:15:24
18850.0,100,-1100.0,-0.1,BU,20830600.0,47336600.0,False,0.0,14:15:23
18850.0,10000,-1100.0,-0.1,BU,20830500.0,47336600.0,False,0.0,14:15:23
18850.0,100,-1100.0,-0.1,BU,20820500.0,47336600.0,False,0.0,14:15:23
18850.0,200,-1100.0,-0.1,BU,20820400.0,47336600.0,False,0.0,14:15:22
18850.0,1800,-1100.0,-0.1,BU,20820200.0,47336600.0,False,0.0,14:15:22
18850.0,7000,-1100.0,-0.1,BU,20818400.0,47336600.0,False,50.0,14:15:22
18800.0,2000,-1150.0,-0.1,SD,20811400.0,47336600.0,False,-50.0,14:15:20
18850.0,10000,-1100.0,-0.1,BU,20811400.0,47334600.0,False,0.0,14:15:20
18850.0,1600,-1100.0,-0.1,BU,20801400.0,47334600.0,False,0.0,14:15:20
18850.0,3500,-1100.0,-0.1,BU,20799800.0,47334600.0,False,50.0,14:15:20
18800.0,300,-1150.0,-0.1,SD,20796300.0,47334600.0,False,-50.0,14:15:19
18850.0,100,-1100.0,-0.1,BU,20796300.0,47334300.0,False,0.0,14:15:17
18850.0,200,-1100.0,-0.1,BU,20796200.0,47334300.0,False,0.0,14:15:17
18850.0,1000,-1100.0,-0.1,BU,20796000.0,47334300.0,False,0.0,14:15:16
18850.0,15600,-1100.0,-0.1,BU,20795000.0,47334300.0,True,0.0,14:15:16
18850.0,10000,-1100.0,-0.1,BU,20779400.0,47334300.0,False,0.0,14:15:15
18850.0,200,-1100.0,-0.1,BU,20769400.0,47334300.0,False,0.0,14:15:15
18850.0,300,-1100.0,-0.1,BU,20769200.0,47334300.0,False,0.0,14:15:14
18850.0,100,-1100.0,-0.1,BU,20768900.0,47334300.0,False,0.0,14:15:14
18850.0,1000,-1100.0,-0.1,BU,20768800.0,47334300.0,False,50.0,14:15:14
18800.0,100,-1150.0,-0.1,SD,20767800.0,47334300.0,False,-50.0,14:15:14
18850.0,2000,-1100.0,-0.1,BU,20767800.0,47334200.0,False,0.0,14:15:14
18850.0,5000,-1100.0,-0.1,BU,20765800.0,47334200.0,False,0.0,14:15:12
18850.0,200,-1100.0,-0.1,BU,20760800.0,47334200.0,False,50.0,14:15:12
18800.0,1700,-1150.0,-0.1,SD,20760600.0,47334200.0,False,0.0,14:15:11
18800.0,600,-1150.0,-0.1,SD,20760600.0,47332500.0,False,0.0,14:15:11
18800.0,200,-1150.0,-0.1,SD,20760600.0,47331900.0,False,0.0,14:15:11
18800.0,500,-1150.0,-0.1,SD,20760600.0,47331700.0,False,0.0,14:15:11
18800.0,2000,-1150.0,-0.1,SD,20760600.0,47331200.0,False,0.0,14:15:11
18800.0,500,-1150.0,-0.1,SD,20760600.0,47329200.0,False,-50.0,14:15:11
18850.0,1000,-1100.0,-0.1,BU,20760600.0,47328700.0,False,0.0,14:15:09
18850.0,500,-1100.0,-0.1,BU,20759600.0,47328700.0,False,0.0,14:15:08
18850.0,1000,-1100.0,-0.1,BU,20759100.0,47328700.0,False,0.0,14:15:08
18850.0,1000,-1100.0,-0.1,BU,20758100.0,47328700.0,False,0.0,14:15:06
18850.0,1000,-1100.0,-0.1,BU,20757100.0,47328700.0,False,50.0,14:15:06
18800.0,1000,-1150.0,-0.1,SD,20756100.0,47328700.0,False,-50.0,14:15:04
18850.0,100,-1100.0,-0.1,BU,20756100.0,47327700.0,False,50.0,14:15:04
18800.0,100,-1150.0,-0.1,SD,20756000.0,47327700.0,False,0.0,14:15:04
18800.0,500,-1150.0,-0.1,SD,20756000.0,47327600.0,False,0.0,14:15:04
18800.0,1000,-1150.0,-0.1,SD,20756000.0,47327100.0,False,0.0,14:15:04
18800.0,1000,-1150.0,-0.1,SD,20756000.0,47326100.0,False,0.0,14:15:04
18800.0,1000,-1150.0,-0.1,SD,20756000.0,47325100.0,False,0.0,14:15:04
18800.0,200,-1150.0,-0.1,SD,20756000.0,47324100.0,False,0.0,14:15:04
18800.0,6200,-1150.0,-0.1,SD,20756000.0,47323900.0,False,0.0,14:15:04
18800.0,400,-1150.0,-0.1,SD,20756000.0,47317700.0,False,-50.0,14:15:03
18850.0,500,-1100.0,-0.1,BU,20756000.0,47317300.0,False,0.0,14:15:03
18850.0,100,-1100.0,-0.1,BU,20755500.0,47317300.0,False,0.0,14:15:01
18850.0,1500,-1100.0,-0.1,BU,20755400.0,47317300.0,False,0.0,14:14:59
18850.0,100,-1100.0,-0.1,BU,20753900.0,47317300.0,False,0.0,14:14:59
18850.0,1000,-1100.0,-0.1,BU,20753800.0,47317300.0,False,0.0,14:14:59
18850.0,400,-1100.0,-0.1,BU,20752800.0,47317300.0,False,0.0,14:14:59
18850.0,200,-1100.0,-0.1,BU,20752400.0,47317300.0,False,0.0,14:14:58
18850.0,200,-1100.0,-0.1,BU,20752200.0,47317300.0,False,0.0,14:14:58
18850.0,700,-1100.0,-0.1,BU,20752000.0,47317300.0,False,0.0,14:14:55
18850.0,3000,-1100.0,-0.1,BU,20751300.0,47317300.0,False,0.0,14:14:54
18850.0,100,-1100.0,-0.1,BU,20748300.0,47317300.0,False,0.0,14:14:53
18850.0,5300,-1100.0,-0.1,BU,20748200.0,47317300.0,False,0.0,14:14:53
18850.0,1500,-1100.0,-0.1,BU,20742900.0,47317300.0,False,0.0,14:14:50
18850.0,200,-1100.0,-0.1,BU,20741400.0,47317300.0,False,0.0,14:14:49
18850.0,500,-1100.0,-0.1,BU,20741200.0,47317300.0,False,0.0,14:14:47
18850.0,300,-1100.0,-0.1,BU,20740700.0,47317300.0,False,0.0,14:14:46
18850.0,500,-1100.0,-0.1,BU,20740400.0,47317300.0,False,0.0,14:14:46
18850.0,100,-1100.0,-0.1,BU,20739900.0,47317300.0,False,0.0,14:14:44
18850.0,300,-1100.0,-0.1,BU,20739800.0,47317300.0,False,0.0,14:14:43
18850.0,100,-1100.0,-0.1,BU,20739500.0,47317300.0,False,0.0,14:14:43
18850.0,200,-1100.0,-0.1,BU,20739400.0,47317300.0,False,50.0,14:14:43
18800.0,500,-1150.0,-0.1,SD,20739200.0,47317300.0,False,-50.0,14:14:43
18850.0,100,-1100.0,-0.1,BU,20739200.0,47316800.0,False,0.0,14:14:42
18850.0,100,-1100.0,-0.1,BU,20739100.0,47316800.0,False,0.0,14:14:39
18850.0,800,-1100.0,-0.1,BU,20739000.0,47316800.0,False,50.0,14:14:37
18800.0,1000,-1150.0,-0.1,SD,20738200.0,47316800.0,False,-50.0,14:14:36
18850.0,100,-1100.0,-0.1,BU,20738200.0,47315800.0,False,0.0,14:14:35
18850.0,8200,-1100.0,-0.1,BU,20738100.0,47315800.0,False,0.0,14:14:33
18850.0,3000,-1100.0,-0.1,BU,20729900.0,47315800.0,False,0.0,14:14:33
18850.0,1100,-1100.0,-0.1,BU,20726900.0,47315800.0,False,0.0,14:14:33
18850.0,200,-1100.0,-0.1,BU,20725800.0,47315800.0,False,0.0,14:14:33
18850.0,400,-1100.0,-0.1,BU,20725600.0,47315800.0,False,0.0,14:14:33
18850.0,3300,-1100.0,-0.1,BU,20725200.0,47315800.0,False,50.0,14:14:33
18800.0,1900,-1150.0,-0.1,SD,20721900.0,47315800.0,False,0.0,14:14:33
18800.0,2200,-1150.0,-0.1,SD,20721900.0,47313900.0,False,0.0,14:14:33
18800.0,1100,-1150.0,-0.1,SD,20721900.0,47311700.0,False,0.0,14:14:33
18800.0,2000,-1150.0,-0.1,SD,20721900.0,47310600.0,False,0.0,14:14:33
18800.0,100,-1150.0,-0.1,SD,20721900.0,47308600.0,False,0.0,14:14:33
18800.0,200,-1150.0,-0.1,SD,20721900.0,47308500.0,False,0.0,14:14:33
18800.0,1000,-1150.0,-0.1,SD,20721900.0,47308300.0,False,0.0,14:14:33
18800.0,1000,-1150.0,-0.1,SD,20721900.0,47307300.0,False,0.0,14:14:33
18800.0,1500,-1150.0,-0.1,SD,20721900.0,47306300.0,False,0.0,14:14:33
18800.0,1300,-1150.0,-0.1,SD,20721900.0,47304800.0,False,0.0,14:14:33
18800.0,500,-1150.0,-0.1,SD,20721900.0,47303500.0,False,0.0,14:14:33
18800.0,200,-1150.0,-0.1,SD,20721900.0,47303000.0,False,0.0,14:14:33
18800.0,200,-1150.0,-0.1,SD,20721900.0,47302800.0,False,0.0,14:14:31
18800.0,2600,-1150.0,-0.1,SD,20721900.0,47302600.0,False,0.0,14:14:26
18800.0,500,-1150.0,-0.1,SD,20721900.0,47300000.0,False,0.0,14:14:26
18800.0,100,-1150.0,-0.1,SD,20721900.0,47299500.0,False,0.0,14:14:26
18800.0,800,-1150.0,-0.1,SD,20721900.0,47299400.0,False,0.0,14:14:26
18800.0,200,-1150.0,-0.1,SD,20721900.0,47298600.0,False,0.0,14:14:26
18800.0,4000,-1150.0,-0.1,SD,20721900.0,47298400.0,False,0.0,14:14:26
18800.0,1500,-1150.0,-0.1,SD,20721900.0,47294400.0,False,0.0,14:14:26
18800.0,500,-1150.0,-0.1,SD,20721900.0,47292900.0,False,0.0,14:14:26
18800.0,500,-1150.0,-0.1,SD,20721900.0,47292400.0,False,0.0,14:14:26
18800.0,300,-1150.0,-0.1,SD,20721900.0,47291900.0,False,0.0,14:14:26
18800.0,300,-1150.0,-0.1,SD,20721900.0,47291600.0,False,0.0,14:14:26
18800.0,7000,-1150.0,-0.1,SD,20721900.0,47291300.0,False,0.0,14:14:26
18800.0,400,-1150.0,-0.1,SD,20721900.0,47284300.0,False,0.0,14:14:26
18800.0,100,-1150.0,-0.1,SD,20721900.0,47283900.0,False,0.0,14:14:26
18800.0,100,-1150.0,-0.1,SD,20721900.0,47283800.0,False,0.0,14:14:26
18800.0,200,-1150.0,-0.1,SD,20721900.0,47283700.0,False,0.0,14:14:26
18800.0,100,-1150.0,-0.1,SD,20721900.0,47283500.0,False,0.0,14:14:26
18800.0,200,-1150.0,-0.1,SD,20721900.0,47283400.0,False,0.0,14:14:26
18800.0,1000,-1150.0,-0.1,SD,20721900.0,47283200.0,False,0.0,14:14:26
18800.0,500,-1150.0,-0.1,SD,20721900.0,47282200.0,False,0.0,14:14:26
18800.0,500,-1150.0,-0.1,SD,20721900.0,47281700.0,False,0.0,14:14:26
18800.0,600,-1150.0,-0.1,SD,20721900.0,47281200.0,False,0.0,14:14:26
18800.0,5000,-1150.0,-0.1,SD,20721900.0,47280600.0,False,0.0,14:14:26
18800.0,300,-1150.0,-0.1,SD,20721900.0,47275600.0,False,0.0,14:14:26
18800.0,200,-1150.0,-0.1,SD,20721900.0,47275300.0,False,0.0,14:14:26
18800.0,200,-1150.0,-0.1,SD,20721900.0,47275100.0,False,0.0,14:14:26
18800.0,1500,-1150.0,-0.1,SD,20721900.0,47274900.0,False,0.0,14:14:26
18800.0,200,-1150.0,-0.1,SD,20721900.0,47273400.0,False,0.0,14:14:26
18800.0,300,-1150.0,-0.1,SD,20721900.0,47273200.0,False,0.0,14:14:26
18800.0,400,-1150.0,-0.1,SD,20721900.0,47272900.0,False,0.0,14:14:26
18800.0,500,-1150.0,-0.1,SD,20721900.0,47272500.0,False,0.0,14:14:26
18800.0,500,-1150.0,-0.1,SD,20721900.0,47272000.0,False,0.0,14:14:26
18800.0,100,-1150.0,-0.1,SD,20721900.0,47271500.0,False,0.0,14:14:26
18800.0,300,-1150.0,-0.1,SD,20721900.0,47271400.0,False,0.0,14:14:26
18800.0,100,-1150.0,-0.1,SD,20721900.0,47271100.0,False,0.0,14:14:26
18800.0,1000,-1150.0,-0.1,SD,20721900.0,47271000.0,False,0.0,14:14:26
18800.0,1000,-1150.0,-0.1,SD,20721900.0,47270000.0,False,0.0,14:14:26
18800.0,2000,-1150.0,-0.1,SD,20721900.0,47269000.0,False,0.0,14:14:26
18800.0,10000,-1150.0,-0.1,SD,20721900.0,47267000.0,False,0.0,14:14:26
18800.0,500,-1150.0,-0.1,SD,20721900.0,47257000.0,False,0.0,14:14:26
18800.0,100,-1150.0,-0.1,SD,20721900.0,47256500.0,False,0.0,14:14:26
18800.0,200,-1150.0,-0.1,SD,20721900.0,47256400.0,False,0.0,14:14:26
18800.0,2600,-1150.0,-0.1,SD,20721900.0,47256200.0,False,0.0,14:14:26
18800.0,300,-1150.0,-0.1,SD,20721900.0,47253600.0,False,0.0,14:14:26
18800.0,500,-1150.0,-0.1,SD,20721900.0,47253300.0,False,0.0,14:14:26
18800.0,100,-1150.0,-0.1,SD,20721900.0,47252800.0,False,0.0,14:14:26
18800.0,300,-1150.0,-0.1,SD,20721900.0,47252700.0,False,0.0,14:14:26
18800.0,200,-1150.0,-0.1,SD,20721900.0,47252400.0,False,0.0,14:14:26
18800.0,400,-1150.0,-0.1,SD,20721900.0,47252200.0,False,0.0,14:14:26
18800.0,100,-1150.0,-0.1,SD,20721900.0,47251800.0,False,0.0,14:14:26
18800.0,4000,-1150.0,-0.1,SD,20721900.0,47251700.0,False,0.0,14:14:26
18800.0,200,-1150.0,-0.1,SD,20721900.0,47247700.0,False,0.0,14:14:26
18800.0,500,-1150.0,-0.1,SD,20721900.0,47247500.0,False,0.0,14:14:26
18800.0,2000,-1150.0,-0.1,SD,20721900.0,47247000.0,False,0.0,14:14:26
18800.0,100,-1150.0,-0.1,SD,20721900.0,47245000.0,False,0.0,14:14:26
18800.0,10000,-1150.0,-0.1,SD,20721900.0,47244900.0,False,0.0,14:14:26
18800.0,100,-1150.0,-0.1,SD,20721900.0,47234900.0,False,0.0,14:14:26
18800.0,1500,-1150.0,-0.1,SD,20721900.0,47234800.0,False,0.0,14:14:26
18800.0,200,-1150.0,-0.1,SD,20721900.0,47233300.0,False,0.0,14:14:26
18800.0,100,-1150.0,-0.1,SD,20721900.0,47233100.0,False,-50.0,14:14:26
18850.0,100,-1100.0,-0.1,BU,20721900.0,47233000.0,False,0.0,14:14:25
18850.0,100,-1100.0,-0.1,BU,20721800.0,47233000.0,False,0.0,14:14:25
18850.0,200,-1100.0,-0.1,BU,20721700.0,47233000.0,False,0.0,14:14:25
18850.0,300,-1100.0,-0.1,BU,20721500.0,47233000.0,False,0.0,14:14:25
18850.0,100,-1100.0,-0.1,BU,20721200.0,47233000.0,False,0.0,14:14:25
18850.0,200,-1100.0,-0.1,BU,20721100.0,47233000.0,False,0.0,14:14:23
18850.0,1900,-1100.0,-0.1,BU,20720900.0,47233000.0,False,0.0,14:14:23
18850.0,1000,-1100.0,-0.1,BU,20719000.0,47233000.0,False,0.0,14:14:23
18850.0,700,-1100.0,-0.1,BU,20718000.0,47233000.0,False,0.0,14:14:22
18850.0,100,-1100.0,-0.1,BU,20717300.0,47233000.0,False,0.0,14:14:21
18850.0,200,-1100.0,-0.1,BU,20717200.0,47233000.0,False,0.0,14:14:21
18850.0,10000,-1100.0,-0.1,BU,20717000.0,47233000.0,False,0.0,14:14:20
18850.0,1100,-1100.0,-0.1,BU,20707000.0,47233000.0,False,0.0,14:14:20
18850.0,100,-1100.0,-0.1,BU,20705900.0,47233000.0,False,0.0,14:14:20
18850.0,300,-1100.0,-0.1,BU,20705800.0,47233000.0,False,50.0,14:14:19
18800.0,600,-1150.0,-0.1,SD,20705500.0,47233000.0,False,0.0,14:14:18
18800.0,1000,-1150.0,-0.1,SD,20705500.0,47232400.0,False,0.0,14:14:18
18800.0,500,-1150.0,-0.1,SD,20705500.0,47231400.0,False,0.0,14:14:18
18800.0,1000,-1150.0,-0.1,SD,20705500.0,47230900.0,False,0.0,14:14:18
18800.0,100,-1150.0,-0.1,SD,20705500.0,47229900.0,False,0.0,14:14:18
18800.0,2000,-1150.0,-0.1,SD,20705500.0,47229800.0,False,0.0,14:14:18
18800.0,100,-1150.0,-0.1,SD,20705500.0,47227800.0,False,0.0,14:14:18
18800.0,100,-1150.0,-0.1,SD,20705500.0,47227700.0,False,0.0,14:14:18
18800.0,2000,-1150.0,-0.1,SD,20705500.0,47227600.0,False,0.0,14:14:18
18800.0,1000,-1150.0,-0.1,SD,20705500.0,47225600.0,False,0.0,14:14:18
18800.0,3600,-1150.0,-0.1,SD,20705500.0,47224600.0,False,0.0,14:14:18
18800.0,1000,-1150.0,-0.1,SD,20705500.0,47221000.0,False,0.0,14:14:18
18800.0,500,-1150.0,-0.1,SD,20705500.0,47220000.0,False,0.0,14:14:18
18800.0,1000,-1150.0,-0.1,SD,20705500.0,47219500.0,False,0.0,14:14:18
18800.0,100,-1150.0,-0.1,SD,20705500.0,47218500.0,False,0.0,14:14:18
18800.0,1000,-1150.0,-0.1,SD,20705500.0,47218400.0,False,0.0,14:14:18
18800.0,300,-1150.0,-0.1,SD,20705500.0,47217400.0,False,0.0,14:14:18
18800.0,1000,-1150.0,-0.1,SD,20705500.0,47217100.0,False,0.0,14:14:18
18800.0,200,-1150.0,-0.1,SD,20705500.0,47216100.0,False,0.0,14:14:18
18800.0,100,-1150.0,-0.1,SD,20705500.0,47215900.0,False,0.0,14:14:18
18800.0,200,-1150.0,-0.1,SD,20705500.0,47215800.0,False,0.0,14:14:18
18800.0,200,-1150.0,-0.1,SD,20705500.0,47215600.0,False,0.0,14:14:18
18800.0,500,-1150.0,-0.1,SD,20705500.0,47215400.0,False,0.0,14:14:18
18800.0,500,-1150.0,-0.1,SD,20705500.0,47214900.0,False,0.0,14:14:18
18800.0,500,-1150.0,-0.1,SD,20705500.0,47214400.0,False,0.0,14:14:18
18800.0,1000,-1150.0,-0.1,SD,20705500.0,47213900.0,False,0.0,14:14:18
18800.0,500,-1150.0,-0.1,SD,20705500.0,47212900.0,False,0.0,14:14:18
18800.0,100,-1150.0,-0.1,SD,20705500.0,47212400.0,False,0.0,14:14:18
18800.0,100,-1150.0,-0.1,SD,20705500.0,47212300.0,False,0.0,14:14:18
18800.0,100,-1150.0,-0.1,SD,20705500.0,47212200.0,False,0.0,14:14:18
18800.0,1000,-1150.0,-0.1,SD,20705500.0,47212100.0,False,0.0,14:14:18
18800.0,500,-1150.0,-0.1,SD,20705500.0,47211100.0,False,0.0,14:14:18
18800.0,100,-1150.0,-0.1,SD,20705500.0,47210600.0,False,0.0,14:14:18
18800.0,7500,-1150.0,-0.1,SD,20705500.0,47210500.0,False,-50.0,14:14:18
18850.0,100,-1100.0,-0.1,BU,20705500.0,47203000.0,False,0.0,14:14:16
18850.0,100,-1100.0,-0.1,BU,20705400.0,47203000.0,False,0.0,14:14:16
18850.0,900,-1100.0,-0.1,BU,20705300.0,47203000.0,False,0.0,14:14:16
18850.0,500,-1100.0,-0.1,BU,20704400.0,47203000.0,False,0.0,14:14:15
18850.0,1000,-1100.0,-0.1,BU,20703900.0,47203000.0,False,0.0,14:14:14
18850.0,1000,-1100.0,-0.1,BU,20702900.0,47203000.0,False,0.0,14:14:14
18850.0,1000,-1100.0,-0.1,BU,20701900.0,47203000.0,False,0.0,14:14:14
18850.0,100,-1100.0,-0.1,BU,20700900.0,47203000.0,False,0.0,14:14:12
18850.0,1000,-1100.0,-0.1,BU,20700800.0,47203000.0,False,50.0,14:14:11
18800.0,2500,-1150.0,-0.1,SD,20699800.0,47203000.0,False,0.0,14:14:11
18800.0,500,-1150.0,-0.1,SD,20699800.0,47200500.0,False,-50.0,14:14:11
18850.0,100,-1100.0,-0.1,BU,20699800.0,47200000.0,False,0.0,14:14:10
18850.0,2000,-1100.0,-0.1,BU,20699700.0,47200000.0,False,0.0,14:14:10
18850.0,400,-1100.0,-0.1,BU,20697700.0,47200000.0,False,0.0,14:14:10
18850.0,100,-1100.0,-0.1,BU,20697300.0,47200000.0,False,0.0,14:14:07
18850.0,5000,-1100.0,-0.1,BU,20697200.0,47200000.0,False,0.0,14:14:06
18850.0,300,-1100.0,-0.1,BU,20692200.0,47200000.0,False,0.0,14:14:06
18850.0,100,-1100.0,-0.1,BU,20691900.0,47200000.0,False,0.0,14:14:06
18850.0,300,-1100.0,-0.1,BU,20691800.0,47200000.0,False,0.0,14:14:05
18850.0,1000,-1100.0,-0.1,BU,20691500.0,47200000.0,False,0.0,14:14:04
18850.0,2000,-1100.0,-0.1,BU,20690500.0,47200000.0,False,0.0,14:14:02
18850.0,5000,-1100.0,-0.1,BU,20688500.0,47200000.0,False,0.0,14:14:02
18850.0,2500,-1100.0,-0.1,BU,20683500.0,47200000.0,False,0.0,14:14:02
18850.0,100,-1100.0,-0.1,BU,20681000.0,47200000.0,False,0.0,14:14:02
18850.0,100,-1100.0,-0.1,SD,20680900.0,47200000.0,False,0.0,14:14:01
18850.0,100,-1100.0,-0.1,SD,20680900.0,47199900.0,False,0.0,14:14:01
18850.0,500,-1100.0,-0.1,SD,20680900.0,47199800.0,False,0.0,14:14:01
18850.0,500,-1100.0,-0.1,SD,20680900.0,47199300.0,False,0.0,14:14:01
18850.0,1000,-1100.0,-0.1,SD,20680900.0,47198800.0,False,0.0,14:14:01
18850.0,1000,-1100.0,-0.1,SD,20680900.0,47197800.0,False,0.0,14:14:01
18850.0,1300,-1100.0,-0.1,SD,20680900.0,47196800.0,False,0.0,14:14:01
18850.0,200,-1100.0,-0.1,SD,20680900.0,47195500.0,False,-50.0,14:14:01
18900.0,100,-1050.0,-0.1,BU,20680900.0,47195300.0,False,50.0,14:14:00
18850.0,1800,-1100.0,-0.1,SD,20680800.0,47195300.0,False,0.0,14:13:57
18850.0,5000,-1100.0,-0.1,SD,20680800.0,47193500.0,False,-50.0,14:13:57
18900.0,2800,-1050.0,-0.1,BU,20680800.0,47188500.0,False,0.0,14:13:56
18900.0,500,-1050.0,-0.1,BU,20678000.0,47188500.0,False,0.0,14:13:56
18900.0,1700,-1050.0,-0.1,BU,20677500.0,47188500.0,False,0.0,14:13:56
18900.0,1000,-1050.0,-0.1,BU,20675800.0,47188500.0,False,0.0,14:13:55
18900.0,300,-1050.0,-0.1,BU,20674800.0,47188500.0,False,0.0,14:13:54
18900.0,200,-1050.0,-0.1,BU,20674500.0,47188500.0,False,50.0,14:13:53
18850.0,21900,-1100.0,-0.1,SD,20674300.0,47188500.0,True,0.0,14:13:52
18850.0,1500,-1100.0,-0.1,SD,20674300.0,47166600.0,False,0.0,14:13:52
18850.0,400,-1100.0,-0.1,SD,20674300.0,47165100.0,False,0.0,14:13:52
18850.0,500,-1100.0,-0.1,SD,20674300.0,47164700.0,False,0.0,14:13:52
18850.0,500,-1100.0,-0.1,SD,20674300.0,47164200.0,False,0.0,14:13:52
18850.0,100,-1100.0,-0.1,SD,20674300.0,47163700.0,False,0.0,14:13:52
18850.0,3000,-1100.0,-0.1,SD,20674300.0,47163600.0,False,0.0,14:13:52
18850.0,100,-1100.0,-0.1,SD,20674300.0,47160600.0,False,0.0,14:13:52
18850.0,500,-1100.0,-0.1,SD,20674300.0,47160500.0,False,0.0,14:13:52
18850.0,100,-1100.0,-0.1,SD,20674300.0,47160000.0,False,0.0,14:13:52
18850.0,200,-1100.0,-0.1,SD,20674300.0,47159900.0,False,0.0,14:13:52
18850.0,200,-1100.0,-0.1,SD,20674300.0,47159700.0,False,0.0,14:13:52
18850.0,200,-1100.0,-0.1,SD,20674300.0,47159500.0,False,0.0,14:13:52
18850.0,100,-1100.0,-0.1,SD,20674300.0,47159300.0,False,0.0,14:13:52
18850.0,500,-1100.0,-0.1,SD,20674300.0,47159200.0,False,0.0,14:13:52
18850.0,500,-1100.0,-0.1,SD,20674300.0,47158700.0,False,0.0,14:13:52
18850.0,200,-1100.0,-0.1,SD,20674300.0,47158200.0,False,0.0,14:13:52
18850.0,500,-1100.0,-0.1,SD,20674300.0,47158000.0,False,0.0,14:13:52
18850.0,2000,-1100.0,-0.1,SD,20674300.0,47157500.0,False,0.0,14:13:52
18850.0,5000,-1100.0,-0.1,SD,20674300.0,47155500.0,False,0.0,14:13:52
18850.0,500,-1100.0,-0.1,SD,20674300.0,47150500.0,False,0.0,14:13:52
18850.0,1000,-1100.0,-0.1,SD,20674300.0,47150000.0,False,0.0,14:13:52
18850.0,1000,-1100.0,-0.1,SD,20674300.0,47149000.0,False,0.0,14:13:52
18850.0,2600,-1100.0,-0.1,SD,20674300.0,47148000.0,False,0.0,14:13:52
18850.0,100,-1100.0,-0.1,SD,20674300.0,47145400.0,False,0.0,14:13:52
18850.0,1000,-1100.0,-0.1,SD,20674300.0,47145300.0,False,0.0,14:13:52
18850.0,5000,-1100.0,-0.1,SD,20674300.0,47144300.0,False,0.0,14:13:52
18850.0,100,-1100.0,-0.1,SD,20674300.0,47139300.0,False,0.0,14:13:52
18850.0,300,-1100.0,-0.1,SD,20674300.0,47139200.0,False,0.0,14:13:52
18850.0,200,-1100.0,-0.1,SD,20674300.0,47138900.0,False,0.0,14:13:52
18850.0,1000,-1100.0,-0.1,SD,20674300.0,47138700.0,False,0.0,14:13:52
18850.0,1000,-1100.0,-0.1,SD,20674300.0,47137700.0,False,0.0,14:13:52
18850.0,500,-1100.0,-0.1,SD,20674300.0,47136700.0,False,0.0,14:13:52
18850.0,1500,-1100.0,-0.1,SD,20674300.0,47136200.0,False,0.0,14:13:52
18850.0,100,-1100.0,-0.1,SD,20674300.0,47134700.0,False,0.0,14:13:52
18850.0,500,-1100.0,-0.1,SD,20674300.0,47134600.0,False,0.0,14:13:52
18850.0,500,-1100.0,-0.1,SD,20674300.0,47134100.0,False,0.0,14:13:52
18850.0,200,-1100.0,-0.1,SD,20674300.0,47133600.0,False,0.0,14:13:52
18850.0,2000,-1100.0,-0.1,SD,20674300.0,47133400.0,False,0.0,14:13:52
18850.0,200,-1100.0,-0.1,SD,20674300.0,47131400.0,False,0.0,14:13:52
18850.0,3000,-1100.0,-0.1,SD,20674300.0,47131200.0,False,0.0,14:13:52
18850.0,500,-1100.0,-0.1,SD,20674300.0,47128200.0,False,0.0,14:13:52
18850.0,2200,-1100.0,-0.1,SD,20674300.0,47127700.0,False,0.0,14:13:52
18850.0,1000,-1100.0,-0.1,SD,20674300.0,47125500.0,False,0.0,14:13:52
18850.0,200,-1100.0,-0.1,SD,20674300.0,47124500.0,False,0.0,14:13:52
18850.0,5000,-1100.0,-0.1,SD,20674300.0,47124300.0,False,0.0,14:13:52
18850.0,100,-1100.0,-0.1,SD,20674300.0,47119300.0,False,0.0,14:13:52
18850.0,300,-1100.0,-0.1,SD,20674300.0,47119200.0,False,0.0,14:13:52
18850.0,200,-1100.0,-0.1,SD,20674300.0,47118900.0,False,0.0,14:13:52
18850.0,4000,-1100.0,-0.1,SD,20674300.0,47118700.0,False,0.0,14:13:52
18850.0,200,-1100.0,-0.1,SD,20674300.0,47114700.0,False,0.0,14:13:52
18850.0,2000,-1100.0,-0.1,SD,20674300.0,47114500.0,False,0.0,14:13:52
18850.0,600,-1100.0,-0.1,SD,20674300.0,47112500.0,False,0.0,14:13:52
18850.0,100,-1100.0,-0.1,SD,20674300.0,47111900.0,False,0.0,14:13:52
18850.0,200,-1100.0,-0.1,SD,20674300.0,47111800.0,False,0.0,14:13:52
18850.0,200,-1100.0,-0.1,SD,20674300.0,47111600.0,False,0.0,14:13:52
18850.0,900,-1100.0,-0.1,SD,20674300.0,47111400.0,False,-50.0,14:13:52
18900.0,100,-1050.0,-0.1,BU,20674300.0,47110500.0,False,0.0,14:13:52
18900.0,100,-1050.0,-0.1,BU,20674200.0,47110500.0,False,50.0,14:13:51
18850.0,100,-1100.0,-0.1,SD,20674100.0,47110500.0,False,0.0,14:13:51
18850.0,100,-1100.0,-0.1,SD,20674100.0,47110400.0,False,0.0,14:13:51
18850.0,100,-1100.0,-0.1,SD,20674100.0,47110300.0,False,0.0,14:13:51
18850.0,500,-1100.0,-0.1,SD,20674100.0,47110200.0,False,0.0,14:13:51
18850.0,500,-1100.0,-0.1,SD,20674100.0,47109700.0,False,0.0,14:13:51
18850.0,200,-1100.0,-0.1,SD,20674100.0,47109200.0,False,0.0,14:13:51
18850.0,100,-1100.0,-0.1,SD,20674100.0,47109000.0,False,0.0,14:13:51
18850.0,400,-1100.0,-0.1,SD,20674100.0,47108900.0,False,0.0,14:13:51
18850.0,500,-1100.0,-0.1,SD,20674100.0,47108500.0,False,0.0,14:13:51
18850.0,100,-1100.0,-0.1,SD,20674100.0,47108000.0,False,0.0,14:13:51
18850.0,400,-1100.0,-0.1,SD,20674100.0,47107900.0,False,-50.0,14:13:51
18900.0,500,-1050.0,-0.1,BU,20674100.0,47107500.0,False,50.0,14:13:49
18850.0,1000,-1100.0,-0.1,SD,20673600.0,47107500.0,False,0.0,14:13:49
18850.0,100,-1100.0,-0.1,SD,20673600.0,47106500.0,False,0.0,14:13:49
18850.0,300,-1100.0,-0.1,SD,20673600.0,47106400.0,False,0.0,14:13:49
18850.0,600,-1100.0,-0.1,SD,20673600.0,47106100.0,False,-50.0,14:13:49
18900.0,100,-1050.0,-0.1,SD,20673600.0,47105500.0,False,0.0,14:13:49
18900.0,100,-1050.0,-0.1,SD,20673600.0,47105400.0,False,0.0,14:13:49
18900.0,200,-1050.0,-0.1,SD,20673600.0,47105300.0,False,0.0,14:13:49
18900.0,100,-1050.0,-0.1,SD,20673600.0,47105100.0,False,0.0,14:13:49
18900.0,100,-1050.0,-0.1,SD,20673600.0,47105000.0,False,0.0,14:13:49
18900.0,500,-1050.0,-0.1,SD,20673600.0,47104900.0,False,0.0,14:13:49
18900.0,200,-1050.0,-0.1,SD,20673600.0,47104400.0,False,0.0,14:13:47
18900.0,100,-1050.0,-0.1,SD,20673600.0,47104200.0,False,0.0,14:13:47
18900.0,1000,-1050.0,-0.1,SD,20673600.0,47104100.0,False,0.0,14:13:45
18900.0,300,-1050.0,-0.1,SD,20673600.0,47103100.0,False,-50.0,14:13:45
18950.0,100,-1000.0,-0.1,BU,20673600.0,47102800.0,False,50.0,14:13:42
18900.0,300,-1050.0,-0.1,BU,20673500.0,47102800.0,False,0.0,14:13:40
18900.0,500,-1050.0,-0.1,BU,20673200.0,47102800.0,False,0.0,14:13:40
18900.0,200,-1050.0,-0.1,BU,20672700.0,47102800.0,False,0.0,14:13:40
18900.0,1000,-1050.0,-0.1,BU,20672500.0,47102800.0,False,0.0,14:13:40
18900.0,1600,-1050.0,-0.1,BU,20671500.0,47102800.0,False,0.0,14:13:40
18900.0,2500,-1050.0,-0.1,BU,20669900.0,47102800.0,False,0.0,14:13:40
18900.0,4700,-1050.0,-0.1,BU,20667400.0,47102800.0,False,50.0,14:13:40
18850.0,700,-1100.0,-0.1,SD,20662700.0,47102800.0,False,-50.0,14:13:39
18900.0,500,-1050.0,-0.1,BU,20662700.0,47102100.0,False,0.0,14:13:39
18900.0,100,-1050.0,-0.1,BU,20662200.0,47102100.0,False,0.0,14:13:39
18900.0,100,-1050.0,-0.1,BU,20662100.0,47102100.0,False,0.0,14:13:37
18900.0,1000,-1050.0,-0.1,BU,20662000.0,47102100.0,False,0.0,14:13:37
18900.0,100,-1050.0,-0.1,BU,20661000.0,47102100.0,False,0.0,14:13:36
18900.0,100,-1050.0,-0.1,SD,20660900.0,47102100.0,False,0.0,14:13:36
18900.0,200,-1050.0,-0.1,SD,20660900.0,47102000.0,False,0.0,14:13:36
18900.0,500,-1050.0,-0.1,SD,20660900.0,47101800.0,False,0.0,14:13:36
18900.0,100,-1050.0,-0.1,SD,20660900.0,47101300.0,False,0.0,14:13:36
18900.0,400,-1050.0,-0.1,SD,20660900.0,47101200.0,False,0.0,14:13:36
18900.0,200,-1050.0,-0.1,SD,20660900.0,47100800.0,False,0.0,14:13:36
18900.0,1000,-1050.0,-0.1,SD,20660900.0,47100600.0,False,0.0,14:13:35
18900.0,500,-1050.0,-0.1,SD,20660900.0,47099600.0,False,0.0,14:13:34
18900.0,300,-1050.0,-0.1,SD,20660900.0,47099100.0,False,0.0,14:13:34
18900.0,400,-1050.0,-0.1,SD,20660900.0,47098800.0,False,0.0,14:13:31
18900.0,100,-1050.0,-0.1,SD,20660900.0,47098400.0,False,0.0,14:13:31
18900.0,500,-1050.0,-0.1,BU,20660900.0,47098300.0,False,0.0,14:13:30
18900.0,200,-1050.0,-0.1,BU,20660400.0,47098300.0,False,0.0,14:13:30
18900.0,100,-1050.0,-0.1,BU,20660200.0,47098300.0,False,0.0,14:13:27
18900.0,500,-1050.0,-0.1,BU,20660100.0,47098300.0,False,50.0,14:13:26
18850.0,500,-1100.0,-0.1,SD,20659600.0,47098300.0,False,0.0,14:13:26
18850.0,500,-1100.0,-0.1,SD,20659600.0,47097800.0,False,0.0,14:13:26
18850.0,300,-1100.0,-0.1,SD,20659600.0,47097300.0,False,0.0,14:13:26
18850.0,200,-1100.0,-0.1,SD,20659600.0,47097000.0,False,-50.0,14:13:26
18900.0,500,-1050.0,-0.1,BU,20659600.0,47096800.0,False,0.0,14:13:26
18900.0,200,-1050.0,-0.1,SD,20659100.0,47096800.0,False,0.0,14:13:25
18900.0,9000,-1050.0,-0.1,SD,20659100.0,47096600.0,False,50.0,14:13:25
18850.0,500,-1100.0,-0.1,SD,20659100.0,47087600.0,False,0.0,14:13:25
18850.0,800,-1100.0,-0.1,SD,20659100.0,47087100.0,False,0.0,14:13:25
18850.0,100,-1100.0,-0.1,SD,20659100.0,47086300.0,False,0.0,14:13:25
18850.0,1000,-1100.0,-0.1,SD,20659100.0,47086200.0,False,-50.0,14:13:25
18900.0,400,-1050.0,-0.1,SD,20659100.0,47085200.0,False,50.0,14:13:25
18850.0,100,-1100.0,-0.1,SD,20659100.0,47084800.0,False,0.0,14:13:25
18850.0,200,-1100.0,-0.1,SD,20659100.0,47084700.0,False,0.0,14:13:25
18850.0,1000,-1100.0,-0.1,SD,20659100.0,47084500.0,False,0.0,14:13:25
18850.0,200,-1100.0,-0.1,SD,20659100.0,47083500.0,False,0.0,14:13:25
18850.0,700,-1100.0,-0.1,SD,20659100.0,47083300.0,False,0.0,14:13:25
18850.0,100,-1100.0,-0.1,SD,20659100.0,47082600.0,False,-50.0,14:13:25
18900.0,1200,-1050.0,-0.1,SD,20659100.0,47082500.0,False,0.0,14:13:25
18900.0,100,-1050.0,-0.1,SD,20659100.0,47081300.0,False,0.0,14:13:25
18900.0,1000,-1050.0,-0.1,SD,20659100.0,47081200.0,False,0.0,14:13:25
18900.0,100,-1050.0,-0.1,SD,20659100.0,47080200.0,False,0.0,14:13:25
18900.0,100,-1050.0,-0.1,SD,20659100.0,47080100.0,False,0.0,14:13:25
18900.0,1000,-1050.0,-0.1,SD,20659100.0,47080000.0,False,0.0,14:13:25
18900.0,2100,-1050.0,-0.1,SD,20659100.0,47079000.0,False,0.0,14:13:25
18900.0,200,-1050.0,-0.1,SD,20659100.0,47076900.0,False,0.0,14:13:25
18900.0,3000,-1050.0,-0.1,SD,20659100.0,47076700.0,False,0.0,14:13:25
18900.0,100,-1050.0,-0.1,SD,20659100.0,47073700.0,False,0.0,14:13:25
18900.0,200,-1050.0,-0.1,SD,20659100.0,47073600.0,False,0.0,14:13:25
18900.0,300,-1050.0,-0.1,SD,20659100.0,47073400.0,False,0.0,14:13:25
18900.0,100,-1050.0,-0.1,SD,20659100.0,47073100.0,False,0.0,14:13:25
18900.0,5000,-1050.0,-0.1,SD,20659100.0,47073000.0,False,0.0,14:13:25
18900.0,100,-1050.0,-0.1,SD,20659100.0,47068000.0,False,0.0,14:13:25
18900.0,1500,-1050.0,-0.1,SD,20659100.0,47067900.0,False,0.0,14:13:25
18900.0,100,-1050.0,-0.1,SD,20659100.0,47066400.0,False,0.0,14:13:25
18900.0,100,-1050.0,-0.1,SD,20659100.0,47066300.0,False,0.0,14:13:25
18900.0,400,-1050.0,-0.1,SD,20659100.0,47066200.0,False,0.0,14:13:25
18900.0,100,-1050.0,-0.1,SD,20659100.0,47065800.0,False,0.0,14:13:25
18900.0,10000,-1050.0,-0.1,SD,20659100.0,47065700.0,False,0.0,14:13:25
18900.0,100,-1050.0,-0.1,SD,20659100.0,47055700.0,False,0.0,14:13:25
18900.0,3500,-1050.0,-0.1,SD,20659100.0,47055600.0,False,0.0,14:13:25
18900.0,1800,-1050.0,-0.1,SD,20659100.0,47052100.0,False,0.0,14:13:25
18900.0,200,-1050.0,-0.1,SD,20659100.0,47050300.0,False,0.0,14:13:25
18900.0,3000,-1050.0,-0.1,SD,20659100.0,47050100.0,False,0.0,14:13:25
18900.0,300,-1050.0,-0.1,SD,20659100.0,47047100.0,False,-50.0,14:13:25
18950.0,800,-1000.0,-0.1,BU,20659100.0,47046800.0,False,0.0,14:13:25
18950.0,1200,-1000.0,-0.1,BU,20658300.0,47046800.0,False,50.0,14:13:25
18900.0,300,-1050.0,-0.1,SD,20657100.0,47046800.0,False,0.0,14:13:23
18900.0,300,-1050.0,-0.1,SD,20657100.0,47046500.0,False,0.0,14:13:23
18900.0,300,-1050.0,-0.1,SD,20657100.0,47046200.0,False,0.0,14:13:23
18900.0,4100,-1050.0,-0.1,SD,20657100.0,47045900.0,False,0.0,14:13:23
18900.0,500,-1050.0,-0.1,SD,20657100.0,47041800.0,False,0.0,14:13:23
18900.0,400,-1050.0,-0.1,SD,20657100.0,47041300.0,False,-50.0,14:13:23
18950.0,600,-1000.0,-0.1,BU,20657100.0,47040900.0,False,50.0,14:13:22
18900.0,600,-1050.0,-0.1,SD,20656500.0,47040900.0,False,0.0,14:13:22
18900.0,100,-1050.0,-0.1,SD,20656500.0,47040300.0,False,0.0,14:13:22
18900.0,1000,-1050.0,-0.1,SD,20656500.0,47040200.0,False,0.0,14:13:22
18900.0,500,-1050.0,-0.1,SD,20656500.0,47039200.0,False,0.0,14:13:22
18900.0,4500,-1050.0,-0.1,SD,20656500.0,47038700.0,False,0.0,14:13:21
18900.0,500,-1050.0,-0.1,SD,20656500.0,47034200.0,False,0.0,14:13:21
18900.0,900,-1050.0,-0.1,SD,20656500.0,47033700.0,False,0.0,14:13:20
18900.0,200,-1050.0,-0.1,SD,20656500.0,47032800.0,False,0.0,14:13:20
18900.0,200,-1050.0,-0.1,SD,20656500.0,47032600.0,False,0.0,14:13:20
18900.0,800,-1050.0,-0.1,SD,20656500.0,47032400.0,False,0.0,14:13:20
18900.0,100,-1050.0,-0.1,SD,20656500.0,47031600.0,False,0.0,14:13:20
18900.0,100,-1050.0,-0.1,SD,20656500.0,47031500.0,False,0.0,14:13:20
18900.0,1000,-1050.0,-0.1,SD,20656500.0,47031400.0,False,0.0,14:13:20
18900.0,2000,-1050.0,-0.1,SD,20656500.0,47030400.0,False,0.0,14:13:20
18900.0,1000,-1050.0,-0.1,SD,20656500.0,47028400.0,False,0.0,14:13:20
18900.0,600,-1050.0,-0.1,SD,20656500.0,47027400.0,False,0.0,14:13:20
18900.0,500,-1050.0,-0.1,SD,20656500.0,47026800.0,False,0.0,14:13:20
18900.0,1000,-1050.0,-0.1,SD,20656500.0,47026300.0,False,0.0,14:13:20
18900.0,1000,-1050.0,-0.1,SD,20656500.0,47025300.0,False,0.0,14:13:20
18900.0,300,-1050.0,-0.1,SD,20656500.0,47024300.0,False,0.0,14:13:20
18900.0,400,-1050.0,-0.1,SD,20656500.0,47024000.0,False,0.0,14:13:20
18900.0,500,-1050.0,-0.1,SD,20656500.0,47023600.0,False,0.0,14:13:20
18900.0,1000,-1050.0,-0.1,SD,20656500.0,47023100.0,False,0.0,14:13:20
18900.0,3000,-1050.0,-0.1,SD,20656500.0,47022100.0,False,0.0,14:13:20
18900.0,100,-1050.0,-0.1,SD,20656500.0,47019100.0,False,0.0,14:13:20
18900.0,300,-1050.0,-0.1,SD,20656500.0,47019000.0,False,0.0,14:13:20
18900.0,100,-1050.0,-0.1,SD,20656500.0,47018700.0,False,-50.0,14:13:20
18950.0,1000,-1000.0,-0.1,BU,20656500.0,47018600.0,False,50.0,14:13:19
18900.0,200,-1050.0,-0.1,SD,20655500.0,47018600.0,False,-50.0,14:13:18
18950.0,100,-1000.0,-0.1,BU,20655500.0,47018400.0,False,50.0,14:13:18
18900.0,100,-1050.0,-0.1,SD,20655400.0,47018400.0,False,-50.0,14:13:16
18950.0,6300,-1000.0,-0.1,BU,20655400.0,47018300.0,False,0.0,14:13:15
18950.0,1000,-1000.0,-0.1,BU,20649100.0,47018300.0,False,0.0,14:13:15
18950.0,300,-1000.0,-0.1,BU,20648100.0,47018300.0,False,0.0,14:13:15
18950.0,2400,-1000.0,-0.1,BU,20647800.0,47018300.0,False,0.0,14:13:15
18950.0,3600,-1000.0,-0.1,BU,20645400.0,47018300.0,False,0.0,14:13:14
18950.0,300,-1000.0,-0.1,BU,20641800.0,47018300.0,False,0.0,14:13:14
18950.0,200,-1000.0,-0.1,BU,20641500.0,47018300.0,False,0.0,14:13:14
18950.0,100,-1000.0,-0.1,BU,20641300.0,47018300.0,False,0.0,14:13:14
18950.0,10000,-1000.0,-0.1,BU,20641200.0,47018300.0,False,0.0,14:13:14
18950.0,100,-1000.0,-0.1,BU,20631200.0,47018300.0,False,0.0,14:13:14
18950.0,1000,-1000.0,-0.1,BU,20631100.0,47018300.0,False,0.0,14:13:14
18950.0,1200,-1000.0,-0.1,BU,20630100.0,47018300.0,False,0.0,14:13:14
18950.0,100,-1000.0,-0.1,BU,20628900.0,47018300.0,False,50.0,14:13:14
18900.0,300,-1050.0,-0.1,SD,20628800.0,47018300.0,False,0.0,14:13:13
18900.0,500,-1050.0,-0.1,SD,20628800.0,47018000.0,False,0.0,14:13:13
18900.0,200,-1050.0,-0.1,SD,20628800.0,47017500.0,False,0.0,14:13:13
18900.0,300,-1050.0,-0.1,SD,20628800.0,47017300.0,False,0.0,14:13:12
18900.0,400,-1050.0,-0.1,SD,20628800.0,47017000.0,False,0.0,14:13:12
18900.0,100,-1050.0,-0.1,SD,20628800.0,47016600.0,False,-50.0,14:13:12
18950.0,1200,-1000.0,-0.1,BU,20628800.0,47016500.0,False,50.0,14:13:12
18900.0,100,-1050.0,-0.1,SD,20627600.0,47016500.0,False,0.0,14:13:11
18900.0,200,-1050.0,-0.1,SD,20627600.0,47016400.0,False,0.0,14:13:11
18900.0,2000,-1050.0,-0.1,SD,20627600.0,47016200.0,False,-50.0,14:13:11
18950.0,100,-1000.0,-0.1,BU,20627600.0,47014200.0,False,0.0,14:13:11
18950.0,100,-1000.0,-0.1,BU,20627500.0,47014200.0,False,0.0,14:13:11
18950.0,5000,-1000.0,-0.1,BU,20627400.0,47014200.0,False,50.0,14:13:09
18900.0,200,-1050.0,-0.1,SD,20622400.0,47014200.0,False,0.0,14:13:08
18900.0,300,-1050.0,-0.1,SD,20622400.0,47014000.0,False,0.0,14:13:08
18900.0,100,-1050.0,-0.1,SD,20622400.0,47013700.0,False,0.0,14:13:07
18900.0,1900,-1050.0,-0.1,SD,20622400.0,47013600.0,False,0.0,14:13:07
18900.0,600,-1050.0,-0.1,SD,20622400.0,47011700.0,False,0.0,14:13:07
18900.0,600,-1050.0,-0.1,SD,20622400.0,47011100.0,False,0.0,14:13:06
18900.0,400,-1050.0,-0.1,SD,20622400.0,47010500.0,False,-50.0,14:13:06
18950.0,900,-1000.0,-0.1,BU,20622400.0,47010100.0,False,0.0,14:13:06
18950.0,100,-1000.0,-0.1,BU,20621500.0,47010100.0,False,0.0,14:13:06
18950.0,200,-1000.0,-0.1,BU,20621400.0,47010100.0,False,0.0,14:13:06
18950.0,300,-1000.0,-0.1,BU,20621200.0,47010100.0,False,50.0,14:13:06
18900.0,1600,-1050.0,-0.1,SD,20620900.0,47010100.0,False,0.0,14:13:02
18900.0,500,-1050.0,-0.1,SD,20620900.0,47008500.0,False,0.0,14:13:02
18900.0,500,-1050.0,-0.1,SD,20620900.0,47008000.0,False,0.0,14:13:02
18900.0,100,-1050.0,-0.1,SD,20620900.0,47007500.0,False,0.0,14:13:02
18900.0,200,-1050.0,-0.1,SD,20620900.0,47007400.0,False,0.0,14:13:02
18900.0,1000,-1050.0,-0.1,SD,20620900.0,47007200.0,False,0.0,14:13:02
18900.0,100,-1050.0,-0.1,SD,20620900.0,47006200.0,False,0.0,14:13:02
18900.0,100,-1050.0,-0.1,SD,20620900.0,47006100.0,False,0.0,14:13:02
18900.0,200,-1050.0,-0.1,SD,20620900.0,47006000.0,False,0.0,14:13:02
18900.0,200,-1050.0,-0.1,SD,20620900.0,47005800.0,False,0.0,14:13:02
18900.0,400,-1050.0,-0.1,SD,20620900.0,47005600.0,False,0.0,14:13:02
18900.0,500,-1050.0,-0.1,SD,20620900.0,47005200.0,False,0.0,14:13:02
18900.0,100,-1050.0,-0.1,SD,20620900.0,47004700.0,False,0.0,14:13:02
18900.0,100,-1050.0,-0.1,SD,20620900.0,47004600.0,False,0.0,14:13:02
18900.0,200,-1050.0,-0.1,SD,20620900.0,47004500.0,False,0.0,14:13:02
18900.0,200,-1050.0,-0.1,SD,20620900.0,47004300.0,False,-50.0,14:13:02
18950.0,200,-1000.0,-0.1,SD,20620900.0,47004100.0,False,0.0,14:13:01
18950.0,100,-1000.0,-0.1,SD,20620900.0,47003900.0,False,0.0,14:13:01
18950.0,1000,-1000.0,-0.1,SD,20620900.0,47003800.0,False,-50.0,14:13:01
19000.0,200,-950.0,0.0,BU,20620900.0,47002800.0,False,0.0,14:13:00
19000.0,500,-950.0,0.0,BU,20620700.0,47002800.0,False,100.0,14:13:00
18900.0,200,-1050.0,-0.1,SD,20620200.0,47002800.0,False,0.0,14:12:59
18900.0,3500,-1050.0,-0.1,SD,20620200.0,47002600.0,False,0.0,14:12:59
18900.0,200,-1050.0,-0.1,SD,20620200.0,46999100.0,False,0.0,14:12:59
18900.0,200,-1050.0,-0.1,SD,20620200.0,46998900.0,False,0.0,14:12:58
18900.0,100,-1050.0,-0.1,SD,20620200.0,46998700.0,False,0.0,14:12:58
18900.0,2000,-1050.0,-0.1,SD,20620200.0,46998600.0,False,0.0,14:12:58
18900.0,500,-1050.0,-0.1,SD,20620200.0,46996600.0,False,0.0,14:12:58
18900.0,1000,-1050.0,-0.1,SD,20620200.0,46996100.0,False,0.0,14:12:58
18900.0,3000,-1050.0,-0.1,SD,20620200.0,46995100.0,False,0.0,14:12:58
18900.0,100,-1050.0,-0.1,SD,20620200.0,46992100.0,False,0.0,14:12:58
18900.0,200,-1050.0,-0.1,SD,20620200.0,46992000.0,False,0.0,14:12:58
18900.0,200,-1050.0,-0.1,SD,20620200.0,46991800.0,False,0.0,14:12:58
18900.0,500,-1050.0,-0.1,SD,20620200.0,46991600.0,False,0.0,14:12:58
18900.0,3000,-1050.0,-0.1,SD,20620200.0,46991100.0,False,0.0,14:12:58
18900.0,500,-1050.0,-0.1,SD,20620200.0,46988100.0,False,0.0,14:12:58
18900.0,1000,-1050.0,-0.1,SD,20620200.0,46987600.0,False,0.0,14:12:58
18900.0,100,-1050.0,-0.1,SD,20620200.0,46986600.0,False,0.0,14:12:58
18900.0,300,-1050.0,-0.1,SD,20620200.0,46986500.0,False,0.0,14:12:58
18900.0,1000,-1050.0,-0.1,SD,20620200.0,46986200.0,False,0.0,14:12:58
18900.0,200,-1050.0,-0.1,SD,20620200.0,46985200.0,False,0.0,14:12:58
18900.0,500,-1050.0,-0.1,SD,20620200.0,46985000.0,False,0.0,14:12:58
18900.0,200,-1050.0,-0.1,SD,20620200.0,46984500.0,False,0.0,14:12:58
18900.0,100,-1050.0,-0.1,SD,20620200.0,46984300.0,False,0.0,14:12:58
18900.0,400,-1050.0,-0.1,SD,20620200.0,46984200.0,False,0.0,14:12:58
18900.0,200,-1050.0,-0.1,SD,20620200.0,46983800.0,False,0.0,14:12:58
18900.0,1000,-1050.0,-0.1,SD,20620200.0,46983600.0,False,0.0,14:12:58
18900.0,300,-1050.0,-0.1,SD,20620200.0,46982600.0,False,0.0,14:12:58
18900.0,1000,-1050.0,-0.1,SD,20620200.0,46982300.0,False,0.0,14:12:58
18900.0,800,-1050.0,-0.1,SD,20620200.0,46981300.0,False,0.0,14:12:58
18900.0,1000,-1050.0,-0.1,SD,20620200.0,46980500.0,False,0.0,14:12:58
18900.0,200,-1050.0,-0.1,SD,20620200.0,46979500.0,False,0.0,14:12:58
18900.0,500,-1050.0,-0.1,SD,20620200.0,46979300.0,False,0.0,14:12:58
18900.0,100,-1050.0,-0.1,SD,20620200.0,46978800.0,False,0.0,14:12:58
18900.0,2800,-1050.0,-0.1,SD,20620200.0,46978700.0,False,0.0,14:12:58
18900.0,200,-1050.0,-0.1,SD,20620200.0,46975900.0,False,0.0,14:12:58
18900.0,200,-1050.0,-0.1,SD,20620200.0,46975700.0,False,0.0,14:12:58
18900.0,500,-1050.0,-0.1,SD,20620200.0,46975500.0,False,0.0,14:12:58
18900.0,300,-1050.0,-0.1,SD,20620200.0,46975000.0,False,0.0,14:12:58
18900.0,5000,-1050.0,-0.1,SD,20620200.0,46974700.0,False,0.0,14:12:58
18900.0,1000,-1050.0,-0.1,SD,20620200.0,46969700.0,False,0.0,14:12:58
18900.0,100,-1050.0,-0.1,SD,20620200.0,46968700.0,False,0.0,14:12:58
18900.0,100,-1050.0,-0.1,SD,20620200.0,46968600.0,False,0.0,14:12:58
18900.0,200,-1050.0,-0.1,SD,20620200.0,46968500.0,False,0.0,14:12:58
18900.0,4000,-1050.0,-0.1,SD,20620200.0,46968300.0,False,0.0,14:12:58
18900.0,100,-1050.0,-0.1,SD,20620200.0,46964300.0,False,0.0,14:12:58
18900.0,500,-1050.0,-0.1,SD,20620200.0,46964200.0,False,0.0,14:12:58
18900.0,100,-1050.0,-0.1,SD,20620200.0,46963700.0,False,0.0,14:12:58
18900.0,500,-1050.0,-0.1,SD,20620200.0,46963600.0,False,0.0,14:12:58
18900.0,5000,-1050.0,-0.1,SD,20620200.0,46963100.0,False,0.0,14:12:58
18900.0,300,-1050.0,-0.1,SD,20620200.0,46958100.0,False,0.0,14:12:58
18900.0,300,-1050.0,-0.1,SD,20620200.0,46957800.0,False,0.0,14:12:58
18900.0,1000,-1050.0,-0.1,SD,20620200.0,46957500.0,False,0.0,14:12:58
18900.0,200,-1050.0,-0.1,SD,20620200.0,46956500.0,False,0.0,14:12:58
18900.0,500,-1050.0,-0.1,SD,20620200.0,46956300.0,False,0.0,14:12:58
18900.0,3000,-1050.0,-0.1,SD,20620200.0,46955800.0,False,0.0,14:12:58
18900.0,500,-1050.0,-0.1,SD,20620200.0,46952800.0,False,0.0,14:12:58
18900.0,15400,-1050.0,-0.1,SD,20620200.0,46952300.0,True,-50.0,14:12:58
18950.0,300,-1000.0,-0.1,SD,20620200.0,46936900.0,False,0.0,14:12:58
18950.0,100,-1000.0,-0.1,SD,20620200.0,46936600.0,False,0.0,14:12:58
18950.0,200,-1000.0,-0.1,SD,20620200.0,46936500.0,False,0.0,14:12:58
18950.0,1000,-1000.0,-0.1,SD,20620200.0,46936300.0,False,0.0,14:12:58
18950.0,100,-1000.0,-0.1,SD,20620200.0,46935300.0,False,0.0,14:12:58
18950.0,100,-1000.0,-0.1,SD,20620200.0,46935200.0,False,0.0,14:12:58
18950.0,1600,-1000.0,-0.1,SD,20620200.0,46935100.0,False,0.0,14:12:58
18950.0,500,-1000.0,-0.1,SD,20620200.0,46933500.0,False,0.0,14:12:58
18950.0,1000,-1000.0,-0.1,SD,20620200.0,46933000.0,False,0.0,14:12:58
18950.0,100,-1000.0,-0.1,SD,20620200.0,46932000.0,False,0.0,14:12:58
18950.0,3800,-1000.0,-0.1,SD,20620200.0,46931900.0,False,0.0,14:12:58
18950.0,100,-1000.0,-0.1,SD,20620200.0,46928100.0,False,0.0,14:12:58
18950.0,300,-1000.0,-0.1,SD,20620200.0,46928000.0,False,0.0,14:12:58
18950.0,2000,-1000.0,-0.1,SD,20620200.0,46927700.0,False,0.0,14:12:58
18950.0,100,-1000.0,-0.1,SD,20620200.0,46925700.0,False,0.0,14:12:58
18950.0,100,-1000.0,-0.1,SD,20620200.0,46925600.0,False,0.0,14:12:58
18950.0,100,-1000.0,-0.1,SD,20620200.0,46925500.0,False,0.0,14:12:58
18950.0,200,-1000.0,-0.1,SD,20620200.0,46925400.0,False,0.0,14:12:58
18950.0,2000,-1000.0,-0.1,SD,20620200.0,46925200.0,False,0.0,14:12:58
18950.0,500,-1000.0,-0.1,SD,20620200.0,46923200.0,False,0.0,14:12:58
18950.0,1000,-1000.0,-0.1,SD,20620200.0,46922700.0,False,0.0,14:12:58
18950.0,200,-1000.0,-0.1,SD,20620200.0,46921700.0,False,0.0,14:12:58
18950.0,300,-1000.0,-0.1,SD,20620200.0,46921500.0,False,0.0,14:12:58
18950.0,100,-1000.0,-0.1,SD,20620200.0,46921200.0,False,0.0,14:12:58
18950.0,500,-1000.0,-0.1,SD,20620200.0,46921100.0,False,0.0,14:12:58
18950.0,500,-1000.0,-0.1,SD,20620200.0,46920600.0,False,0.0,14:12:58
18950.0,100,-1000.0,-0.1,SD,20620200.0,46920100.0,False,0.0,14:12:58
18950.0,200,-1000.0,-0.1,SD,20620200.0,46920000.0,False,0.0,14:12:58
18950.0,3800,-1000.0,-0.1,SD,20620200.0,46919800.0,False,0.0,14:12:58
18950.0,100,-1000.0,-0.1,SD,20620200.0,46916000.0,False,0.0,14:12:58
18950.0,5000,-1000.0,-0.1,SD,20620200.0,46915900.0,False,0.0,14:12:58
18950.0,100,-1000.0,-0.1,SD,20620200.0,46910900.0,False,0.0,14:12:58
18950.0,5000,-1000.0,-0.1,SD,20620200.0,46910800.0,False,0.0,14:12:58
18950.0,100,-1000.0,-0.1,SD,20620200.0,46905800.0,False,0.0,14:12:58
18950.0,100,-1000.0,-0.1,SD,20620200.0,46905700.0,False,0.0,14:12:58
18950.0,900,-1000.0,-0.1,SD,20620200.0,46905600.0,False,0.0,14:12:58
18950.0,600,-1000.0,-0.1,SD,20620200.0,46904700.0,False,0.0,14:12:58
18950.0,5000,-1000.0,-0.1,SD,20620200.0,46904100.0,False,0.0,14:12:58
18950.0,100,-1000.0,-0.1,SD,20620200.0,46899100.0,False,0.0,14:12:58
18950.0,100,-1000.0,-0.1,SD,20620200.0,46899000.0,False,0.0,14:12:58
18950.0,3000,-1000.0,-0.1,SD,20620200.0,46898900.0,False,0.0,14:12:58
18950.0,100,-1000.0,-0.1,SD,20620200.0,46895900.0,False,0.0,14:12:58
18950.0,1600,-1000.0,-0.1,SD,20620200.0,46895800.0,False,0.0,14:12:58
18950.0,100,-1000.0,-0.1,SD,20620200.0,46894200.0,False,0.0,14:12:58
18950.0,2000,-1000.0,-0.1,SD,20620200.0,46894100.0,False,0.0,14:12:58
18950.0,100,-1000.0,-0.1,SD,20620200.0,46892100.0,False,0.0,14:12:58
18950.0,400,-1000.0,-0.1,SD,20620200.0,46892000.0,False,0.0,14:12:58
18950.0,200,-1000.0,-0.1,SD,20620200.0,46891600.0,False,0.0,14:12:58
18950.0,100,-1000.0,-0.1,SD,20620200.0,46891400.0,False,0.0,14:12:58
18950.0,1000,-1000.0,-0.1,SD,20620200.0,46891300.0,False,0.0,14:12:58
18950.0,52600,-1000.0,-0.1,SD,20620200.0,46890300.0,True,0.0,14:12:58
18950.0,500,-1000.0,-0.1,SD,20620200.0,46837700.0,False,0.0,14:12:58
18950.0,500,-1000.0,-0.1,SD,20620200.0,46837200.0,False,0.0,14:12:58
18950.0,100,-1000.0,-0.1,SD,20620200.0,46836700.0,False,0.0,14:12:58
18950.0,100,-1000.0,-0.1,SD,20620200.0,46836600.0,False,0.0,14:12:58
18950.0,100,-1000.0,-0.1,SD,20620200.0,46836500.0,False,0.0,14:12:58
18950.0,300,-1000.0,-0.1,SD,20620200.0,46836400.0,False,0.0,14:12:58
18950.0,1000,-1000.0,-0.1,SD,20620200.0,46836100.0,False,0.0,14:12:58
18950.0,400,-1000.0,-0.1,SD,20620200.0,46835100.0,False,0.0,14:12:58
18950.0,100,-1000.0,-0.1,SD,20620200.0,46834700.0,False,0.0,14:12:58
18950.0,30000,-1000.0,-0.1,SD,20620200.0,46834600.0,True,0.0,14:12:58
18950.0,1800,-1000.0,-0.1,SD,20620200.0,46804600.0,False,0.0,14:12:58
18950.0,5000,-1000.0,-0.1,SD,20620200.0,46802800.0,False,0.0,14:12:58
18950.0,300,-1000.0,-0.1,SD,20620200.0,46797800.0,False,-50.0,14:12:56
19000.0,200,-950.0,0.0,BU,20620200.0,46797500.0,False,50.0,14:12:56
18950.0,100,-1000.0,-0.1,SD,20620000.0,46797500.0,False,0.0,14:12:55
18950.0,700,-1000.0,-0.1,SD,20620000.0,46797400.0,False,0.0,14:12:54
18950.0,400,-1000.0,-0.1,SD,20620000.0,46796700.0,False,-50.0,14:12:54
19000.0,100,-950.0,0.0,BU,20620000.0,46796300.0,False,50.0,14:12:52
18950.0,1700,-1000.0,-0.1,SD,20619900.0,46796300.0,False,0.0,14:12:50
18950.0,100,-1000.0,-0.1,SD,20619900.0,46794600.0,False,0.0,14:12:50
18950.0,100,-1000.0,-0.1,SD,20619900.0,46794500.0,False,0.0,14:12:50
18950.0,300,-1000.0,-0.1,SD,20619900.0,46794400.0,False,0.0,14:12:50
18950.0,1000,-1000.0,-0.1,SD,20619900.0,46794100.0,False,0.0,14:12:50
18950.0,100,-1000.0,-0.1,SD,20619900.0,46793100.0,False,0.0,14:12:50
18950.0,100,-1000.0,-0.1,SD,20619900.0,46793000.0,False,0.0,14:12:50
18950.0,1000,-1000.0,-0.1,SD,20619900.0,46792900.0,False,0.0,14:12:50
18950.0,500,-1000.0,-0.1,SD,20619900.0,46791900.0,False,0.0,14:12:50
18950.0,100,-1000.0,-0.1,SD,20619900.0,46791400.0,False,0.0,14:12:50
18950.0,1000,-1000.0,-0.1,SD,20619900.0,46791300.0,False,0.0,14:12:50
18950.0,2000,-1000.0,-0.1,SD,20619900.0,46790300.0,False,-50.0,14:12:50
19000.0,100,-950.0,0.0,BU,20619900.0,46788300.0,False,0.0,14:12:45
19000.0,1000,-950.0,0.0,BU,20619800.0,46788300.0,False,0.0,14:12:45
19000.0,200,-950.0,0.0,BU,20618800.0,46788300.0,False,0.0,14:12:44
19000.0,1000,-950.0,0.0,BU,20618600.0,46788300.0,False,0.0,14:12:42
19000.0,1000,-950.0,0.0,BU,20617600.0,46788300.0,False,0.0,14:12:42
19000.0,1900,-950.0,0.0,BU,20616600.0,46788300.0,False,0.0,14:12:41
19000.0,200,-950.0,0.0,BU,20614700.0,46788300.0,False,0.0,14:12:41
19000.0,1000,-950.0,0.0,BU,20614500.0,46788300.0,False,0.0,14:12:41
19000.0,500,-950.0,0.0,BU,20613500.0,46788300.0,False,0.0,14:12:41
19000.0,100,-950.0,0.0,BU,20613000.0,46788300.0,False,0.0,14:12:40
19000.0,2000,-950.0,0.0,BU,20612900.0,46788300.0,False,0.0,14:12:39
19000.0,200,-950.0,0.0,BU,20610900.0,46788300.0,False,0.0,14:12:39
19000.0,100,-950.0,0.0,BU,20610700.0,46788300.0,False,0.0,14:12:39
19000.0,1800,-950.0,0.0,BU,20610600.0,46788300.0,False,0.0,14:12:38
19000.0,500,-950.0,0.0,BU,20608800.0,46788300.0,False,0.0,14:12:38
19000.0,100,-950.0,0.0,BU,20608300.0,46788300.0,False,0.0,14:12:38
19000.0,4000,-950.0,0.0,BU,20608200.0,46788300.0,False,0.0,14:12:38
19000.0,300,-950.0,0.0,BU,20604200.0,46788300.0,False,0.0,14:12:38
19000.0,300,-950.0,0.0,BU,20603900.0,46788300.0,False,0.0,14:12:38
19000.0,1000,-950.0,0.0,BU,20603600.0,46788300.0,False,0.0,14:12:38
19000.0,200,-950.0,0.0,BU,20602600.0,46788300.0,False,0.0,14:12:38
19000.0,5900,-950.0,0.0,BU,20602400.0,46788300.0,False,0.0,14:12:38
19000.0,2000,-950.0,0.0,BU,20596500.0,46788300.0,False,0.0,14:12:38
19000.0,200,-950.0,0.0,BU,20594500.0,46788300.0,False,0.0,14:12:38
19000.0,200,-950.0,0.0,BU,20594300.0,46788300.0,False,0.0,14:12:38
19000.0,2000,-950.0,0.0,BU,20594100.0,46788300.0,False,0.0,14:12:38
19000.0,1000,-950.0,0.0,BU,20592100.0,46788300.0,False,0.0,14:12:38
19000.0,100,-950.0,0.0,BU,20591100.0,46788300.0,False,0.0,14:12:38
19000.0,100,-950.0,0.0,BU,20591000.0,46788300.0,False,0.0,14:12:38
19000.0,500,-950.0,0.0,BU,20590900.0,46788300.0,False,0.0,14:12:38
19000.0,100,-950.0,0.0,BU,20590400.0,46788300.0,False,0.0,14:12:38
19000.0,1000,-950.0,0.0,BU,20590300.0,46788300.0,False,0.0,14:12:38
19000.0,6000,-950.0,0.0,BU,20589300.0,46788300.0,False,0.0,14:12:38
19000.0,200,-950.0,0.0,BU,20583300.0,46788300.0,False,0.0,14:12:38
19000.0,500,-950.0,0.0,BU,20583100.0,46788300.0,False,0.0,14:12:38
19000.0,1000,-950.0,0.0,BU,20582600.0,46788300.0,False,0.0,14:12:38
19000.0,200,-950.0,0.0,BU,20581600.0,46788300.0,False,0.0,14:12:38
19000.0,400,-950.0,0.0,BU,20581400.0,46788300.0,False,0.0,14:12:38
19000.0,1000,-950.0,0.0,BU,20581000.0,46788300.0,False,0.0,14:12:38
19000.0,1200,-950.0,0.0,BU,20580000.0,46788300.0,False,0.0,14:12:38
19000.0,300,-950.0,0.0,BU,20578800.0,46788300.0,False,0.0,14:12:38
19000.0,300,-950.0,0.0,BU,20578500.0,46788300.0,False,0.0,14:12:38
19000.0,200,-950.0,0.0,BU,20578200.0,46788300.0,False,0.0,14:12:38
19000.0,2600,-950.0,0.0,BU,20578000.0,46788300.0,False,0.0,14:12:38
19000.0,100,-950.0,0.0,BU,20575400.0,46788300.0,False,0.0,14:12:38
19000.0,200,-950.0,0.0,BU,20575300.0,46788300.0,False,0.0,14:12:38
19000.0,100,-950.0,0.0,BU,20575100.0,46788300.0,False,0.0,14:12:38
19000.0,200,-950.0,0.0,BU,20575000.0,46788300.0,False,0.0,14:12:38
19000.0,1000,-950.0,0.0,BU,20574800.0,46788300.0,False,0.0,14:12:38
19000.0,1000,-950.0,0.0,BU,20573800.0,46788300.0,False,0.0,14:12:38
19000.0,500,-950.0,0.0,BU,20572800.0,46788300.0,False,0.0,14:12:38
19000.0,800,-950.0,0.0,BU,20572300.0,46788300.0,False,0.0,14:12:38
19000.0,100,-950.0,0.0,BU,20571500.0,46788300.0,False,0.0,14:12:38
19000.0,100,-950.0,0.0,BU,20571400.0,46788300.0,False,0.0,14:12:38
19000.0,600,-950.0,0.0,BU,20571300.0,46788300.0,False,0.0,14:12:38
19000.0,2000,-950.0,0.0,BU,20570700.0,46788300.0,False,0.0,14:12:38
19000.0,2000,-950.0,0.0,BU,20568700.0,46788300.0,False,0.0,14:12:38
19000.0,1000,-950.0,0.0,BU,20566700.0,46788300.0,False,0.0,14:12:38
19000.0,100,-950.0,0.0,SD,20565700.0,46788300.0,False,0.0,14:12:38
19000.0,200,-950.0,0.0,SD,20565700.0,46788200.0,False,0.0,14:12:38
19000.0,900,-950.0,0.0,SD,20565700.0,46788000.0,False,0.0,14:12:38
19000.0,500,-950.0,0.0,SD,20565700.0,46787100.0,False,0.0,14:12:38
19000.0,200,-950.0,0.0,SD,20565700.0,46786600.0,False,0.0,14:12:38
19000.0,100,-950.0,0.0,SD,20565700.0,46786400.0,False,0.0,14:12:38
19000.0,100,-950.0,0.0,SD,20565700.0,46786300.0,False,0.0,14:12:38
19000.0,20800,-950.0,0.0,SD,20565700.0,46786200.0,True,0.0,14:12:38
19000.0,1800,-950.0,0.0,SD,20565700.0,46765400.0,False,0.0,14:12:38
19000.0,300,-950.0,0.0,SD,20565700.0,46763600.0,False,0.0,14:12:38
19000.0,1000,-950.0,0.0,SD,20565700.0,46763300.0,False,0.0,14:12:38
19000.0,1000,-950.0,0.0,SD,20565700.0,46762300.0,False,0.0,14:12:38
19000.0,2000,-950.0,0.0,SD,20565700.0,46761300.0,False,0.0,14:12:38
19000.0,1000,-950.0,0.0,SD,20565700.0,46759300.0,False,0.0,14:12:38
19000.0,200,-950.0,0.0,SD,20565700.0,46758300.0,False,0.0,14:12:38
19000.0,1000,-950.0,0.0,SD,20565700.0,46758100.0,False,0.0,14:12:38
19000.0,1100,-950.0,0.0,SD,20565700.0,46757100.0,False,0.0,14:12:38
19000.0,5000,-950.0,0.0,SD,20565700.0,46756000.0,False,0.0,14:12:38
19000.0,700,-950.0,0.0,SD,20565700.0,46751000.0,False,0.0,14:12:38
19000.0,100,-950.0,0.0,SD,20565700.0,46750300.0,False,0.0,14:12:38
19000.0,100,-950.0,0.0,SD,20565700.0,46750200.0,False,0.0,14:12:38
19000.0,1000,-950.0,0.0,SD,20565700.0,46750100.0,False,0.0,14:12:38
19000.0,5000,-950.0,0.0,SD,20565700.0,46749100.0,False,0.0,14:12:38
19000.0,500,-950.0,0.0,SD,20565700.0,46744100.0,False,0.0,14:12:38
19000.0,2000,-950.0,0.0,SD,20565700.0,46743600.0,False,0.0,14:12:38
19000.0,500,-950.0,0.0,SD,20565700.0,46741600.0,False,0.0,14:12:38
19000.0,2000,-950.0,0.0,SD,20565700.0,46741100.0,False,0.0,14:12:38
19000.0,2000,-950.0,0.0,SD,20565700.0,46739100.0,False,0.0,14:12:38
19000.0,1000,-950.0,0.0,SD,20565700.0,46737100.0,False,0.0,14:12:38
19000.0,1200,-950.0,0.0,SD,20565700.0,46736100.0,False,0.0,14:12:38
19000.0,8800,-950.0,0.0,SD,20565700.0,46734900.0,False,0.0,14:12:38
19000.0,71500,-950.0,0.0,SD,20565700.0,46726100.0,True,0.0,14:12:38
19000.0,500,-950.0,0.0,SD,20565700.0,46654600.0,False,0.0,14:12:38
19000.0,2000,-950.0,0.0,SD,20565700.0,46654100.0,False,0.0,14:12:38
19000.0,100,-950.0,0.0,SD,20565700.0,46652100.0,False,0.0,14:12:38
19000.0,200,-950.0,0.0,SD,20565700.0,46652000.0,False,0.0,14:12:38
19000.0,1100,-950.0,0.0,SD,20565700.0,46651800.0,False,0.0,14:12:38
19000.0,200,-950.0,0.0,SD,20565700.0,46650700.0,False,0.0,14:12:38
19000.0,200,-950.0,0.0,SD,20565700.0,46650500.0,False,0.0,14:12:38
19000.0,500,-950.0,0.0,SD,20565700.0,46650300.0,False,0.0,14:12:38
19000.0,300,-950.0,0.0,SD,20565700.0,46649800.0,False,0.0,14:12:38
19000.0,8000,-950.0,0.0,SD,20565700.0,46649500.0,False,0.0,14:12:37
19000.0,700,-950.0,0.0,SD,20565700.0,46641500.0,False,0.0,14:12:37
19000.0,100,-950.0,0.0,SD,20565700.0,46640800.0,False,0.0,14:12:37
19000.0,100,-950.0,0.0,SD,20565700.0,46640700.0,False,0.0,14:12:37
19000.0,100,-950.0,0.0,SD,20565700.0,46640600.0,False,-50.0,14:12:37
19050.0,100,-900.0,0.0,BU,20565700.0,46640500.0,False,0.0,14:12:36
19050.0,10800,-900.0,0.0,BU,20565600.0,46640500.0,True,0.0,14:12:36
19050.0,100,-900.0,0.0,BU,20554800.0,46640500.0,False,0.0,14:12:36
19050.0,100,-900.0,0.0,BU,20554700.0,46640500.0,False,0.0,14:12:36
19050.0,3000,-900.0,0.0,BU,20554600.0,46640500.0,False,0.0,14:12:36
19050.0,1200,-900.0,0.0,BU,20551600.0,46640500.0,False,0.0,14:12:36
19050.0,1000,-900.0,0.0,BU,20550400.0,46640500.0,False,0.0,14:12:36
19050.0,300,-900.0,0.0,BU,20549400.0,46640500.0,False,0.0,14:12:36
19050.0,5500,-900.0,0.0,BU,20549100.0,46640500.0,False,0.0,14:12:36
19050.0,2400,-900.0,0.0,BU,20543600.0,46640500.0,False,0.0,14:12:36
19050.0,500,-900.0,0.0,BU,20541200.0,46640500.0,False,0.0,14:12:36
19050.0,1000,-900.0,0.0,BU,20540700.0,46640500.0,False,0.0,14:12:36
19050.0,4000,-900.0,0.0,BU,20539700.0,46640500.0,False,50.0,14:12:36
19000.0,100,-950.0,0.0,SD,20535700.0,46640500.0,False,-50.0,14:12:36
19050.0,400,-900.0,0.0,BU,20535700.0,46640400.0,False,50.0,14:12:36
19000.0,1500,-950.0,0.0,SD,20535300.0,46640400.0,False,0.0,14:12:36
19000.0,1600,-950.0,0.0,SD,20535300.0,46638900.0,False,0.0,14:12:36
19000.0,1300,-950.0,0.0,SD,20535300.0,46637300.0,False,0.0,14:12:36
19000.0,2000,-950.0,0.0,SD,20535300.0,46636000.0,False,0.0,14:12:36
19000.0,5000,-950.0,0.0,SD,20535300.0,46634000.0,False,0.0,14:12:36
19000.0,100,-950.0,0.0,SD,20535300.0,46629000.0,False,0.0,14:12:36
19000.0,100,-950.0,0.0,SD,20535300.0,46628900.0,False,0.0,14:12:36
19000.0,100,-950.0,0.0,SD,20535300.0,46628800.0,False,0.0,14:12:36
19000.0,100,-950.0,0.0,SD,20535300.0,46628700.0,False,0.0,14:12:36
19000.0,1000,-950.0,0.0,SD,20535300.0,46628600.0,False,0.0,14:12:36
19000.0,300,-950.0,0.0,SD,20535300.0,46627600.0,False,0.0,14:12:36
19000.0,3300,-950.0,0.0,SD,20535300.0,46627300.0,False,0.0,14:12:35
19000.0,100,-950.0,0.0,SD,20535300.0,46624000.0,False,0.0,14:12:35
19000.0,100,-950.0,0.0,SD,20535300.0,46623900.0,False,0.0,14:12:35
19000.0,1500,-950.0,0.0,SD,20535300.0,46623800.0,False,0.0,14:12:35
19000.0,1000,-950.0,0.0,SD,20535300.0,46622300.0,False,0.0,14:12:35
19000.0,500,-950.0,0.0,SD,20535300.0,46621300.0,False,0.0,14:12:35
19000.0,300,-950.0,0.0,SD,20535300.0,46620800.0,False,0.0,14:12:35
19000.0,200,-950.0,0.0,SD,20535300.0,46620500.0,False,0.0,14:12:35
19000.0,100,-950.0,0.0,SD,20535300.0,46620300.0,False,0.0,14:12:35
19000.0,900,-950.0,0.0,SD,20535300.0,46620200.0,False,0.0,14:12:35
19000.0,100,-950.0,0.0,SD,20535300.0,46619300.0,False,0.0,14:12:34
19000.0,100,-950.0,0.0,SD,20535300.0,46619200.0,False,0.0,14:12:34
19000.0,100,-950.0,0.0,SD,20535300.0,46619100.0,False,0.0,14:12:34
19000.0,500,-950.0,0.0,SD,20535300.0,46619000.0,False,0.0,14:12:34
19000.0,2000,-950.0,0.0,SD,20535300.0,46618500.0,False,0.0,14:12:34
19000.0,1000,-950.0,0.0,SD,20535300.0,46616500.0,False,0.0,14:12:34
19000.0,1100,-950.0,0.0,SD,20535300.0,46615500.0,False,0.0,14:12:34
19000.0,100,-950.0,0.0,SD,20535300.0,46614400.0,False,0.0,14:12:34
19000.0,1100,-950.0,0.0,SD,20535300.0,46614300.0,False,0.0,14:12:34
19000.0,3900,-950.0,0.0,SD,20535300.0,46613200.0,False,-50.0,14:12:34
19050.0,1500,-900.0,0.0,BU,20535300.0,46609300.0,False,0.0,14:12:34
19050.0,500,-900.0,0.0,BU,20533800.0,46609300.0,False,0.0,14:12:34
19050.0,3000,-900.0,0.0,BU,20533300.0,46609300.0,False,50.0,14:12:34
19000.0,100,-950.0,0.0,SD,20530300.0,46609300.0,False,0.0,14:12:33
19000.0,500,-950.0,0.0,SD,20530300.0,46609200.0,False,0.0,14:12:33
19000.0,8000,-950.0,0.0,SD,20530300.0,46608700.0,False,0.0,14:12:32
19000.0,300,-950.0,0.0,SD,20530300.0,46600700.0,False,0.0,14:12:32
19000.0,300,-950.0,0.0,SD,20530300.0,46600400.0,False,0.0,14:12:32
19000.0,500,-950.0,0.0,SD,20530300.0,46600100.0,False,0.0,14:12:32
19000.0,200,-950.0,0.0,SD,20530300.0,46599600.0,False,0.0,14:12:32
19000.0,400,-950.0,0.0,SD,20530300.0,46599400.0,False,0.0,14:12:32
19000.0,100,-950.0,0.0,SD,20530300.0,46599000.0,False,0.0,14:12:32
19000.0,200,-950.0,0.0,SD,20530300.0,46598900.0,False,-50.0,14:12:32
19050.0,900,-900.0,0.0,BU,20530300.0,46598700.0,False,0.0,14:12:32
19050.0,100,-900.0,0.0,BU,20529400.0,46598700.0,False,50.0,14:12:32
19000.0,800,-950.0,0.0,SD,20529300.0,46598700.0,False,0.0,14:12:32
19000.0,500,-950.0,0.0,SD,20529300.0,46597900.0,False,0.0,14:12:32
19000.0,1000,-950.0,0.0,SD,20529300.0,46597400.0,False,0.0,14:12:32
19000.0,200,-950.0,0.0,SD,20529300.0,46596400.0,False,0.0,14:12:32
19000.0,1300,-950.0,0.0,SD,20529300.0,46596200.0,False,0.0,14:12:31
19000.0,5000,-950.0,0.0,SD,20529300.0,46594900.0,False,0.0,14:12:31
19000.0,1500,-950.0,0.0,SD,20529300.0,46589900.0,False,0.0,14:12:31
19000.0,2000,-950.0,0.0,SD,20529300.0,46588400.0,False,0.0,14:12:31
19000.0,200,-950.0,0.0,SD,20529300.0,46586400.0,False,0.0,14:12:31
19000.0,100,-950.0,0.0,SD,20529300.0,46586200.0,False,0.0,14:12:30
19000.0,600,-950.0,0.0,SD,20529300.0,46586100.0,False,0.0,14:12:30
19000.0,600,-950.0,0.0,SD,20529300.0,46585500.0,False,0.0,14:12:30
19000.0,100,-950.0,0.0,SD,20529300.0,46584900.0,False,0.0,14:12:30
19000.0,500,-950.0,0.0,SD,20529300.0,46584800.0,False,0.0,14:12:30
19000.0,300,-950.0,0.0,SD,20529300.0,46584300.0,False,0.0,14:12:30
19000.0,1000,-950.0,0.0,SD,20529300.0,46584000.0,False,0.0,14:12:30
19000.0,4300,-950.0,0.0,SD,20529300.0,46583000.0,False,0.0,14:12:30
19000.0,200,-950.0,0.0,SD,20529300.0,46578700.0,False,0.0,14:12:30
19000.0,700,-950.0,0.0,SD,20529300.0,46578500.0,False,0.0,14:12:30
19000.0,4100,-950.0,0.0,SD,20529300.0,46577800.0,False,0.0,14:12:30
19000.0,100,-950.0,0.0,SD,20529300.0,46573700.0,False,0.0,14:12:30
19000.0,1000,-950.0,0.0,SD,20529300.0,46573600.0,False,0.0,14:12:30
19000.0,300,-950.0,0.0,SD,20529300.0,46572600.0,False,0.0,14:12:30
19000.0,400,-950.0,0.0,SD,20529300.0,46572300.0,False,0.0,14:12:30
19000.0,1000,-950.0,0.0,SD,20529300.0,46571900.0,False,0.0,14:12:30
19000.0,100,-950.0,0.0,SD,20529300.0,46570900.0,False,0.0,14:12:30
19000.0,300,-950.0,0.0,SD,20529300.0,46570800.0,False,0.0,14:12:30
19000.0,2000,-950.0,0.0,SD,20529300.0,46570500.0,False,0.0,14:12:30
19000.0,1500,-950.0,0.0,SD,20529300.0,46568500.0,False,0.0,14:12:30
19000.0,100,-950.0,0.0,SD,20529300.0,46567000.0,False,0.0,14:12:30
19000.0,1000,-950.0,0.0,SD,20529300.0,46566900.0,False,0.0,14:12:30
19000.0,500,-950.0,0.0,SD,20529300.0,46565900.0,False,0.0,14:12:30
19000.0,300,-950.0,0.0,SD,20529300.0,46565400.0,False,0.0,14:12:30
19000.0,1000,-950.0,0.0,SD,20529300.0,46565100.0,False,0.0,14:12:30
19000.0,500,-950.0,0.0,SD,20529300.0,46564100.0,False,0.0,14:12:30
19000.0,3500,-950.0,0.0,SD,20529300.0,46563600.0,False,0.0,14:12:30
19000.0,500,-950.0,0.0,SD,20529300.0,46560100.0,False,0.0,14:12:30
19000.0,100,-950.0,0.0,SD,20529300.0,46559600.0,False,0.0,14:12:30
19000.0,100,-950.0,0.0,SD,20529300.0,46559500.0,False,0.0,14:12:30
19000.0,1000,-950.0,0.0,SD,20529300.0,46559400.0,False,0.0,14:12:30
19000.0,1000,-950.0,0.0,SD,20529300.0,46558400.0,False,0.0,14:12:30
19000.0,1000,-950.0,0.0,SD,20529300.0,46557400.0,False,0.0,14:12:30
19000.0,100,-950.0,0.0,SD,20529300.0,46556400.0,False,0.0,14:12:30
19000.0,9000,-950.0,0.0,SD,20529300.0,46556300.0,False,0.0,14:12:30
19000.0,500,-950.0,0.0,SD,20529300.0,46547300.0,False,0.0,14:12:30
19000.0,500,-950.0,0.0,SD,20529300.0,46546800.0,False,0.0,14:12:30
19000.0,3000,-950.0,0.0,SD,20529300.0,46546300.0,False,0.0,14:12:30
19000.0,1000,-950.0,0.0,SD,20529300.0,46543300.0,False,0.0,14:12:30
19000.0,300,-950.0,0.0,SD,20529300.0,46542300.0,False,0.0,14:12:30
19000.0,300,-950.0,0.0,SD,20529300.0,46542000.0,False,0.0,14:12:30
19000.0,1000,-950.0,0.0,SD,20529300.0,46541700.0,False,0.0,14:12:30
19000.0,500,-950.0,0.0,SD,20529300.0,46540700.0,False,0.0,14:12:30
19000.0,100,-950.0,0.0,SD,20529300.0,46540200.0,False,0.0,14:12:30
19000.0,500,-950.0,0.0,SD,20529300.0,46540100.0,False,0.0,14:12:30
19000.0,1000,-950.0,0.0,SD,20529300.0,46539600.0,False,0.0,14:12:30
19000.0,2600,-950.0,0.0,SD,20529300.0,46538600.0,False,0.0,14:12:30
19000.0,200,-950.0,0.0,SD,20529300.0,46536000.0,False,0.0,14:12:30
19000.0,200,-950.0,0.0,SD,20529300.0,46535800.0,False,0.0,14:12:30
19000.0,1000,-950.0,0.0,SD,20529300.0,46535600.0,False,0.0,14:12:30
19000.0,100,-950.0,0.0,SD,20529300.0,46534600.0,False,0.0,14:12:30
19000.0,500,-950.0,0.0,SD,20529300.0,46534500.0,False,0.0,14:12:30
19000.0,1200,-950.0,0.0,SD,20529300.0,46534000.0,False,0.0,14:12:30
19000.0,800,-950.0,0.0,SD,20529300.0,46532800.0,False,0.0,14:12:29
19000.0,100,-950.0,0.0,SD,20529300.0,46532000.0,False,0.0,14:12:29
19000.0,100,-950.0,0.0,SD,20529300.0,46531900.0,False,0.0,14:12:29
19000.0,2000,-950.0,0.0,SD,20529300.0,46531800.0,False,0.0,14:12:29
19000.0,100,-950.0,0.0,SD,20529300.0,46529800.0,False,0.0,14:12:29
19000.0,200,-950.0,0.0,SD,20529300.0,46529700.0,False,0.0,14:12:29
19000.0,2000,-950.0,0.0,SD,20529300.0,46529500.0,False,0.0,14:12:29
19000.0,500,-950.0,0.0,SD,20529300.0,46527500.0,False,0.0,14:12:29
19000.0,1100,-950.0,0.0,SD,20529300.0,46527000.0,False,0.0,14:12:29
19000.0,1000,-950.0,0.0,SD,20529300.0,46525900.0,False,0.0,14:12:29
19000.0,100,-950.0,0.0,SD,20529300.0,46524900.0,False,0.0,14:12:29
19000.0,200,-950.0,0.0,SD,20529300.0,46524800.0,False,-50.0,14:12:28
19050.0,500,-900.0,0.0,BU,20529300.0,46524600.0,False,0.0,14:12:27
19050.0,600,-900.0,0.0,BU,20528800.0,46524600.0,False,0.0,14:12:27
19050.0,400,-900.0,0.0,BU,20528200.0,46524600.0,False,50.0,14:12:27
19000.0,600,-950.0,0.0,SD,20527800.0,46524600.0,False,0.0,14:12:26
19000.0,400,-950.0,0.0,SD,20527800.0,46524000.0,False,0.0,14:12:26
19000.0,400,-950.0,0.0,SD,20527800.0,46523600.0,False,0.0,14:12:26
19000.0,600,-950.0,0.0,SD,20527800.0,46523200.0,False,0.0,14:12:26
19000.0,1000,-950.0,0.0,SD,20527800.0,46522600.0,False,0.0,14:12:26
19000.0,600,-950.0,0.0,SD,20527800.0,46521600.0,False,0.0,14:12:26
19000.0,400,-950.0,0.0,SD,20527800.0,46521000.0,False,-50.0,14:12:26
19050.0,2000,-900.0,0.0,BU,20527800.0,46520600.0,False,50.0,14:12:25
19000.0,200,-950.0,0.0,SD,20525800.0,46520600.0,False,0.0,14:12:25
19000.0,500,-950.0,0.0,SD,20525800.0,46520400.0,False,0.0,14:12:25
19000.0,300,-950.0,0.0,SD,20525800.0,46519900.0,False,0.0,14:12:25
19000.0,200,-950.0,0.0,SD,20525800.0,46519600.0,False,-50.0,14:12:25
19050.0,200,-900.0,0.0,BU,20525800.0,46519400.0,False,0.0,14:12:24
19050.0,1000,-900.0,0.0,BU,20525600.0,46519400.0,False,50.0,14:12:23
19000.0,100,-950.0,0.0,SD,20524600.0,46519400.0,False,0.0,14:12:22
19000.0,800,-950.0,0.0,SD,20524600.0,46519300.0,False,0.0,14:12:22
19000.0,2500,-950.0,0.0,SD,20524600.0,46518500.0,False,0.0,14:12:22
19000.0,100,-950.0,0.0,SD,20524600.0,46516000.0,False,0.0,14:12:22
19000.0,100,-950.0,0.0,SD,20524600.0,46515900.0,False,0.0,14:12:22
19000.0,100,-950.0,0.0,SD,20524600.0,46515800.0,False,0.0,14:12:22
19000.0,500,-950.0,0.0,SD,20524600.0,46515700.0,False,0.0,14:12:22
19000.0,500,-950.0,0.0,SD,20524600.0,46515200.0,False,0.0,14:12:22
19000.0,100,-950.0,0.0,SD,20524600.0,46514700.0,False,0.0,14:12:22
19000.0,200,-950.0,0.0,SD,20524600.0,46514600.0,False,0.0,14:12:22
19000.0,200,-950.0,0.0,SD,20524600.0,46514400.0,False,0.0,14:12:22
19000.0,500,-950.0,0.0,SD,20524600.0,46514200.0,False,0.0,14:12:22
19000.0,1000,-950.0,0.0,SD,20524600.0,46513700.0,False,0.0,14:12:22
19000.0,1000,-950.0,0.0,SD,20524600.0,46512700.0,False,0.0,14:12:22
19000.0,500,-950.0,0.0,SD,20524600.0,46511700.0,False,0.0,14:12:22
19000.0,100,-950.0,0.0,SD,20524600.0,46511200.0,False,0.0,14:12:22
19000.0,300,-950.0,0.0,SD,20524600.0,46511100.0,False,0.0,14:12:22
19000.0,100,-950.0,0.0,SD,20524600.0,46510800.0,False,0.0,14:12:22
19000.0,1300,-950.0,0.0,SD,20524600.0,46510700.0,False,-50.0,14:12:22
19050.0,100,-900.0,0.0,BU,20524600.0,46509400.0,False,50.0,14:12:19
19000.0,3000,-950.0,0.0,SD,20524500.0,46509400.0,False,-50.0,14:12:17
19050.0,500,-900.0,0.0,SD,20524500.0,46506400.0,False,0.0,14:12:17
19050.0,200,-900.0,0.0,SD,20524500.0,46505900.0,False,0.0,14:12:17
19050.0,200,-900.0,0.0,SD,20524500.0,46505700.0,False,0.0,14:12:17
19050.0,1000,-900.0,0.0,SD,20524500.0,46505500.0,False,0.0,14:12:17
19050.0,300,-900.0,0.0,SD,20524500.0,46504500.0,False,0.0,14:12:17
19050.0,3800,-900.0,0.0,SD,20524500.0,46504200.0,False,0.0,14:12:17
19050.0,1000,-900.0,0.0,SD,20524500.0,46500400.0,False,0.0,14:12:17
19050.0,1000,-900.0,0.0,SD,20524500.0,46499400.0,False,0.0,14:12:17
19050.0,200,-900.0,0.0,SD,20524500.0,46498400.0,False,0.0,14:12:17
19050.0,100,-900.0,0.0,SD,20524500.0,46498200.0,False,0.0,14:12:17
19050.0,1500,-900.0,0.0,SD,20524500.0,46498100.0,False,0.0,14:12:17
19050.0,800,-900.0,0.0,SD,20524500.0,46496600.0,False,0.0,14:12:17
19050.0,300,-900.0,0.0,SD,20524500.0,46495800.0,False,0.0,14:12:17
19050.0,9600,-900.0,0.0,SD,20524500.0,46495500.0,False,0.0,14:12:17
19050.0,1500,-900.0,0.0,SD,20524500.0,46485900.0,False,0.0,14:12:17
19050.0,100,-900.0,0.0,SD,20524500.0,46484400.0,False,0.0,14:12:17
19050.0,1000,-900.0,0.0,SD,20524500.0,46484300.0,False,0.0,14:12:17
19050.0,100,-900.0,0.0,SD,20524500.0,46483300.0,False,0.0,14:12:17
19050.0,900,-900.0,0.0,SD,20524500.0,46483200.0,False,0.0,14:12:17
19050.0,200,-900.0,0.0,SD,20524500.0,46482300.0,False,0.0,14:12:17
19050.0,2000,-900.0,0.0,SD,20524500.0,46482100.0,False,0.0,14:12:17
19050.0,100,-900.0,0.0,SD,20524500.0,46480100.0,False,0.0,14:12:17
19050.0,1000,-900.0,0.0,SD,20524500.0,46480000.0,False,0.0,14:12:17
19050.0,3000,-900.0,0.0,SD,20524500.0,46479000.0,False,0.0,14:12:17
19050.0,800,-900.0,0.0,SD,20524500.0,46476000.0,False,0.0,14:12:17
19050.0,2600,-900.0,0.0,SD,20524500.0,46475200.0,False,0.0,14:12:17
19050.0,2600,-900.0,0.0,SD,20524500.0,46472600.0,False,0.0,14:12:17
19050.0,1000,-900.0,0.0,SD,20524500.0,46470000.0,False,0.0,14:12:17
19050.0,2000,-900.0,0.0,SD,20524500.0,46469000.0,False,0.0,14:12:17
19050.0,100,-900.0,0.0,SD,20524500.0,46467000.0,False,0.0,14:12:17
19050.0,500,-900.0,0.0,SD,20524500.0,46466900.0,False,0.0,14:12:17
19050.0,500,-900.0,0.0,SD,20524500.0,46466400.0,False,0.0,14:12:17
19050.0,5800,-900.0,0.0,SD,20524500.0,46465900.0,False,-50.0,14:12:17
19100.0,100,-850.0,0.0,BU,20524500.0,46460100.0,False,0.0,14:12:16
19100.0,1800,-850.0,0.0,BU,20524400.0,46460100.0,False,0.0,14:12:15
19100.0,200,-850.0,0.0,BU,20522600.0,46460100.0,False,0.0,14:12:15
19100.0,500,-850.0,0.0,BU,20522400.0,46460100.0,False,50.0,14:12:15
19050.0,4200,-900.0,0.0,SD,20521900.0,46460100.0,False,0.0,14:12:15
19050.0,200,-900.0,0.0,SD,20521900.0,46455900.0,False,-50.0,14:12:15
19100.0,300,-850.0,0.0,BU,20521900.0,46455700.0,False,50.0,14:12:15
19050.0,800,-900.0,0.0,SD,20521600.0,46455700.0,False,0.0,14:12:13
19050.0,200,-900.0,0.0,SD,20521600.0,46454900.0,False,0.0,14:12:13
19050.0,1800,-900.0,0.0,SD,20521600.0,46454700.0,False,0.0,14:12:12
19050.0,3000,-900.0,0.0,SD,20521600.0,46452900.0,False,0.0,14:12:12
19050.0,5200,-900.0,0.0,SD,20521600.0,46449900.0,False,-50.0,14:12:12
19100.0,800,-850.0,0.0,BU,20521600.0,46444700.0,False,0.0,14:12:10
19100.0,200,-850.0,0.0,BU,20520800.0,46444700.0,False,0.0,14:12:07
19100.0,100,-850.0,0.0,BU,20520600.0,46444700.0,False,0.0,14:12:07
19100.0,200,-850.0,0.0,BU,20520500.0,46444700.0,False,0.0,14:12:07
19100.0,500,-850.0,0.0,BU,20520300.0,46444700.0,False,0.0,14:12:07
19100.0,100,-850.0,0.0,BU,20519800.0,46444700.0,False,0.0,14:12:07
19100.0,400,-850.0,0.0,BU,20519700.0,46444700.0,False,0.0,14:12:07
19100.0,200,-850.0,0.0,BU,20519300.0,46444700.0,False,0.0,14:12:06
19100.0,100,-850.0,0.0,BU,20519100.0,46444700.0,False,0.0,14:12:05
19100.0,1100,-850.0,0.0,BU,20519000.0,46444700.0,False,0.0,14:12:05
19100.0,900,-850.0,0.0,BU,20517900.0,46444700.0,False,0.0,14:12:05
19100.0,200,-850.0,0.0,BU,20517000.0,46444700.0,False,0.0,14:12:05
19100.0,1000,-850.0,0.0,BU,20516800.0,46444700.0,False,0.0,14:12:05
19100.0,500,-850.0,0.0,BU,20515800.0,46444700.0,False,0.0,14:12:05
19100.0,100,-850.0,0.0,BU,20515300.0,46444700.0,False,0.0,14:12:05
19100.0,100,-850.0,0.0,BU,20515200.0,46444700.0,False,0.0,14:12:05
19100.0,500,-850.0,0.0,BU,20515100.0,46444700.0,False,0.0,14:12:05
19100.0,100,-850.0,0.0,BU,20514600.0,46444700.0,False,0.0,14:12:05
19100.0,4000,-850.0,0.0,BU,20514500.0,46444700.0,False,0.0,14:12:05
19100.0,100,-850.0,0.0,BU,20510500.0,46444700.0,False,0.0,14:12:05
19100.0,2200,-850.0,0.0,BU,20510400.0,46444700.0,False,0.0,14:12:05
19100.0,200,-850.0,0.0,BU,20508200.0,46444700.0,False,0.0,14:12:05
19100.0,100,-850.0,0.0,SD,20508000.0,46444700.0,False,0.0,14:12:05
19100.0,200,-850.0,0.0,SD,20508000.0,46444600.0,False,0.0,14:12:05
19100.0,5200,-850.0,0.0,SD,20508000.0,46444400.0,False,0.0,14:12:05
19100.0,300,-850.0,0.0,SD,20508000.0,46439200.0,False,0.0,14:12:05
19100.0,200,-850.0,0.0,SD,20508000.0,46438900.0,False,0.0,14:12:05
19100.0,100,-850.0,0.0,SD,20508000.0,46438700.0,False,0.0,14:12:04
19100.0,200,-850.0,0.0,SD,20508000.0,46438600.0,False,0.0,14:12:04
19100.0,1000,-850.0,0.0,SD,20508000.0,46438400.0,False,0.0,14:12:04
19100.0,3000,-850.0,0.0,SD,20508000.0,46437400.0,False,0.0,14:12:04
19100.0,100,-850.0,0.0,SD,20508000.0,46434400.0,False,0.0,14:12:04
19100.0,500,-850.0,0.0,SD,20508000.0,46434300.0,False,0.0,14:12:04
19100.0,100,-850.0,0.0,SD,20508000.0,46433800.0,False,0.0,14:12:04
19100.0,300,-850.0,0.0,SD,20508000.0,46433700.0,False,0.0,14:12:04
19100.0,1000,-850.0,0.0,SD,20508000.0,46433400.0,False,0.0,14:12:03
19100.0,500,-850.0,0.0,SD,20508000.0,46432400.0,False,0.0,14:12:02
19100.0,100,-850.0,0.0,SD,20508000.0,46431900.0,False,0.0,14:12:02
19100.0,100,-850.0,0.0,SD,20508000.0,46431800.0,False,0.0,14:12:01
19100.0,700,-850.0,0.0,SD,20508000.0,46431700.0,False,0.0,14:12:01
19100.0,100,-850.0,0.0,SD,20508000.0,46431000.0,False,0.0,14:12:01
19100.0,500,-850.0,0.0,SD,20508000.0,46430900.0,False,0.0,14:12:01
19100.0,600,-850.0,0.0,SD,20508000.0,46430400.0,False,0.0,14:12:01
19100.0,1500,-850.0,0.0,SD,20508000.0,46429800.0,False,0.0,14:12:01
19100.0,400,-850.0,0.0,SD,20508000.0,46428300.0,False,0.0,14:12:01
19100.0,2000,-850.0,0.0,SD,20508000.0,46427900.0,False,0.0,14:12:01
19100.0,1500,-850.0,0.0,SD,20508000.0,46425900.0,False,0.0,14:12:00
19100.0,200,-850.0,0.0,SD,20508000.0,46424400.0,False,0.0,14:12:00
19100.0,300,-850.0,0.0,SD,20508000.0,46424200.0,False,0.0,14:12:00
19100.0,500,-850.0,0.0,SD,20508000.0,46423900.0,False,-50.0,14:12:00
19150.0,5600,-800.0,0.0,BU,20508000.0,46423400.0,False,50.0,14:11:59
19100.0,100,-850.0,0.0,SD,20502400.0,46423400.0,False,0.0,14:11:58
19100.0,100,-850.0,0.0,SD,20502400.0,46423300.0,False,0.0,14:11:58
19100.0,100,-850.0,0.0,SD,20502400.0,46423200.0,False,0.0,14:11:58
19100.0,1900,-850.0,0.0,SD,20502400.0,46423100.0,False,0.0,14:11:57
19100.0,400,-850.0,0.0,SD,20502400.0,46421200.0,False,0.0,14:11:57
19100.0,1000,-850.0,0.0,SD,20502400.0,46420800.0,False,0.0,14:11:57
19100.0,100,-850.0,0.0,SD,20502400.0,46419800.0,False,0.0,14:11:57
19100.0,100,-850.0,0.0,SD,20502400.0,46419700.0,False,0.0,14:11:57
19100.0,300,-850.0,0.0,SD,20502400.0,46419600.0,False,0.0,14:11:57
19100.0,100,-850.0,0.0,SD,20502400.0,46419300.0,False,0.0,14:11:57
19100.0,200,-850.0,0.0,SD,20502400.0,46419200.0,False,0.0,14:11:57
19100.0,900,-850.0,0.0,SD,20502400.0,46419000.0,False,0.0,14:11:57
19100.0,100,-850.0,0.0,SD,20502400.0,46418100.0,False,0.0,14:11:56
19100.0,100,-850.0,0.0,SD,20502400.0,46418000.0,False,-50.0,14:11:56
19150.0,600,-800.0,0.0,BU,20502400.0,46417900.0,False,50.0,14:11:56
19100.0,1000,-850.0,0.0,SD,20501800.0,46417900.0,False,0.0,14:11:55
19100.0,2000,-850.0,0.0,SD,20501800.0,46416900.0,False,0.0,14:11:55
19100.0,400,-850.0,0.0,SD,20501800.0,46414900.0,False,0.0,14:11:55
19100.0,3000,-850.0,0.0,SD,20501800.0,46414500.0,False,0.0,14:11:55
19100.0,100,-850.0,0.0,SD,20501800.0,46411500.0,False,0.0,14:11:55
19100.0,1000,-850.0,0.0,SD,20501800.0,46411400.0,False,0.0,14:11:55
19100.0,1000,-850.0,0.0,SD,20501800.0,46410400.0,False,0.0,14:11:55
19100.0,2200,-850.0,0.0,SD,20501800.0,46409400.0,False,0.0,14:11:55
19100.0,100,-850.0,0.0,SD,20501800.0,46407200.0,False,0.0,14:11:55
19100.0,100,-850.0,0.0,SD,20501800.0,46407100.0,False,0.0,14:11:55
19100.0,500,-850.0,0.0,SD,20501800.0,46407000.0,False,0.0,14:11:55
19100.0,300,-850.0,0.0,SD,20501800.0,46406500.0,False,0.0,14:11:55
19100.0,1000,-850.0,0.0,SD,20501800.0,46406200.0,False,0.0,14:11:55
19100.0,400,-850.0,0.0,SD,20501800.0,46405200.0,False,0.0,14:11:55
19100.0,200,-850.0,0.0,SD,20501800.0,46404800.0,False,0.0,14:11:55
19100.0,100,-850.0,0.0,SD,20501800.0,46404600.0,False,0.0,14:11:55
19100.0,6600,-850.0,0.0,SD,20501800.0,46404500.0,False,-50.0,14:11:55
19150.0,1000,-800.0,0.0,BU,20501800.0,46397900.0,False,50.0,14:11:55
19100.0,400,-850.0,0.0,SD,20500800.0,46397900.0,False,0.0,14:11:54
19100.0,100,-850.0,0.0,SD,20500800.0,46397500.0,False,0.0,14:11:54
19100.0,500,-850.0,0.0,SD,20500800.0,46397400.0,False,-50.0,14:11:54
19150.0,100,-800.0,0.0,BU,20500800.0,46396900.0,False,0.0,14:11:54
19150.0,500,-800.0,0.0,BU,20500700.0,46396900.0,False,0.0,14:11:53
19150.0,8000,-800.0,0.0,BU,20500200.0,46396900.0,False,50.0,14:11:53
19100.0,700,-850.0,0.0,SD,20492200.0,46396900.0,False,-50.0,14:11:52
19150.0,200,-800.0,0.0,SD,20492200.0,46396200.0,False,0.0,14:11:51
19150.0,100,-800.0,0.0,SD,20492200.0,46396000.0,False,0.0,14:11:51
19150.0,4000,-800.0,0.0,SD,20492200.0,46395900.0,False,0.0,14:11:51
19150.0,500,-800.0,0.0,SD,20492200.0,46391900.0,False,0.0,14:11:51
19150.0,11400,-800.0,0.0,SD,20492200.0,46391400.0,True,0.0,14:11:51
19150.0,3000,-800.0,0.0,SD,20492200.0,46380000.0,False,0.0,14:11:51
19150.0,2000,-800.0,0.0,SD,20492200.0,46377000.0,False,0.0,14:11:51
19150.0,4300,-800.0,0.0,SD,20492200.0,46375000.0,False,0.0,14:11:50
19150.0,1000,-800.0,0.0,SD,20492200.0,46370700.0,False,0.0,14:11:50
19150.0,300,-800.0,0.0,SD,20492200.0,46369700.0,False,0.0,14:11:50
19150.0,700,-800.0,0.0,SD,20492200.0,46369400.0,False,0.0,14:11:50
19150.0,400,-800.0,0.0,SD,20492200.0,46368700.0,False,0.0,14:11:50
19150.0,300,-800.0,0.0,SD,20492200.0,46368300.0,False,0.0,14:11:50
19150.0,100,-800.0,0.0,SD,20492200.0,46368000.0,False,0.0,14:11:50
19150.0,300,-800.0,0.0,SD,20492200.0,46367900.0,False,0.0,14:11:50
19150.0,200,-800.0,0.0,SD,20492200.0,46367600.0,False,-50.0,14:11:49
19200.0,100,-750.0,0.0,BU,20492200.0,46367400.0,False,0.0,14:11:49
19200.0,100,-750.0,0.0,BU,20492100.0,46367400.0,False,50.0,14:11:49
19150.0,1000,-800.0,0.0,SD,20492000.0,46367400.0,False,0.0,14:11:49
19150.0,1300,-800.0,0.0,SD,20492000.0,46366400.0,False,0.0,14:11:48
19150.0,500,-800.0,0.0,SD,20492000.0,46365100.0,False,0.0,14:11:48
19150.0,100,-800.0,0.0,SD,20492000.0,46364600.0,False,0.0,14:11:48
19150.0,100,-800.0,0.0,SD,20492000.0,46364500.0,False,0.0,14:11:48
19150.0,3000,-800.0,0.0,SD,20492000.0,46364400.0,False,0.0,14:11:48
19150.0,500,-800.0,0.0,SD,20492000.0,46361400.0,False,0.0,14:11:47
19150.0,2500,-800.0,0.0,SD,20492000.0,46360900.0,False,0.0,14:11:47
19150.0,100,-800.0,0.0,SD,20492000.0,46358400.0,False,0.0,14:11:47
19150.0,100,-800.0,0.0,SD,20492000.0,46358300.0,False,0.0,14:11:47
19150.0,500,-800.0,0.0,SD,20492000.0,46358200.0,False,0.0,14:11:47
19150.0,700,-800.0,0.0,SD,20492000.0,46357700.0,False,0.0,14:11:47
19150.0,300,-800.0,0.0,SD,20492000.0,46357000.0,False,0.0,14:11:47
19150.0,200,-800.0,0.0,SD,20492000.0,46356700.0,False,-50.0,14:11:47
19200.0,100,-750.0,0.0,BU,20492000.0,46356500.0,False,50.0,14:11:47
19150.0,100,-800.0,0.0,SD,20491900.0,46356500.0,False,0.0,14:11:46
19150.0,1000,-800.0,0.0,SD,20491900.0,46356400.0,False,0.0,14:11:46
19150.0,200,-800.0,0.0,SD,20491900.0,46355400.0,False,0.0,14:11:46
19150.0,1000,-800.0,0.0,SD,20491900.0,46355200.0,False,0.0,14:11:46
19150.0,1000,-800.0,0.0,SD,20491900.0,46354200.0,False,0.0,14:11:46
19150.0,1000,-800.0,0.0,SD,20491900.0,46353200.0,False,0.0,14:11:46
19150.0,500,-800.0,0.0,SD,20491900.0,46352200.0,False,0.0,14:11:46
19150.0,200,-800.0,0.0,SD,20491900.0,46351700.0,False,0.0,14:11:46
19150.0,400,-800.0,0.0,SD,20491900.0,46351500.0,False,0.0,14:11:46
19150.0,3000,-800.0,0.0,SD,20491900.0,46351100.0,False,0.0,14:11:46
19150.0,1000,-800.0,0.0,SD,20491900.0,46348100.0,False,0.0,14:11:46
19150.0,200,-800.0,0.0,SD,20491900.0,46347100.0,False,0.0,14:11:46
19150.0,100,-800.0,0.0,SD,20491900.0,46346900.0,False,0.0,14:11:46
19150.0,400,-800.0,0.0,SD,20491900.0,46346800.0,False,0.0,14:11:45
19150.0,1000,-800.0,0.0,SD,20491900.0,46346400.0,False,0.0,14:11:45
19150.0,100,-800.0,0.0,SD,20491900.0,46345400.0,False,0.0,14:11:45
19150.0,3000,-800.0,0.0,SD,20491900.0,46345300.0,False,0.0,14:11:45
19150.0,100,-800.0,0.0,SD,20491900.0,46342300.0,False,0.0,14:11:45
19150.0,300,-800.0,0.0,SD,20491900.0,46342200.0,False,0.0,14:11:45
19150.0,100,-800.0,0.0,SD,20491900.0,46341900.0,False,0.0,14:11:45
19150.0,100,-800.0,0.0,SD,20491900.0,46341800.0,False,0.0,14:11:44
19150.0,200,-800.0,0.0,SD,20491900.0,46341700.0,False,-50.0,14:11:44
19200.0,100,-750.0,0.0,BU,20491900.0,46341500.0,False,0.0,14:11:44
19200.0,100,-750.0,0.0,BU,20491800.0,46341500.0,False,0.0,14:11:44
19200.0,2000,-750.0,0.0,BU,20491700.0,46341500.0,False,0.0,14:11:43
19200.0,500,-750.0,0.0,BU,20489700.0,46341500.0,False,50.0,14:11:42
19150.0,2800,-800.0,0.0,SD,20489200.0,46341500.0,False,0.0,14:11:42
19150.0,1000,-800.0,0.0,SD,20489200.0,46338700.0,False,0.0,14:11:42
19150.0,300,-800.0,0.0,SD,20489200.0,46337700.0,False,0.0,14:11:42
19150.0,3000,-800.0,0.0,SD,20489200.0,46337400.0,False,0.0,14:11:42
19150.0,100,-800.0,0.0,SD,20489200.0,46334400.0,False,0.0,14:11:42
19150.0,200,-800.0,0.0,SD,20489200.0,46334300.0,False,0.0,14:11:42
19150.0,2000,-800.0,0.0,SD,20489200.0,46334100.0,False,0.0,14:11:42
19150.0,500,-800.0,0.0,SD,20489200.0,46332100.0,False,0.0,14:11:42
19150.0,300,-800.0,0.0,SD,20489200.0,46331600.0,False,0.0,14:11:42
19150.0,100,-800.0,0.0,SD,20489200.0,46331300.0,False,0.0,14:11:42
19150.0,200,-800.0,0.0,SD,20489200.0,46331200.0,False,0.0,14:11:42
19150.0,700,-800.0,0.0,SD,20489200.0,46331000.0,False,0.0,14:11:42
19150.0,2000,-800.0,0.0,SD,20489200.0,46330300.0,False,0.0,14:11:42
19150.0,1800,-800.0,0.0,SD,20489200.0,46328300.0,False,-50.0,14:11:42
19200.0,100,-750.0,0.0,BU,20489200.0,46326500.0,False,50.0,14:11:41
19150.0,500,-800.0,0.0,SD,20489100.0,46326500.0,False,-50.0,14:11:41
19200.0,500,-750.0,0.0,BU,20489100.0,46326000.0,False,50.0,14:11:41
19150.0,1000,-800.0,0.0,SD,20488600.0,46326000.0,False,0.0,14:11:41
19150.0,100,-800.0,0.0,SD,20488600.0,46325000.0,False,0.0,14:11:41
19150.0,300,-800.0,0.0,SD,20488600.0,46324900.0,False,-50.0,14:11:40
19200.0,1800,-750.0,0.0,BU,20488600.0,46324600.0,False,0.0,14:11:38
19200.0,1200,-750.0,0.0,BU,20486800.0,46324600.0,False,0.0,14:11:38
19200.0,200,-750.0,0.0,BU,20485600.0,46324600.0,False,0.0,14:11:38
19200.0,200,-750.0,0.0,BU,20485400.0,46324600.0,False,0.0,14:11:37
19200.0,2400,-750.0,0.0,BU,20485200.0,46324600.0,False,0.0,14:11:37
19200.0,3000,-750.0,0.0,BU,20482800.0,46324600.0,False,0.0,14:11:37
19200.0,6100,-750.0,0.0,BU,20479800.0,46324600.0,False,0.0,14:11:37
19200.0,800,-750.0,0.0,BU,20473700.0,46324600.0,False,0.0,14:11:37
19200.0,2100,-750.0,0.0,BU,20472900.0,46324600.0,False,0.0,14:11:37
19200.0,5000,-750.0,0.0,BU,20470800.0,46324600.0,False,0.0,14:11:37
19200.0,5000,-750.0,0.0,BU,20465800.0,46324600.0,False,0.0,14:11:37
19200.0,10000,-750.0,0.0,BU,20460800.0,46324600.0,False,0.0,14:11:37
19200.0,2000,-750.0,0.0,BU,20450800.0,46324600.0,False,0.0,14:11:37
19200.0,2000,-750.0,0.0,BU,20448800.0,46324600.0,False,0.0,14:11:37
19200.0,5000,-750.0,0.0,BU,20446800.0,46324600.0,False,0.0,14:11:37
19200.0,2000,-750.0,0.0,BU,20441800.0,46324600.0,False,0.0,14:11:37
19200.0,100,-750.0,0.0,BU,20439800.0,46324600.0,False,0.0,14:11:37
19200.0,1000,-750.0,0.0,BU,20439700.0,46324600.0,False,0.0,14:11:37
19200.0,2500,-750.0,0.0,BU,20438700.0,46324600.0,False,0.0,14:11:37
19200.0,500,-750.0,0.0,BU,20436200.0,46324600.0,False,0.0,14:11:37
19200.0,1500,-750.0,0.0,BU,20435700.0,46324600.0,False,0.0,14:11:37
19200.0,5000,-750.0,0.0,BU,20434200.0,46324600.0,False,0.0,14:11:37
19200.0,5000,-750.0,0.0,BU,20429200.0,46324600.0,False,0.0,14:11:37
19200.0,2000,-750.0,0.0,BU,20424200.0,46324600.0,False,0.0,14:11:37
19200.0,4000,-750.0,0.0,BU,20422200.0,46324600.0,False,0.0,14:11:37
19200.0,2000,-750.0,0.0,BU,20418200.0,46324600.0,False,0.0,14:11:37
19200.0,29900,-750.0,0.0,BU,20416200.0,46324600.0,True,0.0,14:11:37
19200.0,100,-750.0,0.0,BU,20386300.0,46324600.0,False,0.0,14:11:37
19200.0,1000,-750.0,0.0,BU,20386200.0,46324600.0,False,0.0,14:11:37
19200.0,800,-750.0,0.0,BU,20385200.0,46324600.0,False,0.0,14:11:35
19200.0,7000,-750.0,0.0,BU,20384400.0,46324600.0,False,50.0,14:11:35
19150.0,100,-800.0,0.0,SD,20377400.0,46324600.0,False,0.0,14:11:35
19150.0,500,-800.0,0.0,SD,20377400.0,46324500.0,False,0.0,14:11:35
19150.0,100,-800.0,0.0,SD,20377400.0,46324000.0,False,0.0,14:11:35
19150.0,100,-800.0,0.0,SD,20377400.0,46323900.0,False,0.0,14:11:35
19150.0,600,-800.0,0.0,SD,20377400.0,46323800.0,False,0.0,14:11:35
19150.0,100,-800.0,0.0,SD,20377400.0,46323200.0,False,0.0,14:11:35
19150.0,200,-800.0,0.0,SD,20377400.0,46323100.0,False,0.0,14:11:35
19150.0,3300,-800.0,0.0,SD,20377400.0,46322900.0,False,-50.0,14:11:35
19200.0,100,-750.0,0.0,BU,20377400.0,46319600.0,False,0.0,14:11:34
19200.0,800,-750.0,0.0,BU,20377300.0,46319600.0,False,50.0,14:11:33
19150.0,1700,-800.0,0.0,SD,20376500.0,46319600.0,False,-50.0,14:11:32
19200.0,500,-750.0,0.0,BU,20376500.0,46317900.0,False,0.0,14:11:32
19200.0,300,-750.0,0.0,SD,20376000.0,46317900.0,False,0.0,14:11:30
19200.0,1000,-750.0,0.0,SD,20376000.0,46317600.0,False,0.0,14:11:30
19200.0,1100,-750.0,0.0,SD,20376000.0,46316600.0,False,0.0,14:11:30
19200.0,1000,-750.0,0.0,SD,20376000.0,46315500.0,False,0.0,14:11:30
19200.0,800,-750.0,0.0,SD,20376000.0,46314500.0,False,0.0,14:11:30
19200.0,100,-750.0,0.0,SD,20376000.0,46313700.0,False,0.0,14:11:30
19200.0,500,-750.0,0.0,SD,20376000.0,46313600.0,False,0.0,14:11:30
19200.0,400,-750.0,0.0,SD,20376000.0,46313100.0,False,0.0,14:11:30
19200.0,3200,-750.0,0.0,SD,20376000.0,46312700.0,False,0.0,14:11:30
19200.0,11700,-750.0,0.0,SD,20376000.0,46309500.0,True,0.0,14:11:30
19200.0,2000,-750.0,0.0,SD,20376000.0,46297800.0,False,0.0,14:11:30
19200.0,4900,-750.0,0.0,SD,20376000.0,46295800.0,False,0.0,14:11:30
19200.0,2000,-750.0,0.0,SD,20376000.0,46290900.0,False,0.0,14:11:30
19200.0,1000,-750.0,0.0,SD,20376000.0,46288900.0,False,0.0,14:11:30
19200.0,500,-750.0,0.0,SD,20376000.0,46287900.0,False,0.0,14:11:29
19200.0,1000,-750.0,0.0,SD,20376000.0,46287400.0,False,0.0,14:11:29
19200.0,1000,-750.0,0.0,SD,20376000.0,46286400.0,False,0.0,14:11:29
19200.0,2000,-750.0,0.0,SD,20376000.0,46285400.0,False,0.0,14:11:29
19200.0,4800,-750.0,0.0,SD,20376000.0,46283400.0,False,0.0,14:11:29
19200.0,4000,-750.0,0.0,SD,20376000.0,46278600.0,False,0.0,14:11:29
19200.0,2000,-750.0,0.0,SD,20376000.0,46274600.0,False,0.0,14:11:29
19200.0,5000,-750.0,0.0,SD,20376000.0,46272600.0,False,0.0,14:11:29
19200.0,1000,-750.0,0.0,SD,20376000.0,46267600.0,False,0.0,14:11:29
19200.0,100,-750.0,0.0,SD,20376000.0,46266600.0,False,0.0,14:11:29
19200.0,3000,-750.0,0.0,SD,20376000.0,46266500.0,False,0.0,14:11:29
19200.0,500,-750.0,0.0,SD,20376000.0,46263500.0,False,0.0,14:11:29
19200.0,1000,-750.0,0.0,SD,20376000.0,46263000.0,False,0.0,14:11:28
19200.0,700,-750.0,0.0,SD,20376000.0,46262000.0,False,0.0,14:11:28
19200.0,10000,-750.0,0.0,SD,20376000.0,46261300.0,False,0.0,14:11:28
19200.0,51800,-750.0,0.0,SD,20376000.0,46251300.0,True,0.0,14:11:28
19200.0,1000,-750.0,0.0,SD,20376000.0,46199500.0,False,0.0,14:11:28
19200.0,2000,-750.0,0.0,SD,20376000.0,46198500.0,False,0.0,14:11:28
19200.0,500,-750.0,0.0,SD,20376000.0,46196500.0,False,0.0,14:11:28
19200.0,400,-750.0,0.0,SD,20376000.0,46196000.0,False,0.0,14:11:28
19200.0,100,-750.0,0.0,SD,20376000.0,46195600.0,False,0.0,14:11:28
19200.0,400,-750.0,0.0,SD,20376000.0,46195500.0,False,0.0,14:11:28
19200.0,6000,-750.0,0.0,SD,20376000.0,46195100.0,False,0.0,14:11:28
19200.0,100,-750.0,0.0,SD,20376000.0,46189100.0,False,0.0,14:11:28
19200.0,1000,-750.0,0.0,SD,20376000.0,46189000.0,False,0.0,14:11:28
19200.0,500,-750.0,0.0,SD,20376000.0,46188000.0,False,0.0,14:11:28
19200.0,500,-750.0,0.0,SD,20376000.0,46187500.0,False,0.0,14:11:28
19200.0,500,-750.0,0.0,SD,20376000.0,46187000.0,False,0.0,14:11:28
19200.0,100,-750.0,0.0,SD,20376000.0,46186500.0,False,0.0,14:11:28
19200.0,300,-750.0,0.0,SD,20376000.0,46186400.0,False,0.0,14:11:28
19200.0,800,-750.0,0.0,SD,20376000.0,46186100.0,False,0.0,14:11:28
19200.0,100,-750.0,0.0,SD,20376000.0,46185300.0,False,0.0,14:11:28
19200.0,1000,-750.0,0.0,SD,20376000.0,46185200.0,False,0.0,14:11:28
19200.0,5000,-750.0,0.0,SD,20376000.0,46184200.0,False,0.0,14:11:28
19200.0,1000,-750.0,0.0,SD,20376000.0,46179200.0,False,0.0,14:11:28
19200.0,100,-750.0,0.0,SD,20376000.0,46178200.0,False,0.0,14:11:28
19200.0,300,-750.0,0.0,SD,20376000.0,46178100.0,False,0.0,14:11:28
19200.0,200,-750.0,0.0,SD,20376000.0,46177800.0,False,0.0,14:11:28
19200.0,300,-750.0,0.0,SD,20376000.0,46177600.0,False,0.0,14:11:28
19200.0,200,-750.0,0.0,SD,20376000.0,46177300.0,False,0.0,14:11:28
19200.0,4000,-750.0,0.0,SD,20376000.0,46177100.0,False,0.0,14:11:28
19200.0,500,-750.0,0.0,SD,20376000.0,46173100.0,False,0.0,14:11:28
19200.0,300,-750.0,0.0,SD,20376000.0,46172600.0,False,0.0,14:11:28
19200.0,200,-750.0,0.0,SD,20376000.0,46172300.0,False,0.0,14:11:28
19200.0,1000,-750.0,0.0,SD,20376000.0,46172100.0,False,0.0,14:11:28
19200.0,400,-750.0,0.0,SD,20376000.0,46171100.0,False,0.0,14:11:28
19200.0,300,-750.0,0.0,SD,20376000.0,46170700.0,False,0.0,14:11:28
19200.0,500,-750.0,0.0,SD,20376000.0,46170400.0,False,0.0,14:11:28
19200.0,200,-750.0,0.0,SD,20376000.0,46169900.0,False,0.0,14:11:28
19200.0,300,-750.0,0.0,SD,20376000.0,46169700.0,False,0.0,14:11:28
19200.0,1000,-750.0,0.0,SD,20376000.0,46169400.0,False,0.0,14:11:28
19200.0,500,-750.0,0.0,SD,20376000.0,46168400.0,False,0.0,14:11:28
19200.0,100,-750.0,0.0,SD,20376000.0,46167900.0,False,0.0,14:11:28
19200.0,1000,-750.0,0.0,SD,20376000.0,46167800.0,False,0.0,14:11:28
19200.0,1000,-750.0,0.0,SD,20376000.0,46166800.0,False,0.0,14:11:28
19200.0,400,-750.0,0.0,SD,20376000.0,46165800.0,False,0.0,14:11:28
19200.0,3100,-750.0,0.0,SD,20376000.0,46165400.0,False,0.0,14:11:28
19200.0,1000,-750.0,0.0,SD,20376000.0,46162300.0,False,0.0,14:11:28
19200.0,100,-750.0,0.0,SD,20376000.0,46161300.0,False,0.0,14:11:28
19200.0,1900,-750.0,0.0,SD,20376000.0,46161200.0,False,0.0,14:11:28
19200.0,100,-750.0,0.0,SD,20376000.0,46159300.0,False,0.0,14:11:28
19200.0,5500,-750.0,0.0,SD,20376000.0,46159200.0,False,0.0,14:11:28
19200.0,300,-750.0,0.0,SD,20376000.0,46153700.0,False,0.0,14:11:28
19200.0,1000,-750.0,0.0,SD,20376000.0,46153400.0,False,0.0,14:11:28
19200.0,1000,-750.0,0.0,SD,20376000.0,46152400.0,False,0.0,14:11:27
19200.0,1000,-750.0,0.0,SD,20376000.0,46151400.0,False,0.0,14:11:27
19200.0,200,-750.0,0.0,SD,20376000.0,46150400.0,False,0.0,14:11:27
19200.0,200,-750.0,0.0,SD,20376000.0,46150200.0,False,0.0,14:11:27
19200.0,1000,-750.0,0.0,SD,20376000.0,46150000.0,False,0.0,14:11:27
19200.0,1000,-750.0,0.0,SD,20376000.0,46149000.0,False,0.0,14:11:27
19200.0,100,-750.0,0.0,SD,20376000.0,46148000.0,False,0.0,14:11:27
19200.0,200,-750.0,0.0,SD,20376000.0,46147900.0,False,0.0,14:11:27
19200.0,600,-750.0,0.0,SD,20376000.0,46147700.0,False,0.0,14:11:27
19200.0,400,-750.0,0.0,SD,20376000.0,46147100.0,False,0.0,14:11:27
19200.0,600,-750.0,0.0,SD,20376000.0,46146700.0,False,0.0,14:11:27
19200.0,1500,-750.0,0.0,SD,20376000.0,46146100.0,False,0.0,14:11:27
19200.0,300,-750.0,0.0,SD,20376000.0,46144600.0,False,0.0,14:11:27
19200.0,700,-750.0,0.0,SD,20376000.0,46144300.0,False,0.0,14:11:27
19200.0,300,-750.0,0.0,SD,20376000.0,46143600.0,False,0.0,14:11:27
19200.0,100,-750.0,0.0,SD,20376000.0,46143300.0,False,0.0,14:11:27
19200.0,100,-750.0,0.0,SD,20376000.0,46143200.0,False,0.0,14:11:27
19200.0,100,-750.0,0.0,SD,20376000.0,46143100.0,False,0.0,14:11:27
19200.0,100,-750.0,0.0,SD,20376000.0,46143000.0,False,0.0,14:11:27
19200.0,400,-750.0,0.0,SD,20376000.0,46142900.0,False,0.0,14:11:27
19200.0,500,-750.0,0.0,SD,20376000.0,46142500.0,False,0.0,14:11:27
19200.0,3000,-750.0,0.0,SD,20376000.0,46142000.0,False,0.0,14:11:27
19200.0,1000,-750.0,0.0,SD,20376000.0,46139000.0,False,0.0,14:11:27
19200.0,5000,-750.0,0.0,SD,20376000.0,46138000.0,False,0.0,14:11:26
19200.0,500,-750.0,0.0,SD,20376000.0,46133000.0,False,0.0,14:11:26
19200.0,2500,-750.0,0.0,SD,20376000.0,46132500.0,False,0.0,14:11:26
19200.0,100,-750.0,0.0,SD,20376000.0,46130000.0,False,0.0,14:11:26
19200.0,500,-750.0,0.0,SD,20376000.0,46129900.0,False,0.0,14:11:26
19200.0,400,-750.0,0.0,SD,20376000.0,46129400.0,False,0.0,14:11:26
19200.0,2000,-750.0,0.0,SD,20376000.0,46129000.0,False,0.0,14:11:26
19200.0,1000,-750.0,0.0,SD,20376000.0,46127000.0,False,0.0,14:11:26
19200.0,100,-750.0,0.0,SD,20376000.0,46126000.0,False,0.0,14:11:26
19200.0,100,-750.0,0.0,SD,20376000.0,46125900.0,False,0.0,14:11:26
19200.0,3300,-750.0,0.0,SD,20376000.0,46125800.0,False,0.0,14:11:26
19200.0,500,-750.0,0.0,SD,20376000.0,46122500.0,False,0.0,14:11:26
19200.0,200,-750.0,0.0,SD,20376000.0,46122000.0,False,0.0,14:11:26
19200.0,700,-750.0,0.0,SD,20376000.0,46121800.0,False,0.0,14:11:26
19200.0,200,-750.0,0.0,SD,20376000.0,46121100.0,False,0.0,14:11:26
19200.0,900,-750.0,0.0,SD,20376000.0,46120900.0,False,-50.0,14:11:26
19250.0,600,-700.0,0.0,BU,20376000.0,46120000.0,False,0.0,14:11:26
19250.0,100,-700.0,0.0,BU,20375400.0,46120000.0,False,0.0,14:11:26
19250.0,100,-700.0,0.0,BU,20375300.0,46120000.0,False,0.0,14:11:26
19250.0,200,-700.0,0.0,BU,20375200.0,46120000.0,False,50.0,14:11:26
19200.0,100,-750.0,0.0,SD,20375000.0,46120000.0,False,0.0,14:11:25
19200.0,100,-750.0,0.0,SD,20375000.0,46119900.0,False,0.0,14:11:25
19200.0,1300,-750.0,0.0,SD,20375000.0,46119800.0,False,0.0,14:11:25
19200.0,1200,-750.0,0.0,SD,20375000.0,46118500.0,False,0.0,14:11:25
19200.0,300,-750.0,0.0,SD,20375000.0,46117300.0,False,0.0,14:11:25
19200.0,300,-750.0,0.0,SD,20375000.0,46117000.0,False,0.0,14:11:25
19200.0,500,-750.0,0.0,SD,20375000.0,46116700.0,False,0.0,14:11:25
19200.0,200,-750.0,0.0,SD,20375000.0,46116200.0,False,0.0,14:11:25
19200.0,300,-750.0,0.0,SD,20375000.0,46116000.0,False,0.0,14:11:25
19200.0,200,-750.0,0.0,SD,20375000.0,46115700.0,False,0.0,14:11:25
19200.0,200,-750.0,0.0,SD,20375000.0,46115500.0,False,0.0,14:11:25
19200.0,4000,-750.0,0.0,SD,20375000.0,46115300.0,False,0.0,14:11:25
19200.0,1100,-750.0,0.0,SD,20375000.0,46111300.0,False,0.0,14:11:25
19200.0,200,-750.0,0.0,SD,20375000.0,46110200.0,False,0.0,14:11:25
19200.0,500,-750.0,0.0,SD,20375000.0,46110000.0,False,0.0,14:11:25
19200.0,75000,-750.0,0.0,SD,20375000.0,46109500.0,True,-50.0,14:11:24
19250.0,3800,-700.0,0.0,BU,20375000.0,46034500.0,False,0.0,14:11:24
19250.0,300,-700.0,0.0,BU,20371200.0,46034500.0,False,0.0,14:11:24
19250.0,1000,-700.0,0.0,BU,20370900.0,46034500.0,False,0.0,14:11:24
19250.0,4900,-700.0,0.0,BU,20369900.0,46034500.0,False,50.0,14:11:24
19200.0,10000,-750.0,0.0,SD,20365000.0,46034500.0,False,0.0,14:11:24
19200.0,200,-750.0,0.0,SD,20365000.0,46024500.0,False,0.0,14:11:24
19200.0,4000,-750.0,0.0,SD,20365000.0,46024300.0,False,0.0,14:11:24
19200.0,1000,-750.0,0.0,SD,20365000.0,46020300.0,False,0.0,14:11:24
19200.0,500,-750.0,0.0,SD,20365000.0,46019300.0,False,0.0,14:11:23
19200.0,25000,-750.0,0.0,SD,20365000.0,46018800.0,True,0.0,14:11:23
19200.0,18000,-750.0,0.0,SD,20365000.0,45993800.0,True,0.0,14:11:22
19200.0,5000,-750.0,0.0,SD,20365000.0,45975800.0,False,0.0,14:11:22
19200.0,10000,-750.0,0.0,SD,20365000.0,45970800.0,False,-50.0,14:11:22
19250.0,100,-700.0,0.0,BU,20365000.0,45960800.0,False,50.0,14:11:22
19200.0,4000,-750.0,0.0,SD,20364900.0,45960800.0,False,-50.0,14:11:22
19250.0,4000,-700.0,0.0,BU,20364900.0,45956800.0,False,0.0,14:11:22
19250.0,300,-700.0,0.0,BU,20360900.0,45956800.0,False,0.0,14:11:22
19250.0,1000,-700.0,0.0,BU,20360600.0,45956800.0,False,0.0,14:11:22
19250.0,5000,-700.0,0.0,BU,20359600.0,45956800.0,False,0.0,14:11:22
19250.0,300,-700.0,0.0,BU,20354600.0,45956800.0,False,0.0,14:11:22
19250.0,300,-700.0,0.0,BU,20354300.0,45956800.0,False,0.0,14:11:22
19250.0,3000,-700.0,0.0,BU,20354000.0,45956800.0,False,0.0,14:11:22
19250.0,800,-700.0,0.0,BU,20351000.0,45956800.0,False,0.0,14:11:22
19250.0,900,-700.0,0.0,BU,20350200.0,45956800.0,False,0.0,14:11:22
19250.0,200,-700.0,0.0,BU,20349300.0,45956800.0,False,0.0,14:11:22
19250.0,3000,-700.0,0.0,BU,20349100.0,45956800.0,False,0.0,14:11:22
19250.0,1000,-700.0,0.0,BU,20346100.0,45956800.0,False,0.0,14:11:22
19250.0,2000,-700.0,0.0,BU,20345100.0,45956800.0,False,0.0,14:11:22
19250.0,200,-700.0,0.0,BU,20343100.0,45956800.0,False,0.0,14:11:22
19250.0,2000,-700.0,0.0,BU,20342900.0,45956800.0,False,0.0,14:11:22
19250.0,200,-700.0,0.0,BU,20340900.0,45956800.0,False,0.0,14:11:22
19250.0,100,-700.0,0.0,BU,20340700.0,45956800.0,False,0.0,14:11:22
19250.0,10000,-700.0,0.0,BU,20340600.0,45956800.0,False,0.0,14:11:22
19250.0,5000,-700.0,0.0,BU,20330600.0,45956800.0,False,0.0,14:11:22
19250.0,1000,-700.0,0.0,BU,20325600.0,45956800.0,False,0.0,14:11:22
19250.0,4000,-700.0,0.0,BU,20324600.0,45956800.0,False,0.0,14:11:22
19250.0,5000,-700.0,0.0,BU,20320600.0,45956800.0,False,0.0,14:11:22
19250.0,100,-700.0,0.0,BU,20315600.0,45956800.0,False,0.0,14:11:22
19250.0,100,-700.0,0.0,BU,20315500.0,45956800.0,False,0.0,14:11:22
19250.0,5000,-700.0,0.0,BU,20315400.0,45956800.0,False,0.0,14:11:22
19250.0,2000,-700.0,0.0,BU,20310400.0,45956800.0,False,0.0,14:11:22
19250.0,3000,-700.0,0.0,BU,20308400.0,45956800.0,False,0.0,14:11:22
19250.0,3000,-700.0,0.0,BU,20305400.0,45956800.0,False,0.0,14:11:22
19250.0,200,-700.0,0.0,BU,20302400.0,45956800.0,False,0.0,14:11:22
19250.0,7000,-700.0,0.0,BU,20302200.0,45956800.0,False,0.0,14:11:22
19250.0,4000,-700.0,0.0,BU,20295200.0,45956800.0,False,0.0,14:11:22
19250.0,100,-700.0,0.0,BU,20291200.0,45956800.0,False,0.0,14:11:22
19250.0,1300,-700.0,0.0,BU,20291100.0,45956800.0,False,0.0,14:11:22
19250.0,200,-700.0,0.0,BU,20289800.0,45956800.0,False,0.0,14:11:22
19250.0,100,-700.0,0.0,BU,20289600.0,45956800.0,False,0.0,14:11:22
19250.0,1000,-700.0,0.0,BU,20289500.0,45956800.0,False,0.0,14:11:22
19250.0,4000,-700.0,0.0,BU,20288500.0,45956800.0,False,0.0,14:11:22
19250.0,1000,-700.0,0.0,BU,20284500.0,45956800.0,False,0.0,14:11:22
19250.0,100,-700.0,0.0,BU,20283500.0,45956800.0,False,0.0,14:11:22
19250.0,2000,-700.0,0.0,BU,20283400.0,45956800.0,False,0.0,14:11:22
19250.0,100,-700.0,0.0,BU,20281400.0,45956800.0,False,0.0,14:11:22
19250.0,100,-700.0,0.0,BU,20281300.0,45956800.0,False,0.0,14:11:22
19250.0,2800,-700.0,0.0,BU,20281200.0,45956800.0,False,0.0,14:11:22
19250.0,2000,-700.0,0.0,BU,20278400.0,45956800.0,False,0.0,14:11:22
19250.0,1000,-700.0,0.0,BU,20276400.0,45956800.0,False,0.0,14:11:22
19250.0,1000,-700.0,0.0,BU,20275400.0,45956800.0,False,0.0,14:11:22
19250.0,500,-700.0,0.0,BU,20274400.0,45956800.0,False,0.0,14:11:22
19250.0,100,-700.0,0.0,BU,20273900.0,45956800.0,False,0.0,14:11:22
19250.0,500,-700.0,0.0,BU,20273800.0,45956800.0,False,0.0,14:11:22
19250.0,500,-700.0,0.0,BU,20273300.0,45956800.0,False,0.0,14:11:22
19250.0,100,-700.0,0.0,BU,20272800.0,45956800.0,False,0.0,14:11:22
19250.0,200,-700.0,0.0,BU,20272700.0,45956800.0,False,0.0,14:11:22
19250.0,500,-700.0,0.0,BU,20272500.0,45956800.0,False,0.0,14:11:22
19250.0,600,-700.0,0.0,BU,20272000.0,45956800.0,False,0.0,14:11:22
19250.0,200,-700.0,0.0,BU,20271400.0,45956800.0,False,0.0,14:11:22
19250.0,300,-700.0,0.0,BU,20271200.0,45956800.0,False,0.0,14:11:22
19250.0,800,-700.0,0.0,BU,20270900.0,45956800.0,False,0.0,14:11:22
19250.0,200,-700.0,0.0,BU,20270100.0,45956800.0,False,0.0,14:11:22
19250.0,100000,-700.0,0.0,BU,20269900.0,45956800.0,True,0.0,14:11:22
19250.0,1300,-700.0,0.0,BU,20169900.0,45956800.0,False,0.0,14:11:22
19250.0,100,-700.0,0.0,BU,20168600.0,45956800.0,False,0.0,14:11:22
19250.0,3000,-700.0,0.0,BU,20168500.0,45956800.0,False,0.0,14:11:22
19250.0,500,-700.0,0.0,BU,20165500.0,45956800.0,False,50.0,14:11:22
19200.0,2500,-750.0,0.0,SD,20165000.0,45956800.0,False,0.0,14:11:22
19200.0,120000,-750.0,0.0,SD,20165000.0,45954300.0,True,0.0,14:11:22
19200.0,10000,-750.0,0.0,SD,20165000.0,45834300.0,False,0.0,14:11:22
19200.0,12000,-750.0,0.0,SD,20165000.0,45824300.0,True,0.0,14:11:22
19200.0,1000,-750.0,0.0,SD,20165000.0,45812300.0,False,0.0,14:11:22
19200.0,2500,-750.0,0.0,SD,20165000.0,45811300.0,False,0.0,14:11:21
19200.0,45000,-750.0,0.0,SD,20165000.0,45808800.0,True,0.0,14:11:21
19200.0,300,-750.0,0.0,SD,20165000.0,45763800.0,False,0.0,14:11:20
19200.0,1900,-750.0,0.0,SD,20165000.0,45763500.0,False,0.0,14:11:20
19200.0,5000,-750.0,0.0,SD,20165000.0,45761600.0,False,0.0,14:11:20
19200.0,1000,-750.0,0.0,SD,20165000.0,45756600.0,False,0.0,14:11:19
19200.0,7500,-750.0,0.0,SD,20165000.0,45755600.0,False,0.0,14:11:19
19200.0,23100,-750.0,0.0,SD,20165000.0,45748100.0,True,0.0,14:11:19
19200.0,5000,-750.0,0.0,SD,20165000.0,45725000.0,False,0.0,14:11:19
19200.0,300,-750.0,0.0,SD,20165000.0,45720000.0,False,0.0,14:11:19
19200.0,500,-750.0,0.0,SD,20165000.0,45719700.0,False,0.0,14:11:19
19200.0,1400,-750.0,0.0,SD,20165000.0,45719200.0,False,0.0,14:11:17
19200.0,100,-750.0,0.0,SD,20165000.0,45717800.0,False,0.0,14:11:17
19200.0,3000,-750.0,0.0,SD,20165000.0,45717700.0,False,0.0,14:11:17
19200.0,8500,-750.0,0.0,SD,20165000.0,45714700.0,False,0.0,14:11:17
19200.0,100,-750.0,0.0,SD,20165000.0,45706200.0,False,0.0,14:11:17
19200.0,10000,-750.0,0.0,SD,20165000.0,45706100.0,False,0.0,14:11:16
19200.0,10000,-750.0,0.0,SD,20165000.0,45696100.0,False,0.0,14:11:16
19200.0,3200,-750.0,0.0,SD,20165000.0,45686100.0,False,0.0,14:11:16
19200.0,3500,-750.0,0.0,SD,20165000.0,45682900.0,False,-50.0,14:11:15
19250.0,200,-700.0,0.0,BU,20165000.0,45679400.0,False,0.0,14:11:15
19250.0,500,-700.0,0.0,BU,20164800.0,45679400.0,False,0.0,14:11:15
19250.0,200,-700.0,0.0,BU,20164300.0,45679400.0,False,0.0,14:11:15
19250.0,400,-700.0,0.0,BU,20164100.0,45679400.0,False,50.0,14:11:15
19200.0,1000,-750.0,0.0,SD,20163700.0,45679400.0,False,0.0,14:11:15
19200.0,1000,-750.0,0.0,SD,20163700.0,45678400.0,False,0.0,14:11:15
19200.0,100,-750.0,0.0,SD,20163700.0,45677400.0,False,0.0,14:11:15
19200.0,1000,-750.0,0.0,SD,20163700.0,45677300.0,False,0.0,14:11:14
19200.0,400,-750.0,0.0,SD,20163700.0,45676300.0,False,-50.0,14:11:14
19250.0,8800,-700.0,0.0,BU,20163700.0,45675900.0,False,0.0,14:11:14
19250.0,600,-700.0,0.0,BU,20154900.0,45675900.0,False,0.0,14:11:14
19250.0,600,-700.0,0.0,BU,20154300.0,45675900.0,False,0.0,14:11:14
19250.0,7000,-700.0,0.0,BU,20153700.0,45675900.0,False,0.0,14:11:14
19250.0,1000,-700.0,0.0,BU,20146700.0,45675900.0,False,50.0,14:11:14
19200.0,1000,-750.0,0.0,SD,20145700.0,45675900.0,False,0.0,14:11:13
19200.0,1000,-750.0,0.0,SD,20145700.0,45674900.0,False,-50.0,14:11:11
19250.0,1200,-700.0,0.0,BU,20145700.0,45673900.0,False,50.0,14:11:11
19200.0,5000,-750.0,0.0,SD,20144500.0,45673900.0,False,0.0,14:11:11
19200.0,2000,-750.0,0.0,SD,20144500.0,45668900.0,False,-50.0,14:11:11
19250.0,100,-700.0,0.0,BU,20144500.0,45666900.0,False,50.0,14:11:09
19200.0,1000,-750.0,0.0,SD,20144400.0,45666900.0,False,0.0,14:11:08
19200.0,200,-750.0,0.0,SD,20144400.0,45665900.0,False,-50.0,14:11:08
19250.0,1000,-700.0,0.0,BU,20144400.0,45665700.0,False,50.0,14:11:08
19200.0,9100,-750.0,0.0,SD,20143400.0,45665700.0,False,0.0,14:11:08
19200.0,1000,-750.0,0.0,SD,20143400.0,45656600.0,False,0.0,14:11:07
19200.0,1500,-750.0,0.0,SD,20143400.0,45655600.0,False,0.0,14:11:07
19200.0,1700,-750.0,0.0,SD,20143400.0,45654100.0,False,0.0,14:11:07
19200.0,200,-750.0,0.0,SD,20143400.0,45652400.0,False,-50.0,14:11:05
19250.0,2000,-700.0,0.0,BU,20143400.0,45652200.0,False,50.0,14:11:04
19200.0,3300,-750.0,0.0,SD,20141400.0,45652200.0,False,0.0,14:11:03
19200.0,500,-750.0,0.0,SD,20141400.0,45648900.0,False,0.0,14:11:03
19200.0,200,-750.0,0.0,SD,20141400.0,45648400.0,False,0.0,14:11:03
19200.0,1000,-750.0,0.0,SD,20141400.0,45648200.0,False,0.0,14:11:03
19200.0,500,-750.0,0.0,SD,20141400.0,45647200.0,False,0.0,14:11:03
19200.0,3500,-750.0,0.0,SD,20141400.0,45646700.0,False,0.0,14:11:01
19200.0,300,-750.0,0.0,SD,20141400.0,45643200.0,False,0.0,14:11:01
19200.0,2200,-750.0,0.0,SD,20141400.0,45642900.0,False,0.0,14:11:01
19200.0,500,-750.0,0.0,SD,20141400.0,45640700.0,False,-50.0,14:11:00
19250.0,2200,-700.0,0.0,BU,20141400.0,45640200.0,False,0.0,14:10:59
19250.0,2800,-700.0,0.0,BU,20139200.0,45640200.0,False,0.0,14:10:59
19250.0,2000,-700.0,0.0,BU,20136400.0,45640200.0,False,50.0,14:10:57
19200.0,1800,-750.0,0.0,SD,20134400.0,45640200.0,False,-50.0,14:10:57
19250.0,100,-700.0,0.0,BU,20134400.0,45638400.0,False,0.0,14:10:57
19250.0,300,-700.0,0.0,BU,20134300.0,45638400.0,False,0.0,14:10:56
19250.0,500,-700.0,0.0,BU,20134000.0,45638400.0,False,0.0,14:10:56
19250.0,200,-700.0,0.0,BU,20133500.0,45638400.0,False,0.0,14:10:55
19250.0,300,-700.0,0.0,BU,20133300.0,45638400.0,False,50.0,14:10:54
19200.0,100,-750.0,0.0,SD,20133000.0,45638400.0,False,-50.0,14:10:53
19250.0,500,-700.0,0.0,BU,20133000.0,45638300.0,False,0.0,14:10:53
19250.0,300,-700.0,0.0,BU,20132500.0,45638300.0,False,0.0,14:10:50
19250.0,200,-700.0,0.0,BU,20132200.0,45638300.0,False,0.0,14:10:49
19250.0,100,-700.0,0.0,BU,20132000.0,45638300.0,False,0.0,14:10:49
19250.0,200,-700.0,0.0,BU,20131900.0,45638300.0,False,50.0,14:10:49
19200.0,300,-750.0,0.0,SD,20131700.0,45638300.0,False,-50.0,14:10:49
19250.0,200,-700.0,0.0,BU,20131700.0,45638000.0,False,0.0,14:10:48
19250.0,100,-700.0,0.0,BU,20131500.0,45638000.0,False,50.0,14:10:48
19200.0,100,-750.0,0.0,SD,20131400.0,45638000.0,False,0.0,14:10:46
19200.0,300,-750.0,0.0,SD,20131400.0,45637900.0,False,-50.0,14:10:46
19250.0,1000,-700.0,0.0,BU,20131400.0,45637600.0,False,0.0,14:10:46
19250.0,6000,-700.0,0.0,BU,20130400.0,45637600.0,False,0.0,14:10:46
19250.0,400,-700.0,0.0,BU,20124400.0,45637600.0,False,0.0,14:10:44
19250.0,100,-700.0,0.0,BU,20124000.0,45637600.0,False,50.0,14:10:43
19200.0,200,-750.0,0.0,SD,20123900.0,45637600.0,False,-50.0,14:10:43
19250.0,500,-700.0,0.0,BU,20123900.0,45637400.0,False,50.0,14:10:43
19200.0,500,-750.0,0.0,SD,20123400.0,45637400.0,False,0.0,14:10:43
19200.0,100,-750.0,0.0,SD,20123400.0,45636900.0,False,0.0,14:10:43
19200.0,400,-750.0,0.0,SD,20123400.0,45636800.0,False,-50.0,14:10:43
19250.0,200,-700.0,0.0,BU,20123400.0,45636400.0,False,50.0,14:10:37
19200.0,400,-750.0,0.0,SD,20123200.0,45636400.0,False,0.0,14:10:34
19200.0,2000,-750.0,0.0,SD,20123200.0,45636000.0,False,-50.0,14:10:34
19250.0,200,-700.0,0.0,BU,20123200.0,45634000.0,False,0.0,14:10:33
19250.0,500,-700.0,0.0,BU,20123000.0,45634000.0,False,0.0,14:10:32
19250.0,700,-700.0,0.0,BU,20122500.0,45634000.0,False,0.0,14:10:31
19250.0,1300,-700.0,0.0,BU,20121800.0,45634000.0,False,50.0,14:10:31
19200.0,3000,-750.0,0.0,SD,20120500.0,45634000.0,False,-50.0,14:10:31
19250.0,1000,-700.0,0.0,BU,20120500.0,45631000.0,False,0.0,14:10:30
19250.0,100,-700.0,0.0,BU,20119500.0,45631000.0,False,0.0,14:10:30
19250.0,500,-700.0,0.0,SD,20119400.0,45631000.0,False,0.0,14:10:27
19250.0,300,-700.0,0.0,SD,20119400.0,45630500.0,False,0.0,14:10:27
19250.0,1000,-700.0,0.0,SD,20119400.0,45630200.0,False,0.0,14:10:27
19250.0,500,-700.0,0.0,SD,20119400.0,45629200.0,False,0.0,14:10:27
19250.0,500,-700.0,0.0,SD,20119400.0,45628700.0,False,0.0,14:10:27
19250.0,100,-700.0,0.0,SD,20119400.0,45628200.0,False,0.0,14:10:27
19250.0,700,-700.0,0.0,SD,20119400.0,45628100.0,False,0.0,14:10:27
19250.0,300,-700.0,0.0,SD,20119400.0,45627400.0,False,0.0,14:10:27
19250.0,200,-700.0,0.0,SD,20119400.0,45627100.0,False,0.0,14:10:27
19250.0,1800,-700.0,0.0,SD,20119400.0,45626900.0,False,0.0,14:10:27
19250.0,100,-700.0,0.0,SD,20119400.0,45625100.0,False,0.0,14:10:27
19250.0,2100,-700.0,0.0,SD,20119400.0,45625000.0,False,0.0,14:10:27
19250.0,900,-700.0,0.0,SD,20119400.0,45622900.0,False,0.0,14:10:26
19250.0,100,-700.0,0.0,SD,20119400.0,45622000.0,False,0.0,14:10:26
19250.0,800,-700.0,0.0,SD,20119400.0,45621900.0,False,0.0,14:10:25
19250.0,400,-700.0,0.0,SD,20119400.0,45621100.0,False,0.0,14:10:25
19250.0,3000,-700.0,0.0,SD,20119400.0,45620700.0,False,0.0,14:10:25
19250.0,200,-700.0,0.0,SD,20119400.0,45617700.0,False,0.0,14:10:25
19250.0,400,-700.0,0.0,SD,20119400.0,45617500.0,False,0.0,14:10:25
19250.0,500,-700.0,0.0,SD,20119400.0,45617100.0,False,0.0,14:10:25
19250.0,1900,-700.0,0.0,SD,20119400.0,45616600.0,False,0.0,14:10:25
19250.0,400,-700.0,0.0,SD,20119400.0,45614700.0,False,0.0,14:10:25
19250.0,100,-700.0,0.0,SD,20119400.0,45614300.0,False,0.0,14:10:25
19250.0,1000,-700.0,0.0,SD,20119400.0,45614200.0,False,0.0,14:10:25
19250.0,5000,-700.0,0.0,SD,20119400.0,45613200.0,False,0.0,14:10:25
19250.0,200,-700.0,0.0,SD,20119400.0,45608200.0,False,0.0,14:10:25
19250.0,4500,-700.0,0.0,SD,20119400.0,45608000.0,False,0.0,14:10:25
19250.0,200,-700.0,0.0,SD,20119400.0,45603500.0,False,0.0,14:10:25
19250.0,100,-700.0,0.0,SD,20119400.0,45603300.0,False,0.0,14:10:25
19250.0,5500,-700.0,0.0,SD,20119400.0,45603200.0,False,0.0,14:10:25
19250.0,7300,-700.0,0.0,SD,20119400.0,45597700.0,False,0.0,14:10:25
19250.0,1000,-700.0,0.0,SD,20119400.0,45590400.0,False,0.0,14:10:25
19250.0,500,-700.0,0.0,SD,20119400.0,45589400.0,False,0.0,14:10:25
19250.0,3000,-700.0,0.0,SD,20119400.0,45588900.0,False,0.0,14:10:25
19250.0,5000,-700.0,0.0,SD,20119400.0,45585900.0,False,0.0,14:10:25
19250.0,500,-700.0,0.0,SD,20119400.0,45580900.0,False,0.0,14:10:25
19250.0,1000,-700.0,0.0,SD,20119400.0,45580400.0,False,0.0,14:10:25
19250.0,2000,-700.0,0.0,SD,20119400.0,45579400.0,False,0.0,14:10:24
19250.0,2000,-700.0,0.0,SD,20119400.0,45577400.0,False,0.0,14:10:23
19250.0,200,-700.0,0.0,SD,20119400.0,45575400.0,False,0.0,14:10:23
19250.0,100,-700.0,0.0,SD,20119400.0,45575200.0,False,0.0,14:10:23
19250.0,700,-700.0,0.0,SD,20119400.0,45575100.0,False,0.0,14:10:23
19250.0,200,-700.0,0.0,SD,20119400.0,45574400.0,False,0.0,14:10:23
19250.0,300,-700.0,0.0,SD,20119400.0,45574200.0,False,0.0,14:10:23
19250.0,500,-700.0,0.0,SD,20119400.0,45573900.0,False,0.0,14:10:23
19250.0,3500,-700.0,0.0,SD,20119400.0,45573400.0,False,0.0,14:10:23
19250.0,2000,-700.0,0.0,SD,20119400.0,45569900.0,False,0.0,14:10:23
19250.0,500,-700.0,0.0,SD,20119400.0,45567900.0,False,0.0,14:10:23
19250.0,3000,-700.0,0.0,SD,20119400.0,45567400.0,False,0.0,14:10:23
19250.0,2300,-700.0,0.0,SD,20119400.0,45564400.0,False,0.0,14:10:23
19250.0,3000,-700.0,0.0,SD,20119400.0,45562100.0,False,0.0,14:10:23
19250.0,1000,-700.0,0.0,SD,20119400.0,45559100.0,False,0.0,14:10:23
19250.0,200,-700.0,0.0,SD,20119400.0,45558100.0,False,0.0,14:10:23
19250.0,10000,-700.0,0.0,SD,20119400.0,45557900.0,False,0.0,14:10:23
19250.0,1000,-700.0,0.0,SD,20119400.0,45547900.0,False,0.0,14:10:23
19250.0,100,-700.0,0.0,SD,20119400.0,45546900.0,False,0.0,14:10:23
19250.0,1000,-700.0,0.0,SD,20119400.0,45546800.0,False,0.0,14:10:23
19250.0,500,-700.0,0.0,SD,20119400.0,45545800.0,False,0.0,14:10:23
19250.0,5000,-700.0,0.0,SD,20119400.0,45545300.0,False,0.0,14:10:23
19250.0,500,-700.0,0.0,SD,20119400.0,45540300.0,False,0.0,14:10:23
19250.0,400,-700.0,0.0,SD,20119400.0,45539800.0,False,0.0,14:10:23
19250.0,14000,-700.0,0.0,SD,20119400.0,45539400.0,True,0.0,14:10:23
19250.0,100,-700.0,0.0,SD,20119400.0,45525400.0,False,0.0,14:10:23
19250.0,2000,-700.0,0.0,SD,20119400.0,45525300.0,False,0.0,14:10:22
19250.0,1000,-700.0,0.0,SD,20119400.0,45523300.0,False,0.0,14:10:21
19250.0,9000,-700.0,0.0,SD,20119400.0,45522300.0,False,-50.0,14:10:21
19300.0,10000,-650.0,0.0,BU,20119400.0,45513300.0,False,50.0,14:10:21
19250.0,3000,-700.0,0.0,SD,20109400.0,45513300.0,False,0.0,14:10:19
19250.0,800,-700.0,0.0,SD,20109400.0,45510300.0,False,0.0,14:10:19
19250.0,1000,-700.0,0.0,SD,20109400.0,45509500.0,False,0.0,14:10:19
19250.0,200,-700.0,0.0,SD,20109400.0,45508500.0,False,0.0,14:10:19
19250.0,500,-700.0,0.0,SD,20109400.0,45508300.0,False,0.0,14:10:18
19250.0,100,-700.0,0.0,SD,20109400.0,45507800.0,False,0.0,14:10:16
19250.0,600,-700.0,0.0,SD,20109400.0,45507700.0,False,0.0,14:10:16
19250.0,400,-700.0,0.0,SD,20109400.0,45507100.0,False,-50.0,14:10:16
19300.0,400,-650.0,0.0,BU,20109400.0,45506700.0,False,0.0,14:10:16
19300.0,500,-650.0,0.0,BU,20109000.0,45506700.0,False,0.0,14:10:15
19300.0,1000,-650.0,0.0,BU,20108500.0,45506700.0,False,0.0,14:10:15
19300.0,500,-650.0,0.0,BU,20107500.0,45506700.0,False,0.0,14:10:13
19300.0,300,-650.0,0.0,BU,20107000.0,45506700.0,False,50.0,14:10:12
19250.0,10000,-700.0,0.0,SD,20106700.0,45506700.0,False,0.0,14:10:11
19250.0,300,-700.0,0.0,SD,20106700.0,45496700.0,False,-50.0,14:10:11
19300.0,100,-650.0,0.0,BU,20106700.0,45496400.0,False,50.0,14:10:11
19250.0,100,-700.0,0.0,SD,20106600.0,45496400.0,False,0.0,14:10:10
19250.0,200,-700.0,0.0,SD,20106600.0,45496300.0,False,0.0,14:10:10
19250.0,1000,-700.0,0.0,SD,20106600.0,45496100.0,False,0.0,14:10:07
19250.0,300,-700.0,0.0,SD,20106600.0,45495100.0,False,-50.0,14:10:04
19300.0,10000,-650.0,0.0,BU,20106600.0,45494800.0,False,50.0,14:10:03
19250.0,2100,-700.0,0.0,SD,20096600.0,45494800.0,False,0.0,14:10:00
19250.0,1000,-700.0,0.0,SD,20096600.0,45492700.0,False,0.0,14:10:00
19250.0,500,-700.0,0.0,SD,20096600.0,45491700.0,False,0.0,14:10:00
19250.0,1400,-700.0,0.0,SD,20096600.0,45491200.0,False,-50.0,14:10:00
19300.0,1700,-650.0,0.0,BU,20096600.0,45489800.0,False,0.0,14:09:59
19300.0,4000,-650.0,0.0,BU,20094900.0,45489800.0,False,0.0,14:09:59
19300.0,300,-650.0,0.0,BU,20090900.0,45489800.0,False,0.0,14:09:59
19300.0,100,-650.0,0.0,BU,20090600.0,45489800.0,False,0.0,14:09:59
19300.0,500,-650.0,0.0,BU,20090500.0,45489800.0,False,0.0,14:09:59
19300.0,100,-650.0,0.0,BU,20090000.0,45489800.0,False,50.0,14:09:59
19250.0,200,-700.0,0.0,SD,20089900.0,45489800.0,False,0.0,14:09:56
19250.0,500,-700.0,0.0,SD,20089900.0,45489600.0,False,-50.0,14:09:50
19300.0,200,-650.0,0.0,BU,20089900.0,45489100.0,False,0.0,14:09:50
19300.0,1600,-650.0,0.0,BU,20089700.0,45489100.0,False,0.0,14:09:50
19300.0,500,-650.0,0.0,BU,20088100.0,45489100.0,False,0.0,14:09:50
19300.0,1000,-650.0,0.0,BU,20087600.0,45489100.0,False,0.0,14:09:50
19300.0,400,-650.0,0.0,BU,20086600.0,45489100.0,False,0.0,14:09:50
19300.0,100,-650.0,0.0,BU,20086200.0,45489100.0,False,50.0,14:09:48
19250.0,100,-700.0,0.0,SD,20086100.0,45489100.0,False,0.0,14:09:48
19250.0,7800,-700.0,0.0,SD,20086100.0,45489000.0,False,0.0,14:09:47
19250.0,200,-700.0,0.0,SD,20086100.0,45481200.0,False,0.0,14:09:47
19250.0,2000,-700.0,0.0,SD,20086100.0,45481000.0,False,0.0,14:09:47
19250.0,1000,-700.0,0.0,SD,20086100.0,45479000.0,False,0.0,14:09:47
19250.0,1000,-700.0,0.0,SD,20086100.0,45478000.0,False,0.0,14:09:47
19250.0,12900,-700.0,0.0,SD,20086100.0,45477000.0,True,0.0,14:09:47
19250.0,400,-700.0,0.0,SD,20086100.0,45464100.0,False,0.0,14:09:47
19250.0,1000,-700.0,0.0,SD,20086100.0,45463700.0,False,0.0,14:09:47
19250.0,200,-700.0,0.0,SD,20086100.0,45462700.0,False,0.0,14:09:47
19250.0,1500,-700.0,0.0,SD,20086100.0,45462500.0,False,0.0,14:09:47
19250.0,500,-700.0,0.0,SD,20086100.0,45461000.0,False,0.0,14:09:47
19250.0,100,-700.0,0.0,SD,20086100.0,45460500.0,False,0.0,14:09:47
19250.0,100,-700.0,0.0,SD,20086100.0,45460400.0,False,0.0,14:09:47
19250.0,500,-700.0,0.0,SD,20086100.0,45460300.0,False,0.0,14:09:47
19250.0,200,-700.0,0.0,SD,20086100.0,45459800.0,False,0.0,14:09:47
19250.0,100,-700.0,0.0,SD,20086100.0,45459600.0,False,0.0,14:09:47
19250.0,10000,-700.0,0.0,SD,20086100.0,45459500.0,False,0.0,14:09:47
19250.0,100,-700.0,0.0,SD,20086100.0,45449500.0,False,0.0,14:09:47
19250.0,100,-700.0,0.0,SD,20086100.0,45449400.0,False,0.0,14:09:47
19250.0,9000,-700.0,0.0,SD,20086100.0,45449300.0,False,0.0,14:09:47
19250.0,50000,-700.0,0.0,SD,20086100.0,45440300.0,True,0.0,14:09:47
19250.0,300,-700.0,0.0,SD,20086100.0,45390300.0,False,0.0,14:09:47
19250.0,200,-700.0,0.0,SD,20086100.0,45390000.0,False,0.0,14:09:47
19250.0,800,-700.0,0.0,SD,20086100.0,45389800.0,False,0.0,14:09:47
19250.0,1700,-700.0,0.0,SD,20086100.0,45389000.0,False,-50.0,14:09:39
19300.0,200,-650.0,0.0,BU,20086100.0,45387300.0,False,0.0,14:09:39
19300.0,600,-650.0,0.0,BU,20085900.0,45387300.0,False,0.0,14:09:37
19300.0,100,-650.0,0.0,BU,20085300.0,45387300.0,False,50.0,14:09:36
19250.0,500,-700.0,0.0,SD,20085200.0,45387300.0,False,-50.0,14:09:35
19300.0,100,-650.0,0.0,BU,20085200.0,45386800.0,False,0.0,14:09:33
19300.0,1600,-650.0,0.0,BU,20085100.0,45386800.0,False,50.0,14:09:33
19250.0,400,-700.0,0.0,SD,20083500.0,45386800.0,False,0.0,14:09:32
19250.0,200,-700.0,0.0,SD,20083500.0,45386400.0,False,0.0,14:09:32
19250.0,1100,-700.0,0.0,SD,20083500.0,45386200.0,False,0.0,14:09:32
19250.0,400,-700.0,0.0,SD,20083500.0,45385100.0,False,0.0,14:09:32
19250.0,500,-700.0,0.0,SD,20083500.0,45384700.0,False,0.0,14:09:32
19250.0,300,-700.0,0.0,SD,20083500.0,45384200.0,False,0.0,14:09:32
19250.0,1000,-700.0,0.0,SD,20083500.0,45383900.0,False,0.0,14:09:32
19250.0,16400,-700.0,0.0,SD,20083500.0,45382900.0,True,-50.0,14:09:32
19300.0,500,-650.0,0.0,BU,20083500.0,45366500.0,False,0.0,14:09:32
19300.0,300,-650.0,0.0,BU,20083000.0,45366500.0,False,0.0,14:09:31
19300.0,200,-650.0,0.0,BU,20082700.0,45366500.0,False,50.0,14:09:30
19250.0,100,-700.0,0.0,SD,20082500.0,45366500.0,False,-50.0,14:09:28
19300.0,3800,-650.0,0.0,BU,20082500.0,45366400.0,False,0.0,14:09:25
19300.0,100,-650.0,0.0,BU,20078700.0,45366400.0,False,0.0,14:09:25
19300.0,100,-650.0,0.0,BU,20078600.0,45366400.0,False,0.0,14:09:23
19300.0,500,-650.0,0.0,BU,20078500.0,45366400.0,False,50.0,14:09:22
19250.0,300,-700.0,0.0,SD,20078000.0,45366400.0,False,0.0,14:09:22
19250.0,500,-700.0,0.0,SD,20078000.0,45366100.0,False,0.0,14:09:21
19250.0,100,-700.0,0.0,SD,20078000.0,45365600.0,False,-50.0,14:09:17
19300.0,100,-650.0,0.0,BU,20078000.0,45365500.0,False,50.0,14:09:17
19250.0,1000,-700.0,0.0,SD,20077900.0,45365500.0,False,0.0,14:09:16
19250.0,100,-700.0,0.0,SD,20077900.0,45364500.0,False,0.0,14:09:14
19250.0,1100,-700.0,0.0,SD,20077900.0,45364400.0,False,0.0,14:09:13
19250.0,1200,-700.0,0.0,SD,20077900.0,45363300.0,False,0.0,14:09:12
19250.0,1000,-700.0,0.0,SD,20077900.0,45362100.0,False,-50.0,14:09:11
19300.0,100,-650.0,0.0,BU,20077900.0,45361100.0,False,50.0,14:09:11
19250.0,100,-700.0,0.0,SD,20077800.0,45361100.0,False,0.0,14:09:10
19250.0,1000,-700.0,0.0,SD,20077800.0,45361000.0,False,0.0,14:09:09
19250.0,500,-700.0,0.0,SD,20077800.0,45360000.0,False,0.0,14:09:07
19250.0,200,-700.0,0.0,SD,20077800.0,45359500.0,False,0.0,14:09:07
19250.0,1400,-700.0,0.0,SD,20077800.0,45359300.0,False,0.0,14:09:07
19250.0,1000,-700.0,0.0,SD,20077800.0,45357900.0,False,0.0,14:09:07
19250.0,1000,-700.0,0.0,SD,20077800.0,45356900.0,False,0.0,14:09:07
19250.0,900,-700.0,0.0,SD,20077800.0,45355900.0,False,0.0,14:09:07
19250.0,2000,-700.0,0.0,SD,20077800.0,45355000.0,False,0.0,14:09:07
19250.0,100,-700.0,0.0,SD,20077800.0,45353000.0,False,50.0,14:09:07
19200.0,200,-750.0,0.0,SD,20077800.0,45352900.0,False,-50.0,14:09:06
19250.0,2800,-700.0,0.0,BU,20077800.0,45352700.0,False,0.0,14:09:06
19250.0,200,-700.0,0.0,BU,20075000.0,45352700.0,False,0.0,14:09:06
19250.0,200,-700.0,0.0,BU,20074800.0,45352700.0,False,0.0,14:09:06
19250.0,100,-700.0,0.0,BU,20074600.0,45352700.0,False,0.0,14:09:06
19250.0,100,-700.0,0.0,BU,20074500.0,45352700.0,False,0.0,14:09:06
19250.0,400,-700.0,0.0,BU,20074400.0,45352700.0,False,0.0,14:09:05
19250.0,1500,-700.0,0.0,BU,20074000.0,45352700.0,False,0.0,14:09:05
19250.0,200,-700.0,0.0,BU,20072500.0,45352700.0,False,0.0,14:09:05
19250.0,100,-700.0,0.0,BU,20072300.0,45352700.0,False,0.0,14:09:05
19250.0,1700,-700.0,0.0,BU,20072200.0,45352700.0,False,0.0,14:09:04
19250.0,2500,-700.0,0.0,BU,20070500.0,45352700.0,False,0.0,14:09:04
19250.0,800,-700.0,0.0,BU,20068000.0,45352700.0,False,0.0,14:09:04
19250.0,4800,-700.0,0.0,BU,20067200.0,45352700.0,False,0.0,14:09:03
19250.0,700,-700.0,0.0,BU,20062400.0,45352700.0,False,0.0,14:09:03
19250.0,2000,-700.0,0.0,BU,20061700.0,45352700.0,False,0.0,14:09:02
19250.0,400,-700.0,0.0,BU,20059700.0,45352700.0,False,0.0,14:09:02
19250.0,3000,-700.0,0.0,BU,20059300.0,45352700.0,False,0.0,14:09:01
19250.0,200,-700.0,0.0,BU,20056300.0,45352700.0,False,0.0,14:09:00
19250.0,100,-700.0,0.0,BU,20056100.0,45352700.0,False,0.0,14:09:00
19250.0,300,-700.0,0.0,BU,20056000.0,45352700.0,False,0.0,14:08:59
19250.0,100,-700.0,0.0,BU,20055700.0,45352700.0,False,0.0,14:08:59
19250.0,100,-700.0,0.0,BU,20055600.0,45352700.0,False,0.0,14:08:57
19250.0,500,-700.0,0.0,BU,20055500.0,45352700.0,False,0.0,14:08:57
19250.0,200,-700.0,0.0,BU,20055000.0,45352700.0,False,0.0,14:08:57
19250.0,100,-700.0,0.0,BU,20054800.0,45352700.0,False,0.0,14:08:55
19250.0,200,-700.0,0.0,BU,20054700.0,45352700.0,False,0.0,14:08:54
19250.0,300,-700.0,0.0,BU,20054500.0,45352700.0,False,0.0,14:08:54
19250.0,20000,-700.0,0.0,BU,20054200.0,45352700.0,True,0.0,14:08:54
19250.0,500,-700.0,0.0,BU,20034200.0,45352700.0,False,0.0,14:08:53
19250.0,3100,-700.0,0.0,BU,20033700.0,45352700.0,False,0.0,14:08:51
19250.0,1600,-700.0,0.0,BU,20030600.0,45352700.0,False,0.0,14:08:51
19250.0,1000,-700.0,0.0,BU,20029000.0,45352700.0,False,0.0,14:08:51
19250.0,500,-700.0,0.0,BU,20028000.0,45352700.0,False,0.0,14:08:51
19250.0,100,-700.0,0.0,BU,20027500.0,45352700.0,False,0.0,14:08:50
19250.0,500,-700.0,0.0,BU,20027400.0,45352700.0,False,50.0,14:08:50
19200.0,100,-750.0,0.0,SD,20026900.0,45352700.0,False,-50.0,14:08:50
19250.0,5200,-700.0,0.0,BU,20026900.0,45352600.0,False,0.0,14:08:49
19250.0,30000,-700.0,0.0,BU,20021700.0,45352600.0,True,0.0,14:08:48
19250.0,1000,-700.0,0.0,BU,19991700.0,45352600.0,False,0.0,14:08:48
19250.0,200,-700.0,0.0,BU,19990700.0,45352600.0,False,0.0,14:08:47
19250.0,300,-700.0,0.0,BU,19990500.0,45352600.0,False,0.0,14:08:46
19250.0,300,-700.0,0.0,BU,19990200.0,45352600.0,False,0.0,14:08:46
19250.0,200,-700.0,0.0,BU,19989900.0,45352600.0,False,50.0,14:08:46
19200.0,2100,-750.0,0.0,SD,19989700.0,45352600.0,False,-50.0,14:08:46
19250.0,200,-700.0,0.0,BU,19989700.0,45350500.0,False,0.0,14:08:45
19250.0,100,-700.0,0.0,BU,19989500.0,45350500.0,False,0.0,14:08:43
19250.0,1000,-700.0,0.0,BU,19989400.0,45350500.0,False,0.0,14:08:42
19250.0,2500,-700.0,0.0,BU,19988400.0,45350500.0,False,0.0,14:08:42
19250.0,4000,-700.0,0.0,BU,19985900.0,45350500.0,False,0.0,14:08:41
19250.0,5000,-700.0,0.0,BU,19981900.0,45350500.0,False,50.0,14:08:40
19200.0,1000,-750.0,0.0,SD,19976900.0,45350500.0,False,-50.0,14:08:37
19250.0,2500,-700.0,0.0,BU,19976900.0,45349500.0,False,0.0,14:08:36
19250.0,6400,-700.0,0.0,BU,19974400.0,45349500.0,False,0.0,14:08:36
19250.0,1000,-700.0,0.0,BU,19968000.0,45349500.0,False,0.0,14:08:36
19250.0,1100,-700.0,0.0,BU,19967000.0,45349500.0,False,0.0,14:08:36
19250.0,100,-700.0,0.0,BU,19965900.0,45349500.0,False,0.0,14:08:36
19250.0,1400,-700.0,0.0,BU,19965800.0,45349500.0,False,0.0,14:08:36
19250.0,1600,-700.0,0.0,BU,19964400.0,45349500.0,False,0.0,14:08:36
19250.0,100,-700.0,0.0,BU,19962800.0,45349500.0,False,0.0,14:08:36
19250.0,1800,-700.0,0.0,BU,19962700.0,45349500.0,False,0.0,14:08:36
19250.0,1000,-700.0,0.0,BU,19960900.0,45349500.0,False,0.0,14:08:36
19250.0,100,-700.0,0.0,BU,19959900.0,45349500.0,False,0.0,14:08:36
19250.0,400,-700.0,0.0,BU,19959800.0,45349500.0,False,50.0,14:08:36
19200.0,100,-750.0,0.0,SD,19959400.0,45349500.0,False,-50.0,14:08:36
19250.0,100,-700.0,0.0,BU,19959400.0,45349400.0,False,0.0,14:08:35
19250.0,500,-700.0,0.0,BU,19959300.0,45349400.0,False,0.0,14:08:33
19250.0,800,-700.0,0.0,BU,19958800.0,45349400.0,False,0.0,14:08:33
19250.0,500,-700.0,0.0,BU,19958000.0,45349400.0,False,0.0,14:08:33
19250.0,1200,-700.0,0.0,BU,19957500.0,45349400.0,False,0.0,14:08:33
19250.0,800,-700.0,0.0,BU,19956300.0,45349400.0,False,0.0,14:08:33
19250.0,200,-700.0,0.0,BU,19955500.0,45349400.0,False,50.0,14:08:33
19200.0,100,-750.0,0.0,SD,19955300.0,45349400.0,False,-50.0,14:08:33
19250.0,1000,-700.0,0.0,BU,19955300.0,45349300.0,False,0.0,14:08:33
19250.0,10000,-700.0,0.0,BU,19954300.0,45349300.0,False,0.0,14:08:32
19250.0,300,-700.0,0.0,BU,19944300.0,45349300.0,False,0.0,14:08:31
19250.0,2000,-700.0,0.0,BU,19944000.0,45349300.0,False,50.0,14:08:30
19200.0,600,-750.0,0.0,SD,19942000.0,45349300.0,False,0.0,14:08:27
19200.0,1000,-750.0,0.0,SD,19942000.0,45348700.0,False,0.0,14:08:27
19200.0,100,-750.0,0.0,SD,19942000.0,45347700.0,False,0.0,14:08:27
19200.0,1000,-750.0,0.0,SD,19942000.0,45347600.0,False,0.0,14:08:27
19200.0,2000,-750.0,0.0,SD,19942000.0,45346600.0,False,0.0,14:08:27
19200.0,300,-750.0,0.0,SD,19942000.0,45344600.0,False,-50.0,14:08:27
19250.0,500,-700.0,0.0,BU,19942000.0,45344300.0,False,0.0,14:08:25
19250.0,2000,-700.0,0.0,BU,19941500.0,45344300.0,False,0.0,14:08:25
19250.0,100,-700.0,0.0,BU,19939500.0,45344300.0,False,0.0,14:08:24
19250.0,100,-700.0,0.0,BU,19939400.0,45344300.0,False,0.0,14:08:23
19250.0,500,-700.0,0.0,BU,19939300.0,45344300.0,False,50.0,14:08:20
19200.0,200,-750.0,0.0,SD,19938800.0,45344300.0,False,0.0,14:08:20
19200.0,1000,-750.0,0.0,SD,19938800.0,45344100.0,False,0.0,14:08:20
19200.0,200,-750.0,0.0,SD,19938800.0,45343100.0,False,0.0,14:08:20
19200.0,1500,-750.0,0.0,SD,19938800.0,45342900.0,False,0.0,14:08:20
19200.0,3100,-750.0,0.0,SD,19938800.0,45341400.0,False,-50.0,14:08:20
19250.0,200,-700.0,0.0,BU,19938800.0,45338300.0,False,0.0,14:08:17
19250.0,200,-700.0,0.0,BU,19938600.0,45338300.0,False,0.0,14:08:15
19250.0,300,-700.0,0.0,BU,19938400.0,45338300.0,False,0.0,14:08:14
19250.0,1900,-700.0,0.0,BU,19938100.0,45338300.0,False,0.0,14:08:13
19250.0,100,-700.0,0.0,BU,19936200.0,45338300.0,False,0.0,14:08:12
19250.0,500,-700.0,0.0,BU,19936100.0,45338300.0,False,0.0,14:08:11
19250.0,100,-700.0,0.0,BU,19935600.0,45338300.0,False,50.0,14:08:10
19200.0,200,-750.0,0.0,SD,19935500.0,45338300.0,False,-50.0,14:08:09
19250.0,500,-700.0,0.0,SD,19935500.0,45338100.0,False,0.0,14:08:09
19250.0,500,-700.0,0.0,SD,19935500.0,45337600.0,False,0.0,14:08:09
19250.0,500,-700.0,0.0,SD,19935500.0,45337100.0,False,0.0,14:08:09
19250.0,38500,-700.0,0.0,SD,19935500.0,45336600.0,True,0.0,14:08:09
19250.0,500,-700.0,0.0,SD,19935500.0,45298100.0,False,-50.0,14:08:07
19300.0,400,-650.0,0.0,BU,19935500.0,45297600.0,False,50.0,14:08:05
19250.0,1000,-700.0,0.0,SD,19935100.0,45297600.0,False,50.0,14:08:05
19200.0,3200,-750.0,0.0,SD,19935100.0,45296600.0,False,0.0,14:08:03
19200.0,3000,-750.0,0.0,SD,19935100.0,45293400.0,False,0.0,14:08:03
19200.0,400,-750.0,0.0,SD,19935100.0,45290400.0,False,0.0,14:08:03
19200.0,500,-750.0,0.0,SD,19935100.0,45290000.0,False,0.0,14:08:03
19200.0,5000,-750.0,0.0,SD,19935100.0,45289500.0,False,0.0,14:08:03
19200.0,3000,-750.0,0.0,SD,19935100.0,45284500.0,False,0.0,14:08:03
19200.0,1000,-750.0,0.0,SD,19935100.0,45281500.0,False,0.0,14:08:03
19200.0,700,-750.0,0.0,SD,19935100.0,45280500.0,False,0.0,14:08:03
19200.0,800,-750.0,0.0,SD,19935100.0,45279800.0,False,0.0,14:08:03
19200.0,2000,-750.0,0.0,SD,19935100.0,45279000.0,False,0.0,14:08:03
19200.0,2000,-750.0,0.0,SD,19935100.0,45277000.0,False,0.0,14:08:03
19200.0,100,-750.0,0.0,SD,19935100.0,45275000.0,False,0.0,14:08:03
19200.0,1000,-750.0,0.0,SD,19935100.0,45274900.0,False,0.0,14:08:03
19200.0,1000,-750.0,0.0,SD,19935100.0,45273900.0,False,0.0,14:08:03
19200.0,1000,-750.0,0.0,SD,19935100.0,45272900.0,False,0.0,14:08:03
19200.0,500,-750.0,0.0,SD,19935100.0,45271900.0,False,0.0,14:08:03
19200.0,2000,-750.0,0.0,SD,19935100.0,45271400.0,False,0.0,14:08:03
19200.0,100,-750.0,0.0,SD,19935100.0,45269400.0,False,0.0,14:08:03
19200.0,300,-750.0,0.0,SD,19935100.0,45269300.0,False,0.0,14:08:03
19200.0,2000,-750.0,0.0,SD,19935100.0,45269000.0,False,0.0,14:08:03
19200.0,1000,-750.0,0.0,SD,19935100.0,45267000.0,False,0.0,14:08:03
19200.0,1000,-750.0,0.0,SD,19935100.0,45266000.0,False,0.0,14:08:03
19200.0,500,-750.0,0.0,SD,19935100.0,45265000.0,False,0.0,14:08:03
19200.0,1000,-750.0,0.0,SD,19935100.0,45264500.0,False,0.0,14:08:03
19200.0,100,-750.0,0.0,SD,19935100.0,45263500.0,False,0.0,14:08:03
19200.0,900,-750.0,0.0,SD,19935100.0,45263400.0,False,0.0,14:08:03
19200.0,100,-750.0,0.0,SD,19935100.0,45262500.0,False,0.0,14:08:03
19200.0,100,-750.0,0.0,SD,19935100.0,45262400.0,False,0.0,14:08:03
19200.0,1000,-750.0,0.0,SD,19935100.0,45262300.0,False,0.0,14:08:03
19200.0,1000,-750.0,0.0,SD,19935100.0,45261300.0,False,0.0,14:08:03
19200.0,100,-750.0,0.0,SD,19935100.0,45260300.0,False,0.0,14:08:03
19200.0,1200,-750.0,0.0,SD,19935100.0,45260200.0,False,0.0,14:08:03
19200.0,100,-750.0,0.0,SD,19935100.0,45259000.0,False,0.0,14:08:03
19200.0,1000,-750.0,0.0,SD,19935100.0,45258900.0,False,0.0,14:08:03
19200.0,500,-750.0,0.0,SD,19935100.0,45257900.0,False,0.0,14:08:03
19200.0,3000,-750.0,0.0,SD,19935100.0,45257400.0,False,0.0,14:08:03
19200.0,500,-750.0,0.0,SD,19935100.0,45254400.0,False,0.0,14:08:03
19200.0,100,-750.0,0.0,SD,19935100.0,45253900.0,False,0.0,14:08:03
19200.0,300,-750.0,0.0,SD,19935100.0,45253800.0,False,0.0,14:08:03
19200.0,100,-750.0,0.0,SD,19935100.0,45253500.0,False,0.0,14:08:03
19200.0,100,-750.0,0.0,SD,19935100.0,45253400.0,False,0.0,14:08:03
19200.0,1000,-750.0,0.0,SD,19935100.0,45253300.0,False,0.0,14:08:03
19200.0,100,-750.0,0.0,SD,19935100.0,45252300.0,False,0.0,14:08:03
19200.0,1000,-750.0,0.0,SD,19935100.0,45252200.0,False,0.0,14:08:03
19200.0,4200,-750.0,0.0,SD,19935100.0,45251200.0,False,0.0,14:08:03
19200.0,300,-750.0,0.0,SD,19935100.0,45247000.0,False,0.0,14:08:03
19200.0,2000,-750.0,0.0,SD,19935100.0,45246700.0,False,0.0,14:08:03
19200.0,400,-750.0,0.0,SD,19935100.0,45244700.0,False,0.0,14:08:03
19200.0,200,-750.0,0.0,SD,19935100.0,45244300.0,False,0.0,14:08:03
19200.0,200,-750.0,0.0,SD,19935100.0,45244100.0,False,0.0,14:08:03
19200.0,100,-750.0,0.0,SD,19935100.0,45243900.0,False,0.0,14:08:03
19200.0,200,-750.0,0.0,SD,19935100.0,45243800.0,False,0.0,14:08:03
19200.0,100,-750.0,0.0,SD,19935100.0,45243600.0,False,0.0,14:08:03
19200.0,1000,-750.0,0.0,SD,19935100.0,45243500.0,False,0.0,14:08:03
19200.0,1600,-750.0,0.0,SD,19935100.0,45242500.0,False,0.0,14:08:03
19200.0,2100,-750.0,0.0,SD,19935100.0,45240900.0,False,0.0,14:08:03
19200.0,1000,-750.0,0.0,SD,19935100.0,45238800.0,False,0.0,14:08:03
19200.0,200,-750.0,0.0,SD,19935100.0,45237800.0,False,0.0,14:08:03
19200.0,1800,-750.0,0.0,SD,19935100.0,45237600.0,False,0.0,14:08:03
19200.0,200,-750.0,0.0,SD,19935100.0,45235800.0,False,0.0,14:08:03
19200.0,100,-750.0,0.0,SD,19935100.0,45235600.0,False,0.0,14:08:03
19200.0,200,-750.0,0.0,SD,19935100.0,45235500.0,False,0.0,14:08:03
19200.0,200,-750.0,0.0,SD,19935100.0,45235300.0,False,0.0,14:08:03
19200.0,3000,-750.0,0.0,SD,19935100.0,45235100.0,False,0.0,14:08:03
19200.0,3600,-750.0,0.0,SD,19935100.0,45232100.0,False,-50.0,14:08:03
19250.0,4000,-700.0,0.0,SD,19935100.0,45228500.0,False,50.0,14:08:03
19200.0,200,-750.0,0.0,SD,19935100.0,45224500.0,False,0.0,14:08:03
19200.0,500,-750.0,0.0,SD,19935100.0,45224300.0,False,0.0,14:08:03
19200.0,10000,-750.0,0.0,SD,19935100.0,45223800.0,False,-50.0,14:08:03
19250.0,100,-700.0,0.0,SD,19935100.0,45213800.0,False,0.0,14:08:03
19250.0,1700,-700.0,0.0,SD,19935100.0,45213700.0,False,50.0,14:08:03
19200.0,500,-750.0,0.0,SD,19935100.0,45212000.0,False,0.0,14:08:03
19200.0,500,-750.0,0.0,SD,19935100.0,45211500.0,False,0.0,14:08:03
19200.0,300,-750.0,0.0,SD,19935100.0,45211000.0,False,0.0,14:08:03
19200.0,500,-750.0,0.0,SD,19935100.0,45210700.0,False,0.0,14:08:03
19200.0,200,-750.0,0.0,SD,19935100.0,45210200.0,False,0.0,14:08:03
19200.0,100,-750.0,0.0,SD,19935100.0,45210000.0,False,0.0,14:08:03
19200.0,2000,-750.0,0.0,SD,19935100.0,45209900.0,False,0.0,14:08:03
19200.0,2700,-750.0,0.0,SD,19935100.0,45207900.0,False,-50.0,14:08:03
19250.0,600,-700.0,0.0,SD,19935100.0,45205200.0,False,0.0,14:08:03
19250.0,300,-700.0,0.0,SD,19935100.0,45204600.0,False,0.0,14:08:03
19250.0,600,-700.0,0.0,SD,19935100.0,45204300.0,False,0.0,14:08:03
19250.0,300,-700.0,0.0,SD,19935100.0,45203700.0,False,0.0,14:08:03
19250.0,500,-700.0,0.0,SD,19935100.0,45203400.0,False,0.0,14:08:03
19250.0,100,-700.0,0.0,SD,19935100.0,45202900.0,False,0.0,14:08:03
19250.0,100,-700.0,0.0,SD,19935100.0,45202800.0,False,0.0,14:08:03
19250.0,100,-700.0,0.0,SD,19935100.0,45202700.0,False,0.0,14:08:03
19250.0,1000,-700.0,0.0,SD,19935100.0,45202600.0,False,0.0,14:08:03
19250.0,500,-700.0,0.0,SD,19935100.0,45201600.0,False,0.0,14:08:03
19250.0,4500,-700.0,0.0,SD,19935100.0,45201100.0,False,-50.0,14:08:03
19300.0,300,-650.0,0.0,BU,19935100.0,45196600.0,False,50.0,14:08:03
19250.0,100,-700.0,0.0,SD,19934800.0,45196600.0,False,0.0,14:08:02
19250.0,100,-700.0,0.0,SD,19934800.0,45196500.0,False,0.0,14:08:02
19250.0,1800,-700.0,0.0,SD,19934800.0,45196400.0,False,-50.0,14:08:02
19300.0,400,-650.0,0.0,BU,19934800.0,45194600.0,False,0.0,14:08:01
19300.0,400,-650.0,0.0,BU,19934400.0,45194600.0,False,50.0,14:07:59
19250.0,300,-700.0,0.0,SD,19934000.0,45194600.0,False,0.0,14:07:58
19250.0,900,-700.0,0.0,SD,19934000.0,45194300.0,False,0.0,14:07:58
19250.0,500,-700.0,0.0,SD,19934000.0,45193400.0,False,0.0,14:07:58
19250.0,1000,-700.0,0.0,SD,19934000.0,45192900.0,False,0.0,14:07:58
19250.0,50000,-700.0,0.0,SD,19934000.0,45191900.0,True,0.0,14:07:58
19250.0,10700,-700.0,0.0,SD,19934000.0,45141900.0,True,0.0,14:07:58
19250.0,4000,-700.0,0.0,SD,19934000.0,45131200.0,False,0.0,14:07:58
19250.0,2900,-700.0,0.0,SD,19934000.0,45127200.0,False,0.0,14:07:58
19250.0,1200,-700.0,0.0,SD,19934000.0,45124300.0,False,0.0,14:07:58
19250.0,10000,-700.0,0.0,SD,19934000.0,45123100.0,False,0.0,14:07:58
19250.0,500,-700.0,0.0,SD,19934000.0,45113100.0,False,0.0,14:07:58
19250.0,200,-700.0,0.0,SD,19934000.0,45112600.0,False,0.0,14:07:58
19250.0,2600,-700.0,0.0,SD,19934000.0,45112400.0,False,0.0,14:07:58
19250.0,3000,-700.0,0.0,SD,19934000.0,45109800.0,False,0.0,14:07:58
19250.0,200,-700.0,0.0,SD,19934000.0,45106800.0,False,0.0,14:07:58
19250.0,3000,-700.0,0.0,SD,19934000.0,45106600.0,False,0.0,14:07:58
19250.0,1000,-700.0,0.0,SD,19934000.0,45103600.0,False,0.0,14:07:58
19250.0,100,-700.0,0.0,SD,19934000.0,45102600.0,False,0.0,14:07:58
19250.0,500,-700.0,0.0,SD,19934000.0,45102500.0,False,0.0,14:07:58
19250.0,2000,-700.0,0.0,SD,19934000.0,45102000.0,False,0.0,14:07:58
19250.0,1000,-700.0,0.0,SD,19934000.0,45100000.0,False,0.0,14:07:58
19250.0,100,-700.0,0.0,SD,19934000.0,45099000.0,False,0.0,14:07:58
19250.0,4600,-700.0,0.0,SD,19934000.0,45098900.0,False,-50.0,14:07:58
19300.0,100,-650.0,0.0,BU,19934000.0,45094300.0,False,0.0,14:07:57
19300.0,2000,-650.0,0.0,BU,19933900.0,45094300.0,False,0.0,14:07:56
19300.0,200,-650.0,0.0,BU,19931900.0,45094300.0,False,50.0,14:07:55
19250.0,400,-700.0,0.0,SD,19931700.0,45094300.0,False,0.0,14:07:52
19250.0,100,-700.0,0.0,SD,19931700.0,45093900.0,False,-50.0,14:07:52
19300.0,4000,-650.0,0.0,BU,19931700.0,45093800.0,False,0.0,14:07:51
19300.0,200,-650.0,0.0,BU,19927700.0,45093800.0,False,0.0,14:07:51
19300.0,500,-650.0,0.0,BU,19927500.0,45093800.0,False,0.0,14:07:51
19300.0,300,-650.0,0.0,BU,19927000.0,45093800.0,False,50.0,14:07:46
19250.0,1000,-700.0,0.0,SD,19926700.0,45093800.0,False,0.0,14:07:42
19250.0,600,-700.0,0.0,SD,19926700.0,45092800.0,False,0.0,14:07:42
19250.0,1000,-700.0,0.0,SD,19926700.0,45092200.0,False,0.0,14:07:42
19250.0,500,-700.0,0.0,SD,19926700.0,45091200.0,False,0.0,14:07:42
19250.0,200,-700.0,0.0,SD,19926700.0,45090700.0,False,0.0,14:07:42
19250.0,4000,-700.0,0.0,SD,19926700.0,45090500.0,False,0.0,14:07:42
19250.0,100,-700.0,0.0,SD,19926700.0,45086500.0,False,0.0,14:07:42
19250.0,600,-700.0,0.0,SD,19926700.0,45086400.0,False,-50.0,14:07:42
19300.0,100,-650.0,0.0,BU,19926700.0,45085800.0,False,0.0,14:07:40
19300.0,300,-650.0,0.0,BU,19926600.0,45085800.0,False,50.0,14:07:39
19250.0,4000,-700.0,0.0,SD,19926300.0,45085800.0,False,0.0,14:07:39
19250.0,200,-700.0,0.0,SD,19926300.0,45081800.0,False,0.0,14:07:39
19250.0,500,-700.0,0.0,SD,19926300.0,45081600.0,False,0.0,14:07:39
19250.0,300,-700.0,0.0,SD,19926300.0,45081100.0,False,0.0,14:07:39
19250.0,9700,-700.0,0.0,SD,19926300.0,45080800.0,False,0.0,14:07:38
19250.0,9500,-700.0,0.0,SD,19926300.0,45071100.0,False,0.0,14:07:38
19250.0,800,-700.0,0.0,SD,19926300.0,45061600.0,False,-50.0,14:07:38
19300.0,100,-650.0,0.0,BU,19926300.0,45060800.0,False,0.0,14:07:37
19300.0,1000,-650.0,0.0,BU,19926200.0,45060800.0,False,0.0,14:07:36
19300.0,200,-650.0,0.0,BU,19925200.0,45060800.0,False,0.0,14:07:35
19300.0,1000,-650.0,0.0,BU,19925000.0,45060800.0,False,0.0,14:07:34
19300.0,100,-650.0,0.0,BU,19924000.0,45060800.0,False,0.0,14:07:30
19300.0,500,-650.0,0.0,BU,19923900.0,45060800.0,False,0.0,14:07:24
19300.0,1100,-650.0,0.0,BU,19923400.0,45060800.0,False,50.0,14:07:24
19250.0,500,-700.0,0.0,SD,19922300.0,45060800.0,False,0.0,14:07:21
19250.0,100,-700.0,0.0,SD,19922300.0,45060300.0,False,0.0,14:07:21
19250.0,100,-700.0,0.0,SD,19922300.0,45060200.0,False,0.0,14:07:21
19250.0,300,-700.0,0.0,SD,19922300.0,45060100.0,False,0.0,14:07:21
19250.0,10000,-700.0,0.0,SD,19922300.0,45059800.0,False,-50.0,14:07:18
19300.0,1000,-650.0,0.0,BU,19922300.0,45049800.0,False,0.0,14:07:17
19300.0,500,-650.0,0.0,BU,19921300.0,45049800.0,False,50.0,14:07:17
19250.0,2000,-700.0,0.0,SD,19920800.0,45049800.0,False,0.0,14:07:13
19250.0,7700,-700.0,0.0,SD,19920800.0,45047800.0,False,0.0,14:07:11
19250.0,300,-700.0,0.0,BU,19920800.0,45040100.0,False,0.0,14:07:10
19250.0,2000,-700.0,0.0,BU,19920500.0,45040100.0,False,-50.0,14:07:10
19300.0,500,-650.0,0.0,BU,19918500.0,45040100.0,False,0.0,14:07:10
19300.0,3400,-650.0,0.0,BU,19918000.0,45040100.0,False,0.0,14:07:10
19300.0,1000,-650.0,0.0,BU,19914600.0,45040100.0,False,0.0,14:07:10
19300.0,400,-650.0,0.0,BU,19913600.0,45040100.0,False,0.0,14:07:10
19300.0,2000,-650.0,0.0,BU,19913200.0,45040100.0,False,0.0,14:07:10
19300.0,300,-650.0,0.0,BU,19911200.0,45040100.0,False,0.0,14:07:10
19300.0,5000,-650.0,0.0,BU,19910900.0,45040100.0,False,0.0,14:07:10
19300.0,100,-650.0,0.0,BU,19905900.0,45040100.0,False,0.0,14:07:10
19300.0,100,-650.0,0.0,BU,19905800.0,45040100.0,False,0.0,14:07:10
19300.0,200,-650.0,0.0,BU,19905700.0,45040100.0,False,0.0,14:07:10
19300.0,2000,-650.0,0.0,BU,19905500.0,45040100.0,False,0.0,14:07:10
19300.0,100,-650.0,0.0,BU,19903500.0,45040100.0,False,0.0,14:07:10
19300.0,1000,-650.0,0.0,BU,19903400.0,45040100.0,False,0.0,14:07:10
19300.0,200,-650.0,0.0,BU,19902400.0,45040100.0,False,0.0,14:07:10
19300.0,1000,-650.0,0.0,BU,19902200.0,45040100.0,False,0.0,14:07:10
19300.0,1500,-650.0,0.0,BU,19901200.0,45040100.0,False,0.0,14:07:10
19300.0,1200,-650.0,0.0,BU,19899700.0,45040100.0,False,0.0,14:07:10
19300.0,400,-650.0,0.0,BU,19898500.0,45040100.0,False,0.0,14:07:10
19300.0,2200,-650.0,0.0,BU,19898100.0,45040100.0,False,0.0,14:07:10
19300.0,100,-650.0,0.0,BU,19895900.0,45040100.0,False,0.0,14:07:10
19300.0,2000,-650.0,0.0,BU,19895800.0,45040100.0,False,0.0,14:07:10
19300.0,500,-650.0,0.0,BU,19893800.0,45040100.0,False,0.0,14:07:10
19300.0,100,-650.0,0.0,BU,19893300.0,45040100.0,False,0.0,14:07:10
19300.0,3000,-650.0,0.0,BU,19893200.0,45040100.0,False,0.0,14:07:10
19300.0,5000,-650.0,0.0,BU,19890200.0,45040100.0,False,0.0,14:07:10
19300.0,3000,-650.0,0.0,BU,19885200.0,45040100.0,False,0.0,14:07:10
19300.0,100,-650.0,0.0,BU,19882200.0,45040100.0,False,0.0,14:07:10
19300.0,100,-650.0,0.0,BU,19882100.0,45040100.0,False,0.0,14:07:10
19300.0,100,-650.0,0.0,BU,19882000.0,45040100.0,False,0.0,14:07:10
19300.0,2000,-650.0,0.0,BU,19881900.0,45040100.0,False,0.0,14:07:10
19300.0,1000,-650.0,0.0,BU,19879900.0,45040100.0,False,0.0,14:07:10
19300.0,1000,-650.0,0.0,BU,19878900.0,45040100.0,False,0.0,14:07:10
19300.0,300,-650.0,0.0,BU,19877900.0,45040100.0,False,0.0,14:07:10
19300.0,200,-650.0,0.0,BU,19877600.0,45040100.0,False,0.0,14:07:10
19300.0,100,-650.0,0.0,BU,19877400.0,45040100.0,False,0.0,14:07:10
19300.0,200,-650.0,0.0,BU,19877300.0,45040100.0,False,0.0,14:07:10
19300.0,500,-650.0,0.0,BU,19877100.0,45040100.0,False,0.0,14:07:10
19300.0,500,-650.0,0.0,BU,19876600.0,45040100.0,False,0.0,14:07:10
19300.0,200,-650.0,0.0,BU,19876100.0,45040100.0,False,0.0,14:07:10
19300.0,1000,-650.0,0.0,BU,19875900.0,45040100.0,False,0.0,14:07:10
19300.0,3000,-650.0,0.0,BU,19874900.0,45040100.0,False,0.0,14:07:10
19300.0,200,-650.0,0.0,BU,19871900.0,45040100.0,False,0.0,14:07:10
19300.0,1000,-650.0,0.0,BU,19871700.0,45040100.0,False,0.0,14:07:10
19300.0,200,-650.0,0.0,BU,19870700.0,45040100.0,False,0.0,14:07:10
19300.0,1400,-650.0,0.0,BU,19870500.0,45040100.0,False,0.0,14:07:10
19300.0,1000,-650.0,0.0,BU,19869100.0,45040100.0,False,0.0,14:07:10
19300.0,400,-650.0,0.0,BU,19868100.0,45040100.0,False,0.0,14:07:10
19300.0,500,-650.0,0.0,BU,19867700.0,45040100.0,False,0.0,14:07:10
19300.0,100,-650.0,0.0,BU,19867200.0,45040100.0,False,0.0,14:07:10
19300.0,200,-650.0,0.0,BU,19867100.0,45040100.0,False,0.0,14:07:10
19300.0,500,-650.0,0.0,BU,19866900.0,45040100.0,False,0.0,14:07:10
19300.0,300,-650.0,0.0,BU,19866400.0,45040100.0,False,0.0,14:07:10
19300.0,100,-650.0,0.0,BU,19866100.0,45040100.0,False,0.0,14:07:10
19300.0,100,-650.0,0.0,BU,19866000.0,45040100.0,False,0.0,14:07:10
19300.0,7200,-650.0,0.0,BU,19865900.0,45040100.0,False,0.0,14:07:10
19300.0,300,-650.0,0.0,BU,19858700.0,45040100.0,False,0.0,14:07:10
19300.0,200,-650.0,0.0,BU,19858400.0,45040100.0,False,0.0,14:07:10
19300.0,100,-650.0,0.0,BU,19858200.0,45040100.0,False,0.0,14:07:10
19300.0,1000,-650.0,0.0,BU,19858100.0,45040100.0,False,0.0,14:07:10
19300.0,200,-650.0,0.0,BU,19857100.0,45040100.0,False,0.0,14:07:10
19300.0,100,-650.0,0.0,BU,19856900.0,45040100.0,False,0.0,14:07:10
19300.0,200,-650.0,0.0,BU,19856800.0,45040100.0,False,0.0,14:07:10
19300.0,200,-650.0,0.0,BU,19856600.0,45040100.0,False,0.0,14:07:10
19300.0,500,-650.0,0.0,BU,19856400.0,45040100.0,False,0.0,14:07:10
19300.0,4100,-650.0,0.0,BU,19855900.0,45040100.0,False,0.0,14:07:10
19300.0,500,-650.0,0.0,BU,19851800.0,45040100.0,False,0.0,14:07:10
19300.0,700,-650.0,0.0,BU,19851300.0,45040100.0,False,0.0,14:07:10
19300.0,6000,-650.0,0.0,BU,19850600.0,45040100.0,False,0.0,14:07:10
19300.0,2000,-650.0,0.0,BU,19844600.0,45040100.0,False,0.0,14:07:10
19300.0,100,-650.0,0.0,BU,19842600.0,45040100.0,False,0.0,14:07:10
19300.0,100,-650.0,0.0,BU,19842500.0,45040100.0,False,0.0,14:07:10
19300.0,2500,-650.0,0.0,BU,19842400.0,45040100.0,False,0.0,14:07:10
19300.0,3000,-650.0,0.0,BU,19839900.0,45040100.0,False,0.0,14:07:10
19300.0,5000,-650.0,0.0,BU,19836900.0,45040100.0,False,0.0,14:07:10
19300.0,200,-650.0,0.0,BU,19831900.0,45040100.0,False,0.0,14:07:10
19300.0,100,-650.0,0.0,BU,19831700.0,45040100.0,False,0.0,14:07:10
19300.0,500,-650.0,0.0,BU,19831600.0,45040100.0,False,0.0,14:07:10
19300.0,1000,-650.0,0.0,BU,19831100.0,45040100.0,False,0.0,14:07:10
19300.0,100,-650.0,0.0,BU,19830100.0,45040100.0,False,0.0,14:07:10
19300.0,2000,-650.0,0.0,BU,19830000.0,45040100.0,False,0.0,14:07:10
19300.0,100,-650.0,0.0,BU,19828000.0,45040100.0,False,0.0,14:07:10
19300.0,100,-650.0,0.0,BU,19827900.0,45040100.0,False,0.0,14:07:10
19300.0,1200,-650.0,0.0,BU,19827800.0,45040100.0,False,0.0,14:07:10
19300.0,500,-650.0,0.0,BU,19826600.0,45040100.0,False,0.0,14:07:10
19300.0,2000,-650.0,0.0,BU,19826100.0,45040100.0,False,0.0,14:07:10
19300.0,100,-650.0,0.0,BU,19824100.0,45040100.0,False,50.0,14:07:10
19250.0,5500,-700.0,0.0,BU,19824000.0,45040100.0,False,0.0,14:07:10
19250.0,500,-700.0,0.0,BU,19818500.0,45040100.0,False,0.0,14:07:10
19250.0,1500,-700.0,0.0,SD,19818000.0,45040100.0,False,0.0,14:07:10
19250.0,3400,-700.0,0.0,SD,19818000.0,45038600.0,False,0.0,14:07:10
19250.0,6600,-700.0,0.0,SD,19818000.0,45035200.0,False,0.0,14:07:10
19250.0,1000,-700.0,0.0,SD,19818000.0,45028600.0,False,0.0,14:07:08
19250.0,100,-700.0,0.0,SD,19818000.0,45027600.0,False,0.0,14:07:08
19250.0,300,-700.0,0.0,BU,19818000.0,45027500.0,False,0.0,14:07:05
19250.0,100,-700.0,0.0,BU,19817700.0,45027500.0,False,0.0,14:07:05
19250.0,100,-700.0,0.0,BU,19817600.0,45027500.0,False,0.0,14:07:04
19250.0,200,-700.0,0.0,BU,19817500.0,45027500.0,False,0.0,14:07:04
19250.0,1300,-700.0,0.0,BU,19817300.0,45027500.0,False,0.0,14:07:04
19250.0,200,-700.0,0.0,BU,19816000.0,45027500.0,False,0.0,14:07:04
19250.0,100,-700.0,0.0,BU,19815800.0,45027500.0,False,0.0,14:07:04
19250.0,3600,-700.0,0.0,BU,19815700.0,45027500.0,False,0.0,14:07:04
19250.0,400,-700.0,0.0,BU,19812100.0,45027500.0,False,0.0,14:07:04
19250.0,100,-700.0,0.0,BU,19811700.0,45027500.0,False,0.0,14:07:04
19250.0,500,-700.0,0.0,BU,19811600.0,45027500.0,False,0.0,14:07:04
19250.0,3800,-700.0,0.0,BU,19811100.0,45027500.0,False,0.0,14:07:04
19250.0,400,-700.0,0.0,BU,19807300.0,45027500.0,False,0.0,14:07:03
19250.0,1000,-700.0,0.0,BU,19806900.0,45027500.0,False,0.0,14:07:02
19250.0,700,-700.0,0.0,BU,19805900.0,45027500.0,False,0.0,14:07:02
19250.0,500,-700.0,0.0,BU,19805200.0,45027500.0,False,0.0,14:07:02
19250.0,100,-700.0,0.0,BU,19804700.0,45027500.0,False,0.0,14:07:01
19250.0,1300,-700.0,0.0,BU,19804600.0,45027500.0,False,0.0,14:07:00
19250.0,500,-700.0,0.0,BU,19803300.0,45027500.0,False,0.0,14:06:59
19250.0,500,-700.0,0.0,BU,19802800.0,45027500.0,False,50.0,14:06:59
19200.0,4700,-750.0,0.0,SD,19802300.0,45027500.0,False,0.0,14:06:58
19200.0,1100,-750.0,0.0,SD,19802300.0,45022800.0,False,0.0,14:06:58
19200.0,100,-750.0,0.0,SD,19802300.0,45021700.0,False,0.0,14:06:58
19200.0,100,-750.0,0.0,SD,19802300.0,45021600.0,False,-50.0,14:06:58
19250.0,100,-700.0,0.0,BU,19802300.0,45021500.0,False,0.0,14:06:58
19250.0,300,-700.0,0.0,BU,19802200.0,45021500.0,False,0.0,14:06:57
19250.0,1000,-700.0,0.0,BU,19801900.0,45021500.0,False,0.0,14:06:57
19250.0,100,-700.0,0.0,BU,19800900.0,45021500.0,False,50.0,14:06:57
19200.0,1000,-750.0,0.0,SD,19800800.0,45021500.0,False,-50.0,14:06:56
19250.0,400,-700.0,0.0,BU,19800800.0,45020500.0,False,0.0,14:06:56
19250.0,300,-700.0,0.0,BU,19800400.0,45020500.0,False,0.0,14:06:54
19250.0,200,-700.0,0.0,BU,19800100.0,45020500.0,False,0.0,14:06:54
19250.0,100,-700.0,0.0,BU,19799900.0,45020500.0,False,0.0,14:06:54
19250.0,100,-700.0,0.0,BU,19799800.0,45020500.0,False,50.0,14:06:54
19200.0,300,-750.0,0.0,SD,19799700.0,45020500.0,False,-50.0,14:06:54
19250.0,100,-700.0,0.0,BU,19799700.0,45020200.0,False,0.0,14:06:54
19250.0,2000,-700.0,0.0,BU,19799600.0,45020200.0,False,50.0,14:06:53
19200.0,1000,-750.0,0.0,SD,19797600.0,45020200.0,False,-50.0,14:06:53
19250.0,300,-700.0,0.0,BU,19797600.0,45019200.0,False,0.0,14:06:52
19250.0,1000,-700.0,0.0,BU,19797300.0,45019200.0,False,0.0,14:06:52
19250.0,1000,-700.0,0.0,BU,19796300.0,45019200.0,False,0.0,14:06:52
19250.0,100,-700.0,0.0,BU,19795300.0,45019200.0,False,0.0,14:06:51
19250.0,2100,-700.0,0.0,BU,19795200.0,45019200.0,False,0.0,14:06:51
19250.0,400,-700.0,0.0,BU,19793100.0,45019200.0,False,0.0,14:06:51
19250.0,300,-700.0,0.0,BU,19792700.0,45019200.0,False,0.0,14:06:51
19250.0,200,-700.0,0.0,BU,19792400.0,45019200.0,False,0.0,14:06:50
19250.0,100,-700.0,0.0,BU,19792200.0,45019200.0,False,0.0,14:06:49
19250.0,100,-700.0,0.0,BU,19792100.0,45019200.0,False,0.0,14:06:49
19250.0,500,-700.0,0.0,BU,19792000.0,45019200.0,False,0.0,14:06:48
19250.0,3000,-700.0,0.0,BU,19791500.0,45019200.0,False,0.0,14:06:48
19250.0,300,-700.0,0.0,BU,19788500.0,45019200.0,False,0.0,14:06:47
19250.0,1800,-700.0,0.0,BU,19788200.0,45019200.0,False,0.0,14:06:46
19250.0,3000,-700.0,0.0,BU,19786400.0,45019200.0,False,0.0,14:06:45
19250.0,100,-700.0,0.0,BU,19783400.0,45019200.0,False,0.0,14:06:45
19250.0,100,-700.0,0.0,BU,19783300.0,45019200.0,False,0.0,14:06:45
19250.0,200,-700.0,0.0,BU,19783200.0,45019200.0,False,0.0,14:06:44
19250.0,100,-700.0,0.0,BU,19783000.0,45019200.0,False,0.0,14:06:42
19250.0,200,-700.0,0.0,BU,19782900.0,45019200.0,False,0.0,14:06:42
19250.0,2000,-700.0,0.0,BU,19782700.0,45019200.0,False,0.0,14:06:42
19250.0,1100,-700.0,0.0,BU,19780700.0,45019200.0,False,0.0,14:06:42
19250.0,1500,-700.0,0.0,BU,19779600.0,45019200.0,False,0.0,14:06:42
19250.0,2000,-700.0,0.0,BU,19778100.0,45019200.0,False,0.0,14:06:42
19250.0,5000,-700.0,0.0,BU,19776100.0,45019200.0,False,0.0,14:06:42
19250.0,300,-700.0,0.0,BU,19771100.0,45019200.0,False,0.0,14:06:40
19250.0,1000,-700.0,0.0,BU,19770800.0,45019200.0,False,0.0,14:06:38
19250.0,200,-700.0,0.0,BU,19769800.0,45019200.0,False,0.0,14:06:38
19250.0,200,-700.0,0.0,BU,19769600.0,45019200.0,False,0.0,14:06:35
19250.0,600,-700.0,0.0,BU,19769400.0,45019200.0,False,0.0,14:06:35
19250.0,1000,-700.0,0.0,BU,19768800.0,45019200.0,False,0.0,14:06:35
19250.0,1300,-700.0,0.0,BU,19767800.0,45019200.0,False,0.0,14:06:35
19250.0,7100,-700.0,0.0,BU,19766500.0,45019200.0,False,0.0,14:06:35
19250.0,500,-700.0,0.0,BU,19759400.0,45019200.0,False,0.0,14:06:35
19250.0,12400,-700.0,0.0,BU,19758900.0,45019200.0,True,0.0,14:06:35
19250.0,1000,-700.0,0.0,BU,19746500.0,45019200.0,False,0.0,14:06:35
19250.0,400,-700.0,0.0,BU,19745500.0,45019200.0,False,0.0,14:06:35
19250.0,100,-700.0,0.0,BU,19745100.0,45019200.0,False,0.0,14:06:35
19250.0,100,-700.0,0.0,BU,19745000.0,45019200.0,False,0.0,14:06:35
19250.0,1000,-700.0,0.0,BU,19744900.0,45019200.0,False,0.0,14:06:35
19250.0,500,-700.0,0.0,BU,19743900.0,45019200.0,False,0.0,14:06:35
19250.0,100,-700.0,0.0,BU,19743400.0,45019200.0,False,0.0,14:06:35
19250.0,500,-700.0,0.0,BU,19743300.0,45019200.0,False,0.0,14:06:35
19250.0,400,-700.0,0.0,BU,19742800.0,45019200.0,False,0.0,14:06:35
19250.0,300,-700.0,0.0,BU,19742400.0,45019200.0,False,0.0,14:06:35
19250.0,400,-700.0,0.0,BU,19742100.0,45019200.0,False,0.0,14:06:35
19250.0,500,-700.0,0.0,BU,19741700.0,45019200.0,False,0.0,14:06:35
19250.0,100,-700.0,0.0,BU,19741200.0,45019200.0,False,0.0,14:06:35
19250.0,300,-700.0,0.0,BU,19741100.0,45019200.0,False,0.0,14:06:35
19250.0,1900,-700.0,0.0,BU,19740800.0,45019200.0,False,0.0,14:06:35
19250.0,100,-700.0,0.0,BU,19738900.0,45019200.0,False,0.0,14:06:34
19250.0,200,-700.0,0.0,BU,19738800.0,45019200.0,False,0.0,14:06:34
19250.0,100,-700.0,0.0,BU,19738600.0,45019200.0,False,0.0,14:06:34
19250.0,100,-700.0,0.0,BU,19738500.0,45019200.0,False,0.0,14:06:32
19250.0,300,-700.0,0.0,BU,19738400.0,45019200.0,False,0.0,14:06:30
19250.0,400,-700.0,0.0,BU,19738100.0,45019200.0,False,0.0,14:06:30
19250.0,1300,-700.0,0.0,BU,19737700.0,45019200.0,False,0.0,14:06:30
19250.0,200,-700.0,0.0,BU,19736400.0,45019200.0,False,0.0,14:06:28
19250.0,800,-700.0,0.0,BU,19736200.0,45019200.0,False,0.0,14:06:28
19250.0,200,-700.0,0.0,BU,19735400.0,45019200.0,False,0.0,14:06:26
19250.0,3000,-700.0,0.0,BU,19735200.0,45019200.0,False,0.0,14:06:25
19250.0,500,-700.0,0.0,BU,19732200.0,45019200.0,False,0.0,14:06:24
19250.0,1000,-700.0,0.0,BU,19731700.0,45019200.0,False,0.0,14:06:22
19250.0,500,-700.0,0.0,BU,19730700.0,45019200.0,False,0.0,14:06:21
19250.0,22000,-700.0,0.0,BU,19730200.0,45019200.0,True,0.0,14:06:21
19250.0,7500,-700.0,0.0,BU,19708200.0,45019200.0,False,50.0,14:06:21
19200.0,100,-750.0,0.0,SD,19700700.0,45019200.0,False,-50.0,14:06:20
19250.0,100,-700.0,0.0,BU,19700700.0,45019100.0,False,0.0,14:06:20
19250.0,500,-700.0,0.0,BU,19700600.0,45019100.0,False,50.0,14:06:18
19200.0,500,-750.0,0.0,SD,19700100.0,45019100.0,False,0.0,14:06:18
19200.0,2000,-750.0,0.0,SD,19700100.0,45018600.0,False,0.0,14:06:18
19200.0,1000,-750.0,0.0,SD,19700100.0,45016600.0,False,-50.0,14:06:18
19250.0,7000,-700.0,0.0,BU,19700100.0,45015600.0,False,50.0,14:06:17
19200.0,200,-750.0,0.0,SD,19693100.0,45015600.0,False,0.0,14:06:11
19200.0,800,-750.0,0.0,SD,19693100.0,45015400.0,False,0.0,14:06:10
19200.0,3500,-750.0,0.0,SD,19693100.0,45014600.0,False,0.0,14:06:10
19200.0,5000,-750.0,0.0,SD,19693100.0,45011100.0,False,0.0,14:06:10
19200.0,700,-750.0,0.0,SD,19693100.0,45006100.0,False,0.0,14:06:10
19200.0,5400,-750.0,0.0,SD,19693100.0,45005400.0,False,0.0,14:06:08
19200.0,300,-750.0,0.0,SD,19693100.0,45000000.0,False,-50.0,14:06:03
19250.0,9900,-700.0,0.0,BU,19693100.0,44999700.0,False,0.0,14:06:01
19250.0,100,-700.0,0.0,BU,19683200.0,44999700.0,False,0.0,14:06:01
19250.0,4500,-700.0,0.0,BU,19683100.0,44999700.0,False,0.0,14:06:01
19250.0,300,-700.0,0.0,BU,19678600.0,44999700.0,False,0.0,14:06:01
19250.0,30000,-700.0,0.0,BU,19678300.0,44999700.0,True,0.0,14:06:01
19250.0,500,-700.0,0.0,BU,19648300.0,44999700.0,False,0.0,14:06:01
19250.0,100,-700.0,0.0,BU,19647800.0,44999700.0,False,0.0,14:06:01
19250.0,100,-700.0,0.0,BU,19647700.0,44999700.0,False,0.0,14:06:01
19250.0,1000,-700.0,0.0,BU,19647600.0,44999700.0,False,0.0,14:06:01
19250.0,500,-700.0,0.0,BU,19646600.0,44999700.0,False,0.0,14:06:01
19250.0,3000,-700.0,0.0,BU,19646100.0,44999700.0,False,50.0,14:06:01
19200.0,500,-750.0,0.0,SD,19643100.0,44999700.0,False,0.0,14:06:01
19200.0,700,-750.0,0.0,SD,19643100.0,44999200.0,False,-50.0,14:06:00
19250.0,500,-700.0,0.0,BU,19643100.0,44998500.0,False,50.0,14:05:59
19200.0,500,-750.0,0.0,SD,19642600.0,44998500.0,False,0.0,14:05:58
19200.0,100,-750.0,0.0,SD,19642600.0,44998000.0,False,0.0,14:05:56
19200.0,100,-750.0,0.0,BU,19642600.0,44997900.0,False,0.0,14:05:53
19200.0,100,-750.0,0.0,BU,19642500.0,44997900.0,False,0.0,14:05:53
19200.0,2000,-750.0,0.0,BU,19642400.0,44997900.0,False,0.0,14:05:53
19200.0,100,-750.0,0.0,BU,19640400.0,44997900.0,False,0.0,14:05:53
19200.0,300,-750.0,0.0,BU,19640300.0,44997900.0,False,0.0,14:05:53
19200.0,200,-750.0,0.0,BU,19640000.0,44997900.0,False,0.0,14:05:53
19200.0,100,-750.0,0.0,BU,19639800.0,44997900.0,False,0.0,14:05:53
19200.0,500,-750.0,0.0,BU,19639700.0,44997900.0,False,0.0,14:05:53
19200.0,500,-750.0,0.0,BU,19639200.0,44997900.0,False,0.0,14:05:53
19200.0,400,-750.0,0.0,BU,19638700.0,44997900.0,False,0.0,14:05:53
19200.0,1000,-750.0,0.0,BU,19638300.0,44997900.0,False,0.0,14:05:53
19200.0,2300,-750.0,0.0,BU,19637300.0,44997900.0,False,0.0,14:05:53
19200.0,600,-750.0,0.0,BU,19635000.0,44997900.0,False,0.0,14:05:53
19200.0,100,-750.0,0.0,BU,19634400.0,44997900.0,False,0.0,14:05:53
19200.0,200,-750.0,0.0,BU,19634300.0,44997900.0,False,0.0,14:05:53
19200.0,200,-750.0,0.0,BU,19634100.0,44997900.0,False,0.0,14:05:53
19200.0,3000,-750.0,0.0,BU,19633900.0,44997900.0,False,0.0,14:05:53
19200.0,100,-750.0,0.0,BU,19630900.0,44997900.0,False,0.0,14:05:53
19200.0,5000,-750.0,0.0,BU,19630800.0,44997900.0,False,0.0,14:05:53
19200.0,500,-750.0,0.0,BU,19625800.0,44997900.0,False,0.0,14:05:53
19200.0,300,-750.0,0.0,BU,19625300.0,44997900.0,False,0.0,14:05:53
19200.0,500,-750.0,0.0,BU,19625000.0,44997900.0,False,0.0,14:05:52
19200.0,100,-750.0,0.0,BU,19624500.0,44997900.0,False,0.0,14:05:52
19200.0,100,-750.0,0.0,BU,19624400.0,44997900.0,False,0.0,14:05:52
19200.0,400,-750.0,0.0,BU,19624300.0,44997900.0,False,0.0,14:05:52
19200.0,100,-750.0,0.0,BU,19623900.0,44997900.0,False,0.0,14:05:51
19200.0,100,-750.0,0.0,BU,19623800.0,44997900.0,False,0.0,14:05:51
19200.0,200,-750.0,0.0,BU,19623700.0,44997900.0,False,0.0,14:05:51
19200.0,600,-750.0,0.0,BU,19623500.0,44997900.0,False,0.0,14:05:51
19200.0,100,-750.0,0.0,BU,19622900.0,44997900.0,False,50.0,14:05:51
19150.0,200,-800.0,0.0,SD,19622800.0,44997900.0,False,-50.0,14:05:50
19200.0,1900,-750.0,0.0,BU,19622800.0,44997700.0,False,0.0,14:05:49
19200.0,1000,-750.0,0.0,BU,19620900.0,44997700.0,False,0.0,14:05:49
19200.0,200,-750.0,0.0,BU,19619900.0,44997700.0,False,0.0,14:05:49
19200.0,100,-750.0,0.0,BU,19619700.0,44997700.0,False,0.0,14:05:49
19200.0,1800,-750.0,0.0,BU,19619600.0,44997700.0,False,0.0,14:05:49
19200.0,200,-750.0,0.0,BU,19617800.0,44997700.0,False,0.0,14:05:49
19200.0,3600,-750.0,0.0,BU,19617600.0,44997700.0,False,0.0,14:05:49
19200.0,400,-750.0,0.0,BU,19614000.0,44997700.0,False,0.0,14:05:49
19200.0,500,-750.0,0.0,BU,19613600.0,44997700.0,False,0.0,14:05:48
19200.0,2900,-750.0,0.0,BU,19613100.0,44997700.0,False,0.0,14:05:48
19200.0,500,-750.0,0.0,BU,19610200.0,44997700.0,False,0.0,14:05:48
19200.0,100,-750.0,0.0,BU,19609700.0,44997700.0,False,0.0,14:05:48
19200.0,500,-750.0,0.0,BU,19609600.0,44997700.0,False,0.0,14:05:48
19200.0,1000,-750.0,0.0,BU,19609100.0,44997700.0,False,0.0,14:05:48
19200.0,200,-750.0,0.0,BU,19608100.0,44997700.0,False,0.0,14:05:48
19200.0,900,-750.0,0.0,BU,19607900.0,44997700.0,False,0.0,14:05:48
19200.0,3600,-750.0,0.0,BU,19607000.0,44997700.0,False,0.0,14:05:48
19200.0,100,-750.0,0.0,BU,19603400.0,44997700.0,False,0.0,14:05:48
19200.0,100,-750.0,0.0,BU,19603300.0,44997700.0,False,0.0,14:05:48
19200.0,400,-750.0,0.0,BU,19603200.0,44997700.0,False,0.0,14:05:48
19200.0,500,-750.0,0.0,BU,19602800.0,44997700.0,False,0.0,14:05:48
19200.0,200,-750.0,0.0,BU,19602300.0,44997700.0,False,0.0,14:05:48
19200.0,1000,-750.0,0.0,BU,19602100.0,44997700.0,False,0.0,14:05:48
19200.0,200,-750.0,0.0,BU,19601100.0,44997700.0,False,0.0,14:05:47
19200.0,800,-750.0,0.0,BU,19600900.0,44997700.0,False,0.0,14:05:47
19200.0,300,-750.0,0.0,BU,19600100.0,44997700.0,False,0.0,14:05:47
19200.0,700,-750.0,0.0,BU,19599800.0,44997700.0,False,0.0,14:05:47
19200.0,1000,-750.0,0.0,BU,19599100.0,44997700.0,False,0.0,14:05:47
19200.0,1500,-750.0,0.0,BU,19598100.0,44997700.0,False,0.0,14:05:47
19200.0,200,-750.0,0.0,BU,19596600.0,44997700.0,False,0.0,14:05:47
19200.0,1000,-750.0,0.0,BU,19596400.0,44997700.0,False,0.0,14:05:47
19200.0,2000,-750.0,0.0,BU,19595400.0,44997700.0,False,0.0,14:05:46
19200.0,100,-750.0,0.0,BU,19593400.0,44997700.0,False,0.0,14:05:46
19200.0,400,-750.0,0.0,BU,19593300.0,44997700.0,False,0.0,14:05:46
19200.0,100,-750.0,0.0,BU,19592900.0,44997700.0,False,0.0,14:05:46
19200.0,400,-750.0,0.0,BU,19592800.0,44997700.0,False,0.0,14:05:46
19200.0,600,-750.0,0.0,BU,19592400.0,44997700.0,False,0.0,14:05:46
19200.0,100,-750.0,0.0,BU,19591800.0,44997700.0,False,0.0,14:05:46
19200.0,300,-750.0,0.0,BU,19591700.0,44997700.0,False,0.0,14:05:46
19200.0,500,-750.0,0.0,BU,19591400.0,44997700.0,False,0.0,14:05:46
19200.0,3500,-750.0,0.0,BU,19590900.0,44997700.0,False,0.0,14:05:44
19200.0,400,-750.0,0.0,BU,19587400.0,44997700.0,False,0.0,14:05:44
19200.0,800,-750.0,0.0,BU,19587000.0,44997700.0,False,0.0,14:05:44
19200.0,500,-750.0,0.0,BU,19586200.0,44997700.0,False,0.0,14:05:44
19200.0,200,-750.0,0.0,BU,19585700.0,44997700.0,False,0.0,14:05:44
19200.0,300,-750.0,0.0,BU,19585500.0,44997700.0,False,0.0,14:05:44
19200.0,100,-750.0,0.0,BU,19585200.0,44997700.0,False,0.0,14:05:44
19200.0,200,-750.0,0.0,BU,19585100.0,44997700.0,False,0.0,14:05:44
19200.0,4200,-750.0,0.0,BU,19584900.0,44997700.0,False,0.0,14:05:44
19200.0,500,-750.0,0.0,BU,19580700.0,44997700.0,False,0.0,14:05:44
19200.0,200,-750.0,0.0,BU,19580200.0,44997700.0,False,0.0,14:05:44
19200.0,500,-750.0,0.0,BU,19580000.0,44997700.0,False,0.0,14:05:44
19200.0,900,-750.0,0.0,BU,19579500.0,44997700.0,False,0.0,14:05:44
19200.0,100,-750.0,0.0,BU,19578600.0,44997700.0,False,0.0,14:05:44
19200.0,400,-750.0,0.0,BU,19578500.0,44997700.0,False,0.0,14:05:44
19200.0,100,-750.0,0.0,BU,19578100.0,44997700.0,False,0.0,14:05:42
19200.0,1200,-750.0,0.0,BU,19578000.0,44997700.0,False,0.0,14:05:40
19200.0,300,-750.0,0.0,BU,19576800.0,44997700.0,False,0.0,14:05:40
19200.0,800,-750.0,0.0,BU,19576500.0,44997700.0,False,0.0,14:05:40
19200.0,700,-750.0,0.0,BU,19575700.0,44997700.0,False,0.0,14:05:40
19200.0,1000,-750.0,0.0,BU,19575000.0,44997700.0,False,0.0,14:05:39
19200.0,1700,-750.0,0.0,BU,19574000.0,44997700.0,False,0.0,14:05:39
19200.0,100,-750.0,0.0,BU,19572300.0,44997700.0,False,0.0,14:05:39
19200.0,2200,-750.0,0.0,BU,19572200.0,44997700.0,False,0.0,14:05:39
19200.0,100,-750.0,0.0,BU,19570000.0,44997700.0,False,0.0,14:05:36
19200.0,300,-750.0,0.0,BU,19569900.0,44997700.0,False,0.0,14:05:35
19200.0,1000,-750.0,0.0,BU,19569600.0,44997700.0,False,0.0,14:05:34
19200.0,800,-750.0,0.0,BU,19568600.0,44997700.0,False,0.0,14:05:33
19200.0,200,-750.0,0.0,BU,19567800.0,44997700.0,False,0.0,14:05:31
19200.0,5400,-750.0,0.0,BU,19567600.0,44997700.0,False,0.0,14:05:31
19200.0,3800,-750.0,0.0,BU,19562200.0,44997700.0,False,0.0,14:05:31
19200.0,800,-750.0,0.0,BU,19558400.0,44997700.0,False,0.0,14:05:31
19200.0,1000,-750.0,0.0,BU,19557600.0,44997700.0,False,0.0,14:05:31
19200.0,200,-750.0,0.0,BU,19556600.0,44997700.0,False,0.0,14:05:29
19200.0,100,-750.0,0.0,BU,19556400.0,44997700.0,False,0.0,14:05:29
19200.0,200,-750.0,0.0,BU,19556300.0,44997700.0,False,0.0,14:05:29
19200.0,300,-750.0,0.0,BU,19556100.0,44997700.0,False,0.0,14:05:29
19200.0,9200,-750.0,0.0,BU,19555800.0,44997700.0,False,0.0,14:05:29
19200.0,100,-750.0,0.0,BU,19546600.0,44997700.0,False,0.0,14:05:29
19200.0,100,-750.0,0.0,BU,19546500.0,44997700.0,False,0.0,14:05:29
19200.0,2000,-750.0,0.0,BU,19546400.0,44997700.0,False,0.0,14:05:27
19200.0,2000,-750.0,0.0,BU,19544400.0,44997700.0,False,0.0,14:05:27
19200.0,100,-750.0,0.0,BU,19542400.0,44997700.0,False,50.0,14:05:26
19150.0,1800,-800.0,0.0,SD,19542300.0,44997700.0,False,-50.0,14:05:26
19200.0,6500,-750.0,0.0,BU,19542300.0,44995900.0,False,0.0,14:05:24
19200.0,2000,-750.0,0.0,BU,19535800.0,44995900.0,False,0.0,14:05:24
19200.0,500,-750.0,0.0,BU,19533800.0,44995900.0,False,0.0,14:05:24
19200.0,800,-750.0,0.0,BU,19533300.0,44995900.0,False,0.0,14:05:24
19200.0,200,-750.0,0.0,BU,19532500.0,44995900.0,False,0.0,14:05:24
19200.0,100,-750.0,0.0,BU,19532300.0,44995900.0,False,0.0,14:05:24
19200.0,700,-750.0,0.0,BU,19532200.0,44995900.0,False,50.0,14:05:24
19150.0,200,-800.0,0.0,SD,19531500.0,44995900.0,False,-50.0,14:05:21
19200.0,800,-750.0,0.0,BU,19531500.0,44995700.0,False,0.0,14:05:20
19200.0,2000,-750.0,0.0,BU,19530700.0,44995700.0,False,0.0,14:05:20
19200.0,500,-750.0,0.0,BU,19528700.0,44995700.0,False,0.0,14:05:20
19200.0,1700,-750.0,0.0,BU,19528200.0,44995700.0,False,0.0,14:05:20
19200.0,300,-750.0,0.0,BU,19526500.0,44995700.0,False,50.0,14:05:17
19150.0,5000,-800.0,0.0,SD,19526200.0,44995700.0,False,-50.0,14:05:16
19200.0,3000,-750.0,0.0,BU,19526200.0,44990700.0,False,0.0,14:05:14
19200.0,300,-750.0,0.0,BU,19523200.0,44990700.0,False,0.0,14:05:11
19200.0,1000,-750.0,0.0,BU,19522900.0,44990700.0,False,0.0,14:05:11
19200.0,200,-750.0,0.0,BU,19521900.0,44990700.0,False,0.0,14:05:11
19200.0,500,-750.0,0.0,BU,19521700.0,44990700.0,False,0.0,14:05:11
19200.0,500,-750.0,0.0,BU,19521200.0,44990700.0,False,0.0,14:05:11
19200.0,500,-750.0,0.0,BU,19520700.0,44990700.0,False,0.0,14:05:11
19200.0,1000,-750.0,0.0,BU,19520200.0,44990700.0,False,0.0,14:05:11
19200.0,200,-750.0,0.0,BU,19519200.0,44990700.0,False,0.0,14:05:11
19200.0,1000,-750.0,0.0,BU,19519000.0,44990700.0,False,0.0,14:05:11
19200.0,10000,-750.0,0.0,BU,19518000.0,44990700.0,False,0.0,14:05:11
19200.0,2000,-750.0,0.0,BU,19508000.0,44990700.0,False,0.0,14:05:11
19200.0,5000,-750.0,0.0,BU,19506000.0,44990700.0,False,0.0,14:05:11
19200.0,3000,-750.0,0.0,BU,19501000.0,44990700.0,False,0.0,14:05:11
19200.0,3000,-750.0,0.0,BU,19498000.0,44990700.0,False,0.0,14:05:11
19200.0,300,-750.0,0.0,BU,19495000.0,44990700.0,False,0.0,14:05:11
19200.0,200,-750.0,0.0,BU,19494700.0,44990700.0,False,0.0,14:05:11
19200.0,1000,-750.0,0.0,BU,19494500.0,44990700.0,False,0.0,14:05:11
19200.0,300,-750.0,0.0,BU,19493500.0,44990700.0,False,0.0,14:05:11
19200.0,200,-750.0,0.0,BU,19493200.0,44990700.0,False,50.0,14:05:09
19150.0,100,-800.0,0.0,SD,19493000.0,44990700.0,False,0.0,14:05:09
19150.0,1800,-800.0,0.0,SD,19493000.0,44990600.0,False,0.0,14:05:08
19150.0,100,-800.0,0.0,SD,19493000.0,44988800.0,False,0.0,14:05:08
19150.0,100,-800.0,0.0,SD,19493000.0,44988700.0,False,0.0,14:05:08
19150.0,5000,-800.0,0.0,SD,19493000.0,44988600.0,False,0.0,14:05:06
19150.0,4700,-800.0,0.0,SD,19493000.0,44983600.0,False,0.0,14:05:01
19150.0,300,-800.0,0.0,SD,19493000.0,44978900.0,False,0.0,14:05:01
19150.0,200,-800.0,0.0,SD,19493000.0,44978600.0,False,0.0,14:05:01
19150.0,500,-800.0,0.0,SD,19493000.0,44978400.0,False,0.0,14:05:01
19150.0,400,-800.0,0.0,SD,19493000.0,44977900.0,False,0.0,14:04:58
19150.0,100,-800.0,0.0,SD,19493000.0,44977500.0,False,50.0,14:04:55
19100.0,1300,-850.0,0.0,SD,19493000.0,44977400.0,False,0.0,14:04:54
19100.0,500,-850.0,0.0,SD,19493000.0,44976100.0,False,0.0,14:04:54
19100.0,500,-850.0,0.0,SD,19493000.0,44975600.0,False,0.0,14:04:54
19100.0,200,-850.0,0.0,SD,19493000.0,44975100.0,False,0.0,14:04:54
19100.0,100,-850.0,0.0,SD,19493000.0,44974900.0,False,0.0,14:04:54
19100.0,500,-850.0,0.0,SD,19493000.0,44974800.0,False,0.0,14:04:54
19100.0,100,-850.0,0.0,SD,19493000.0,44974300.0,False,0.0,14:04:54
19100.0,3200,-850.0,0.0,SD,19493000.0,44974200.0,False,0.0,14:04:54
19100.0,400,-850.0,0.0,SD,19493000.0,44971000.0,False,0.0,14:04:54
19100.0,200,-850.0,0.0,SD,19493000.0,44970600.0,False,0.0,14:04:54
19100.0,500,-850.0,0.0,SD,19493000.0,44970400.0,False,0.0,14:04:54
19100.0,3000,-850.0,0.0,SD,19493000.0,44969900.0,False,0.0,14:04:54
19100.0,100,-850.0,0.0,SD,19493000.0,44966900.0,False,0.0,14:04:54
19100.0,50000,-850.0,0.0,SD,19493000.0,44966800.0,True,0.0,14:04:54
19100.0,200,-850.0,0.0,SD,19493000.0,44916800.0,False,0.0,14:04:54
19100.0,3000,-850.0,0.0,SD,19493000.0,44916600.0,False,0.0,14:04:54
19100.0,500,-850.0,0.0,SD,19493000.0,44913600.0,False,0.0,14:04:54
19100.0,300,-850.0,0.0,SD,19493000.0,44913100.0,False,0.0,14:04:54
19100.0,100,-850.0,0.0,SD,19493000.0,44912800.0,False,0.0,14:04:54
19100.0,1000,-850.0,0.0,SD,19493000.0,44912700.0,False,0.0,14:04:54
19100.0,5000,-850.0,0.0,SD,19493000.0,44911700.0,False,0.0,14:04:54
19100.0,5000,-850.0,0.0,SD,19493000.0,44906700.0,False,0.0,14:04:54
19100.0,1000,-850.0,0.0,SD,19493000.0,44901700.0,False,0.0,14:04:54
19100.0,2000,-850.0,0.0,SD,19493000.0,44900700.0,False,0.0,14:04:54
19100.0,700,-850.0,0.0,SD,19493000.0,44898700.0,False,-50.0,14:04:54
19150.0,40600,-800.0,0.0,SD,19493000.0,44898000.0,True,0.0,14:04:54
19150.0,1000,-800.0,0.0,BU,19493000.0,44857400.0,False,0.0,14:04:54
19150.0,1400,-800.0,0.0,BU,19492000.0,44857400.0,False,0.0,14:04:54
19150.0,200,-800.0,0.0,BU,19490600.0,44857400.0,False,0.0,14:04:54
19150.0,100,-800.0,0.0,BU,19490400.0,44857400.0,False,0.0,14:04:54
19150.0,1100,-800.0,0.0,BU,19490300.0,44857400.0,False,0.0,14:04:53
19150.0,4000,-800.0,0.0,BU,19489200.0,44857400.0,False,0.0,14:04:53
19150.0,500,-800.0,0.0,BU,19485200.0,44857400.0,False,0.0,14:04:53
19150.0,1000,-800.0,0.0,BU,19484700.0,44857400.0,False,0.0,14:04:53
19150.0,100,-800.0,0.0,BU,19483700.0,44857400.0,False,0.0,14:04:53
19150.0,2000,-800.0,0.0,BU,19483600.0,44857400.0,False,0.0,14:04:53
19150.0,1700,-800.0,0.0,BU,19481600.0,44857400.0,False,0.0,14:04:52
19150.0,100,-800.0,0.0,BU,19479900.0,44857400.0,False,0.0,14:04:52
19150.0,2000,-800.0,0.0,BU,19479800.0,44857400.0,False,0.0,14:04:51
19150.0,100,-800.0,0.0,BU,19477800.0,44857400.0,False,0.0,14:04:51
19150.0,500,-800.0,0.0,BU,19477700.0,44857400.0,False,0.0,14:04:51
19150.0,100,-800.0,0.0,BU,19477200.0,44857400.0,False,0.0,14:04:51
19150.0,200,-800.0,0.0,BU,19477100.0,44857400.0,False,0.0,14:04:51
19150.0,500,-800.0,0.0,BU,19476900.0,44857400.0,False,0.0,14:04:51
19150.0,500,-800.0,0.0,BU,19476400.0,44857400.0,False,0.0,14:04:51
19150.0,3100,-800.0,0.0,BU,19475900.0,44857400.0,False,0.0,14:04:51
19150.0,600,-800.0,0.0,BU,19472800.0,44857400.0,False,0.0,14:04:51
19150.0,1000,-800.0,0.0,BU,19472200.0,44857400.0,False,0.0,14:04:51
19150.0,1100,-800.0,0.0,BU,19471200.0,44857400.0,False,0.0,14:04:51
19150.0,500,-800.0,0.0,BU,19470100.0,44857400.0,False,0.0,14:04:51
19150.0,2000,-800.0,0.0,BU,19469600.0,44857400.0,False,0.0,14:04:51
19150.0,500,-800.0,0.0,BU,19467600.0,44857400.0,False,0.0,14:04:50
19150.0,19200,-800.0,0.0,BU,19467100.0,44857400.0,True,0.0,14:04:49
19150.0,800,-800.0,0.0,BU,19447900.0,44857400.0,False,0.0,14:04:49
19150.0,2200,-800.0,0.0,BU,19447100.0,44857400.0,False,0.0,14:04:49
19150.0,800,-800.0,0.0,BU,19444900.0,44857400.0,False,0.0,14:04:48
19150.0,4100,-800.0,0.0,BU,19444100.0,44857400.0,False,0.0,14:04:48
19150.0,500,-800.0,0.0,BU,19440000.0,44857400.0,False,0.0,14:04:45
19150.0,500,-800.0,0.0,BU,19439500.0,44857400.0,False,0.0,14:04:44
19150.0,10000,-800.0,0.0,BU,19439000.0,44857400.0,False,0.0,14:04:44
19150.0,400,-800.0,0.0,BU,19429000.0,44857400.0,False,0.0,14:04:44
19150.0,5300,-800.0,0.0,BU,19428600.0,44857400.0,False,0.0,14:04:43
19150.0,100,-800.0,0.0,BU,19423300.0,44857400.0,False,0.0,14:04:41
19150.0,900,-800.0,0.0,BU,19423200.0,44857400.0,False,0.0,14:04:40
19150.0,100,-800.0,0.0,BU,19422300.0,44857400.0,False,0.0,14:04:39
19150.0,5100,-800.0,0.0,BU,19422200.0,44857400.0,False,0.0,14:04:37
19150.0,4000,-800.0,0.0,BU,19417100.0,44857400.0,False,0.0,14:04:37
19150.0,10000,-800.0,0.0,BU,19413100.0,44857400.0,False,0.0,14:04:36
19150.0,1900,-800.0,0.0,BU,19403100.0,44857400.0,False,0.0,14:04:34
19150.0,100,-800.0,0.0,BU,19401200.0,44857400.0,False,0.0,14:04:31
19150.0,500,-800.0,0.0,BU,19401100.0,44857400.0,False,0.0,14:04:29
19150.0,300,-800.0,0.0,BU,19400600.0,44857400.0,False,0.0,14:04:27
19150.0,2400,-800.0,0.0,BU,19400300.0,44857400.0,False,0.0,14:04:25
19150.0,100,-800.0,0.0,BU,19397900.0,44857400.0,False,0.0,14:04:25
19150.0,600,-800.0,0.0,BU,19397800.0,44857400.0,False,0.0,14:04:24
19150.0,200,-800.0,0.0,BU,19397200.0,44857400.0,False,0.0,14:04:24
19150.0,100,-800.0,0.0,BU,19397000.0,44857400.0,False,0.0,14:04:24
19150.0,700,-800.0,0.0,BU,19396900.0,44857400.0,False,0.0,14:04:24
19150.0,4300,-800.0,0.0,BU,19396200.0,44857400.0,False,0.0,14:04:24
19150.0,100,-800.0,0.0,BU,19391900.0,44857400.0,False,0.0,14:04:22
19150.0,1400,-800.0,0.0,BU,19391800.0,44857400.0,False,0.0,14:04:20
19150.0,8300,-800.0,0.0,BU,19390400.0,44857400.0,False,0.0,14:04:20
19150.0,500,-800.0,0.0,BU,19382100.0,44857400.0,False,0.0,14:04:20
19150.0,1200,-800.0,0.0,BU,19381600.0,44857400.0,False,0.0,14:04:20
19150.0,200,-800.0,0.0,BU,19380400.0,44857400.0,False,0.0,14:04:20
19150.0,1100,-800.0,0.0,BU,19380200.0,44857400.0,False,0.0,14:04:19
19150.0,1900,-800.0,0.0,BU,19379100.0,44857400.0,False,0.0,14:04:19
19150.0,500,-800.0,0.0,BU,19377200.0,44857400.0,False,0.0,14:04:19
19150.0,700,-800.0,0.0,BU,19376700.0,44857400.0,False,50.0,14:04:18
19100.0,200,-850.0,0.0,SD,19376000.0,44857400.0,False,0.0,14:04:18
19100.0,200,-850.0,0.0,SD,19376000.0,44857200.0,False,0.0,14:04:18
19100.0,1600,-850.0,0.0,SD,19376000.0,44857000.0,False,-50.0,14:04:18
19150.0,8600,-800.0,0.0,BU,19376000.0,44855400.0,False,0.0,14:04:17
19150.0,200,-800.0,0.0,BU,19367400.0,44855400.0,False,0.0,14:04:17
19150.0,1500,-800.0,0.0,BU,19367200.0,44855400.0,False,0.0,14:04:17
19150.0,800,-800.0,0.0,BU,19365700.0,44855400.0,False,0.0,14:04:17
19150.0,200,-800.0,0.0,BU,19364900.0,44855400.0,False,0.0,14:04:17
19150.0,100,-800.0,0.0,BU,19364700.0,44855400.0,False,0.0,14:04:17
19150.0,500,-800.0,0.0,BU,19364600.0,44855400.0,False,0.0,14:04:17
19150.0,400,-800.0,0.0,BU,19364100.0,44855400.0,False,50.0,14:04:17
19100.0,100,-850.0,0.0,SD,19363700.0,44855400.0,False,-50.0,14:04:16
19150.0,100,-800.0,0.0,BU,19363700.0,44855300.0,False,50.0,14:04:14
19100.0,300,-850.0,0.0,SD,19363600.0,44855300.0,False,-50.0,14:04:14
19150.0,100,-800.0,0.0,BU,19363600.0,44855000.0,False,0.0,14:04:14
19150.0,100,-800.0,0.0,BU,19363500.0,44855000.0,False,0.0,14:04:14
19150.0,100,-800.0,0.0,BU,19363400.0,44855000.0,False,0.0,14:04:14
19150.0,200,-800.0,0.0,BU,19363300.0,44855000.0,False,0.0,14:04:14
19150.0,4000,-800.0,0.0,BU,19363100.0,44855000.0,False,0.0,14:04:14
19150.0,3700,-800.0,0.0,BU,19359100.0,44855000.0,False,0.0,14:04:11
19150.0,1000,-800.0,0.0,BU,19355400.0,44855000.0,False,0.0,14:04:11
19150.0,300,-800.0,0.0,BU,19354400.0,44855000.0,False,0.0,14:04:11
19150.0,1500,-800.0,0.0,BU,19354100.0,44855000.0,False,0.0,14:04:10
19150.0,200,-800.0,0.0,BU,19352600.0,44855000.0,False,0.0,14:04:07
19150.0,800,-800.0,0.0,BU,19352400.0,44855000.0,False,0.0,14:04:07
19150.0,200,-800.0,0.0,BU,19351600.0,44855000.0,False,0.0,14:04:06
19150.0,500,-800.0,0.0,BU,19351400.0,44855000.0,False,0.0,14:04:04
19150.0,3600,-800.0,0.0,BU,19350900.0,44855000.0,False,50.0,14:04:01
19100.0,100,-850.0,0.0,BU,19347300.0,44855000.0,False,0.0,14:04:01
19100.0,400,-850.0,0.0,BU,19347200.0,44855000.0,False,0.0,14:04:01
19100.0,1000,-850.0,0.0,BU,19346800.0,44855000.0,False,0.0,14:04:01
19100.0,2000,-850.0,0.0,BU,19345800.0,44855000.0,False,0.0,14:04:00
19100.0,200,-850.0,0.0,BU,19343800.0,44855000.0,False,0.0,14:03:59
19100.0,2000,-850.0,0.0,BU,19343600.0,44855000.0,False,0.0,14:03:59
19100.0,1000,-850.0,0.0,BU,19341600.0,44855000.0,False,0.0,14:03:58
19100.0,3700,-850.0,0.0,BU,19340600.0,44855000.0,False,0.0,14:03:58
19100.0,10000,-850.0,0.0,BU,19336900.0,44855000.0,False,0.0,14:03:57
19100.0,200,-850.0,0.0,BU,19326900.0,44855000.0,False,0.0,14:03:57
19100.0,100,-850.0,0.0,BU,19326700.0,44855000.0,False,0.0,14:03:56
19100.0,300,-850.0,0.0,BU,19326600.0,44855000.0,False,0.0,14:03:56
19100.0,500,-850.0,0.0,BU,19326300.0,44855000.0,False,0.0,14:03:56
19100.0,200,-850.0,0.0,BU,19325800.0,44855000.0,False,0.0,14:03:56
19100.0,1000,-850.0,0.0,BU,19325600.0,44855000.0,False,0.0,14:03:56
19100.0,200,-850.0,0.0,BU,19324600.0,44855000.0,False,0.0,14:03:56
19100.0,6600,-850.0,0.0,BU,19324400.0,44855000.0,False,0.0,14:03:56
19100.0,500,-850.0,0.0,BU,19317800.0,44855000.0,False,0.0,14:03:56
19100.0,3900,-850.0,0.0,BU,19317300.0,44855000.0,False,0.0,14:03:56
19100.0,200,-850.0,0.0,BU,19313400.0,44855000.0,False,0.0,14:03:56
19100.0,800,-850.0,0.0,BU,19313200.0,44855000.0,False,0.0,14:03:56
19100.0,500,-850.0,0.0,BU,19312400.0,44855000.0,False,0.0,14:03:56
19100.0,200,-850.0,0.0,BU,19311900.0,44855000.0,False,0.0,14:03:56
19100.0,3000,-850.0,0.0,BU,19311700.0,44855000.0,False,0.0,14:03:56
19100.0,1000,-850.0,0.0,BU,19308700.0,44855000.0,False,0.0,14:03:56
19100.0,100,-850.0,0.0,BU,19307700.0,44855000.0,False,0.0,14:03:56
19100.0,5000,-850.0,0.0,BU,19307600.0,44855000.0,False,0.0,14:03:56
19100.0,1100,-850.0,0.0,BU,19302600.0,44855000.0,False,0.0,14:03:56
19100.0,400,-850.0,0.0,BU,19301500.0,44855000.0,False,0.0,14:03:56
19100.0,2600,-850.0,0.0,BU,19301100.0,44855000.0,False,0.0,14:03:56
19100.0,100,-850.0,0.0,BU,19298500.0,44855000.0,False,0.0,14:03:56
19100.0,6800,-850.0,0.0,BU,19298400.0,44855000.0,False,0.0,14:03:56
19100.0,10000,-850.0,0.0,BU,19291600.0,44855000.0,False,0.0,14:03:56
19100.0,500,-850.0,0.0,BU,19281600.0,44855000.0,False,0.0,14:03:56
19100.0,1500,-850.0,0.0,BU,19281100.0,44855000.0,False,0.0,14:03:56
19100.0,300,-850.0,0.0,BU,19279600.0,44855000.0,False,0.0,14:03:56
19100.0,1000,-850.0,0.0,BU,19279300.0,44855000.0,False,0.0,14:03:56
19100.0,300,-850.0,0.0,BU,19278300.0,44855000.0,False,0.0,14:03:56
19100.0,1000,-850.0,0.0,BU,19278000.0,44855000.0,False,0.0,14:03:56
19100.0,16000,-850.0,0.0,BU,19277000.0,44855000.0,True,0.0,14:03:56
19100.0,200,-850.0,0.0,BU,19261000.0,44855000.0,False,0.0,14:03:56
19100.0,2000,-850.0,0.0,BU,19260800.0,44855000.0,False,0.0,14:03:56
19100.0,100,-850.0,0.0,BU,19258800.0,44855000.0,False,0.0,14:03:56
19100.0,3000,-850.0,0.0,SD,19258700.0,44855000.0,False,0.0,14:03:56
19100.0,300,-850.0,0.0,SD,19258700.0,44852000.0,False,0.0,14:03:56
19100.0,500,-850.0,0.0,SD,19258700.0,44851700.0,False,0.0,14:03:56
19100.0,100,-850.0,0.0,SD,19258700.0,44851200.0,False,0.0,14:03:56
19100.0,1000,-850.0,0.0,SD,19258700.0,44851100.0,False,0.0,14:03:56
19100.0,200,-850.0,0.0,SD,19258700.0,44850100.0,False,0.0,14:03:56
19100.0,2000,-850.0,0.0,SD,19258700.0,44849900.0,False,0.0,14:03:56
19100.0,2000,-850.0,0.0,SD,19258700.0,44847900.0,False,0.0,14:03:56
19100.0,12000,-850.0,0.0,SD,19258700.0,44845900.0,True,0.0,14:03:56
19100.0,700,-850.0,0.0,SD,19258700.0,44833900.0,False,-50.0,14:03:56
19150.0,4900,-800.0,0.0,BU,19258700.0,44833200.0,False,0.0,14:03:56
19150.0,1000,-800.0,0.0,BU,19253800.0,44833200.0,False,0.0,14:03:56
19150.0,1500,-800.0,0.0,BU,19252800.0,44833200.0,False,0.0,14:03:56
19150.0,2500,-800.0,0.0,BU,19251300.0,44833200.0,False,0.0,14:03:56
19150.0,100,-800.0,0.0,BU,19248800.0,44833200.0,False,0.0,14:03:56
19150.0,100,-800.0,0.0,BU,19248700.0,44833200.0,False,0.0,14:03:55
19150.0,500,-800.0,0.0,BU,19248600.0,44833200.0,False,0.0,14:03:55
19150.0,5300,-800.0,0.0,BU,19248100.0,44833200.0,False,0.0,14:03:54
19150.0,2000,-800.0,0.0,BU,19242800.0,44833200.0,False,0.0,14:03:54
19150.0,100,-800.0,0.0,BU,19240800.0,44833200.0,False,0.0,14:03:54
19150.0,100,-800.0,0.0,BU,19240700.0,44833200.0,False,0.0,14:03:54
19150.0,100,-800.0,0.0,BU,19240600.0,44833200.0,False,0.0,14:03:54
19150.0,200,-800.0,0.0,BU,19240500.0,44833200.0,False,0.0,14:03:54
19150.0,100,-800.0,0.0,BU,19240300.0,44833200.0,False,0.0,14:03:54
19150.0,2100,-800.0,0.0,BU,19240200.0,44833200.0,False,0.0,14:03:54
19150.0,7900,-800.0,0.0,BU,19238100.0,44833200.0,False,0.0,14:03:54
19150.0,900,-800.0,0.0,BU,19230200.0,44833200.0,False,0.0,14:03:54
19150.0,300,-800.0,0.0,BU,19229300.0,44833200.0,False,0.0,14:03:54
19150.0,700,-800.0,0.0,BU,19229000.0,44833200.0,False,0.0,14:03:54
19150.0,1500,-800.0,0.0,BU,19228300.0,44833200.0,False,0.0,14:03:53
19150.0,1000,-800.0,0.0,BU,19226800.0,44833200.0,False,0.0,14:03:53
19150.0,1800,-800.0,0.0,BU,19225800.0,44833200.0,False,0.0,14:03:53
19150.0,200,-800.0,0.0,BU,19224000.0,44833200.0,False,0.0,14:03:52
19150.0,100,-800.0,0.0,BU,19223800.0,44833200.0,False,0.0,14:03:52
19150.0,200,-800.0,0.0,BU,19223700.0,44833200.0,False,0.0,14:03:52
19150.0,100,-800.0,0.0,BU,19223500.0,44833200.0,False,0.0,14:03:52
19150.0,100,-800.0,0.0,BU,19223400.0,44833200.0,False,0.0,14:03:52
19150.0,400,-800.0,0.0,BU,19223300.0,44833200.0,False,0.0,14:03:51
19150.0,400,-800.0,0.0,BU,19222900.0,44833200.0,False,0.0,14:03:51
19150.0,2000,-800.0,0.0,BU,19222500.0,44833200.0,False,0.0,14:03:51
19150.0,100,-800.0,0.0,BU,19220500.0,44833200.0,False,0.0,14:03:51
19150.0,100,-800.0,0.0,BU,19220400.0,44833200.0,False,0.0,14:03:51
19150.0,1000,-800.0,0.0,BU,19220300.0,44833200.0,False,0.0,14:03:51
19150.0,100,-800.0,0.0,BU,19219300.0,44833200.0,False,0.0,14:03:51
19150.0,100,-800.0,0.0,BU,19219200.0,44833200.0,False,0.0,14:03:51
19150.0,3000,-800.0,0.0,BU,19219100.0,44833200.0,False,0.0,14:03:51
19150.0,2000,-800.0,0.0,BU,19216100.0,44833200.0,False,0.0,14:03:51
19150.0,500,-800.0,0.0,BU,19214100.0,44833200.0,False,0.0,14:03:51
19150.0,200,-800.0,0.0,BU,19213600.0,44833200.0,False,0.0,14:03:50
19150.0,1700,-800.0,0.0,BU,19213400.0,44833200.0,False,0.0,14:03:49
19150.0,300,-800.0,0.0,BU,19211700.0,44833200.0,False,0.0,14:03:49
19150.0,100,-800.0,0.0,BU,19211400.0,44833200.0,False,0.0,14:03:49
19150.0,200,-800.0,0.0,BU,19211300.0,44833200.0,False,50.0,14:03:49
19100.0,1000,-850.0,0.0,SD,19211100.0,44833200.0,False,-50.0,14:03:49
19150.0,300,-800.0,0.0,BU,19211100.0,44832200.0,False,0.0,14:03:48
19150.0,600,-800.0,0.0,BU,19210800.0,44832200.0,False,0.0,14:03:48
19150.0,400,-800.0,0.0,BU,19210200.0,44832200.0,False,0.0,14:03:45
19150.0,300,-800.0,0.0,BU,19209800.0,44832200.0,False,0.0,14:03:45
19150.0,100,-800.0,0.0,BU,19209500.0,44832200.0,False,0.0,14:03:45
19150.0,200,-800.0,0.0,BU,19209400.0,44832200.0,False,0.0,14:03:45
19150.0,100,-800.0,0.0,BU,19209200.0,44832200.0,False,0.0,14:03:44
19150.0,100,-800.0,0.0,BU,19209100.0,44832200.0,False,0.0,14:03:41
19150.0,400,-800.0,0.0,BU,19209000.0,44832200.0,False,0.0,14:03:41
19150.0,500,-800.0,0.0,BU,19208600.0,44832200.0,False,0.0,14:03:41
19150.0,500,-800.0,0.0,BU,19208100.0,44832200.0,False,0.0,14:03:41
19150.0,4000,-800.0,0.0,BU,19207600.0,44832200.0,False,0.0,14:03:40
19150.0,1000,-800.0,0.0,BU,19203600.0,44832200.0,False,50.0,14:03:40
19100.0,1500,-850.0,0.0,SD,19202600.0,44832200.0,False,0.0,14:03:36
19100.0,100,-850.0,0.0,SD,19202600.0,44830700.0,False,0.0,14:03:36
19100.0,400,-850.0,0.0,SD,19202600.0,44830600.0,False,0.0,14:03:36
19100.0,600,-850.0,0.0,SD,19202600.0,44830200.0,False,0.0,14:03:28
19100.0,700,-850.0,0.0,SD,19202600.0,44829600.0,False,0.0,14:03:28
19100.0,300,-850.0,0.0,SD,19202600.0,44828900.0,False,0.0,14:03:28
19100.0,100,-850.0,0.0,SD,19202600.0,44828600.0,False,0.0,14:03:28
19100.0,200,-850.0,0.0,SD,19202600.0,44828500.0,False,0.0,14:03:28
19100.0,100,-850.0,0.0,SD,19202600.0,44828300.0,False,0.0,14:03:28
19100.0,100,-850.0,0.0,SD,19202600.0,44828200.0,False,0.0,14:03:26
19100.0,1600,-850.0,0.0,BU,19202600.0,44828100.0,False,0.0,14:03:24
19100.0,1000,-850.0,0.0,BU,19201000.0,44828100.0,False,0.0,14:03:24
19100.0,400,-850.0,0.0,BU,19200000.0,44828100.0,False,0.0,14:03:24
19100.0,600,-850.0,0.0,BU,19199600.0,44828100.0,False,0.0,14:03:24
19100.0,200,-850.0,0.0,BU,19199000.0,44828100.0,False,0.0,14:03:23
19100.0,300,-850.0,0.0,BU,19198800.0,44828100.0,False,0.0,14:03:22
19100.0,500,-850.0,0.0,BU,19198500.0,44828100.0,False,0.0,14:03:21
19100.0,200,-850.0,0.0,BU,19198000.0,44828100.0,False,0.0,14:03:21
19100.0,1300,-850.0,0.0,BU,19197800.0,44828100.0,False,0.0,14:03:21
19100.0,100,-850.0,0.0,BU,19196500.0,44828100.0,False,0.0,14:03:21
19100.0,300,-850.0,0.0,BU,19196400.0,44828100.0,False,0.0,14:03:21
19100.0,3300,-850.0,0.0,BU,19196100.0,44828100.0,False,0.0,14:03:21
19100.0,400,-850.0,0.0,BU,19192800.0,44828100.0,False,0.0,14:03:21
19100.0,500,-850.0,0.0,BU,19192400.0,44828100.0,False,0.0,14:03:20
19100.0,300,-850.0,0.0,BU,19191900.0,44828100.0,False,0.0,14:03:20
19100.0,1500,-850.0,0.0,BU,19191600.0,44828100.0,False,0.0,14:03:18
19100.0,500,-850.0,0.0,BU,19190100.0,44828100.0,False,0.0,14:03:18
19100.0,500,-850.0,0.0,BU,19189600.0,44828100.0,False,0.0,14:03:18
19100.0,200,-850.0,0.0,BU,19189100.0,44828100.0,False,0.0,14:03:18
19100.0,100,-850.0,0.0,BU,19188900.0,44828100.0,False,0.0,14:03:18
19100.0,1200,-850.0,0.0,BU,19188800.0,44828100.0,False,0.0,14:03:18
19100.0,100,-850.0,0.0,BU,19187600.0,44828100.0,False,0.0,14:03:18
19100.0,1000,-850.0,0.0,BU,19187500.0,44828100.0,False,0.0,14:03:18
19100.0,100,-850.0,0.0,BU,19186500.0,44828100.0,False,0.0,14:03:18
19100.0,100,-850.0,0.0,BU,19186400.0,44828100.0,False,0.0,14:03:18
19100.0,1000,-850.0,0.0,BU,19186300.0,44828100.0,False,0.0,14:03:18
19100.0,200,-850.0,0.0,BU,19185300.0,44828100.0,False,0.0,14:03:18
19100.0,100,-850.0,0.0,BU,19185100.0,44828100.0,False,0.0,14:03:18
19100.0,100,-850.0,0.0,BU,19185000.0,44828100.0,False,0.0,14:03:18
19100.0,100,-850.0,0.0,BU,19184900.0,44828100.0,False,0.0,14:03:18
19100.0,100,-850.0,0.0,BU,19184800.0,44828100.0,False,0.0,14:03:18
19100.0,1000,-850.0,0.0,BU,19184700.0,44828100.0,False,0.0,14:03:18
19100.0,100,-850.0,0.0,BU,19183700.0,44828100.0,False,0.0,14:03:18
19100.0,6000,-850.0,0.0,BU,19183600.0,44828100.0,False,0.0,14:03:18
19100.0,200,-850.0,0.0,BU,19177600.0,44828100.0,False,0.0,14:03:17
19100.0,200,-850.0,0.0,BU,19177400.0,44828100.0,False,0.0,14:03:17
19100.0,500,-850.0,0.0,BU,19177200.0,44828100.0,False,0.0,14:03:17
19100.0,1000,-850.0,0.0,BU,19176700.0,44828100.0,False,0.0,14:03:17
19100.0,500,-850.0,0.0,BU,19175700.0,44828100.0,False,0.0,14:03:16
19100.0,1600,-850.0,0.0,BU,19175200.0,44828100.0,False,0.0,14:03:16
19100.0,1000,-850.0,0.0,BU,19173600.0,44828100.0,False,0.0,14:03:16
19100.0,1000,-850.0,0.0,BU,19172600.0,44828100.0,False,0.0,14:03:16
19100.0,100,-850.0,0.0,BU,19171600.0,44828100.0,False,0.0,14:03:16
19100.0,300,-850.0,0.0,BU,19171500.0,44828100.0,False,0.0,14:03:16
19100.0,100,-850.0,0.0,BU,19171200.0,44828100.0,False,0.0,14:03:15
19100.0,400,-850.0,0.0,BU,19171100.0,44828100.0,False,0.0,14:03:13
19100.0,600,-850.0,0.0,BU,19170700.0,44828100.0,False,0.0,14:03:13
19100.0,1000,-850.0,0.0,BU,19170100.0,44828100.0,False,0.0,14:03:12
19100.0,100,-850.0,0.0,BU,19169100.0,44828100.0,False,0.0,14:03:11
19100.0,2000,-850.0,0.0,BU,19169000.0,44828100.0,False,0.0,14:03:11
19100.0,200,-850.0,0.0,BU,19167000.0,44828100.0,False,0.0,14:03:11
19100.0,500,-850.0,0.0,BU,19166800.0,44828100.0,False,0.0,14:03:10
19100.0,200,-850.0,0.0,BU,19166300.0,44828100.0,False,0.0,14:03:09
19100.0,100,-850.0,0.0,BU,19166100.0,44828100.0,False,0.0,14:03:09
19100.0,500,-850.0,0.0,BU,19166000.0,44828100.0,False,0.0,14:03:06
19100.0,5000,-850.0,0.0,BU,19165500.0,44828100.0,False,0.0,14:03:05
19100.0,400,-850.0,0.0,BU,19160500.0,44828100.0,False,0.0,14:03:05
19100.0,300,-850.0,0.0,BU,19160100.0,44828100.0,False,0.0,14:03:04
19100.0,4000,-850.0,0.0,BU,19159800.0,44828100.0,False,0.0,14:03:04
19100.0,600,-850.0,0.0,BU,19155800.0,44828100.0,False,0.0,14:03:04
19100.0,1000,-850.0,0.0,BU,19155200.0,44828100.0,False,0.0,14:03:04
19100.0,200,-850.0,0.0,BU,19154200.0,44828100.0,False,0.0,14:03:04
19100.0,500,-850.0,0.0,BU,19154000.0,44828100.0,False,0.0,14:03:04
19100.0,1000,-850.0,0.0,BU,19153500.0,44828100.0,False,0.0,14:03:04
19100.0,100,-850.0,0.0,BU,19152500.0,44828100.0,False,0.0,14:03:04
19100.0,1000,-850.0,0.0,BU,19152400.0,44828100.0,False,0.0,14:03:04
19100.0,1300,-850.0,0.0,BU,19151400.0,44828100.0,False,0.0,14:03:04
19100.0,700,-850.0,0.0,BU,19150100.0,44828100.0,False,0.0,14:03:03
19100.0,100,-850.0,0.0,BU,19149400.0,44828100.0,False,0.0,14:03:03
19100.0,600,-850.0,0.0,BU,19149300.0,44828100.0,False,0.0,14:03:03
19100.0,100,-850.0,0.0,BU,19148700.0,44828100.0,False,0.0,14:03:01
19100.0,100,-850.0,0.0,BU,19148600.0,44828100.0,False,0.0,14:03:01
19100.0,500,-850.0,0.0,BU,19148500.0,44828100.0,False,0.0,14:03:01
19100.0,8700,-850.0,0.0,BU,19148000.0,44828100.0,False,0.0,14:03:01
19100.0,100,-850.0,0.0,BU,19139300.0,44828100.0,False,0.0,14:03:01
19100.0,1100,-850.0,0.0,BU,19139200.0,44828100.0,False,0.0,14:03:01
19100.0,500,-850.0,0.0,BU,19138100.0,44828100.0,False,0.0,14:02:57
19100.0,2400,-850.0,0.0,BU,19137600.0,44828100.0,False,0.0,14:02:57
19100.0,500,-850.0,0.0,BU,19135200.0,44828100.0,False,0.0,14:02:57
19100.0,600,-850.0,0.0,BU,19134700.0,44828100.0,False,0.0,14:02:57
19100.0,100,-850.0,0.0,BU,19134100.0,44828100.0,False,0.0,14:02:57
19100.0,1000,-850.0,0.0,BU,19134000.0,44828100.0,False,0.0,14:02:57
19100.0,100,-850.0,0.0,BU,19133000.0,44828100.0,False,0.0,14:02:57
19100.0,100,-850.0,0.0,BU,19132900.0,44828100.0,False,0.0,14:02:57
19100.0,1500,-850.0,0.0,BU,19132800.0,44828100.0,False,0.0,14:02:57
19100.0,100,-850.0,0.0,BU,19131300.0,44828100.0,False,0.0,14:02:57
19100.0,3000,-850.0,0.0,BU,19131200.0,44828100.0,False,0.0,14:02:57
19100.0,100,-850.0,0.0,BU,19128200.0,44828100.0,False,0.0,14:02:57
19100.0,900,-850.0,0.0,BU,19128100.0,44828100.0,False,0.0,14:02:57
19100.0,2000,-850.0,0.0,BU,19127200.0,44828100.0,False,0.0,14:02:57
19100.0,200,-850.0,0.0,BU,19125200.0,44828100.0,False,0.0,14:02:57
19100.0,300,-850.0,0.0,BU,19125000.0,44828100.0,False,0.0,14:02:57
19100.0,2300,-850.0,0.0,BU,19124700.0,44828100.0,False,0.0,14:02:57
19100.0,700,-850.0,0.0,BU,19122400.0,44828100.0,False,0.0,14:02:56
19100.0,100,-850.0,0.0,BU,19121700.0,44828100.0,False,0.0,14:02:56
19100.0,1000,-850.0,0.0,BU,19121600.0,44828100.0,False,0.0,14:02:56
19100.0,3000,-850.0,0.0,BU,19120600.0,44828100.0,False,0.0,14:02:56
19100.0,500,-850.0,0.0,BU,19117600.0,44828100.0,False,0.0,14:02:56
19100.0,500,-850.0,0.0,BU,19117100.0,44828100.0,False,0.0,14:02:56
19100.0,500,-850.0,0.0,BU,19116600.0,44828100.0,False,0.0,14:02:56
19100.0,100,-850.0,0.0,BU,19116100.0,44828100.0,False,0.0,14:02:56
19100.0,100,-850.0,0.0,BU,19116000.0,44828100.0,False,0.0,14:02:56
19100.0,5000,-850.0,0.0,BU,19115900.0,44828100.0,False,0.0,14:02:56
19100.0,1000,-850.0,0.0,BU,19110900.0,44828100.0,False,0.0,14:02:56
19100.0,1000,-850.0,0.0,BU,19109900.0,44828100.0,False,0.0,14:02:56
19100.0,5000,-850.0,0.0,BU,19108900.0,44828100.0,False,0.0,14:02:56
19100.0,1000,-850.0,0.0,BU,19103900.0,44828100.0,False,0.0,14:02:56
19100.0,400,-850.0,0.0,BU,19102900.0,44828100.0,False,0.0,14:02:56
19100.0,100,-850.0,0.0,BU,19102500.0,44828100.0,False,0.0,14:02:56
19100.0,200,-850.0,0.0,BU,19102400.0,44828100.0,False,0.0,14:02:55
19100.0,100,-850.0,0.0,BU,19102200.0,44828100.0,False,0.0,14:02:55
19100.0,200,-850.0,0.0,BU,19102100.0,44828100.0,False,0.0,14:02:55
19100.0,2400,-850.0,0.0,BU,19101900.0,44828100.0,False,0.0,14:02:53
19100.0,1000,-850.0,0.0,BU,19099500.0,44828100.0,False,0.0,14:02:53
19100.0,200,-850.0,0.0,BU,19098500.0,44828100.0,False,0.0,14:02:53
19100.0,500,-850.0,0.0,BU,19098300.0,44828100.0,False,0.0,14:02:53
19100.0,900,-850.0,0.0,BU,19097800.0,44828100.0,False,0.0,14:02:53
19100.0,100,-850.0,0.0,BU,19096900.0,44828100.0,False,0.0,14:02:52
19100.0,300,-850.0,0.0,BU,19096800.0,44828100.0,False,0.0,14:02:51
19100.0,5200,-850.0,0.0,BU,19096500.0,44828100.0,False,0.0,14:02:50
19100.0,300,-850.0,0.0,BU,19091300.0,44828100.0,False,50.0,14:02:50
19050.0,700,-900.0,0.0,SD,19091000.0,44828100.0,False,0.0,14:02:49
19050.0,100,-900.0,0.0,SD,19091000.0,44827400.0,False,-50.0,14:02:49
19100.0,3200,-850.0,0.0,BU,19091000.0,44827300.0,False,0.0,14:02:48
19100.0,2000,-850.0,0.0,BU,19087800.0,44827300.0,False,0.0,14:02:48
19100.0,1000,-850.0,0.0,BU,19085800.0,44827300.0,False,0.0,14:02:48
19100.0,200,-850.0,0.0,BU,19084800.0,44827300.0,False,0.0,14:02:48
19100.0,100,-850.0,0.0,BU,19084600.0,44827300.0,False,0.0,14:02:48
19100.0,500,-850.0,0.0,BU,19084500.0,44827300.0,False,0.0,14:02:48
19100.0,1000,-850.0,0.0,BU,19084000.0,44827300.0,False,0.0,14:02:48
19100.0,500,-850.0,0.0,BU,19083000.0,44827300.0,False,0.0,14:02:48
19100.0,100,-850.0,0.0,BU,19082500.0,44827300.0,False,0.0,14:02:48
19100.0,100,-850.0,0.0,BU,19082400.0,44827300.0,False,0.0,14:02:48
19100.0,1500,-850.0,0.0,BU,19082300.0,44827300.0,False,0.0,14:02:48
19100.0,1000,-850.0,0.0,BU,19080800.0,44827300.0,False,0.0,14:02:48
19100.0,500,-850.0,0.0,BU,19079800.0,44827300.0,False,0.0,14:02:48
19100.0,500,-850.0,0.0,BU,19079300.0,44827300.0,False,0.0,14:02:48
19100.0,5000,-850.0,0.0,BU,19078800.0,44827300.0,False,0.0,14:02:48
19100.0,200,-850.0,0.0,BU,19073800.0,44827300.0,False,0.0,14:02:48
19100.0,3800,-850.0,0.0,BU,19073600.0,44827300.0,False,0.0,14:02:48
19100.0,1200,-850.0,0.0,BU,19069800.0,44827300.0,False,0.0,14:02:48
19100.0,18800,-850.0,0.0,BU,19068600.0,44827300.0,True,0.0,14:02:48
19100.0,2000,-850.0,0.0,BU,19049800.0,44827300.0,False,0.0,14:02:48
19100.0,2000,-850.0,0.0,BU,19047800.0,44827300.0,False,0.0,14:02:47
19100.0,1000,-850.0,0.0,BU,19045800.0,44827300.0,False,0.0,14:02:47
19100.0,500,-850.0,0.0,BU,19044800.0,44827300.0,False,0.0,14:02:46
19100.0,500,-850.0,0.0,BU,19044300.0,44827300.0,False,0.0,14:02:45
19100.0,15000,-850.0,0.0,BU,19043800.0,44827300.0,True,0.0,14:02:44
19100.0,200,-850.0,0.0,BU,19028800.0,44827300.0,False,0.0,14:02:44
19100.0,300,-850.0,0.0,BU,19028600.0,44827300.0,False,0.0,14:02:44
19100.0,700,-850.0,0.0,BU,19028300.0,44827300.0,False,0.0,14:02:41
19100.0,100,-850.0,0.0,BU,19027600.0,44827300.0,False,0.0,14:02:41
19100.0,100,-850.0,0.0,BU,19027500.0,44827300.0,False,0.0,14:02:41
19100.0,3000,-850.0,0.0,BU,19027400.0,44827300.0,False,0.0,14:02:41
19100.0,1000,-850.0,0.0,BU,19024400.0,44827300.0,False,0.0,14:02:41
19100.0,100,-850.0,0.0,BU,19023400.0,44827300.0,False,0.0,14:02:41
19100.0,100,-850.0,0.0,BU,19023300.0,44827300.0,False,0.0,14:02:39
19100.0,1000,-850.0,0.0,BU,19023200.0,44827300.0,False,0.0,14:02:39
19100.0,1000,-850.0,0.0,BU,19022200.0,44827300.0,False,0.0,14:02:33
19100.0,800,-850.0,0.0,BU,19021200.0,44827300.0,False,0.0,14:02:33
19100.0,1100,-850.0,0.0,BU,19020400.0,44827300.0,False,50.0,14:02:32
19050.0,500,-900.0,0.0,SD,19019300.0,44827300.0,False,0.0,14:02:30
19050.0,100,-900.0,0.0,SD,19019300.0,44826800.0,False,0.0,14:02:30
19050.0,100,-900.0,0.0,BU,19019300.0,44826700.0,False,0.0,14:02:29
19050.0,200,-900.0,0.0,BU,19019200.0,44826700.0,False,0.0,14:02:29
19050.0,500,-900.0,0.0,BU,19019000.0,44826700.0,False,0.0,14:02:29
19050.0,100,-900.0,0.0,BU,19018500.0,44826700.0,False,0.0,14:02:29
19050.0,100,-900.0,0.0,BU,19018400.0,44826700.0,False,0.0,14:02:29
19050.0,300,-900.0,0.0,BU,19018300.0,44826700.0,False,0.0,14:02:29
19050.0,100,-900.0,0.0,BU,19018000.0,44826700.0,False,0.0,14:02:29
19050.0,200,-900.0,0.0,BU,19017900.0,44826700.0,False,0.0,14:02:29
19050.0,1000,-900.0,0.0,BU,19017700.0,44826700.0,False,0.0,14:02:29
19050.0,1000,-900.0,0.0,BU,19016700.0,44826700.0,False,0.0,14:02:29
19050.0,100,-900.0,0.0,BU,19015700.0,44826700.0,False,0.0,14:02:29
19050.0,2000,-900.0,0.0,BU,19015600.0,44826700.0,False,0.0,14:02:29
19050.0,100,-900.0,0.0,BU,19013600.0,44826700.0,False,0.0,14:02:29
19050.0,100,-900.0,0.0,BU,19013500.0,44826700.0,False,0.0,14:02:29
19050.0,500,-900.0,0.0,BU,19013400.0,44826700.0,False,0.0,14:02:29
19050.0,100,-900.0,0.0,BU,19012900.0,44826700.0,False,0.0,14:02:29
19050.0,200,-900.0,0.0,BU,19012800.0,44826700.0,False,0.0,14:02:29
19050.0,500,-900.0,0.0,BU,19012600.0,44826700.0,False,0.0,14:02:29
19050.0,500,-900.0,0.0,BU,19012100.0,44826700.0,False,0.0,14:02:28
19050.0,200,-900.0,0.0,BU,19011600.0,44826700.0,False,0.0,14:02:28
19050.0,1000,-900.0,0.0,BU,19011400.0,44826700.0,False,0.0,14:02:28
19050.0,1000,-900.0,0.0,BU,19010400.0,44826700.0,False,0.0,14:02:28
19050.0,1000,-900.0,0.0,BU,19009400.0,44826700.0,False,0.0,14:02:28
19050.0,100,-900.0,0.0,BU,19008400.0,44826700.0,False,0.0,14:02:28
19050.0,3900,-900.0,0.0,BU,19008300.0,44826700.0,False,0.0,14:02:28
19050.0,1100,-900.0,0.0,BU,19004400.0,44826700.0,False,0.0,14:02:28
19050.0,2000,-900.0,0.0,BU,19003300.0,44826700.0,False,0.0,14:02:28
19050.0,2000,-900.0,0.0,BU,19001300.0,44826700.0,False,0.0,14:02:28
19050.0,1500,-900.0,0.0,BU,18999300.0,44826700.0,False,0.0,14:02:28
19050.0,1000,-900.0,0.0,BU,18997800.0,44826700.0,False,0.0,14:02:28
19050.0,1000,-900.0,0.0,BU,18996800.0,44826700.0,False,0.0,14:02:28
19050.0,500,-900.0,0.0,BU,18995800.0,44826700.0,False,0.0,14:02:28
19050.0,100,-900.0,0.0,BU,18995300.0,44826700.0,False,0.0,14:02:28
19050.0,800,-900.0,0.0,BU,18995200.0,44826700.0,False,0.0,14:02:28
19050.0,200,-900.0,0.0,BU,18994400.0,44826700.0,False,0.0,14:02:25
19050.0,6800,-900.0,0.0,BU,18994200.0,44826700.0,False,0.0,14:02:25
19050.0,2000,-900.0,0.0,BU,18987400.0,44826700.0,False,0.0,14:02:25
19050.0,400,-900.0,0.0,BU,18985400.0,44826700.0,False,0.0,14:02:25
19050.0,800,-900.0,0.0,BU,18985000.0,44826700.0,False,0.0,14:02:25
19050.0,500,-900.0,0.0,BU,18984200.0,44826700.0,False,0.0,14:02:25
19050.0,1500,-900.0,0.0,BU,18983700.0,44826700.0,False,0.0,14:02:24
19050.0,7200,-900.0,0.0,BU,18982200.0,44826700.0,False,0.0,14:02:24
19050.0,2800,-900.0,0.0,BU,18975000.0,44826700.0,False,0.0,14:02:24
19050.0,500,-900.0,0.0,BU,18972200.0,44826700.0,False,0.0,14:02:24
19050.0,100,-900.0,0.0,BU,18971700.0,44826700.0,False,0.0,14:02:21
19050.0,100,-900.0,0.0,BU,18971600.0,44826700.0,False,0.0,14:02:17
19050.0,300,-900.0,0.0,BU,18971500.0,44826700.0,False,0.0,14:02:17
19050.0,1200,-900.0,0.0,BU,18971200.0,44826700.0,False,0.0,14:02:15
19050.0,800,-900.0,0.0,BU,18970000.0,44826700.0,False,0.0,14:02:15
19050.0,1000,-900.0,0.0,BU,18969200.0,44826700.0,False,0.0,14:02:15
19050.0,100,-900.0,0.0,BU,18968200.0,44826700.0,False,0.0,14:02:15
19050.0,1000,-900.0,0.0,BU,18968100.0,44826700.0,False,0.0,14:02:15
19050.0,500,-900.0,0.0,BU,18967100.0,44826700.0,False,0.0,14:02:15
19050.0,200,-900.0,0.0,BU,18966600.0,44826700.0,False,0.0,14:02:15
19050.0,1000,-900.0,0.0,BU,18966400.0,44826700.0,False,0.0,14:02:15
19050.0,100,-900.0,0.0,BU,18965400.0,44826700.0,False,0.0,14:02:15
19050.0,100,-900.0,0.0,BU,18965300.0,44826700.0,False,0.0,14:02:15
19050.0,1000,-900.0,0.0,BU,18965200.0,44826700.0,False,0.0,14:02:15
19050.0,100,-900.0,0.0,BU,18964200.0,44826700.0,False,0.0,14:02:15
19050.0,200,-900.0,0.0,BU,18964100.0,44826700.0,False,0.0,14:02:15
19050.0,600,-900.0,0.0,BU,18963900.0,44826700.0,False,0.0,14:02:15
19050.0,1000,-900.0,0.0,BU,18963300.0,44826700.0,False,0.0,14:02:15
19050.0,100,-900.0,0.0,BU,18962300.0,44826700.0,False,0.0,14:02:15
19050.0,700,-900.0,0.0,BU,18962200.0,44826700.0,False,0.0,14:02:15
19050.0,20000,-900.0,0.0,BU,18961500.0,44826700.0,True,0.0,14:02:15
19050.0,2000,-900.0,0.0,BU,18941500.0,44826700.0,False,0.0,14:02:15
19050.0,5000,-900.0,0.0,BU,18939500.0,44826700.0,False,0.0,14:02:15
19050.0,300,-900.0,0.0,BU,18934500.0,44826700.0,False,0.0,14:02:15
19050.0,500,-900.0,0.0,BU,18934200.0,44826700.0,False,0.0,14:02:15
19050.0,300,-900.0,0.0,BU,18933700.0,44826700.0,False,0.0,14:02:15
19050.0,200,-900.0,0.0,BU,18933400.0,44826700.0,False,0.0,14:02:15
19050.0,12000,-900.0,0.0,BU,18933200.0,44826700.0,True,0.0,14:02:15
19050.0,100,-900.0,0.0,BU,18921200.0,44826700.0,False,0.0,14:02:13
19050.0,1600,-900.0,0.0,BU,18921100.0,44826700.0,False,0.0,14:02:13
19050.0,100,-900.0,0.0,BU,18919500.0,44826700.0,False,0.0,14:02:10
19050.0,5200,-900.0,0.0,BU,18919400.0,44826700.0,False,50.0,14:02:09
19000.0,100,-950.0,0.0,SD,18914200.0,44826700.0,False,-50.0,14:02:09
19050.0,7300,-900.0,0.0,BU,18914200.0,44826600.0,False,0.0,14:02:07
19050.0,1000,-900.0,0.0,BU,18906900.0,44826600.0,False,50.0,14:02:04
19000.0,500,-950.0,0.0,SD,18905900.0,44826600.0,False,0.0,14:02:04
19000.0,1500,-950.0,0.0,SD,18905900.0,44826100.0,False,-50.0,14:02:03
19050.0,100,-900.0,0.0,BU,18905900.0,44824600.0,False,0.0,14:02:02
19050.0,3000,-900.0,0.0,BU,18905800.0,44824600.0,False,50.0,14:02:01
19000.0,300,-950.0,0.0,SD,18902800.0,44824600.0,False,-50.0,14:02:01
19050.0,700,-900.0,0.0,BU,18902800.0,44824300.0,False,50.0,14:02:00
19000.0,100,-950.0,0.0,SD,18902100.0,44824300.0,False,0.0,14:02:00
19000.0,2000,-950.0,0.0,SD,18902100.0,44824200.0,False,0.0,14:02:00
19000.0,100,-950.0,0.0,SD,18902100.0,44822200.0,False,0.0,14:02:00
19000.0,100,-950.0,0.0,SD,18902100.0,44822100.0,False,0.0,14:01:58
19000.0,100,-950.0,0.0,SD,18902100.0,44822000.0,False,0.0,14:01:56
19000.0,100,-950.0,0.0,SD,18902100.0,44821900.0,False,0.0,14:01:53
19000.0,800,-950.0,0.0,SD,18902100.0,44821800.0,False,0.0,14:01:51
19000.0,200,-950.0,0.0,SD,18902100.0,44821000.0,False,0.0,14:01:51
19000.0,1000,-950.0,0.0,SD,18902100.0,44820800.0,False,0.0,14:01:49
19000.0,700,-950.0,0.0,SD,18902100.0,44819800.0,False,0.0,14:01:49
19000.0,4300,-950.0,0.0,SD,18902100.0,44819100.0,False,0.0,14:01:49
19000.0,200,-950.0,0.0,SD,18902100.0,44814800.0,False,0.0,14:01:49
19000.0,300,-950.0,0.0,SD,18902100.0,44814600.0,False,0.0,14:01:49
19000.0,500,-950.0,0.0,SD,18902100.0,44814300.0,False,0.0,14:01:49
19000.0,500,-950.0,0.0,SD,18902100.0,44813800.0,False,0.0,14:01:48
19000.0,3000,-950.0,0.0,SD,18902100.0,44813300.0,False,0.0,14:01:44
19000.0,3400,-950.0,0.0,SD,18902100.0,44810300.0,False,0.0,14:01:41
19000.0,800,-950.0,0.0,SD,18902100.0,44806900.0,False,0.0,14:01:41
19000.0,300,-950.0,0.0,SD,18902100.0,44806100.0,False,0.0,14:01:40
19000.0,900,-950.0,0.0,SD,18902100.0,44805800.0,False,50.0,14:01:40
18950.0,4300,-1000.0,-0.1,SD,18902100.0,44804900.0,False,0.0,14:01:37
18950.0,100,-1000.0,-0.1,SD,18902100.0,44800600.0,False,0.0,14:01:37
18950.0,100,-1000.0,-0.1,SD,18902100.0,44800500.0,False,0.0,14:01:37
18950.0,3200,-1000.0,-0.1,SD,18902100.0,44800400.0,False,0.0,14:01:37
18950.0,5000,-1000.0,-0.1,SD,18902100.0,44797200.0,False,0.0,14:01:37
18950.0,1000,-1000.0,-0.1,SD,18902100.0,44792200.0,False,0.0,14:01:37
18950.0,15500,-1000.0,-0.1,SD,18902100.0,44791200.0,True,-50.0,14:01:37
19000.0,100,-950.0,0.0,SD,18902100.0,44775700.0,False,0.0,14:01:37
19000.0,200,-950.0,0.0,SD,18902100.0,44775600.0,False,-50.0,14:01:37
19050.0,8300,-900.0,0.0,BU,18902100.0,44775400.0,False,50.0,14:01:37
19000.0,2000,-950.0,0.0,BU,18893800.0,44775400.0,False,0.0,14:01:37
19000.0,4700,-950.0,0.0,BU,18891800.0,44775400.0,False,0.0,14:01:37
19000.0,100,-950.0,0.0,BU,18887100.0,44775400.0,False,0.0,14:01:36
19000.0,4800,-950.0,0.0,BU,18887000.0,44775400.0,False,0.0,14:01:35
19000.0,300,-950.0,0.0,BU,18882200.0,44775400.0,False,0.0,14:01:35
19000.0,400,-950.0,0.0,BU,18881900.0,44775400.0,False,0.0,14:01:35
19000.0,400,-950.0,0.0,BU,18881500.0,44775400.0,False,0.0,14:01:35
19000.0,1000,-950.0,0.0,BU,18881100.0,44775400.0,False,0.0,14:01:35
19000.0,500,-950.0,0.0,BU,18880100.0,44775400.0,False,0.0,14:01:35
19000.0,100,-950.0,0.0,BU,18879600.0,44775400.0,False,0.0,14:01:34
19000.0,300,-950.0,0.0,BU,18879500.0,44775400.0,False,0.0,14:01:34
19000.0,300,-950.0,0.0,BU,18879200.0,44775400.0,False,0.0,14:01:34
19000.0,1300,-950.0,0.0,BU,18878900.0,44775400.0,False,0.0,14:01:34
19000.0,300,-950.0,0.0,BU,18877600.0,44775400.0,False,0.0,14:01:34
19000.0,700,-950.0,0.0,BU,18877300.0,44775400.0,False,0.0,14:01:34
19000.0,1000,-950.0,0.0,BU,18876600.0,44775400.0,False,0.0,14:01:33
19000.0,3000,-950.0,0.0,BU,18875600.0,44775400.0,False,0.0,14:01:33
19000.0,3000,-950.0,0.0,BU,18872600.0,44775400.0,False,0.0,14:01:32
19000.0,500,-950.0,0.0,BU,18869600.0,44775400.0,False,0.0,14:01:32
19000.0,200,-950.0,0.0,BU,18869100.0,44775400.0,False,0.0,14:01:32
19000.0,300,-950.0,0.0,BU,18868900.0,44775400.0,False,0.0,14:01:31
19000.0,900,-950.0,0.0,BU,18868600.0,44775400.0,False,50.0,14:01:31
18950.0,200,-1000.0,-0.1,SD,18867700.0,44775400.0,False,-50.0,14:01:31
19000.0,400,-950.0,0.0,BU,18867700.0,44775200.0,False,0.0,14:01:31
19000.0,100,-950.0,0.0,BU,18867300.0,44775200.0,False,0.0,14:01:31
19000.0,200,-950.0,0.0,BU,18867200.0,44775200.0,False,0.0,14:01:31
19000.0,1000,-950.0,0.0,BU,18867000.0,44775200.0,False,0.0,14:01:31
19000.0,1700,-950.0,0.0,BU,18866000.0,44775200.0,False,0.0,14:01:30
19000.0,100,-950.0,0.0,BU,18864300.0,44775200.0,False,0.0,14:01:30
19000.0,1000,-950.0,0.0,BU,18864200.0,44775200.0,False,0.0,14:01:30
19000.0,2700,-950.0,0.0,BU,18863200.0,44775200.0,False,0.0,14:01:29
19000.0,10000,-950.0,0.0,BU,18860500.0,44775200.0,False,0.0,14:01:29
19000.0,1000,-950.0,0.0,BU,18850500.0,44775200.0,False,0.0,14:01:29
19000.0,3200,-950.0,0.0,BU,18849500.0,44775200.0,False,0.0,14:01:28
19000.0,100,-950.0,0.0,BU,18846300.0,44775200.0,False,0.0,14:01:28
19000.0,500,-950.0,0.0,BU,18846200.0,44775200.0,False,0.0,14:01:28
19000.0,500,-950.0,0.0,BU,18845700.0,44775200.0,False,0.0,14:01:28
19000.0,100,-950.0,0.0,BU,18845200.0,44775200.0,False,0.0,14:01:28
19000.0,100,-950.0,0.0,BU,18845100.0,44775200.0,False,0.0,14:01:28
19000.0,300,-950.0,0.0,BU,18845000.0,44775200.0,False,0.0,14:01:28
19000.0,1000,-950.0,0.0,BU,18844700.0,44775200.0,False,0.0,14:01:28
19000.0,300,-950.0,0.0,BU,18843700.0,44775200.0,False,0.0,14:01:28
19000.0,500,-950.0,0.0,BU,18843400.0,44775200.0,False,0.0,14:01:28
19000.0,1000,-950.0,0.0,BU,18842900.0,44775200.0,False,0.0,14:01:27
19000.0,500,-950.0,0.0,BU,18841900.0,44775200.0,False,0.0,14:01:27
19000.0,500,-950.0,0.0,BU,18841400.0,44775200.0,False,0.0,14:01:26
19000.0,100,-950.0,0.0,BU,18840900.0,44775200.0,False,0.0,14:01:26
19000.0,600,-950.0,0.0,BU,18840800.0,44775200.0,False,0.0,14:01:26
19000.0,100,-950.0,0.0,BU,18840200.0,44775200.0,False,0.0,14:01:26
19000.0,400,-950.0,0.0,BU,18840100.0,44775200.0,False,0.0,14:01:26
19000.0,2800,-950.0,0.0,BU,18839700.0,44775200.0,False,0.0,14:01:26
19000.0,500,-950.0,0.0,BU,18836900.0,44775200.0,False,0.0,14:01:26
19000.0,300,-950.0,0.0,BU,18836400.0,44775200.0,False,0.0,14:01:25
19000.0,100,-950.0,0.0,BU,18836100.0,44775200.0,False,0.0,14:01:25
19000.0,500,-950.0,0.0,BU,18836000.0,44775200.0,False,0.0,14:01:25
19000.0,2000,-950.0,0.0,BU,18835500.0,44775200.0,False,0.0,14:01:24
19000.0,2600,-950.0,0.0,BU,18833500.0,44775200.0,False,0.0,14:01:24
19000.0,800,-950.0,0.0,BU,18830900.0,44775200.0,False,0.0,14:01:24
19000.0,100,-950.0,0.0,BU,18830100.0,44775200.0,False,0.0,14:01:24
19000.0,100,-950.0,0.0,BU,18830000.0,44775200.0,False,0.0,14:01:24
19000.0,100,-950.0,0.0,BU,18829900.0,44775200.0,False,0.0,14:01:23
19000.0,200,-950.0,0.0,BU,18829800.0,44775200.0,False,0.0,14:01:23
19000.0,100,-950.0,0.0,BU,18829600.0,44775200.0,False,0.0,14:01:23
19000.0,100,-950.0,0.0,BU,18829500.0,44775200.0,False,0.0,14:01:22
19000.0,2000,-950.0,0.0,BU,18829400.0,44775200.0,False,0.0,14:01:22
19000.0,7900,-950.0,0.0,BU,18827400.0,44775200.0,False,0.0,14:01:22
19000.0,600,-950.0,0.0,BU,18819500.0,44775200.0,False,0.0,14:01:22
19000.0,300,-950.0,0.0,BU,18818900.0,44775200.0,False,0.0,14:01:22
19000.0,500,-950.0,0.0,BU,18818600.0,44775200.0,False,0.0,14:01:21
19000.0,700,-950.0,0.0,BU,18818100.0,44775200.0,False,0.0,14:01:20
19000.0,500,-950.0,0.0,BU,18817400.0,44775200.0,False,0.0,14:01:20
19000.0,400,-950.0,0.0,BU,18816900.0,44775200.0,False,0.0,14:01:20
19000.0,1400,-950.0,0.0,BU,18816500.0,44775200.0,False,0.0,14:01:20
19000.0,3600,-950.0,0.0,BU,18815100.0,44775200.0,False,0.0,14:01:20
19000.0,5000,-950.0,0.0,BU,18811500.0,44775200.0,False,0.0,14:01:20
19000.0,200,-950.0,0.0,BU,18806500.0,44775200.0,False,0.0,14:01:20
19000.0,1200,-950.0,0.0,BU,18806300.0,44775200.0,False,0.0,14:01:20
19000.0,100,-950.0,0.0,BU,18805100.0,44775200.0,False,0.0,14:01:20
19000.0,1400,-950.0,0.0,BU,18805000.0,44775200.0,False,0.0,14:01:20
19000.0,3600,-950.0,0.0,BU,18803600.0,44775200.0,False,0.0,14:01:20
19000.0,1300,-950.0,0.0,BU,18800000.0,44775200.0,False,0.0,14:01:19
19000.0,200,-950.0,0.0,BU,18798700.0,44775200.0,False,0.0,14:01:19
19000.0,500,-950.0,0.0,BU,18798500.0,44775200.0,False,0.0,14:01:19
19000.0,5000,-950.0,0.0,BU,18798000.0,44775200.0,False,0.0,14:01:19
19000.0,200,-950.0,0.0,BU,18793000.0,44775200.0,False,0.0,14:01:19
19000.0,1000,-950.0,0.0,BU,18792800.0,44775200.0,False,0.0,14:01:19
19000.0,500,-950.0,0.0,BU,18791800.0,44775200.0,False,0.0,14:01:19
19000.0,1300,-950.0,0.0,BU,18791300.0,44775200.0,False,0.0,14:01:19
19000.0,6600,-950.0,0.0,BU,18790000.0,44775200.0,False,0.0,14:01:19
19000.0,4000,-950.0,0.0,BU,18783400.0,44775200.0,False,0.0,14:01:19
19000.0,400,-950.0,0.0,BU,18779400.0,44775200.0,False,0.0,14:01:19
19000.0,100,-950.0,0.0,BU,18779000.0,44775200.0,False,0.0,14:01:19
19000.0,4500,-950.0,0.0,BU,18778900.0,44775200.0,False,0.0,14:01:19
19000.0,500,-950.0,0.0,BU,18774400.0,44775200.0,False,0.0,14:01:19
19000.0,200,-950.0,0.0,BU,18773900.0,44775200.0,False,0.0,14:01:19
19000.0,100,-950.0,0.0,BU,18773700.0,44775200.0,False,0.0,14:01:19
19000.0,200,-950.0,0.0,BU,18773600.0,44775200.0,False,0.0,14:01:19
19000.0,500,-950.0,0.0,BU,18773400.0,44775200.0,False,0.0,14:01:19
19000.0,500,-950.0,0.0,BU,18772900.0,44775200.0,False,0.0,14:01:19
19000.0,500,-950.0,0.0,BU,18772400.0,44775200.0,False,0.0,14:01:17
19000.0,200,-950.0,0.0,BU,18771900.0,44775200.0,False,0.0,14:01:17
19000.0,300,-950.0,0.0,BU,18771700.0,44775200.0,False,0.0,14:01:17
19000.0,200,-950.0,0.0,BU,18771400.0,44775200.0,False,0.0,14:01:17
19000.0,300,-950.0,0.0,BU,18771200.0,44775200.0,False,0.0,14:01:17
19000.0,200,-950.0,0.0,BU,18770900.0,44775200.0,False,0.0,14:01:16
19000.0,300,-950.0,0.0,BU,18770700.0,44775200.0,False,0.0,14:01:16
19000.0,100,-950.0,0.0,BU,18770400.0,44775200.0,False,0.0,14:01:16
19000.0,100,-950.0,0.0,BU,18770300.0,44775200.0,False,0.0,14:01:16
19000.0,500,-950.0,0.0,BU,18770200.0,44775200.0,False,0.0,14:01:16
19000.0,1000,-950.0,0.0,BU,18769700.0,44775200.0,False,0.0,14:01:16
19000.0,900,-950.0,0.0,BU,18768700.0,44775200.0,False,0.0,14:01:16
19000.0,500,-950.0,0.0,BU,18767800.0,44775200.0,False,0.0,14:01:16
19000.0,700,-950.0,0.0,BU,18767300.0,44775200.0,False,0.0,14:01:16
19000.0,100,-950.0,0.0,BU,18766600.0,44775200.0,False,0.0,14:01:16
19000.0,100,-950.0,0.0,BU,18766500.0,44775200.0,False,0.0,14:01:15
19000.0,100,-950.0,0.0,BU,18766400.0,44775200.0,False,0.0,14:01:15
19000.0,100,-950.0,0.0,BU,18766300.0,44775200.0,False,0.0,14:01:15
19000.0,1000,-950.0,0.0,BU,18766200.0,44775200.0,False,0.0,14:01:14
19000.0,900,-950.0,0.0,BU,18765200.0,44775200.0,False,0.0,14:01:14
19000.0,100,-950.0,0.0,BU,18764300.0,44775200.0,False,0.0,14:01:14
19000.0,100,-950.0,0.0,BU,18764200.0,44775200.0,False,0.0,14:01:13
19000.0,1000,-950.0,0.0,BU,18764100.0,44775200.0,False,0.0,14:01:13
19000.0,1000,-950.0,0.0,BU,18763100.0,44775200.0,False,0.0,14:01:13
19000.0,2300,-950.0,0.0,BU,18762100.0,44775200.0,False,0.0,14:01:13
19000.0,1000,-950.0,0.0,BU,18759800.0,44775200.0,False,0.0,14:01:13
19000.0,4600,-950.0,0.0,BU,18758800.0,44775200.0,False,0.0,14:01:13
19000.0,1700,-950.0,0.0,BU,18754200.0,44775200.0,False,0.0,14:01:12
19000.0,300,-950.0,0.0,BU,18752500.0,44775200.0,False,0.0,14:01:12
19000.0,2000,-950.0,0.0,BU,18752200.0,44775200.0,False,0.0,14:01:11
19000.0,2700,-950.0,0.0,BU,18750200.0,44775200.0,False,0.0,14:01:09
19000.0,500,-950.0,0.0,BU,18747500.0,44775200.0,False,0.0,14:01:09
19000.0,1000,-950.0,0.0,BU,18747000.0,44775200.0,False,0.0,14:01:09
19000.0,1000,-950.0,0.0,BU,18746000.0,44775200.0,False,0.0,14:01:09
19000.0,1000,-950.0,0.0,BU,18745000.0,44775200.0,False,0.0,14:01:09
19000.0,3800,-950.0,0.0,BU,18744000.0,44775200.0,False,0.0,14:01:09
19000.0,900,-950.0,0.0,BU,18740200.0,44775200.0,False,0.0,14:01:09
19000.0,3700,-950.0,0.0,BU,18739300.0,44775200.0,False,0.0,14:01:08
19000.0,700,-950.0,0.0,BU,18735600.0,44775200.0,False,0.0,14:01:08
19000.0,900,-950.0,0.0,BU,18734900.0,44775200.0,False,0.0,14:01:08
19000.0,400,-950.0,0.0,BU,18734000.0,44775200.0,False,0.0,14:01:08
19000.0,700,-950.0,0.0,BU,18733600.0,44775200.0,False,0.0,14:01:08
19000.0,700,-950.0,0.0,BU,18732900.0,44775200.0,False,0.0,14:01:07
19000.0,3000,-950.0,0.0,BU,18732200.0,44775200.0,False,0.0,14:01:07
19000.0,200,-950.0,0.0,BU,18729200.0,44775200.0,False,50.0,14:01:06
18950.0,2000,-1000.0,-0.1,SD,18729000.0,44775200.0,False,-50.0,14:01:06
19000.0,200,-950.0,0.0,BU,18729000.0,44773200.0,False,0.0,14:01:06
19000.0,200,-950.0,0.0,BU,18728800.0,44773200.0,False,0.0,14:01:05
19000.0,1000,-950.0,0.0,BU,18728600.0,44773200.0,False,0.0,14:01:05
19000.0,500,-950.0,0.0,BU,18727600.0,44773200.0,False,0.0,14:01:05
19000.0,100,-950.0,0.0,BU,18727100.0,44773200.0,False,0.0,14:01:05
19000.0,5000,-950.0,0.0,BU,18727000.0,44773200.0,False,0.0,14:01:05
19000.0,1000,-950.0,0.0,BU,18722000.0,44773200.0,False,0.0,14:01:05
19000.0,500,-950.0,0.0,BU,18721000.0,44773200.0,False,0.0,14:01:05
19000.0,1000,-950.0,0.0,BU,18720500.0,44773200.0,False,0.0,14:01:04
19000.0,500,-950.0,0.0,BU,18719500.0,44773200.0,False,0.0,14:01:04
19000.0,200,-950.0,0.0,BU,18719000.0,44773200.0,False,0.0,14:01:04
19000.0,100,-950.0,0.0,BU,18718800.0,44773200.0,False,0.0,14:01:03
19000.0,100,-950.0,0.0,BU,18718700.0,44773200.0,False,0.0,14:01:03
19000.0,100,-950.0,0.0,BU,18718600.0,44773200.0,False,0.0,14:01:03
19000.0,300,-950.0,0.0,BU,18718500.0,44773200.0,False,0.0,14:01:03
19000.0,600,-950.0,0.0,BU,18718200.0,44773200.0,False,0.0,14:01:02
19000.0,400,-950.0,0.0,BU,18717600.0,44773200.0,False,50.0,14:01:02
18950.0,500,-1000.0,-0.1,SD,18717200.0,44773200.0,False,-50.0,14:01:02
19000.0,100,-950.0,0.0,BU,18717200.0,44772700.0,False,0.0,14:01:01
19000.0,300,-950.0,0.0,BU,18717100.0,44772700.0,False,0.0,14:01:01
19000.0,100,-950.0,0.0,BU,18716800.0,44772700.0,False,50.0,14:01:01
18950.0,1000,-1000.0,-0.1,SD,18716700.0,44772700.0,False,-50.0,14:01:00
19000.0,1200,-950.0,0.0,BU,18716700.0,44771700.0,False,0.0,14:01:00
19000.0,28800,-950.0,0.0,BU,18715500.0,44771700.0,True,0.0,14:01:00
19000.0,1200,-950.0,0.0,BU,18686700.0,44771700.0,False,0.0,14:00:59
19000.0,1000,-950.0,0.0,BU,18685500.0,44771700.0,False,0.0,14:00:59
19000.0,500,-950.0,0.0,BU,18684500.0,44771700.0,False,0.0,14:00:59
19000.0,300,-950.0,0.0,BU,18684000.0,44771700.0,False,0.0,14:00:59
19000.0,3500,-950.0,0.0,BU,18683700.0,44771700.0,False,50.0,14:00:59
18950.0,800,-1000.0,-0.1,SD,18680200.0,44771700.0,False,0.0,14:00:59
18950.0,200,-1000.0,-0.1,SD,18680200.0,44770900.0,False,-50.0,14:00:59
19000.0,3500,-950.0,0.0,BU,18680200.0,44770700.0,False,0.0,14:00:58
19000.0,100,-950.0,0.0,BU,18676700.0,44770700.0,False,50.0,14:00:58
18950.0,1000,-1000.0,-0.1,SD,18676600.0,44770700.0,False,-50.0,14:00:57
19000.0,100,-950.0,0.0,BU,18676600.0,44769700.0,False,0.0,14:00:56
19000.0,100,-950.0,0.0,BU,18676500.0,44769700.0,False,0.0,14:00:56
19000.0,5000,-950.0,0.0,BU,18676400.0,44769700.0,False,0.0,14:00:56
19000.0,100,-950.0,0.0,BU,18671400.0,44769700.0,False,0.0,14:00:54
19000.0,2600,-950.0,0.0,BU,18671300.0,44769700.0,False,0.0,14:00:54
19000.0,700,-950.0,0.0,BU,18668700.0,44769700.0,False,0.0,14:00:54
19000.0,1000,-950.0,0.0,BU,18668000.0,44769700.0,False,0.0,14:00:54
19000.0,300,-950.0,0.0,BU,18667000.0,44769700.0,False,0.0,14:00:54
19000.0,200,-950.0,0.0,BU,18666700.0,44769700.0,False,0.0,14:00:54
19000.0,1000,-950.0,0.0,BU,18666500.0,44769700.0,False,0.0,14:00:54
19000.0,5000,-950.0,0.0,BU,18665500.0,44769700.0,False,0.0,14:00:54
19000.0,300,-950.0,0.0,BU,18660500.0,44769700.0,False,0.0,14:00:54
19000.0,2500,-950.0,0.0,BU,18660200.0,44769700.0,False,0.0,14:00:54
19000.0,300,-950.0,0.0,BU,18657700.0,44769700.0,False,0.0,14:00:51
19000.0,500,-950.0,0.0,BU,18657400.0,44769700.0,False,0.0,14:00:51
19000.0,1000,-950.0,0.0,BU,18656900.0,44769700.0,False,0.0,14:00:51
19000.0,2000,-950.0,0.0,BU,18655900.0,44769700.0,False,0.0,14:00:51
19000.0,200,-950.0,0.0,BU,18653900.0,44769700.0,False,0.0,14:00:49
19000.0,4000,-950.0,0.0,BU,18653700.0,44769700.0,False,0.0,14:00:49
19000.0,10000,-950.0,0.0,BU,18649700.0,44769700.0,False,0.0,14:00:49
19000.0,200,-950.0,0.0,BU,18639700.0,44769700.0,False,0.0,14:00:48
19000.0,1000,-950.0,0.0,BU,18639500.0,44769700.0,False,0.0,14:00:48
19000.0,100,-950.0,0.0,BU,18638500.0,44769700.0,False,0.0,14:00:47
19000.0,400,-950.0,0.0,BU,18638400.0,44769700.0,False,0.0,14:00:46
19000.0,1500,-950.0,0.0,BU,18638000.0,44769700.0,False,0.0,14:00:45
19000.0,400,-950.0,0.0,BU,18636500.0,44769700.0,False,0.0,14:00:45
19000.0,100,-950.0,0.0,BU,18636100.0,44769700.0,False,50.0,14:00:45
18950.0,200,-1000.0,-0.1,SD,18636000.0,44769700.0,False,-50.0,14:00:45
19000.0,500,-950.0,0.0,BU,18636000.0,44769500.0,False,0.0,14:00:45
19000.0,500,-950.0,0.0,BU,18635500.0,44769500.0,False,0.0,14:00:43
19000.0,1000,-950.0,0.0,BU,18635000.0,44769500.0,False,0.0,14:00:43
19000.0,900,-950.0,0.0,BU,18634000.0,44769500.0,False,0.0,14:00:43
19000.0,100,-950.0,0.0,BU,18633100.0,44769500.0,False,0.0,14:00:43
19000.0,500,-950.0,0.0,BU,18633000.0,44769500.0,False,0.0,14:00:40
19000.0,100,-950.0,0.0,BU,18632500.0,44769500.0,False,0.0,14:00:38
19000.0,300,-950.0,0.0,BU,18632400.0,44769500.0,False,0.0,14:00:38
19000.0,200,-950.0,0.0,BU,18632100.0,44769500.0,False,0.0,14:00:37
19000.0,2000,-950.0,0.0,BU,18631900.0,44769500.0,False,0.0,14:00:36
19000.0,1100,-950.0,0.0,BU,18629900.0,44769500.0,False,50.0,14:00:36
18950.0,3100,-1000.0,-0.1,SD,18628800.0,44769500.0,False,-50.0,14:00:35
19000.0,5200,-950.0,0.0,BU,18628800.0,44766400.0,False,0.0,14:00:32
19000.0,4800,-950.0,0.0,BU,18623600.0,44766400.0,False,0.0,14:00:32
19000.0,200,-950.0,0.0,BU,18618800.0,44766400.0,False,0.0,14:00:31
19000.0,500,-950.0,0.0,BU,18618600.0,44766400.0,False,0.0,14:00:31
19000.0,300,-950.0,0.0,BU,18618100.0,44766400.0,False,0.0,14:00:31
19000.0,300,-950.0,0.0,BU,18617800.0,44766400.0,False,0.0,14:00:29
19000.0,400,-950.0,0.0,BU,18617500.0,44766400.0,False,0.0,14:00:28
19000.0,100,-950.0,0.0,BU,18617100.0,44766400.0,False,0.0,14:00:28
19000.0,100,-950.0,0.0,BU,18617000.0,44766400.0,False,0.0,14:00:28
19000.0,1000,-950.0,0.0,BU,18616900.0,44766400.0,False,0.0,14:00:28
19000.0,100,-950.0,0.0,BU,18615900.0,44766400.0,False,0.0,14:00:28
19000.0,1000,-950.0,0.0,BU,18615800.0,44766400.0,False,0.0,14:00:28
19000.0,1000,-950.0,0.0,BU,18614800.0,44766400.0,False,0.0,14:00:28
19000.0,300,-950.0,0.0,BU,18613800.0,44766400.0,False,0.0,14:00:28
19000.0,100,-950.0,0.0,BU,18613500.0,44766400.0,False,0.0,14:00:28
19000.0,100,-950.0,0.0,BU,18613400.0,44766400.0,False,0.0,14:00:27
19000.0,400,-950.0,0.0,BU,18613300.0,44766400.0,False,0.0,14:00:26
19000.0,600,-950.0,0.0,BU,18612900.0,44766400.0,False,0.0,14:00:25
19000.0,100,-950.0,0.0,BU,18612300.0,44766400.0,False,0.0,14:00:25
19000.0,1000,-950.0,0.0,BU,18612200.0,44766400.0,False,0.0,14:00:25
19000.0,300,-950.0,0.0,BU,18611200.0,44766400.0,False,0.0,14:00:25
19000.0,200,-950.0,0.0,BU,18610900.0,44766400.0,False,0.0,14:00:25
19000.0,100,-950.0,0.0,BU,18610700.0,44766400.0,False,0.0,14:00:24
19000.0,100,-950.0,0.0,BU,18610600.0,44766400.0,False,0.0,14:00:24
19000.0,500,-950.0,0.0,BU,18610500.0,44766400.0,False,0.0,14:00:23
19000.0,100,-950.0,0.0,BU,18610000.0,44766400.0,False,0.0,14:00:22
19000.0,200,-950.0,0.0,BU,18609900.0,44766400.0,False,0.0,14:00:20
19000.0,5000,-950.0,0.0,BU,18609700.0,44766400.0,False,0.0,14:00:20
19000.0,100,-950.0,0.0,BU,18604700.0,44766400.0,False,50.0,14:00:18
18950.0,500,-1000.0,-0.1,SD,18604600.0,44766400.0,False,-50.0,14:00:18
19000.0,100,-950.0,0.0,BU,18604600.0,44765900.0,False,0.0,14:00:17
19000.0,3300,-950.0,0.0,BU,18604500.0,44765900.0,False,0.0,14:00:16
19000.0,500,-950.0,0.0,BU,18601200.0,44765900.0,False,0.0,14:00:16
19000.0,200,-950.0,0.0,BU,18600700.0,44765900.0,False,0.0,14:00:16
19000.0,100,-950.0,0.0,BU,18600500.0,44765900.0,False,0.0,14:00:13
19000.0,100,-950.0,0.0,BU,18600400.0,44765900.0,False,0.0,14:00:13
19000.0,1000,-950.0,0.0,BU,18600300.0,44765900.0,False,0.0,14:00:11
19000.0,2000,-950.0,0.0,BU,18599300.0,44765900.0,False,0.0,14:00:11
19000.0,100,-950.0,0.0,BU,18597300.0,44765900.0,False,0.0,14:00:11
19000.0,100,-950.0,0.0,BU,18597200.0,44765900.0,False,0.0,14:00:11
19000.0,500,-950.0,0.0,BU,18597100.0,44765900.0,False,0.0,14:00:11
19000.0,1000,-950.0,0.0,BU,18596600.0,44765900.0,False,0.0,14:00:11
19000.0,500,-950.0,0.0,BU,18595600.0,44765900.0,False,0.0,14:00:11
19000.0,700,-950.0,0.0,BU,18595100.0,44765900.0,False,0.0,14:00:11
19000.0,1500,-950.0,0.0,BU,18594400.0,44765900.0,False,0.0,14:00:11
19000.0,200,-950.0,0.0,BU,18592900.0,44765900.0,False,0.0,14:00:11
19000.0,500,-950.0,0.0,BU,18592700.0,44765900.0,False,0.0,14:00:11
19000.0,100,-950.0,0.0,BU,18592200.0,44765900.0,False,0.0,14:00:11
19000.0,1000,-950.0,0.0,BU,18592100.0,44765900.0,False,0.0,14:00:11
19000.0,500,-950.0,0.0,BU,18591100.0,44765900.0,False,0.0,14:00:11
19000.0,200,-950.0,0.0,BU,18590600.0,44765900.0,False,0.0,14:00:11
19000.0,100,-950.0,0.0,BU,18590400.0,44765900.0,False,0.0,14:00:11
19000.0,100,-950.0,0.0,BU,18590300.0,44765900.0,False,0.0,14:00:11
19000.0,300,-950.0,0.0,BU,18590200.0,44765900.0,False,0.0,14:00:10
19000.0,200,-950.0,0.0,BU,18589900.0,44765900.0,False,0.0,14:00:10
19000.0,600,-950.0,0.0,BU,18589700.0,44765900.0,False,50.0,14:00:10
18950.0,2000,-1000.0,-0.1,SD,18589100.0,44765900.0,False,-50.0,14:00:09
19000.0,300,-950.0,0.0,BU,18589100.0,44763900.0,False,50.0,14:00:07
18950.0,600,-1000.0,-0.1,SD,18588800.0,44763900.0,False,-50.0,14:00:07
19000.0,800,-950.0,0.0,BU,18588800.0,44763300.0,False,0.0,14:00:07
19000.0,200,-950.0,0.0,BU,18588000.0,44763300.0,False,0.0,14:00:07
19000.0,200,-950.0,0.0,BU,18587800.0,44763300.0,False,0.0,14:00:03
19000.0,200,-950.0,0.0,BU,18587600.0,44763300.0,False,0.0,14:00:01
19000.0,300,-950.0,0.0,BU,18587400.0,44763300.0,False,0.0,14:00:01
19000.0,500,-950.0,0.0,BU,18587100.0,44763300.0,False,0.0,14:00:01
19000.0,100,-950.0,0.0,BU,18586600.0,44763300.0,False,0.0,13:59:59
19000.0,200,-950.0,0.0,BU,18586500.0,44763300.0,False,0.0,13:59:59
19000.0,100,-950.0,0.0,BU,18586300.0,44763300.0,False,0.0,13:59:57
19000.0,100,-950.0,0.0,BU,18586200.0,44763300.0,False,0.0,13:59:54
19000.0,100,-950.0,0.0,BU,18586100.0,44763300.0,False,0.0,13:59:54
19000.0,300,-950.0,0.0,BU,18586000.0,44763300.0,False,0.0,13:59:54
19000.0,3500,-950.0,0.0,BU,18585700.0,44763300.0,False,0.0,13:59:54
19000.0,1000,-950.0,0.0,BU,18582200.0,44763300.0,False,0.0,13:59:54
19000.0,400,-950.0,0.0,BU,18581200.0,44763300.0,False,0.0,13:59:54
19000.0,2000,-950.0,0.0,BU,18580800.0,44763300.0,False,0.0,13:59:54
19000.0,2000,-950.0,0.0,BU,18578800.0,44763300.0,False,0.0,13:59:54
19000.0,100,-950.0,0.0,BU,18576800.0,44763300.0,False,0.0,13:59:54
19000.0,300,-950.0,0.0,BU,18576700.0,44763300.0,False,0.0,13:59:51
19000.0,500,-950.0,0.0,BU,18576400.0,44763300.0,False,0.0,13:59:50
19000.0,100,-950.0,0.0,BU,18575900.0,44763300.0,False,50.0,13:59:49
18950.0,4000,-1000.0,-0.1,SD,18575800.0,44763300.0,False,0.0,13:59:49
18950.0,7000,-1000.0,-0.1,SD,18575800.0,44759300.0,False,0.0,13:59:48
18950.0,800,-1000.0,-0.1,SD,18575800.0,44752300.0,False,-50.0,13:59:47
19000.0,300,-950.0,0.0,BU,18575800.0,44751500.0,False,0.0,13:59:46
19000.0,700,-950.0,0.0,BU,18575500.0,44751500.0,False,50.0,13:59:46
18950.0,1800,-1000.0,-0.1,SD,18574800.0,44751500.0,False,0.0,13:59:44
18950.0,1300,-1000.0,-0.1,SD,18574800.0,44749700.0,False,0.0,13:59:44
18950.0,100,-1000.0,-0.1,SD,18574800.0,44748400.0,False,0.0,13:59:44
18950.0,1000,-1000.0,-0.1,SD,18574800.0,44748300.0,False,0.0,13:59:44
18950.0,600,-1000.0,-0.1,SD,18574800.0,44747300.0,False,-50.0,13:59:44
19000.0,200,-950.0,0.0,BU,18574800.0,44746700.0,False,0.0,13:59:44
19000.0,1000,-950.0,0.0,BU,18574600.0,44746700.0,False,0.0,13:59:40
19000.0,100,-950.0,0.0,BU,18573600.0,44746700.0,False,0.0,13:59:39
19000.0,1000,-950.0,0.0,BU,18573500.0,44746700.0,False,0.0,13:59:39
19000.0,200,-950.0,0.0,BU,18572500.0,44746700.0,False,0.0,13:59:34
19000.0,100,-950.0,0.0,BU,18572300.0,44746700.0,False,50.0,13:59:33
18950.0,3000,-1000.0,-0.1,SD,18572200.0,44746700.0,False,0.0,13:59:33
18950.0,100,-1000.0,-0.1,SD,18572200.0,44743700.0,False,0.0,13:59:33
18950.0,1800,-1000.0,-0.1,SD,18572200.0,44743600.0,False,0.0,13:59:33
18950.0,100,-1000.0,-0.1,SD,18572200.0,44741800.0,False,0.0,13:59:33
18950.0,1900,-1000.0,-0.1,SD,18572200.0,44741700.0,False,0.0,13:59:32
18950.0,1000,-1000.0,-0.1,SD,18572200.0,44739800.0,False,0.0,13:59:32
18950.0,100,-1000.0,-0.1,SD,18572200.0,44738800.0,False,-50.0,13:59:32
19000.0,7600,-950.0,0.0,BU,18572200.0,44738700.0,False,0.0,13:59:30
19000.0,500,-950.0,0.0,BU,18564600.0,44738700.0,False,0.0,13:59:30
19000.0,100,-950.0,0.0,BU,18564100.0,44738700.0,False,0.0,13:59:30
19000.0,200,-950.0,0.0,BU,18564000.0,44738700.0,False,0.0,13:59:30
19000.0,1600,-950.0,0.0,BU,18563800.0,44738700.0,False,0.0,13:59:30
19000.0,300,-950.0,0.0,BU,18562200.0,44738700.0,False,50.0,13:59:29
18950.0,300,-1000.0,-0.1,SD,18561900.0,44738700.0,False,0.0,13:59:29
18950.0,500,-1000.0,-0.1,SD,18561900.0,44738400.0,False,0.0,13:59:29
18950.0,100,-1000.0,-0.1,SD,18561900.0,44737900.0,False,0.0,13:59:28
18950.0,900,-1000.0,-0.1,SD,18561900.0,44737800.0,False,-50.0,13:59:28
19000.0,5000,-950.0,0.0,BU,18561900.0,44736900.0,False,0.0,13:59:28
19000.0,100,-950.0,0.0,BU,18556900.0,44736900.0,False,0.0,13:59:28
19000.0,3100,-950.0,0.0,BU,18556800.0,44736900.0,False,0.0,13:59:28
19000.0,200,-950.0,0.0,BU,18553700.0,44736900.0,False,0.0,13:59:28
19000.0,10000,-950.0,0.0,BU,18553500.0,44736900.0,False,0.0,13:59:28
19000.0,1000,-950.0,0.0,BU,18543500.0,44736900.0,False,0.0,13:59:28
19000.0,500,-950.0,0.0,BU,18542500.0,44736900.0,False,0.0,13:59:28
19000.0,500,-950.0,0.0,BU,18542000.0,44736900.0,False,0.0,13:59:28
19000.0,100,-950.0,0.0,BU,18541500.0,44736900.0,False,0.0,13:59:28
19000.0,500,-950.0,0.0,BU,18541400.0,44736900.0,False,0.0,13:59:28
19000.0,10000,-950.0,0.0,BU,18540900.0,44736900.0,False,0.0,13:59:28
19000.0,1000,-950.0,0.0,BU,18530900.0,44736900.0,False,0.0,13:59:28
19000.0,2200,-950.0,0.0,BU,18529900.0,44736900.0,False,0.0,13:59:28
19000.0,1000,-950.0,0.0,BU,18527700.0,44736900.0,False,0.0,13:59:28
19000.0,100,-950.0,0.0,BU,18526700.0,44736900.0,False,0.0,13:59:28
19000.0,200,-950.0,0.0,BU,18526600.0,44736900.0,False,0.0,13:59:28
19000.0,300,-950.0,0.0,BU,18526400.0,44736900.0,False,0.0,13:59:28
19000.0,1000,-950.0,0.0,BU,18526100.0,44736900.0,False,0.0,13:59:28
19000.0,200,-950.0,0.0,BU,18525100.0,44736900.0,False,50.0,13:59:28
18950.0,4000,-1000.0,-0.1,SD,18524900.0,44736900.0,False,-50.0,13:59:24
19000.0,200,-950.0,0.0,BU,18524900.0,44732900.0,False,0.0,13:59:22
19000.0,200,-950.0,0.0,BU,18524700.0,44732900.0,False,50.0,13:59:22
18950.0,100,-1000.0,-0.1,SD,18524500.0,44732900.0,False,-50.0,13:59:21
19000.0,500,-950.0,0.0,BU,18524500.0,44732800.0,False,0.0,13:59:20
19000.0,100,-950.0,0.0,BU,18524000.0,44732800.0,False,0.0,13:59:20
19000.0,200,-950.0,0.0,BU,18523900.0,44732800.0,False,0.0,13:59:18
19000.0,100,-950.0,0.0,BU,18523700.0,44732800.0,False,0.0,13:59:18
19000.0,500,-950.0,0.0,BU,18523600.0,44732800.0,False,0.0,13:59:18
19000.0,1000,-950.0,0.0,BU,18523100.0,44732800.0,False,0.0,13:59:18
19000.0,600,-950.0,0.0,BU,18522100.0,44732800.0,False,50.0,13:59:18
18950.0,600,-1000.0,-0.1,SD,18521500.0,44732800.0,False,0.0,13:59:18
18950.0,3400,-1000.0,-0.1,SD,18521500.0,44732200.0,False,0.0,13:59:18
18950.0,1000,-1000.0,-0.1,SD,18521500.0,44728800.0,False,0.0,13:59:18
18950.0,600,-1000.0,-0.1,SD,18521500.0,44727800.0,False,0.0,13:59:18
18950.0,400,-1000.0,-0.1,SD,18521500.0,44727200.0,False,0.0,13:59:14
18950.0,1000,-1000.0,-0.1,SD,18521500.0,44726800.0,False,0.0,13:59:14
18950.0,2000,-1000.0,-0.1,SD,18521500.0,44725800.0,False,0.0,13:59:14
18950.0,600,-1000.0,-0.1,SD,18521500.0,44723800.0,False,0.0,13:59:14
18950.0,100,-1000.0,-0.1,SD,18521500.0,44723200.0,False,0.0,13:59:14
18950.0,500,-1000.0,-0.1,SD,18521500.0,44723100.0,False,-50.0,13:59:14
19000.0,400,-950.0,0.0,BU,18521500.0,44722600.0,False,0.0,13:59:14
19000.0,100,-950.0,0.0,BU,18521100.0,44722600.0,False,0.0,13:59:14
19000.0,100,-950.0,0.0,BU,18521000.0,44722600.0,False,0.0,13:59:14
19000.0,400,-950.0,0.0,BU,18520900.0,44722600.0,False,50.0,13:59:14
18950.0,2000,-1000.0,-0.1,SD,18520500.0,44722600.0,False,0.0,13:59:13
18950.0,500,-1000.0,-0.1,SD,18520500.0,44720600.0,False,0.0,13:59:06
18950.0,500,-1000.0,-0.1,SD,18520500.0,44720100.0,False,-50.0,13:59:06
19000.0,400,-950.0,0.0,BU,18520500.0,44719600.0,False,0.0,13:59:05
19000.0,100,-950.0,0.0,BU,18520100.0,44719600.0,False,0.0,13:59:05
19000.0,500,-950.0,0.0,BU,18520000.0,44719600.0,False,50.0,13:59:05
18950.0,500,-1000.0,-0.1,SD,18519500.0,44719600.0,False,0.0,13:59:04
18950.0,100,-1000.0,-0.1,SD,18519500.0,44719100.0,False,0.0,13:59:04
18950.0,100,-1000.0,-0.1,SD,18519500.0,44719000.0,False,0.0,13:59:04
18950.0,1600,-1000.0,-0.1,SD,18519500.0,44718900.0,False,0.0,13:59:04
18950.0,100,-1000.0,-0.1,SD,18519500.0,44717300.0,False,0.0,13:59:04
18950.0,100,-1000.0,-0.1,SD,18519500.0,44717200.0,False,-50.0,13:59:04
19000.0,100,-950.0,0.0,BU,18519500.0,44717100.0,False,0.0,13:58:59
19000.0,300,-950.0,0.0,BU,18519400.0,44717100.0,False,50.0,13:58:58
18950.0,100,-1000.0,-0.1,SD,18519100.0,44717100.0,False,0.0,13:58:57
18950.0,2900,-1000.0,-0.1,SD,18519100.0,44717000.0,False,-50.0,13:58:57
19000.0,400,-950.0,0.0,BU,18519100.0,44714100.0,False,0.0,13:58:54
19000.0,2200,-950.0,0.0,BU,18518700.0,44714100.0,False,0.0,13:58:52
19000.0,100,-950.0,0.0,BU,18516500.0,44714100.0,False,0.0,13:58:50
19000.0,100,-950.0,0.0,BU,18516400.0,44714100.0,False,50.0,13:58:48
18950.0,1000,-1000.0,-0.1,SD,18516300.0,44714100.0,False,-50.0,13:58:47
19000.0,200,-950.0,0.0,BU,18516300.0,44713100.0,False,0.0,13:58:44
19000.0,200,-950.0,0.0,BU,18516100.0,44713100.0,False,50.0,13:58:41
18950.0,200,-1000.0,-0.1,SD,18515900.0,44713100.0,False,-50.0,13:58:36
19000.0,1400,-950.0,0.0,BU,18515900.0,44712900.0,False,0.0,13:58:36
19000.0,400,-950.0,0.0,BU,18514500.0,44712900.0,False,0.0,13:58:36
19000.0,200,-950.0,0.0,BU,18514100.0,44712900.0,False,50.0,13:58:36
18950.0,400,-1000.0,-0.1,SD,18513900.0,44712900.0,False,0.0,13:58:32
18950.0,1900,-1000.0,-0.1,SD,18513900.0,44712500.0,False,0.0,13:58:32
18950.0,2200,-1000.0,-0.1,SD,18513900.0,44710600.0,False,0.0,13:58:32
18950.0,900,-1000.0,-0.1,SD,18513900.0,44708400.0,False,0.0,13:58:32
18950.0,100,-1000.0,-0.1,SD,18513900.0,44707500.0,False,0.0,13:58:32
18950.0,900,-1000.0,-0.1,SD,18513900.0,44707400.0,False,0.0,13:58:32
18950.0,1000,-1000.0,-0.1,SD,18513900.0,44706500.0,False,0.0,13:58:32
18950.0,700,-1000.0,-0.1,SD,18513900.0,44705500.0,False,0.0,13:58:32
18950.0,300,-1000.0,-0.1,SD,18513900.0,44704800.0,False,0.0,13:58:32
18950.0,600,-1000.0,-0.1,SD,18513900.0,44704500.0,False,0.0,13:58:32
18950.0,1000,-1000.0,-0.1,SD,18513900.0,44703900.0,False,-50.0,13:58:32
19000.0,2000,-950.0,0.0,BU,18513900.0,44702900.0,False,0.0,13:58:32
19000.0,200,-950.0,0.0,BU,18511900.0,44702900.0,False,0.0,13:58:32
19000.0,2000,-950.0,0.0,BU,18511700.0,44702900.0,False,0.0,13:58:32
19000.0,2000,-950.0,0.0,BU,18509700.0,44702900.0,False,0.0,13:58:32
19000.0,500,-950.0,0.0,BU,18507700.0,44702900.0,False,0.0,13:58:32
19000.0,500,-950.0,0.0,BU,18507200.0,44702900.0,False,0.0,13:58:32
19000.0,1000,-950.0,0.0,BU,18506700.0,44702900.0,False,0.0,13:58:32
19000.0,1800,-950.0,0.0,BU,18505700.0,44702900.0,False,0.0,13:58:32
19000.0,200,-950.0,0.0,BU,18503900.0,44702900.0,False,0.0,13:58:28
19000.0,200,-950.0,0.0,BU,18503700.0,44702900.0,False,0.0,13:58:28
19000.0,100,-950.0,0.0,BU,18503500.0,44702900.0,False,50.0,13:58:28
18950.0,100,-1000.0,-0.1,SD,18503400.0,44702900.0,False,-50.0,13:58:28
19000.0,900,-950.0,0.0,BU,18503400.0,44702800.0,False,0.0,13:58:26
19000.0,100,-950.0,0.0,BU,18502500.0,44702800.0,False,50.0,13:58:26
18950.0,900,-1000.0,-0.1,SD,18502400.0,44702800.0,False,0.0,13:58:26
18950.0,500,-1000.0,-0.1,SD,18502400.0,44701900.0,False,0.0,13:58:26
18950.0,200,-1000.0,-0.1,SD,18502400.0,44701400.0,False,0.0,13:58:26
18950.0,400,-1000.0,-0.1,SD,18502400.0,44701200.0,False,-50.0,13:58:26
19000.0,100,-950.0,0.0,BU,18502400.0,44700800.0,False,50.0,13:58:26
18950.0,2100,-1000.0,-0.1,SD,18502300.0,44700800.0,False,-50.0,13:58:25
19000.0,1200,-950.0,0.0,BU,18502300.0,44698700.0,False,0.0,13:58:25
19000.0,800,-950.0,0.0,BU,18501100.0,44698700.0,False,0.0,13:58:25
19000.0,200,-950.0,0.0,BU,18500300.0,44698700.0,False,0.0,13:58:24
19000.0,600,-950.0,0.0,BU,18500100.0,44698700.0,False,0.0,13:58:24
19000.0,400,-950.0,0.0,BU,18499500.0,44698700.0,False,0.0,13:58:22
19000.0,100,-950.0,0.0,BU,18499100.0,44698700.0,False,0.0,13:58:22
19000.0,2000,-950.0,0.0,BU,18499000.0,44698700.0,False,50.0,13:58:20
18950.0,700,-1000.0,-0.1,SD,18497000.0,44698700.0,False,0.0,13:58:19
18950.0,1300,-1000.0,-0.1,SD,18497000.0,44698000.0,False,0.0,13:58:19
18950.0,300,-1000.0,-0.1,SD,18497000.0,44696700.0,False,0.0,13:58:19
18950.0,100,-1000.0,-0.1,SD,18497000.0,44696400.0,False,0.0,13:58:19
18950.0,1600,-1000.0,-0.1,SD,18497000.0,44696300.0,False,0.0,13:58:19
18950.0,1400,-1000.0,-0.1,SD,18497000.0,44694700.0,False,0.0,13:58:18
18950.0,100,-1000.0,-0.1,SD,18497000.0,44693300.0,False,0.0,13:58:18
18950.0,900,-1000.0,-0.1,SD,18497000.0,44693200.0,False,0.0,13:58:18
18950.0,600,-1000.0,-0.1,SD,18497000.0,44692300.0,False,-50.0,13:58:18
19000.0,500,-950.0,0.0,BU,18497000.0,44691700.0,False,50.0,13:58:14
18950.0,1900,-1000.0,-0.1,SD,18496500.0,44691700.0,False,0.0,13:58:13
18950.0,100,-1000.0,-0.1,SD,18496500.0,44689800.0,False,0.0,13:58:13
18950.0,3000,-1000.0,-0.1,SD,18496500.0,44689700.0,False,-50.0,13:58:13
19000.0,5000,-950.0,0.0,BU,18496500.0,44686700.0,False,0.0,13:58:10
19000.0,1000,-950.0,0.0,BU,18491500.0,44686700.0,False,0.0,13:58:10
19000.0,2400,-950.0,0.0,BU,18490500.0,44686700.0,False,0.0,13:58:10
19000.0,2700,-950.0,0.0,BU,18488100.0,44686700.0,False,0.0,13:58:10
19000.0,10000,-950.0,0.0,BU,18485400.0,44686700.0,False,0.0,13:58:10
19000.0,2500,-950.0,0.0,BU,18475400.0,44686700.0,False,0.0,13:58:10
19000.0,5000,-950.0,0.0,BU,18472900.0,44686700.0,False,0.0,13:58:10
19000.0,200,-950.0,0.0,BU,18467900.0,44686700.0,False,0.0,13:58:10
19000.0,100,-950.0,0.0,BU,18467700.0,44686700.0,False,0.0,13:58:10
19000.0,200,-950.0,0.0,BU,18467600.0,44686700.0,False,0.0,13:58:10
19000.0,600,-950.0,0.0,BU,18467400.0,44686700.0,False,0.0,13:58:10
19000.0,2000,-950.0,0.0,BU,18466800.0,44686700.0,False,0.0,13:58:10
19000.0,500,-950.0,0.0,BU,18464800.0,44686700.0,False,0.0,13:58:10
19000.0,1000,-950.0,0.0,BU,18464300.0,44686700.0,False,0.0,13:58:10
19000.0,200,-950.0,0.0,BU,18463300.0,44686700.0,False,0.0,13:58:10
19000.0,4000,-950.0,0.0,BU,18463100.0,44686700.0,False,0.0,13:58:10
19000.0,3000,-950.0,0.0,BU,18459100.0,44686700.0,False,0.0,13:58:10
19000.0,900,-950.0,0.0,BU,18456100.0,44686700.0,False,0.0,13:58:10
19000.0,2000,-950.0,0.0,BU,18455200.0,44686700.0,False,0.0,13:58:10
19000.0,1000,-950.0,0.0,BU,18453200.0,44686700.0,False,0.0,13:58:10
19000.0,1000,-950.0,0.0,BU,18452200.0,44686700.0,False,0.0,13:58:10
19000.0,2000,-950.0,0.0,BU,18451200.0,44686700.0,False,0.0,13:58:10
19000.0,100,-950.0,0.0,BU,18449200.0,44686700.0,False,0.0,13:58:10
19000.0,500,-950.0,0.0,BU,18449100.0,44686700.0,False,0.0,13:58:10
19000.0,2000,-950.0,0.0,BU,18448600.0,44686700.0,False,0.0,13:58:10
19000.0,1000,-950.0,0.0,BU,18446600.0,44686700.0,False,0.0,13:58:10
19000.0,300,-950.0,0.0,BU,18445600.0,44686700.0,False,0.0,13:58:10
19000.0,100,-950.0,0.0,BU,18445300.0,44686700.0,False,0.0,13:58:10
19000.0,1500,-950.0,0.0,BU,18445200.0,44686700.0,False,0.0,13:58:10
19000.0,500,-950.0,0.0,BU,18443700.0,44686700.0,False,0.0,13:58:10
19000.0,700,-950.0,0.0,BU,18443200.0,44686700.0,False,50.0,13:58:10
18950.0,600,-1000.0,-0.1,SD,18442500.0,44686700.0,False,-50.0,13:58:09
19000.0,100,-950.0,0.0,BU,18442500.0,44686100.0,False,0.0,13:58:09
19000.0,200,-950.0,0.0,BU,18442400.0,44686100.0,False,0.0,13:58:08
19000.0,800,-950.0,0.0,BU,18442200.0,44686100.0,False,50.0,13:58:08
18950.0,200,-1000.0,-0.1,SD,18441400.0,44686100.0,False,0.0,13:58:08
18950.0,2000,-1000.0,-0.1,SD,18441400.0,44685900.0,False,0.0,13:58:08
18950.0,2400,-1000.0,-0.1,SD,18441400.0,44683900.0,False,0.0,13:58:08
18950.0,2000,-1000.0,-0.1,SD,18441400.0,44681500.0,False,0.0,13:58:08
18950.0,1400,-1000.0,-0.1,SD,18441400.0,44679500.0,False,0.0,13:58:08
18950.0,6500,-1000.0,-0.1,SD,18441400.0,44678100.0,False,0.0,13:58:08
18950.0,1000,-1000.0,-0.1,SD,18441400.0,44671600.0,False,0.0,13:58:08
18950.0,100,-1000.0,-0.1,SD,18441400.0,44670600.0,False,0.0,13:58:08
18950.0,300,-1000.0,-0.1,SD,18441400.0,44670500.0,False,0.0,13:58:08
18950.0,3000,-1000.0,-0.1,SD,18441400.0,44670200.0,False,0.0,13:58:08
18950.0,100,-1000.0,-0.1,SD,18441400.0,44667200.0,False,0.0,13:58:08
18950.0,100,-1000.0,-0.1,SD,18441400.0,44667100.0,False,0.0,13:58:08
18950.0,1000,-1000.0,-0.1,SD,18441400.0,44667000.0,False,0.0,13:58:08
18950.0,100,-1000.0,-0.1,SD,18441400.0,44666000.0,False,0.0,13:58:08
18950.0,1900,-1000.0,-0.1,SD,18441400.0,44665900.0,False,0.0,13:58:08
18950.0,100,-1000.0,-0.1,SD,18441400.0,44664000.0,False,0.0,13:58:08
18950.0,1000,-1000.0,-0.1,SD,18441400.0,44663900.0,False,0.0,13:58:08
18950.0,200,-1000.0,-0.1,SD,18441400.0,44662900.0,False,0.0,13:58:08
18950.0,2000,-1000.0,-0.1,SD,18441400.0,44662700.0,False,0.0,13:58:08
18950.0,100,-1000.0,-0.1,SD,18441400.0,44660700.0,False,0.0,13:58:08
18950.0,100,-1000.0,-0.1,SD,18441400.0,44660600.0,False,0.0,13:58:08
18950.0,2400,-1000.0,-0.1,SD,18441400.0,44660500.0,False,0.0,13:58:08
18950.0,2000,-1000.0,-0.1,SD,18441400.0,44658100.0,False,-50.0,13:58:08
19000.0,100,-950.0,0.0,BU,18441400.0,44656100.0,False,0.0,13:58:06
19000.0,100,-950.0,0.0,BU,18441300.0,44656100.0,False,0.0,13:58:05
19000.0,2000,-950.0,0.0,BU,18441200.0,44656100.0,False,0.0,13:58:05
19000.0,2000,-950.0,0.0,BU,18439200.0,44656100.0,False,0.0,13:58:05
19000.0,200,-950.0,0.0,BU,18437200.0,44656100.0,False,0.0,13:58:05
19000.0,200,-950.0,0.0,BU,18437000.0,44656100.0,False,0.0,13:58:05
19000.0,100,-950.0,0.0,BU,18436800.0,44656100.0,False,0.0,13:58:05
19000.0,400,-950.0,0.0,BU,18436700.0,44656100.0,False,0.0,13:58:05
19000.0,300,-950.0,0.0,BU,18436300.0,44656100.0,False,0.0,13:58:05
19000.0,700,-950.0,0.0,BU,18436000.0,44656100.0,False,0.0,13:58:05
19000.0,800,-950.0,0.0,BU,18435300.0,44656100.0,False,0.0,13:58:05
19000.0,100,-950.0,0.0,BU,18434500.0,44656100.0,False,0.0,13:58:03
19000.0,100,-950.0,0.0,BU,18434400.0,44656100.0,False,0.0,13:58:02
19000.0,1000,-950.0,0.0,BU,18434300.0,44656100.0,False,0.0,13:58:02
19000.0,500,-950.0,0.0,BU,18433300.0,44656100.0,False,0.0,13:58:02
19000.0,200,-950.0,0.0,BU,18432800.0,44656100.0,False,0.0,13:58:02
19000.0,5000,-950.0,0.0,BU,18432600.0,44656100.0,False,0.0,13:58:02
19000.0,100,-950.0,0.0,BU,18427600.0,44656100.0,False,0.0,13:58:02
19000.0,200,-950.0,0.0,BU,18427500.0,44656100.0,False,0.0,13:58:02
19000.0,5000,-950.0,0.0,BU,18427300.0,44656100.0,False,0.0,13:58:02
19000.0,300,-950.0,0.0,BU,18422300.0,44656100.0,False,0.0,13:58:02
19000.0,1000,-950.0,0.0,BU,18422000.0,44656100.0,False,0.0,13:58:02
19000.0,3600,-950.0,0.0,BU,18421000.0,44656100.0,False,0.0,13:58:02
19000.0,1000,-950.0,0.0,BU,18417400.0,44656100.0,False,0.0,13:58:01
19000.0,400,-950.0,0.0,BU,18416400.0,44656100.0,False,0.0,13:58:01
19000.0,700,-950.0,0.0,BU,18416000.0,44656100.0,False,0.0,13:58:01
19000.0,100,-950.0,0.0,BU,18415300.0,44656100.0,False,50.0,13:57:56
18950.0,3000,-1000.0,-0.1,SD,18415200.0,44656100.0,False,-50.0,13:57:56
19000.0,500,-950.0,0.0,BU,18415200.0,44653100.0,False,0.0,13:57:55
19000.0,300,-950.0,0.0,BU,18414700.0,44653100.0,False,50.0,13:57:51
18950.0,500,-1000.0,-0.1,SD,18414400.0,44653100.0,False,-50.0,13:57:50
19000.0,400,-950.0,0.0,BU,18414400.0,44652600.0,False,0.0,13:57:49
19000.0,2000,-950.0,0.0,BU,18414000.0,44652600.0,False,0.0,13:57:49
19000.0,200,-950.0,0.0,BU,18412000.0,44652600.0,False,0.0,13:57:49
19000.0,400,-950.0,0.0,BU,18411800.0,44652600.0,False,50.0,13:57:49
18950.0,500,-1000.0,-0.1,SD,18411400.0,44652600.0,False,-50.0,13:57:48
19000.0,200,-950.0,0.0,BU,18411400.0,44652100.0,False,0.0,13:57:48
19000.0,100,-950.0,0.0,BU,18411200.0,44652100.0,False,0.0,13:57:48
19000.0,1100,-950.0,0.0,BU,18411100.0,44652100.0,False,0.0,13:57:48
19000.0,300,-950.0,0.0,BU,18410000.0,44652100.0,False,0.0,13:57:46
19000.0,1000,-950.0,0.0,BU,18409700.0,44652100.0,False,0.0,13:57:43
19000.0,400,-950.0,0.0,BU,18408700.0,44652100.0,False,0.0,13:57:43
19000.0,300,-950.0,0.0,BU,18408300.0,44652100.0,False,50.0,13:57:42
18950.0,2000,-1000.0,-0.1,SD,18408000.0,44652100.0,False,-50.0,13:57:42
19000.0,1200,-950.0,0.0,BU,18408000.0,44650100.0,False,0.0,13:57:41
19000.0,100,-950.0,0.0,BU,18406800.0,44650100.0,False,0.0,13:57:41
19000.0,300,-950.0,0.0,BU,18406700.0,44650100.0,False,0.0,13:57:41
19000.0,1400,-950.0,0.0,BU,18406400.0,44650100.0,False,0.0,13:57:41
19000.0,400,-950.0,0.0,BU,18405000.0,44650100.0,False,0.0,13:57:39
19000.0,500,-950.0,0.0,BU,18404600.0,44650100.0,False,0.0,13:57:39
19000.0,500,-950.0,0.0,BU,18404100.0,44650100.0,False,0.0,13:57:39
19000.0,2000,-950.0,0.0,BU,18403600.0,44650100.0,False,0.0,13:57:39
19000.0,600,-950.0,0.0,BU,18401600.0,44650100.0,False,0.0,13:57:39
19000.0,100,-950.0,0.0,BU,18401000.0,44650100.0,False,0.0,13:57:39
19000.0,100,-950.0,0.0,BU,18400900.0,44650100.0,False,0.0,13:57:35
19000.0,500,-950.0,0.0,BU,18400800.0,44650100.0,False,0.0,13:57:35
19000.0,100,-950.0,0.0,BU,18400300.0,44650100.0,False,0.0,13:57:33
19000.0,1000,-950.0,0.0,BU,18400200.0,44650100.0,False,0.0,13:57:32
19000.0,3000,-950.0,0.0,BU,18399200.0,44650100.0,False,50.0,13:57:29
18950.0,2000,-1000.0,-0.1,SD,18396200.0,44650100.0,False,-50.0,13:57:29
19000.0,1600,-950.0,0.0,BU,18396200.0,44648100.0,False,0.0,13:57:28
19000.0,1000,-950.0,0.0,BU,18394600.0,44648100.0,False,0.0,13:57:28
19000.0,1100,-950.0,0.0,BU,18393600.0,44648100.0,False,50.0,13:57:28
18950.0,100,-1000.0,-0.1,SD,18392500.0,44648100.0,False,0.0,13:57:26
18950.0,900,-1000.0,-0.1,SD,18392500.0,44648000.0,False,0.0,13:57:26
18950.0,100,-1000.0,-0.1,SD,18392500.0,44647100.0,False,0.0,13:57:23
18950.0,300,-1000.0,-0.1,SD,18392500.0,44647000.0,False,0.0,13:57:23
18950.0,300,-1000.0,-0.1,SD,18392500.0,44646700.0,False,0.0,13:57:23
18950.0,1700,-1000.0,-0.1,SD,18392500.0,44646400.0,False,-50.0,13:57:23
19000.0,1900,-950.0,0.0,BU,18392500.0,44644700.0,False,0.0,13:57:22
19000.0,100,-950.0,0.0,BU,18390600.0,44644700.0,False,0.0,13:57:22
19000.0,100,-950.0,0.0,BU,18390500.0,44644700.0,False,0.0,13:57:21
19000.0,800,-950.0,0.0,BU,18390400.0,44644700.0,False,0.0,13:57:21
19000.0,200,-950.0,0.0,BU,18389600.0,44644700.0,False,0.0,13:57:21
19000.0,100,-950.0,0.0,BU,18389400.0,44644700.0,False,0.0,13:57:20
19000.0,100,-950.0,0.0,BU,18389300.0,44644700.0,False,0.0,13:57:17
19000.0,1700,-950.0,0.0,BU,18389200.0,44644700.0,False,0.0,13:57:14
19000.0,300,-950.0,0.0,BU,18387500.0,44644700.0,False,0.0,13:57:10
19000.0,100,-950.0,0.0,BU,18387200.0,44644700.0,False,50.0,13:57:09
18950.0,300,-1000.0,-0.1,SD,18387100.0,44644700.0,False,0.0,13:57:06
18950.0,200,-1000.0,-0.1,SD,18387100.0,44644400.0,False,0.0,13:57:03
18950.0,2000,-1000.0,-0.1,BU,18387100.0,44644200.0,False,0.0,13:57:01
18950.0,1000,-1000.0,-0.1,BU,18385100.0,44644200.0,False,0.0,13:57:01
18950.0,100,-1000.0,-0.1,BU,18384100.0,44644200.0,False,0.0,13:57:01
18950.0,600,-1000.0,-0.1,BU,18384000.0,44644200.0,False,0.0,13:57:01
18950.0,100,-1000.0,-0.1,BU,18383400.0,44644200.0,False,0.0,13:57:01
18950.0,500,-1000.0,-0.1,BU,18383300.0,44644200.0,False,0.0,13:57:00
18950.0,200,-1000.0,-0.1,BU,18382800.0,44644200.0,False,0.0,13:57:00
18950.0,100,-1000.0,-0.1,BU,18382600.0,44644200.0,False,0.0,13:57:00
18950.0,1700,-1000.0,-0.1,BU,18382500.0,44644200.0,False,0.0,13:57:00
18950.0,200,-1000.0,-0.1,BU,18380800.0,44644200.0,False,50.0,13:57:00
18900.0,1000,-1050.0,-0.1,SD,18380600.0,44644200.0,False,-50.0,13:56:59
18950.0,100,-1000.0,-0.1,BU,18380600.0,44643200.0,False,0.0,13:56:58
18950.0,1000,-1000.0,-0.1,BU,18380500.0,44643200.0,False,0.0,13:56:58
18950.0,2000,-1000.0,-0.1,BU,18379500.0,44643200.0,False,0.0,13:56:58
18950.0,300,-1000.0,-0.1,BU,18377500.0,44643200.0,False,0.0,13:56:58
18950.0,100,-1000.0,-0.1,BU,18377200.0,44643200.0,False,0.0,13:56:58
18950.0,1100,-1000.0,-0.1,BU,18377100.0,44643200.0,False,0.0,13:56:57
18950.0,400,-1000.0,-0.1,BU,18376000.0,44643200.0,False,0.0,13:56:57
18950.0,100,-1000.0,-0.1,BU,18375600.0,44643200.0,False,0.0,13:56:57
18950.0,100,-1000.0,-0.1,BU,18375500.0,44643200.0,False,0.0,13:56:57
18950.0,4600,-1000.0,-0.1,BU,18375400.0,44643200.0,False,0.0,13:56:57
18950.0,200,-1000.0,-0.1,BU,18370800.0,44643200.0,False,0.0,13:56:57
18950.0,1000,-1000.0,-0.1,BU,18370600.0,44643200.0,False,0.0,13:56:57
18950.0,1600,-1000.0,-0.1,BU,18369600.0,44643200.0,False,0.0,13:56:57
18950.0,500,-1000.0,-0.1,BU,18368000.0,44643200.0,False,0.0,13:56:57
18950.0,500,-1000.0,-0.1,BU,18367500.0,44643200.0,False,0.0,13:56:57
18950.0,1000,-1000.0,-0.1,BU,18367000.0,44643200.0,False,0.0,13:56:57
18950.0,1000,-1000.0,-0.1,BU,18366000.0,44643200.0,False,0.0,13:56:57
18950.0,900,-1000.0,-0.1,BU,18365000.0,44643200.0,False,0.0,13:56:57
18950.0,100,-1000.0,-0.1,BU,18364100.0,44643200.0,False,0.0,13:56:57
18950.0,200,-1000.0,-0.1,BU,18364000.0,44643200.0,False,0.0,13:56:56
18950.0,1400,-1000.0,-0.1,BU,18363800.0,44643200.0,False,0.0,13:56:55
18950.0,9000,-1000.0,-0.1,BU,18362400.0,44643200.0,False,0.0,13:56:55
18950.0,100,-1000.0,-0.1,BU,18353400.0,44643200.0,False,0.0,13:56:55
18950.0,1000,-1000.0,-0.1,BU,18353300.0,44643200.0,False,0.0,13:56:55
18950.0,3000,-1000.0,-0.1,BU,18352300.0,44643200.0,False,0.0,13:56:55
18950.0,2000,-1000.0,-0.1,BU,18349300.0,44643200.0,False,0.0,13:56:55
18950.0,500,-1000.0,-0.1,BU,18347300.0,44643200.0,False,0.0,13:56:55
18950.0,2500,-1000.0,-0.1,BU,18346800.0,44643200.0,False,0.0,13:56:55
18950.0,6700,-1000.0,-0.1,BU,18344300.0,44643200.0,False,50.0,13:56:55
18900.0,1400,-1050.0,-0.1,SD,18337600.0,44643200.0,False,0.0,13:56:55
18900.0,3600,-1050.0,-0.1,SD,18337600.0,44641800.0,False,-50.0,13:56:55
18950.0,500,-1000.0,-0.1,BU,18337600.0,44638200.0,False,0.0,13:56:54
18950.0,100,-1000.0,-0.1,BU,18337100.0,44638200.0,False,0.0,13:56:53
18950.0,100,-1000.0,-0.1,BU,18337000.0,44638200.0,False,0.0,13:56:53
18950.0,5000,-1000.0,-0.1,BU,18336900.0,44638200.0,False,0.0,13:56:53
18950.0,2000,-1000.0,-0.1,BU,18331900.0,44638200.0,False,0.0,13:56:53
18950.0,10000,-1000.0,-0.1,BU,18329900.0,44638200.0,False,0.0,13:56:52
18950.0,1000,-1000.0,-0.1,BU,18319900.0,44638200.0,False,0.0,13:56:51
18950.0,200,-1000.0,-0.1,BU,18318900.0,44638200.0,False,50.0,13:56:50
18900.0,600,-1050.0,-0.1,SD,18318700.0,44638200.0,False,0.0,13:56:50
18900.0,900,-1050.0,-0.1,SD,18318700.0,44637600.0,False,-50.0,13:56:50
18950.0,1000,-1000.0,-0.1,BU,18318700.0,44636700.0,False,0.0,13:56:50
18950.0,100,-1000.0,-0.1,BU,18317700.0,44636700.0,False,0.0,13:56:50
18950.0,100,-1000.0,-0.1,BU,18317600.0,44636700.0,False,0.0,13:56:49
18950.0,5000,-1000.0,-0.1,BU,18317500.0,44636700.0,False,0.0,13:56:49
18950.0,400,-1000.0,-0.1,BU,18312500.0,44636700.0,False,0.0,13:56:48
18950.0,1000,-1000.0,-0.1,BU,18312100.0,44636700.0,False,0.0,13:56:48
18950.0,200,-1000.0,-0.1,BU,18311100.0,44636700.0,False,0.0,13:56:47
18950.0,500,-1000.0,-0.1,BU,18310900.0,44636700.0,False,50.0,13:56:47
18900.0,100,-1050.0,-0.1,SD,18310400.0,44636700.0,False,0.0,13:56:46
18900.0,500,-1050.0,-0.1,SD,18310400.0,44636600.0,False,0.0,13:56:46
18900.0,900,-1050.0,-0.1,SD,18310400.0,44636100.0,False,-50.0,13:56:46
18950.0,100,-1000.0,-0.1,BU,18310400.0,44635200.0,False,0.0,13:56:46
18950.0,100,-1000.0,-0.1,BU,18310300.0,44635200.0,False,0.0,13:56:45
18950.0,100,-1000.0,-0.1,BU,18310200.0,44635200.0,False,0.0,13:56:43
18950.0,300,-1000.0,-0.1,BU,18310100.0,44635200.0,False,0.0,13:56:40
18950.0,2000,-1000.0,-0.1,BU,18309800.0,44635200.0,False,0.0,13:56:39
18950.0,200,-1000.0,-0.1,BU,18307800.0,44635200.0,False,0.0,13:56:37
18950.0,500,-1000.0,-0.1,BU,18307600.0,44635200.0,False,0.0,13:56:35
18950.0,700,-1000.0,-0.1,BU,18307100.0,44635200.0,False,0.0,13:56:32
18950.0,1000,-1000.0,-0.1,BU,18306400.0,44635200.0,False,50.0,13:56:32
18900.0,300,-1050.0,-0.1,SD,18305400.0,44635200.0,False,-50.0,13:56:32
18950.0,100,-1000.0,-0.1,BU,18305400.0,44634900.0,False,0.0,13:56:31
18950.0,100,-1000.0,-0.1,BU,18305300.0,44634900.0,False,50.0,13:56:30
18900.0,1800,-1050.0,-0.1,SD,18305200.0,44634900.0,False,0.0,13:56:30
18900.0,300,-1050.0,-0.1,SD,18305200.0,44633100.0,False,-50.0,13:56:30
18950.0,100,-1000.0,-0.1,BU,18305200.0,44632800.0,False,0.0,13:56:29
18950.0,1000,-1000.0,-0.1,BU,18305100.0,44632800.0,False,0.0,13:56:28
18950.0,400,-1000.0,-0.1,BU,18304100.0,44632800.0,False,0.0,13:56:28
18950.0,500,-1000.0,-0.1,BU,18303700.0,44632800.0,False,0.0,13:56:28
18950.0,100,-1000.0,-0.1,BU,18303200.0,44632800.0,False,0.0,13:56:27
18950.0,200,-1000.0,-0.1,BU,18303100.0,44632800.0,False,0.0,13:56:26
18950.0,500,-1000.0,-0.1,BU,18302900.0,44632800.0,False,0.0,13:56:25
18950.0,500,-1000.0,-0.1,BU,18302400.0,44632800.0,False,0.0,13:56:24
18950.0,500,-1000.0,-0.1,BU,18301900.0,44632800.0,False,0.0,13:56:24
18950.0,100,-1000.0,-0.1,BU,18301400.0,44632800.0,False,0.0,13:56:22
18950.0,200,-1000.0,-0.1,BU,18301300.0,44632800.0,False,0.0,13:56:22
18950.0,6800,-1000.0,-0.1,BU,18301100.0,44632800.0,False,0.0,13:56:21
18950.0,100,-1000.0,-0.1,BU,18294300.0,44632800.0,False,0.0,13:56:21
18950.0,1000,-1000.0,-0.1,BU,18294200.0,44632800.0,False,0.0,13:56:21
18950.0,200,-1000.0,-0.1,BU,18293200.0,44632800.0,False,0.0,13:56:21
18950.0,100,-1000.0,-0.1,BU,18293000.0,44632800.0,False,0.0,13:56:21
18950.0,200,-1000.0,-0.1,BU,18292900.0,44632800.0,False,0.0,13:56:21
18950.0,100,-1000.0,-0.1,BU,18292700.0,44632800.0,False,0.0,13:56:19
18950.0,100,-1000.0,-0.1,BU,18292600.0,44632800.0,False,0.0,13:56:19
18950.0,100,-1000.0,-0.1,BU,18292500.0,44632800.0,False,0.0,13:56:17
18950.0,300,-1000.0,-0.1,BU,18292400.0,44632800.0,False,0.0,13:56:16
18950.0,900,-1000.0,-0.1,BU,18292100.0,44632800.0,False,0.0,13:56:15
18950.0,200,-1000.0,-0.1,BU,18291200.0,44632800.0,False,0.0,13:56:14
18950.0,900,-1000.0,-0.1,BU,18291000.0,44632800.0,False,0.0,13:56:13
18950.0,5000,-1000.0,-0.1,BU,18290100.0,44632800.0,False,0.0,13:56:13
18950.0,100,-1000.0,-0.1,BU,18285100.0,44632800.0,False,0.0,13:56:11
18950.0,200,-1000.0,-0.1,BU,18285000.0,44632800.0,False,0.0,13:56:10
18950.0,1000,-1000.0,-0.1,BU,18284800.0,44632800.0,False,0.0,13:56:06
18950.0,1700,-1000.0,-0.1,BU,18283800.0,44632800.0,False,0.0,13:56:04
18950.0,100,-1000.0,-0.1,BU,18282100.0,44632800.0,False,0.0,13:56:04
18950.0,1000,-1000.0,-0.1,BU,18282000.0,44632800.0,False,50.0,13:56:04
18900.0,1000,-1050.0,-0.1,SD,18281000.0,44632800.0,False,0.0,13:56:03
18900.0,100,-1050.0,-0.1,SD,18281000.0,44631800.0,False,0.0,13:56:03
18900.0,100,-1050.0,-0.1,SD,18281000.0,44631700.0,False,0.0,13:56:03
18900.0,1000,-1050.0,-0.1,SD,18281000.0,44631600.0,False,0.0,13:56:03
18900.0,100,-1050.0,-0.1,SD,18281000.0,44630600.0,False,0.0,13:56:03
18900.0,1000,-1050.0,-0.1,SD,18281000.0,44630500.0,False,0.0,13:56:03
18900.0,700,-1050.0,-0.1,SD,18281000.0,44629500.0,False,-50.0,13:56:03
18950.0,500,-1000.0,-0.1,BU,18281000.0,44628800.0,False,50.0,13:56:03
18900.0,500,-1050.0,-0.1,SD,18280500.0,44628800.0,False,-50.0,13:56:02
18950.0,500,-1000.0,-0.1,BU,18280500.0,44628300.0,False,0.0,13:56:00
18950.0,1000,-1000.0,-0.1,BU,18280000.0,44628300.0,False,0.0,13:55:59
18950.0,7000,-1000.0,-0.1,BU,18279000.0,44628300.0,False,0.0,13:55:58
18950.0,100,-1000.0,-0.1,BU,18272000.0,44628300.0,False,0.0,13:55:58
18950.0,1000,-1000.0,-0.1,BU,18271900.0,44628300.0,False,0.0,13:55:58
18950.0,700,-1000.0,-0.1,BU,18270900.0,44628300.0,False,50.0,13:55:58
18900.0,100,-1050.0,-0.1,SD,18270200.0,44628300.0,False,0.0,13:55:57
18900.0,100,-1050.0,-0.1,SD,18270200.0,44628200.0,False,0.0,13:55:56
18900.0,3600,-1050.0,-0.1,SD,18270200.0,44628100.0,False,0.0,13:55:53
18900.0,600,-1050.0,-0.1,SD,18270200.0,44624500.0,False,0.0,13:55:53
18900.0,5800,-1050.0,-0.1,SD,18270200.0,44623900.0,False,0.0,13:55:53
18900.0,100,-1050.0,-0.1,SD,18270200.0,44618100.0,False,-50.0,13:55:52
18950.0,400,-1000.0,-0.1,BU,18270200.0,44618000.0,False,50.0,13:55:52
18900.0,100,-1050.0,-0.1,SD,18269800.0,44618000.0,False,-50.0,13:55:44
18950.0,3900,-1000.0,-0.1,BU,18269800.0,44617900.0,False,0.0,13:55:44
18950.0,1000,-1000.0,-0.1,BU,18265900.0,44617900.0,False,0.0,13:55:44
18950.0,600,-1000.0,-0.1,BU,18264900.0,44617900.0,False,0.0,13:55:44
18950.0,200,-1000.0,-0.1,BU,18264300.0,44617900.0,False,0.0,13:55:44
18950.0,500,-1000.0,-0.1,BU,18264100.0,44617900.0,False,0.0,13:55:44
18950.0,1000,-1000.0,-0.1,BU,18263600.0,44617900.0,False,0.0,13:55:44
18950.0,12800,-1000.0,-0.1,BU,18262600.0,44617900.0,True,50.0,13:55:44
18900.0,300,-1050.0,-0.1,SD,18249800.0,44617900.0,False,-50.0,13:55:42
18950.0,200,-1000.0,-0.1,BU,18249800.0,44617600.0,False,50.0,13:55:41
18900.0,900,-1050.0,-0.1,SD,18249600.0,44617600.0,False,-50.0,13:55:41
18950.0,1000,-1000.0,-0.1,BU,18249600.0,44616700.0,False,0.0,13:55:39
18950.0,2600,-1000.0,-0.1,BU,18248600.0,44616700.0,False,0.0,13:55:37
18950.0,1000,-1000.0,-0.1,BU,18246000.0,44616700.0,False,50.0,13:55:37
18900.0,5000,-1050.0,-0.1,SD,18245000.0,44616700.0,False,-50.0,13:55:35
18950.0,400,-1000.0,-0.1,BU,18245000.0,44611700.0,False,0.0,13:55:31
18950.0,300,-1000.0,-0.1,BU,18244600.0,44611700.0,False,0.0,13:55:31
18950.0,300,-1000.0,-0.1,BU,18244300.0,44611700.0,False,0.0,13:55:31
18950.0,3000,-1000.0,-0.1,BU,18244000.0,44611700.0,False,0.0,13:55:31
18950.0,400,-1000.0,-0.1,BU,18241000.0,44611700.0,False,0.0,13:55:31
18950.0,1000,-1000.0,-0.1,BU,18240600.0,44611700.0,False,0.0,13:55:31
18950.0,300,-1000.0,-0.1,BU,18239600.0,44611700.0,False,50.0,13:55:31
18900.0,7100,-1050.0,-0.1,SD,18239300.0,44611700.0,False,0.0,13:55:30
18900.0,4000,-1050.0,-0.1,SD,18239300.0,44604600.0,False,0.0,13:55:30
18900.0,800,-1050.0,-0.1,SD,18239300.0,44600600.0,False,0.0,13:55:30
18900.0,2000,-1050.0,-0.1,SD,18239300.0,44599800.0,False,0.0,13:55:30
18900.0,5000,-1050.0,-0.1,SD,18239300.0,44597800.0,False,0.0,13:55:30
18900.0,100,-1050.0,-0.1,SD,18239300.0,44592800.0,False,0.0,13:55:30
18900.0,1000,-1050.0,-0.1,SD,18239300.0,44592700.0,False,0.0,13:55:30
18900.0,500,-1050.0,-0.1,SD,18239300.0,44591700.0,False,0.0,13:55:29
18900.0,100,-1050.0,-0.1,SD,18239300.0,44591200.0,False,0.0,13:55:29
18900.0,200,-1050.0,-0.1,SD,18239300.0,44591100.0,False,-50.0,13:55:28
18950.0,900,-1000.0,-0.1,BU,18239300.0,44590900.0,False,0.0,13:55:27
18950.0,100,-1000.0,-0.1,BU,18238400.0,44590900.0,False,50.0,13:55:27
18900.0,500,-1050.0,-0.1,SD,18238300.0,44590900.0,False,-50.0,13:55:26
18950.0,200,-1000.0,-0.1,BU,18238300.0,44590400.0,False,50.0,13:55:25
18900.0,2000,-1050.0,-0.1,SD,18238100.0,44590400.0,False,0.0,13:55:22
18900.0,1500,-1050.0,-0.1,SD,18238100.0,44588400.0,False,0.0,13:55:22
18900.0,10000,-1050.0,-0.1,SD,18238100.0,44586900.0,False,0.0,13:55:21
18900.0,200,-1050.0,-0.1,SD,18238100.0,44576900.0,False,0.0,13:55:20
18900.0,400,-1050.0,-0.1,SD,18238100.0,44576700.0,False,0.0,13:55:19
18900.0,1000,-1050.0,-0.1,BU,18238100.0,44576300.0,False,0.0,13:55:17
18900.0,1000,-1050.0,-0.1,BU,18237100.0,44576300.0,False,0.0,13:55:17
18900.0,2000,-1050.0,-0.1,BU,18236100.0,44576300.0,False,0.0,13:55:17
18900.0,5000,-1050.0,-0.1,BU,18234100.0,44576300.0,False,0.0,13:55:17
18900.0,500,-1050.0,-0.1,BU,18229100.0,44576300.0,False,0.0,13:55:17
18900.0,2000,-1050.0,-0.1,BU,18228600.0,44576300.0,False,0.0,13:55:17
18900.0,4000,-1050.0,-0.1,BU,18226600.0,44576300.0,False,0.0,13:55:17
18900.0,900,-1050.0,-0.1,BU,18222600.0,44576300.0,False,0.0,13:55:17
18900.0,300,-1050.0,-0.1,BU,18221700.0,44576300.0,False,0.0,13:55:17
18900.0,2000,-1050.0,-0.1,BU,18221400.0,44576300.0,False,0.0,13:55:17
18900.0,500,-1050.0,-0.1,BU,18219400.0,44576300.0,False,0.0,13:55:17
18900.0,600,-1050.0,-0.1,BU,18218900.0,44576300.0,False,0.0,13:55:17
18900.0,100,-1050.0,-0.1,BU,18218300.0,44576300.0,False,0.0,13:55:17
18900.0,100,-1050.0,-0.1,BU,18218200.0,44576300.0,False,50.0,13:55:17
18850.0,300,-1100.0,-0.1,SD,18218100.0,44576300.0,False,-50.0,13:55:16
18900.0,200,-1050.0,-0.1,BU,18218100.0,44576000.0,False,0.0,13:55:16
18900.0,200,-1050.0,-0.1,BU,18217900.0,44576000.0,False,0.0,13:55:15
18900.0,800,-1050.0,-0.1,BU,18217700.0,44576000.0,False,0.0,13:55:15
18900.0,200,-1050.0,-0.1,BU,18216900.0,44576000.0,False,50.0,13:55:15
18850.0,900,-1100.0,-0.1,SD,18216700.0,44576000.0,False,-50.0,13:55:14
18900.0,100,-1050.0,-0.1,BU,18216700.0,44575100.0,False,0.0,13:55:13
18900.0,100,-1050.0,-0.1,BU,18216600.0,44575100.0,False,0.0,13:55:13
18900.0,500,-1050.0,-0.1,BU,18216500.0,44575100.0,False,0.0,13:55:13
18900.0,100,-1050.0,-0.1,BU,18216000.0,44575100.0,False,0.0,13:55:12
18900.0,900,-1050.0,-0.1,BU,18215900.0,44575100.0,False,0.0,13:55:12
18900.0,100,-1050.0,-0.1,BU,18215000.0,44575100.0,False,0.0,13:55:12
18900.0,2000,-1050.0,-0.1,BU,18214900.0,44575100.0,False,0.0,13:55:12
18900.0,300,-1050.0,-0.1,BU,18212900.0,44575100.0,False,0.0,13:55:11
18900.0,700,-1050.0,-0.1,BU,18212600.0,44575100.0,False,0.0,13:55:10
18900.0,300,-1050.0,-0.1,BU,18211900.0,44575100.0,False,0.0,13:55:10
18900.0,100,-1050.0,-0.1,BU,18211600.0,44575100.0,False,0.0,13:55:09
18900.0,100,-1050.0,-0.1,BU,18211500.0,44575100.0,False,0.0,13:55:09
18900.0,600,-1050.0,-0.1,BU,18211400.0,44575100.0,False,0.0,13:55:08
18900.0,7800,-1050.0,-0.1,BU,18210800.0,44575100.0,False,0.0,13:55:08
18900.0,4000,-1050.0,-0.1,BU,18203000.0,44575100.0,False,0.0,13:55:08
18900.0,2000,-1050.0,-0.1,BU,18199000.0,44575100.0,False,0.0,13:55:08
18900.0,100,-1050.0,-0.1,BU,18197000.0,44575100.0,False,0.0,13:55:05
18900.0,400,-1050.0,-0.1,BU,18196900.0,44575100.0,False,50.0,13:55:05
18850.0,800,-1100.0,-0.1,SD,18196500.0,44575100.0,False,0.0,13:55:05
18850.0,100,-1100.0,-0.1,SD,18196500.0,44574300.0,False,-50.0,13:55:05
18900.0,2600,-1050.0,-0.1,BU,18196500.0,44574200.0,False,0.0,13:55:04
18900.0,100,-1050.0,-0.1,BU,18193900.0,44574200.0,False,0.0,13:55:04
18900.0,100,-1050.0,-0.1,BU,18193800.0,44574200.0,False,0.0,13:55:04
18900.0,200,-1050.0,-0.1,BU,18193700.0,44574200.0,False,0.0,13:55:04
18900.0,200,-1050.0,-0.1,BU,18193500.0,44574200.0,False,0.0,13:55:04
18900.0,200,-1050.0,-0.1,BU,18193300.0,44574200.0,False,0.0,13:55:04
18900.0,400,-1050.0,-0.1,BU,18193100.0,44574200.0,False,0.0,13:55:04
18900.0,400,-1050.0,-0.1,BU,18192700.0,44574200.0,False,0.0,13:55:04
18900.0,9600,-1050.0,-0.1,BU,18192300.0,44574200.0,False,0.0,13:55:03
18900.0,400,-1050.0,-0.1,BU,18182700.0,44574200.0,False,0.0,13:55:03
18900.0,100,-1050.0,-0.1,BU,18182300.0,44574200.0,False,0.0,13:55:02
18900.0,100,-1050.0,-0.1,BU,18182200.0,44574200.0,False,0.0,13:55:02
18900.0,500,-1050.0,-0.1,BU,18182100.0,44574200.0,False,0.0,13:55:02
18900.0,200,-1050.0,-0.1,BU,18181600.0,44574200.0,False,0.0,13:55:02
18900.0,100,-1050.0,-0.1,BU,18181400.0,44574200.0,False,0.0,13:55:02
18900.0,300,-1050.0,-0.1,BU,18181300.0,44574200.0,False,50.0,13:55:02
18850.0,900,-1100.0,-0.1,SD,18181000.0,44574200.0,False,-50.0,13:55:01
18900.0,400,-1050.0,-0.1,BU,18181000.0,44573300.0,False,50.0,13:55:01
18850.0,400,-1100.0,-0.1,SD,18180600.0,44573300.0,False,-50.0,13:55:01
18900.0,100,-1050.0,-0.1,BU,18180600.0,44572900.0,False,0.0,13:55:01
18900.0,1000,-1050.0,-0.1,BU,18180500.0,44572900.0,False,0.0,13:55:00
18900.0,1000,-1050.0,-0.1,BU,18179500.0,44572900.0,False,0.0,13:55:00
18900.0,5600,-1050.0,-0.1,BU,18178500.0,44572900.0,False,0.0,13:55:00
18900.0,1500,-1050.0,-0.1,BU,18172900.0,44572900.0,False,0.0,13:55:00
18900.0,2000,-1050.0,-0.1,BU,18171400.0,44572900.0,False,0.0,13:55:00
18900.0,1400,-1050.0,-0.1,BU,18169400.0,44572900.0,False,0.0,13:55:00
18900.0,1000,-1050.0,-0.1,BU,18168000.0,44572900.0,False,0.0,13:55:00
18900.0,200,-1050.0,-0.1,BU,18167000.0,44572900.0,False,0.0,13:55:00
18900.0,200,-1050.0,-0.1,BU,18166800.0,44572900.0,False,50.0,13:55:00
18850.0,200,-1100.0,-0.1,SD,18166600.0,44572900.0,False,0.0,13:55:00
18850.0,200,-1100.0,-0.1,SD,18166600.0,44572700.0,False,0.0,13:54:59
18850.0,2100,-1100.0,-0.1,SD,18166600.0,44572500.0,False,0.0,13:54:59
18850.0,1000,-1100.0,-0.1,SD,18166600.0,44570400.0,False,0.0,13:54:59
18850.0,500,-1100.0,-0.1,SD,18166600.0,44569400.0,False,0.0,13:54:59
18850.0,2000,-1100.0,-0.1,SD,18166600.0,44568900.0,False,-50.0,13:54:59
18900.0,1000,-1050.0,-0.1,BU,18166600.0,44566900.0,False,0.0,13:54:59
18900.0,500,-1050.0,-0.1,BU,18165600.0,44566900.0,False,50.0,13:54:59
18850.0,100,-1100.0,-0.1,SD,18165100.0,44566900.0,False,-50.0,13:54:58
18900.0,100,-1050.0,-0.1,BU,18165100.0,44566800.0,False,0.0,13:54:57
18900.0,200,-1050.0,-0.1,BU,18165000.0,44566800.0,False,0.0,13:54:57
18900.0,200,-1050.0,-0.1,BU,18164800.0,44566800.0,False,0.0,13:54:57
18900.0,600,-1050.0,-0.1,BU,18164600.0,44566800.0,False,0.0,13:54:56
18900.0,100,-1050.0,-0.1,BU,18164000.0,44566800.0,False,0.0,13:54:55
18900.0,100,-1050.0,-0.1,BU,18163900.0,44566800.0,False,0.0,13:54:54
18900.0,200,-1050.0,-0.1,BU,18163800.0,44566800.0,False,0.0,13:54:51
18900.0,400,-1050.0,-0.1,BU,18163600.0,44566800.0,False,0.0,13:54:50
18900.0,2000,-1050.0,-0.1,BU,18163200.0,44566800.0,False,0.0,13:54:50
18900.0,1000,-1050.0,-0.1,BU,18161200.0,44566800.0,False,0.0,13:54:49
18900.0,300,-1050.0,-0.1,BU,18160200.0,44566800.0,False,0.0,13:54:48
18900.0,500,-1050.0,-0.1,BU,18159900.0,44566800.0,False,0.0,13:54:46
18900.0,100,-1050.0,-0.1,BU,18159400.0,44566800.0,False,0.0,13:54:45
18900.0,100,-1050.0,-0.1,BU,18159300.0,44566800.0,False,0.0,13:54:44
18900.0,100,-1050.0,-0.1,BU,18159200.0,44566800.0,False,0.0,13:54:44
18900.0,500,-1050.0,-0.1,BU,18159100.0,44566800.0,False,0.0,13:54:44
18900.0,200,-1050.0,-0.1,BU,18158600.0,44566800.0,False,0.0,13:54:41
18900.0,100,-1050.0,-0.1,BU,18158400.0,44566800.0,False,0.0,13:54:39
18900.0,100,-1050.0,-0.1,BU,18158300.0,44566800.0,False,50.0,13:54:36
18850.0,100,-1100.0,-0.1,SD,18158200.0,44566800.0,False,-50.0,13:54:35
18900.0,2000,-1050.0,-0.1,BU,18158200.0,44566700.0,False,0.0,13:54:32
18900.0,100,-1050.0,-0.1,BU,18156200.0,44566700.0,False,0.0,13:54:30
18900.0,500,-1050.0,-0.1,BU,18156100.0,44566700.0,False,0.0,13:54:29
18900.0,500,-1050.0,-0.1,BU,18155600.0,44566700.0,False,0.0,13:54:29
18900.0,700,-1050.0,-0.1,BU,18155100.0,44566700.0,False,0.0,13:54:28
18900.0,500,-1050.0,-0.1,BU,18154400.0,44566700.0,False,0.0,13:54:27
18900.0,1000,-1050.0,-0.1,BU,18153900.0,44566700.0,False,50.0,13:54:27
18850.0,1500,-1100.0,-0.1,SD,18152900.0,44566700.0,False,-50.0,13:54:24
18900.0,100,-1050.0,-0.1,BU,18152900.0,44565200.0,False,0.0,13:54:23
18900.0,800,-1050.0,-0.1,BU,18152800.0,44565200.0,False,50.0,13:54:18
18850.0,600,-1100.0,-0.1,BU,18152000.0,44565200.0,False,0.0,13:54:18
18850.0,700,-1100.0,-0.1,BU,18151400.0,44565200.0,False,0.0,13:54:18
18850.0,600,-1100.0,-0.1,BU,18150700.0,44565200.0,False,0.0,13:54:18
18850.0,500,-1100.0,-0.1,BU,18150100.0,44565200.0,False,0.0,13:54:18
18850.0,1900,-1100.0,-0.1,BU,18149600.0,44565200.0,False,0.0,13:54:18
18850.0,500,-1100.0,-0.1,BU,18147700.0,44565200.0,False,0.0,13:54:18
18850.0,400,-1100.0,-0.1,BU,18147200.0,44565200.0,False,0.0,13:54:18
18850.0,100,-1100.0,-0.1,BU,18146800.0,44565200.0,False,0.0,13:54:18
18850.0,700,-1100.0,-0.1,BU,18146700.0,44565200.0,False,0.0,13:54:17
18850.0,1000,-1100.0,-0.1,BU,18146000.0,44565200.0,False,0.0,13:54:17
18850.0,200,-1100.0,-0.1,BU,18145000.0,44565200.0,False,0.0,13:54:17
18850.0,1000,-1100.0,-0.1,BU,18144800.0,44565200.0,False,0.0,13:54:17
18850.0,300,-1100.0,-0.1,BU,18143800.0,44565200.0,False,0.0,13:54:17
18850.0,400,-1100.0,-0.1,BU,18143500.0,44565200.0,False,0.0,13:54:17
18850.0,200,-1100.0,-0.1,BU,18143100.0,44565200.0,False,0.0,13:54:17
18850.0,100,-1100.0,-0.1,BU,18142900.0,44565200.0,False,0.0,13:54:16
18850.0,100,-1100.0,-0.1,BU,18142800.0,44565200.0,False,0.0,13:54:15
18850.0,100,-1100.0,-0.1,BU,18142700.0,44565200.0,False,0.0,13:54:15
18850.0,200,-1100.0,-0.1,BU,18142600.0,44565200.0,False,0.0,13:54:15
18850.0,1000,-1100.0,-0.1,BU,18142400.0,44565200.0,False,0.0,13:54:15
18850.0,100,-1100.0,-0.1,BU,18141400.0,44565200.0,False,0.0,13:54:15
18850.0,700,-1100.0,-0.1,BU,18141300.0,44565200.0,False,0.0,13:54:15
18850.0,100,-1100.0,-0.1,BU,18140600.0,44565200.0,False,0.0,13:54:15
18850.0,500,-1100.0,-0.1,BU,18140500.0,44565200.0,False,0.0,13:54:14
18850.0,2800,-1100.0,-0.1,BU,18140000.0,44565200.0,False,0.0,13:54:14
18850.0,400,-1100.0,-0.1,BU,18137200.0,44565200.0,False,0.0,13:54:14
18850.0,500,-1100.0,-0.1,BU,18136800.0,44565200.0,False,0.0,13:54:14
18850.0,100,-1100.0,-0.1,BU,18136300.0,44565200.0,False,0.0,13:54:12
18850.0,4900,-1100.0,-0.1,BU,18136200.0,44565200.0,False,0.0,13:54:12
18850.0,100,-1100.0,-0.1,BU,18131300.0,44565200.0,False,0.0,13:54:12
18850.0,100,-1100.0,-0.1,BU,18131200.0,44565200.0,False,0.0,13:54:12
18850.0,900,-1100.0,-0.1,BU,18131100.0,44565200.0,False,0.0,13:54:12
18850.0,300,-1100.0,-0.1,BU,18130200.0,44565200.0,False,0.0,13:54:12
18850.0,200,-1100.0,-0.1,BU,18129900.0,44565200.0,False,0.0,13:54:12
18850.0,100,-1100.0,-0.1,BU,18129700.0,44565200.0,False,0.0,13:54:10
18850.0,900,-1100.0,-0.1,BU,18129600.0,44565200.0,False,0.0,13:54:10
18850.0,500,-1100.0,-0.1,BU,18128700.0,44565200.0,False,0.0,13:54:10
18850.0,2000,-1100.0,-0.1,BU,18128200.0,44565200.0,False,0.0,13:54:10
18850.0,300,-1100.0,-0.1,BU,18126200.0,44565200.0,False,0.0,13:54:10
18850.0,900,-1100.0,-0.1,BU,18125900.0,44565200.0,False,0.0,13:54:09
18850.0,1000,-1100.0,-0.1,BU,18125000.0,44565200.0,False,0.0,13:54:09
18850.0,1000,-1100.0,-0.1,BU,18124000.0,44565200.0,False,0.0,13:54:07
18850.0,100,-1100.0,-0.1,BU,18123000.0,44565200.0,False,0.0,13:54:06
18850.0,100,-1100.0,-0.1,BU,18122900.0,44565200.0,False,0.0,13:54:06
18850.0,600,-1100.0,-0.1,BU,18122800.0,44565200.0,False,0.0,13:54:04
18850.0,1000,-1100.0,-0.1,BU,18122200.0,44565200.0,False,0.0,13:54:04
18850.0,1000,-1100.0,-0.1,BU,18121200.0,44565200.0,False,0.0,13:54:03
18850.0,200,-1100.0,-0.1,BU,18120200.0,44565200.0,False,0.0,13:54:03
18850.0,200,-1100.0,-0.1,BU,18120000.0,44565200.0,False,0.0,13:54:03
18850.0,400,-1100.0,-0.1,BU,18119800.0,44565200.0,False,0.0,13:54:03
18850.0,300,-1100.0,-0.1,BU,18119400.0,44565200.0,False,0.0,13:54:02
18850.0,200,-1100.0,-0.1,BU,18119100.0,44565200.0,False,0.0,13:54:01
18850.0,1000,-1100.0,-0.1,BU,18118900.0,44565200.0,False,0.0,13:54:01
18850.0,1000,-1100.0,-0.1,BU,18117900.0,44565200.0,False,0.0,13:54:01
18850.0,5000,-1100.0,-0.1,BU,18116900.0,44565200.0,False,0.0,13:54:00
18850.0,100,-1100.0,-0.1,BU,18111900.0,44565200.0,False,0.0,13:53:59
18850.0,100,-1100.0,-0.1,BU,18111800.0,44565200.0,False,0.0,13:53:58
18850.0,2100,-1100.0,-0.1,BU,18111700.0,44565200.0,False,0.0,13:53:57
18850.0,1000,-1100.0,-0.1,BU,18109600.0,44565200.0,False,50.0,13:53:57
18800.0,9600,-1150.0,-0.1,SD,18108600.0,44565200.0,False,-50.0,13:53:56
18850.0,500,-1100.0,-0.1,BU,18108600.0,44555600.0,False,0.0,13:53:56
18850.0,3000,-1100.0,-0.1,BU,18108100.0,44555600.0,False,0.0,13:53:56
18850.0,100,-1100.0,-0.1,BU,18105100.0,44555600.0,False,0.0,13:53:55
18850.0,500,-1100.0,-0.1,BU,18105000.0,44555600.0,False,0.0,13:53:54
18850.0,3500,-1100.0,-0.1,BU,18104500.0,44555600.0,False,0.0,13:53:53
18850.0,1400,-1100.0,-0.1,BU,18101000.0,44555600.0,False,0.0,13:53:52
18850.0,1500,-1100.0,-0.1,BU,18099600.0,44555600.0,False,0.0,13:53:52
18850.0,1700,-1100.0,-0.1,BU,18098100.0,44555600.0,False,0.0,13:53:52
18850.0,300,-1100.0,-0.1,BU,18096400.0,44555600.0,False,0.0,13:53:49
18850.0,1000,-1100.0,-0.1,BU,18096100.0,44555600.0,False,0.0,13:53:47
18850.0,100,-1100.0,-0.1,BU,18095100.0,44555600.0,False,0.0,13:53:46
18850.0,100,-1100.0,-0.1,BU,18095000.0,44555600.0,False,0.0,13:53:46
18850.0,100,-1100.0,-0.1,BU,18094900.0,44555600.0,False,0.0,13:53:46
18850.0,1000,-1100.0,-0.1,BU,18094800.0,44555600.0,False,0.0,13:53:45
18850.0,300,-1100.0,-0.1,BU,18093800.0,44555600.0,False,0.0,13:53:44
18850.0,100,-1100.0,-0.1,BU,18093500.0,44555600.0,False,50.0,13:53:37
18800.0,1000,-1150.0,-0.1,SD,18093400.0,44555600.0,False,-50.0,13:53:36
18850.0,300,-1100.0,-0.1,BU,18093400.0,44554600.0,False,0.0,13:53:35
18850.0,200,-1100.0,-0.1,BU,18093100.0,44554600.0,False,50.0,13:53:35
18800.0,5000,-1150.0,-0.1,SD,18092900.0,44554600.0,False,0.0,13:53:30
18800.0,1200,-1150.0,-0.1,SD,18092900.0,44549600.0,False,0.0,13:53:30
18800.0,200,-1150.0,-0.1,SD,18092900.0,44548400.0,False,0.0,13:53:29
18800.0,3000,-1150.0,-0.1,SD,18092900.0,44548200.0,False,0.0,13:53:29
18800.0,100,-1150.0,-0.1,SD,18092900.0,44545200.0,False,0.0,13:53:28
18800.0,100,-1150.0,-0.1,SD,18092900.0,44545100.0,False,0.0,13:53:28
18800.0,4000,-1150.0,-0.1,SD,18092900.0,44545000.0,False,0.0,13:53:28
18800.0,500,-1150.0,-0.1,SD,18092900.0,44541000.0,False,0.0,13:53:28
18800.0,2000,-1150.0,-0.1,SD,18092900.0,44540500.0,False,0.0,13:53:28
18800.0,300,-1150.0,-0.1,SD,18092900.0,44538500.0,False,0.0,13:53:28
18800.0,5000,-1150.0,-0.1,SD,18092900.0,44538200.0,False,0.0,13:53:28
18800.0,1000,-1150.0,-0.1,SD,18092900.0,44533200.0,False,0.0,13:53:28
18800.0,100,-1150.0,-0.1,SD,18092900.0,44532200.0,False,0.0,13:53:28
18800.0,200,-1150.0,-0.1,SD,18092900.0,44532100.0,False,0.0,13:53:28
18800.0,500,-1150.0,-0.1,SD,18092900.0,44531900.0,False,0.0,13:53:28
18800.0,500,-1150.0,-0.1,SD,18092900.0,44531400.0,False,0.0,13:53:28
18800.0,100,-1150.0,-0.1,SD,18092900.0,44530900.0,False,0.0,13:53:28
18800.0,1900,-1150.0,-0.1,SD,18092900.0,44530800.0,False,0.0,13:53:28
18800.0,1600,-1150.0,-0.1,SD,18092900.0,44528900.0,False,0.0,13:53:28
18800.0,100,-1150.0,-0.1,BU,18092900.0,44527300.0,False,0.0,13:53:28
18800.0,30000,-1150.0,-0.1,BU,18092800.0,44527300.0,True,0.0,13:53:28
18800.0,1000,-1150.0,-0.1,BU,18062800.0,44527300.0,False,0.0,13:53:28
18800.0,2000,-1150.0,-0.1,BU,18061800.0,44527300.0,False,0.0,13:53:28
18800.0,1000,-1150.0,-0.1,BU,18059800.0,44527300.0,False,0.0,13:53:28
18800.0,2000,-1150.0,-0.1,BU,18058800.0,44527300.0,False,0.0,13:53:28
18800.0,100,-1150.0,-0.1,BU,18056800.0,44527300.0,False,0.0,13:53:28
18800.0,1000,-1150.0,-0.1,BU,18056700.0,44527300.0,False,0.0,13:53:28
18800.0,100,-1150.0,-0.1,BU,18055700.0,44527300.0,False,0.0,13:53:28
18800.0,1000,-1150.0,-0.1,BU,18055600.0,44527300.0,False,0.0,13:53:28
18800.0,1000,-1150.0,-0.1,BU,18054600.0,44527300.0,False,0.0,13:53:28
18800.0,500,-1150.0,-0.1,BU,18053600.0,44527300.0,False,0.0,13:53:28
18800.0,2000,-1150.0,-0.1,BU,18053100.0,44527300.0,False,0.0,13:53:28
18800.0,1000,-1150.0,-0.1,BU,18051100.0,44527300.0,False,0.0,13:53:28
18800.0,2000,-1150.0,-0.1,BU,18050100.0,44527300.0,False,0.0,13:53:28
18800.0,100,-1150.0,-0.1,BU,18048100.0,44527300.0,False,0.0,13:53:28
18800.0,100,-1150.0,-0.1,BU,18048000.0,44527300.0,False,0.0,13:53:28
18800.0,500,-1150.0,-0.1,BU,18047900.0,44527300.0,False,0.0,13:53:28
18800.0,500,-1150.0,-0.1,BU,18047400.0,44527300.0,False,0.0,13:53:28
18800.0,1000,-1150.0,-0.1,BU,18046900.0,44527300.0,False,0.0,13:53:28
18800.0,500,-1150.0,-0.1,BU,18045900.0,44527300.0,False,0.0,13:53:28
18800.0,100,-1150.0,-0.1,BU,18045400.0,44527300.0,False,0.0,13:53:28
18800.0,100,-1150.0,-0.1,BU,18045300.0,44527300.0,False,0.0,13:53:28
18800.0,100,-1150.0,-0.1,BU,18045200.0,44527300.0,False,0.0,13:53:28
18800.0,1000,-1150.0,-0.1,BU,18045100.0,44527300.0,False,0.0,13:53:28
18800.0,1000,-1150.0,-0.1,BU,18044100.0,44527300.0,False,0.0,13:53:28
18800.0,2000,-1150.0,-0.1,BU,18043100.0,44527300.0,False,0.0,13:53:28
18800.0,5000,-1150.0,-0.1,BU,18041100.0,44527300.0,False,0.0,13:53:28
18800.0,1000,-1150.0,-0.1,BU,18036100.0,44527300.0,False,0.0,13:53:28
18800.0,200,-1150.0,-0.1,BU,18035100.0,44527300.0,False,0.0,13:53:28
18800.0,2000,-1150.0,-0.1,BU,18034900.0,44527300.0,False,0.0,13:53:28
18800.0,2000,-1150.0,-0.1,BU,18032900.0,44527300.0,False,0.0,13:53:28
18800.0,1000,-1150.0,-0.1,BU,18030900.0,44527300.0,False,0.0,13:53:28
18800.0,500,-1150.0,-0.1,BU,18029900.0,44527300.0,False,0.0,13:53:28
18800.0,9000,-1150.0,-0.1,BU,18029400.0,44527300.0,False,0.0,13:53:28
18800.0,500,-1150.0,-0.1,BU,18020400.0,44527300.0,False,0.0,13:53:28
18800.0,2500,-1150.0,-0.1,BU,18019900.0,44527300.0,False,0.0,13:53:28
18800.0,500,-1150.0,-0.1,BU,18017400.0,44527300.0,False,0.0,13:53:28
18800.0,1000,-1150.0,-0.1,BU,18016900.0,44527300.0,False,0.0,13:53:28
18800.0,500,-1150.0,-0.1,BU,18015900.0,44527300.0,False,0.0,13:53:28
18800.0,4000,-1150.0,-0.1,BU,18015400.0,44527300.0,False,0.0,13:53:28
18800.0,3000,-1150.0,-0.1,BU,18011400.0,44527300.0,False,0.0,13:53:28
18800.0,900,-1150.0,-0.1,BU,18008400.0,44527300.0,False,0.0,13:53:28
18800.0,500,-1150.0,-0.1,BU,18007500.0,44527300.0,False,0.0,13:53:28
18800.0,5000,-1150.0,-0.1,BU,18007000.0,44527300.0,False,0.0,13:53:28
18800.0,30000,-1150.0,-0.1,BU,18002000.0,44527300.0,True,0.0,13:53:28
18800.0,10000,-1150.0,-0.1,BU,17972000.0,44527300.0,False,0.0,13:53:28
18800.0,1000,-1150.0,-0.1,BU,17962000.0,44527300.0,False,0.0,13:53:28
18800.0,2300,-1150.0,-0.1,BU,17961000.0,44527300.0,False,0.0,13:53:28
18800.0,1000,-1150.0,-0.1,BU,17958700.0,44527300.0,False,0.0,13:53:27
18800.0,2000,-1150.0,-0.1,BU,17957700.0,44527300.0,False,0.0,13:53:26
18800.0,100,-1150.0,-0.1,BU,17955700.0,44527300.0,False,0.0,13:53:26
18800.0,1000,-1150.0,-0.1,BU,17955600.0,44527300.0,False,0.0,13:53:25
18800.0,1100,-1150.0,-0.1,BU,17954600.0,44527300.0,False,0.0,13:53:24
18800.0,100,-1150.0,-0.1,BU,17953500.0,44527300.0,False,0.0,13:53:24
18800.0,400,-1150.0,-0.1,BU,17953400.0,44527300.0,False,0.0,13:53:24
18800.0,300,-1150.0,-0.1,BU,17953000.0,44527300.0,False,0.0,13:53:24
18800.0,100,-1150.0,-0.1,BU,17952700.0,44527300.0,False,0.0,13:53:24
18800.0,400,-1150.0,-0.1,BU,17952600.0,44527300.0,False,0.0,13:53:24
18800.0,200,-1150.0,-0.1,BU,17952200.0,44527300.0,False,0.0,13:53:23
18800.0,2100,-1150.0,-0.1,BU,17952000.0,44527300.0,False,0.0,13:53:23
18800.0,200,-1150.0,-0.1,BU,17949900.0,44527300.0,False,0.0,13:53:23
18800.0,800,-1150.0,-0.1,BU,17949700.0,44527300.0,False,0.0,13:53:23
18800.0,1800,-1150.0,-0.1,BU,17948900.0,44527300.0,False,0.0,13:53:23
18800.0,3500,-1150.0,-0.1,BU,17947100.0,44527300.0,False,0.0,13:53:23
18800.0,1400,-1150.0,-0.1,BU,17943600.0,44527300.0,False,0.0,13:53:23
18800.0,2100,-1150.0,-0.1,BU,17942200.0,44527300.0,False,0.0,13:53:23
18800.0,500,-1150.0,-0.1,BU,17940100.0,44527300.0,False,0.0,13:53:23
18800.0,400,-1150.0,-0.1,BU,17939600.0,44527300.0,False,0.0,13:53:23
18800.0,600,-1150.0,-0.1,BU,17939200.0,44527300.0,False,0.0,13:53:21
18800.0,100,-1150.0,-0.1,BU,17938600.0,44527300.0,False,0.0,13:53:21
18800.0,100,-1150.0,-0.1,BU,17938500.0,44527300.0,False,0.0,13:53:21
18800.0,800,-1150.0,-0.1,BU,17938400.0,44527300.0,False,0.0,13:53:21
18800.0,100,-1150.0,-0.1,BU,17937600.0,44527300.0,False,0.0,13:53:21
18800.0,100,-1150.0,-0.1,BU,17937500.0,44527300.0,False,0.0,13:53:21
18800.0,1000,-1150.0,-0.1,BU,17937400.0,44527300.0,False,0.0,13:53:20
18800.0,100,-1150.0,-0.1,BU,17936400.0,44527300.0,False,0.0,13:53:20
18800.0,200,-1150.0,-0.1,BU,17936300.0,44527300.0,False,0.0,13:53:18
18800.0,100,-1150.0,-0.1,BU,17936100.0,44527300.0,False,0.0,13:53:18
18800.0,1000,-1150.0,-0.1,BU,17936000.0,44527300.0,False,0.0,13:53:18
18800.0,100,-1150.0,-0.1,BU,17935000.0,44527300.0,False,0.0,13:53:17
18800.0,100,-1150.0,-0.1,BU,17934900.0,44527300.0,False,0.0,13:53:17
18800.0,100,-1150.0,-0.1,BU,17934800.0,44527300.0,False,0.0,13:53:17
18800.0,4100,-1150.0,-0.1,BU,17934700.0,44527300.0,False,0.0,13:53:17
18800.0,2600,-1150.0,-0.1,BU,17930600.0,44527300.0,False,0.0,13:53:17
18800.0,400,-1150.0,-0.1,BU,17928000.0,44527300.0,False,0.0,13:53:17
18800.0,100,-1150.0,-0.1,BU,17927600.0,44527300.0,False,0.0,13:53:17
18800.0,200,-1150.0,-0.1,BU,17927500.0,44527300.0,False,0.0,13:53:15
18800.0,300,-1150.0,-0.1,BU,17927300.0,44527300.0,False,0.0,13:53:15
18800.0,100,-1150.0,-0.1,BU,17927000.0,44527300.0,False,0.0,13:53:14
18800.0,600,-1150.0,-0.1,BU,17926900.0,44527300.0,False,0.0,13:53:13
18800.0,700,-1150.0,-0.1,BU,17926300.0,44527300.0,False,0.0,13:53:13
18800.0,200,-1150.0,-0.1,BU,17925600.0,44527300.0,False,0.0,13:53:13
18800.0,400,-1150.0,-0.1,BU,17925400.0,44527300.0,False,0.0,13:53:13
18800.0,100,-1150.0,-0.1,BU,17925000.0,44527300.0,False,50.0,13:53:13
18750.0,800,-1200.0,-0.1,SD,17924900.0,44527300.0,False,0.0,13:53:13
18750.0,1000,-1200.0,-0.1,SD,17924900.0,44526500.0,False,0.0,13:53:13
18750.0,100,-1200.0,-0.1,SD,17924900.0,44525500.0,False,0.0,13:53:13
18750.0,1000,-1200.0,-0.1,SD,17924900.0,44525400.0,False,0.0,13:53:13
18750.0,2100,-1200.0,-0.1,SD,17924900.0,44524400.0,False,-50.0,13:53:13
18800.0,500,-1150.0,-0.1,BU,17924900.0,44522300.0,False,0.0,13:53:11
18800.0,1400,-1150.0,-0.1,BU,17924400.0,44522300.0,False,0.0,13:53:11
18800.0,600,-1150.0,-0.1,BU,17923000.0,44522300.0,False,0.0,13:53:11
18800.0,500,-1150.0,-0.1,BU,17922400.0,44522300.0,False,0.0,13:53:10
18800.0,4900,-1150.0,-0.1,BU,17921900.0,44522300.0,False,0.0,13:53:10
18800.0,100,-1150.0,-0.1,BU,17917000.0,44522300.0,False,0.0,13:53:10
18800.0,300,-1150.0,-0.1,BU,17916900.0,44522300.0,False,0.0,13:53:07
18800.0,100,-1150.0,-0.1,BU,17916600.0,44522300.0,False,0.0,13:53:07
18800.0,800,-1150.0,-0.1,BU,17916500.0,44522300.0,False,0.0,13:53:04
18800.0,200,-1150.0,-0.1,BU,17915700.0,44522300.0,False,0.0,13:53:04
18800.0,500,-1150.0,-0.1,BU,17915500.0,44522300.0,False,0.0,13:53:04
18800.0,300,-1150.0,-0.1,BU,17915000.0,44522300.0,False,0.0,13:53:03
18800.0,200,-1150.0,-0.1,BU,17914700.0,44522300.0,False,0.0,13:53:02
18800.0,500,-1150.0,-0.1,BU,17914500.0,44522300.0,False,50.0,13:53:01
18750.0,1200,-1200.0,-0.1,SD,17914000.0,44522300.0,False,0.0,13:53:01
18750.0,1000,-1200.0,-0.1,SD,17914000.0,44521100.0,False,0.0,13:53:01
18750.0,200,-1200.0,-0.1,SD,17914000.0,44520100.0,False,0.0,13:53:01
18750.0,100,-1200.0,-0.1,SD,17914000.0,44519900.0,False,0.0,13:53:01
18750.0,100,-1200.0,-0.1,SD,17914000.0,44519800.0,False,-50.0,13:53:01
18800.0,500,-1150.0,-0.1,BU,17914000.0,44519700.0,False,0.0,13:53:00
18800.0,100,-1150.0,-0.1,BU,17913500.0,44519700.0,False,50.0,13:53:00
18750.0,200,-1200.0,-0.1,SD,17913400.0,44519700.0,False,-50.0,13:53:00
18800.0,300,-1150.0,-0.1,BU,17913400.0,44519500.0,False,0.0,13:52:58
18800.0,600,-1150.0,-0.1,BU,17913100.0,44519500.0,False,0.0,13:52:57
18800.0,500,-1150.0,-0.1,BU,17912500.0,44519500.0,False,0.0,13:52:57
18800.0,500,-1150.0,-0.1,BU,17912000.0,44519500.0,False,0.0,13:52:54
18800.0,500,-1150.0,-0.1,BU,17911500.0,44519500.0,False,50.0,13:52:54
18750.0,500,-1200.0,-0.1,SD,17911000.0,44519500.0,False,-50.0,13:52:53
18800.0,100,-1150.0,-0.1,BU,17911000.0,44519000.0,False,0.0,13:52:51
18800.0,500,-1150.0,-0.1,BU,17910900.0,44519000.0,False,50.0,13:52:47
18750.0,100,-1200.0,-0.1,SD,17910400.0,44519000.0,False,-50.0,13:52:45
18800.0,2900,-1150.0,-0.1,BU,17910400.0,44518900.0,False,0.0,13:52:43
18800.0,6100,-1150.0,-0.1,BU,17907500.0,44518900.0,False,0.0,13:52:43
18800.0,1700,-1150.0,-0.1,BU,17901400.0,44518900.0,False,0.0,13:52:43
18800.0,300,-1150.0,-0.1,BU,17899700.0,44518900.0,False,0.0,13:52:43
18800.0,500,-1150.0,-0.1,BU,17899400.0,44518900.0,False,0.0,13:52:42
18800.0,100,-1150.0,-0.1,BU,17898900.0,44518900.0,False,0.0,13:52:41
18800.0,700,-1150.0,-0.1,BU,17898800.0,44518900.0,False,0.0,13:52:41
18800.0,400,-1150.0,-0.1,BU,17898100.0,44518900.0,False,0.0,13:52:41
18800.0,900,-1150.0,-0.1,BU,17897700.0,44518900.0,False,50.0,13:52:41
18750.0,1600,-1200.0,-0.1,SD,17896800.0,44518900.0,False,-50.0,13:52:41
18800.0,100,-1150.0,-0.1,BU,17896800.0,44517300.0,False,0.0,13:52:39
18800.0,900,-1150.0,-0.1,BU,17896700.0,44517300.0,False,50.0,13:52:38
18750.0,1500,-1200.0,-0.1,SD,17895800.0,44517300.0,False,0.0,13:52:38
18750.0,200,-1200.0,-0.1,SD,17895800.0,44515800.0,False,0.0,13:52:38
18750.0,4600,-1200.0,-0.1,SD,17895800.0,44515600.0,False,0.0,13:52:38
18750.0,11500,-1200.0,-0.1,SD,17895800.0,44511000.0,True,0.0,13:52:38
18750.0,500,-1200.0,-0.1,SD,17895800.0,44499500.0,False,0.0,13:52:38
18750.0,3400,-1200.0,-0.1,SD,17895800.0,44499000.0,False,0.0,13:52:38
18750.0,10000,-1200.0,-0.1,SD,17895800.0,44495600.0,False,0.0,13:52:38
18750.0,200,-1200.0,-0.1,SD,17895800.0,44485600.0,False,0.0,13:52:38
18750.0,300,-1200.0,-0.1,SD,17895800.0,44485400.0,False,0.0,13:52:38
18750.0,100,-1200.0,-0.1,SD,17895800.0,44485100.0,False,0.0,13:52:38
18750.0,500,-1200.0,-0.1,SD,17895800.0,44485000.0,False,0.0,13:52:38
18750.0,100,-1200.0,-0.1,SD,17895800.0,44484500.0,False,0.0,13:52:38
18750.0,100,-1200.0,-0.1,SD,17895800.0,44484400.0,False,0.0,13:52:38
18750.0,300,-1200.0,-0.1,SD,17895800.0,44484300.0,False,0.0,13:52:38
18750.0,200,-1200.0,-0.1,SD,17895800.0,44484000.0,False,0.0,13:52:38
18750.0,500,-1200.0,-0.1,SD,17895800.0,44483800.0,False,0.0,13:52:38
18750.0,1000,-1200.0,-0.1,SD,17895800.0,44483300.0,False,0.0,13:52:38
18750.0,5000,-1200.0,-0.1,SD,17895800.0,44482300.0,False,0.0,13:52:38
18750.0,100,-1200.0,-0.1,SD,17895800.0,44477300.0,False,0.0,13:52:38
18750.0,200,-1200.0,-0.1,SD,17895800.0,44477200.0,False,0.0,13:52:38
18750.0,400,-1200.0,-0.1,SD,17895800.0,44477000.0,False,0.0,13:52:38
18750.0,5000,-1200.0,-0.1,SD,17895800.0,44476600.0,False,0.0,13:52:38
18750.0,400,-1200.0,-0.1,SD,17895800.0,44471600.0,False,0.0,13:52:38
18750.0,500,-1200.0,-0.1,SD,17895800.0,44471200.0,False,0.0,13:52:38
18750.0,3000,-1200.0,-0.1,SD,17895800.0,44470700.0,False,0.0,13:52:38
18750.0,5000,-1200.0,-0.1,SD,17895800.0,44467700.0,False,0.0,13:52:38
18750.0,2800,-1200.0,-0.1,SD,17895800.0,44462700.0,False,0.0,13:52:38
18750.0,200,-1200.0,-0.1,SD,17895800.0,44459900.0,False,0.0,13:52:38
18750.0,3000,-1200.0,-0.1,SD,17895800.0,44459700.0,False,0.0,13:52:38
18750.0,100,-1200.0,-0.1,SD,17895800.0,44456700.0,False,0.0,13:52:38
18750.0,200,-1200.0,-0.1,SD,17895800.0,44456600.0,False,-50.0,13:52:38
18800.0,100,-1150.0,-0.1,BU,17895800.0,44456400.0,False,0.0,13:52:35
18800.0,1000,-1150.0,-0.1,BU,17895700.0,44456400.0,False,0.0,13:52:35
18800.0,100,-1150.0,-0.1,BU,17894700.0,44456400.0,False,0.0,13:52:35
18800.0,100,-1150.0,-0.1,BU,17894600.0,44456400.0,False,0.0,13:52:35
18800.0,700,-1150.0,-0.1,BU,17894500.0,44456400.0,False,0.0,13:52:35
18800.0,100,-1150.0,-0.1,BU,17893800.0,44456400.0,False,0.0,13:52:34
18800.0,200,-1150.0,-0.1,BU,17893700.0,44456400.0,False,50.0,13:52:34
18750.0,200,-1200.0,-0.1,SD,17893500.0,44456400.0,False,-50.0,13:52:32
18800.0,500,-1150.0,-0.1,BU,17893500.0,44456200.0,False,0.0,13:52:29
18800.0,500,-1150.0,-0.1,BU,17893000.0,44456200.0,False,50.0,13:52:29
18750.0,1000,-1200.0,-0.1,SD,17892500.0,44456200.0,False,0.0,13:52:28
18750.0,600,-1200.0,-0.1,SD,17892500.0,44455200.0,False,0.0,13:52:28
18750.0,400,-1200.0,-0.1,SD,17892500.0,44454600.0,False,-50.0,13:52:28
18800.0,300,-1150.0,-0.1,BU,17892500.0,44454200.0,False,0.0,13:52:26
18800.0,500,-1150.0,-0.1,BU,17892200.0,44454200.0,False,0.0,13:52:26
18800.0,700,-1150.0,-0.1,BU,17891700.0,44454200.0,False,0.0,13:52:22
18800.0,1000,-1150.0,-0.1,BU,17891000.0,44454200.0,False,0.0,13:52:22
18800.0,1000,-1150.0,-0.1,BU,17890000.0,44454200.0,False,0.0,13:52:22
18800.0,300,-1150.0,-0.1,BU,17889000.0,44454200.0,False,0.0,13:52:22
18800.0,100,-1150.0,-0.1,BU,17888700.0,44454200.0,False,50.0,13:52:21
18750.0,1500,-1200.0,-0.1,SD,17888600.0,44454200.0,False,-50.0,13:52:21
18800.0,100,-1150.0,-0.1,BU,17888600.0,44452700.0,False,0.0,13:52:20
18800.0,400,-1150.0,-0.1,BU,17888500.0,44452700.0,False,0.0,13:52:17
18800.0,200,-1150.0,-0.1,BU,17888100.0,44452700.0,False,0.0,13:52:17
18800.0,6000,-1150.0,-0.1,BU,17887900.0,44452700.0,False,0.0,13:52:17
18800.0,100,-1150.0,-0.1,BU,17881900.0,44452700.0,False,0.0,13:52:17
18800.0,1000,-1150.0,-0.1,BU,17881800.0,44452700.0,False,0.0,13:52:17
18800.0,100,-1150.0,-0.1,BU,17880800.0,44452700.0,False,0.0,13:52:17
18800.0,1000,-1150.0,-0.1,BU,17880700.0,44452700.0,False,0.0,13:52:17
18800.0,1200,-1150.0,-0.1,BU,17879700.0,44452700.0,False,50.0,13:52:17
18750.0,100,-1200.0,-0.1,SD,17878500.0,44452700.0,False,0.0,13:52:15
18750.0,600,-1200.0,-0.1,SD,17878500.0,44452600.0,False,-50.0,13:52:15
18800.0,200,-1150.0,-0.1,BU,17878500.0,44452000.0,False,50.0,13:52:12
18750.0,100,-1200.0,-0.1,SD,17878300.0,44452000.0,False,0.0,13:52:11
18750.0,1000,-1200.0,-0.1,SD,17878300.0,44451900.0,False,0.0,13:52:11
18750.0,200,-1200.0,-0.1,SD,17878300.0,44450900.0,False,0.0,13:52:11
18750.0,800,-1200.0,-0.1,SD,17878300.0,44450700.0,False,0.0,13:52:11
18750.0,200,-1200.0,-0.1,SD,17878300.0,44449900.0,False,0.0,13:52:06
18750.0,1000,-1200.0,-0.1,BU,17878300.0,44449700.0,False,0.0,13:52:03
18750.0,6500,-1200.0,-0.1,BU,17877300.0,44449700.0,False,0.0,13:52:03
18750.0,1000,-1200.0,-0.1,BU,17870800.0,44449700.0,False,0.0,13:52:03
18750.0,300,-1200.0,-0.1,BU,17869800.0,44449700.0,False,0.0,13:52:03
18750.0,1000,-1200.0,-0.1,BU,17869500.0,44449700.0,False,0.0,13:52:03
18750.0,3000,-1200.0,-0.1,BU,17868500.0,44449700.0,False,0.0,13:52:02
18750.0,500,-1200.0,-0.1,BU,17865500.0,44449700.0,False,0.0,13:52:02
18750.0,100,-1200.0,-0.1,BU,17865000.0,44449700.0,False,0.0,13:52:02
18750.0,200,-1200.0,-0.1,BU,17864900.0,44449700.0,False,0.0,13:52:01
18750.0,200,-1200.0,-0.1,BU,17864700.0,44449700.0,False,0.0,13:52:01
18750.0,300,-1200.0,-0.1,BU,17864500.0,44449700.0,False,0.0,13:52:00
18750.0,200,-1200.0,-0.1,BU,17864200.0,44449700.0,False,0.0,13:52:00
18750.0,100,-1200.0,-0.1,BU,17864000.0,44449700.0,False,0.0,13:52:00
18750.0,100,-1200.0,-0.1,BU,17863900.0,44449700.0,False,0.0,13:51:59
18750.0,100,-1200.0,-0.1,BU,17863800.0,44449700.0,False,0.0,13:51:59
18750.0,200,-1200.0,-0.1,BU,17863700.0,44449700.0,False,0.0,13:51:59
18750.0,1000,-1200.0,-0.1,BU,17863500.0,44449700.0,False,0.0,13:51:58
18750.0,2000,-1200.0,-0.1,BU,17862500.0,44449700.0,False,0.0,13:51:58
18750.0,500,-1200.0,-0.1,BU,17860500.0,44449700.0,False,0.0,13:51:58
18750.0,100,-1200.0,-0.1,BU,17860000.0,44449700.0,False,0.0,13:51:57
18750.0,100,-1200.0,-0.1,BU,17859900.0,44449700.0,False,0.0,13:51:57
18750.0,1000,-1200.0,-0.1,BU,17859800.0,44449700.0,False,0.0,13:51:57
18750.0,100,-1200.0,-0.1,BU,17858800.0,44449700.0,False,0.0,13:51:57
18750.0,500,-1200.0,-0.1,BU,17858700.0,44449700.0,False,0.0,13:51:57
18750.0,100,-1200.0,-0.1,BU,17858200.0,44449700.0,False,0.0,13:51:56
18750.0,2100,-1200.0,-0.1,BU,17858100.0,44449700.0,False,0.0,13:51:55
18750.0,500,-1200.0,-0.1,BU,17856000.0,44449700.0,False,0.0,13:51:55
18750.0,8900,-1200.0,-0.1,BU,17855500.0,44449700.0,False,0.0,13:51:54
18750.0,7900,-1200.0,-0.1,SD,17846600.0,44449700.0,False,0.0,13:51:54
18750.0,100,-1200.0,-0.1,SD,17846600.0,44441800.0,False,0.0,13:51:54
18750.0,500,-1200.0,-0.1,SD,17846600.0,44441700.0,False,0.0,13:51:54
18750.0,100,-1200.0,-0.1,SD,17846600.0,44441200.0,False,0.0,13:51:54
18750.0,100,-1200.0,-0.1,SD,17846600.0,44441100.0,False,0.0,13:51:54
18750.0,3000,-1200.0,-0.1,SD,17846600.0,44441000.0,False,0.0,13:51:54
18750.0,100,-1200.0,-0.1,SD,17846600.0,44438000.0,False,0.0,13:51:54
18750.0,2000,-1200.0,-0.1,SD,17846600.0,44437900.0,False,0.0,13:51:54
18750.0,300,-1200.0,-0.1,SD,17846600.0,44435900.0,False,0.0,13:51:54
18750.0,1500,-1200.0,-0.1,SD,17846600.0,44435600.0,False,0.0,13:51:54
18750.0,200,-1200.0,-0.1,SD,17846600.0,44434100.0,False,0.0,13:51:54
18750.0,1000,-1200.0,-0.1,SD,17846600.0,44433900.0,False,0.0,13:51:54
18750.0,600,-1200.0,-0.1,SD,17846600.0,44432900.0,False,0.0,13:51:54
18750.0,300,-1200.0,-0.1,SD,17846600.0,44432300.0,False,0.0,13:51:54
18750.0,1000,-1200.0,-0.1,SD,17846600.0,44432000.0,False,0.0,13:51:54
18750.0,500,-1200.0,-0.1,SD,17846600.0,44431000.0,False,0.0,13:51:54
18750.0,200,-1200.0,-0.1,SD,17846600.0,44430500.0,False,0.0,13:51:54
18750.0,1400,-1200.0,-0.1,SD,17846600.0,44430300.0,False,0.0,13:51:54
18750.0,300,-1200.0,-0.1,SD,17846600.0,44428900.0,False,0.0,13:51:54
18750.0,14500,-1200.0,-0.1,SD,17846600.0,44428600.0,True,0.0,13:51:54
18750.0,500,-1200.0,-0.1,SD,17846600.0,44414100.0,False,0.0,13:51:54
18750.0,10700,-1200.0,-0.1,SD,17846600.0,44413600.0,True,-50.0,13:51:54
18800.0,1100,-1150.0,-0.1,BU,17846600.0,44402900.0,False,0.0,13:51:53
18800.0,500,-1150.0,-0.1,BU,17845500.0,44402900.0,False,0.0,13:51:53
18800.0,500,-1150.0,-0.1,BU,17845000.0,44402900.0,False,0.0,13:51:53
18800.0,900,-1150.0,-0.1,BU,17844500.0,44402900.0,False,50.0,13:51:53
18750.0,500,-1200.0,-0.1,SD,17843600.0,44402900.0,False,-50.0,13:51:51
18800.0,100,-1150.0,-0.1,BU,17843600.0,44402400.0,False,0.0,13:51:48
18800.0,900,-1150.0,-0.1,BU,17843500.0,44402400.0,False,0.0,13:51:48
18800.0,200,-1150.0,-0.1,BU,17842600.0,44402400.0,False,50.0,13:51:48
18750.0,2800,-1200.0,-0.1,SD,17842400.0,44402400.0,False,0.0,13:51:48
18750.0,1000,-1200.0,-0.1,SD,17842400.0,44399600.0,False,0.0,13:51:48
18750.0,200,-1200.0,-0.1,SD,17842400.0,44398600.0,False,0.0,13:51:48
18750.0,100,-1200.0,-0.1,SD,17842400.0,44398400.0,False,-50.0,13:51:46
18800.0,2000,-1150.0,-0.1,BU,17842400.0,44398300.0,False,50.0,13:51:46
18750.0,2100,-1200.0,-0.1,SD,17840400.0,44398300.0,False,0.0,13:51:45
18750.0,5600,-1200.0,-0.1,SD,17840400.0,44396200.0,False,0.0,13:51:44
18750.0,1000,-1200.0,-0.1,SD,17840400.0,44390600.0,False,0.0,13:51:44
18750.0,500,-1200.0,-0.1,SD,17840400.0,44389600.0,False,0.0,13:51:44
18750.0,1000,-1200.0,-0.1,SD,17840400.0,44389100.0,False,0.0,13:51:44
18750.0,500,-1200.0,-0.1,SD,17840400.0,44388100.0,False,0.0,13:51:44
18750.0,400,-1200.0,-0.1,SD,17840400.0,44387600.0,False,0.0,13:51:44
18750.0,100,-1200.0,-0.1,SD,17840400.0,44387200.0,False,0.0,13:51:44
18750.0,3000,-1200.0,-0.1,SD,17840400.0,44387100.0,False,0.0,13:51:44
18750.0,2000,-1200.0,-0.1,SD,17840400.0,44384100.0,False,0.0,13:51:44
18750.0,2000,-1200.0,-0.1,SD,17840400.0,44382100.0,False,0.0,13:51:44
18750.0,600,-1200.0,-0.1,SD,17840400.0,44380100.0,False,0.0,13:51:44
18750.0,2500,-1200.0,-0.1,SD,17840400.0,44379500.0,False,0.0,13:51:44
18750.0,500,-1200.0,-0.1,SD,17840400.0,44377000.0,False,0.0,13:51:44
18750.0,500,-1200.0,-0.1,SD,17840400.0,44376500.0,False,0.0,13:51:44
18750.0,600,-1200.0,-0.1,SD,17840400.0,44376000.0,False,0.0,13:51:44
18750.0,3000,-1200.0,-0.1,SD,17840400.0,44375400.0,False,0.0,13:51:44
18750.0,100,-1200.0,-0.1,SD,17840400.0,44372400.0,False,0.0,13:51:44
18750.0,10000,-1200.0,-0.1,SD,17840400.0,44372300.0,False,0.0,13:51:44
18750.0,1000,-1200.0,-0.1,SD,17840400.0,44362300.0,False,0.0,13:51:44
18750.0,500,-1200.0,-0.1,SD,17840400.0,44361300.0,False,0.0,13:51:44
18750.0,100,-1200.0,-0.1,SD,17840400.0,44360800.0,False,0.0,13:51:44
18750.0,24500,-1200.0,-0.1,SD,17840400.0,44360700.0,True,-50.0,13:51:44
18800.0,1900,-1150.0,-0.1,BU,17840400.0,44336200.0,False,0.0,13:51:44
18800.0,800,-1150.0,-0.1,BU,17838500.0,44336200.0,False,0.0,13:51:44
18800.0,200,-1150.0,-0.1,BU,17837700.0,44336200.0,False,50.0,13:51:42
18750.0,1000,-1200.0,-0.1,SD,17837500.0,44336200.0,False,-50.0,13:51:40
18800.0,100,-1150.0,-0.1,BU,17837500.0,44335200.0,False,50.0,13:51:38
18750.0,24500,-1200.0,-0.1,BU,17837400.0,44335200.0,True,0.0,13:51:36
18750.0,5000,-1200.0,-0.1,BU,17812900.0,44335200.0,False,0.0,13:51:36
18750.0,1000,-1200.0,-0.1,BU,17807900.0,44335200.0,False,0.0,13:51:35
18750.0,100,-1200.0,-0.1,BU,17806900.0,44335200.0,False,0.0,13:51:35
18750.0,800,-1200.0,-0.1,BU,17806800.0,44335200.0,False,0.0,13:51:35
18750.0,200,-1200.0,-0.1,BU,17806000.0,44335200.0,False,0.0,13:51:34
18750.0,500,-1200.0,-0.1,BU,17805800.0,44335200.0,False,0.0,13:51:34
18750.0,100,-1200.0,-0.1,SD,17805300.0,44335200.0,False,0.0,13:51:34
18750.0,200,-1200.0,-0.1,SD,17805300.0,44335100.0,False,0.0,13:51:34
18750.0,100,-1200.0,-0.1,SD,17805300.0,44334900.0,False,0.0,13:51:34
18750.0,500,-1200.0,-0.1,SD,17805300.0,44334800.0,False,0.0,13:51:34
18750.0,500,-1200.0,-0.1,SD,17805300.0,44334300.0,False,0.0,13:51:34
18750.0,100,-1200.0,-0.1,SD,17805300.0,44333800.0,False,0.0,13:51:34
18750.0,100,-1200.0,-0.1,SD,17805300.0,44333700.0,False,0.0,13:51:34
18750.0,1000,-1200.0,-0.1,SD,17805300.0,44333600.0,False,0.0,13:51:34
18750.0,100,-1200.0,-0.1,SD,17805300.0,44332600.0,False,0.0,13:51:34
18750.0,500,-1200.0,-0.1,SD,17805300.0,44332500.0,False,0.0,13:51:34
18750.0,5000,-1200.0,-0.1,SD,17805300.0,44332000.0,False,0.0,13:51:34
18750.0,500,-1200.0,-0.1,SD,17805300.0,44327000.0,False,0.0,13:51:34
18750.0,1000,-1200.0,-0.1,SD,17805300.0,44326500.0,False,0.0,13:51:34
18750.0,300,-1200.0,-0.1,SD,17805300.0,44325500.0,False,0.0,13:51:34
18750.0,200,-1200.0,-0.1,SD,17805300.0,44325200.0,False,0.0,13:51:34
18750.0,300,-1200.0,-0.1,SD,17805300.0,44325000.0,False,0.0,13:51:34
18750.0,500,-1200.0,-0.1,SD,17805300.0,44324700.0,False,0.0,13:51:34
18750.0,600,-1200.0,-0.1,SD,17805300.0,44324200.0,False,0.0,13:51:34
18750.0,300,-1200.0,-0.1,SD,17805300.0,44323600.0,False,0.0,13:51:34
18750.0,6000,-1200.0,-0.1,SD,17805300.0,44323300.0,False,-50.0,13:51:34
18800.0,300,-1150.0,-0.1,BU,17805300.0,44317300.0,False,0.0,13:51:31
18800.0,100,-1150.0,-0.1,BU,17805000.0,44317300.0,False,0.0,13:51:31
18800.0,1000,-1150.0,-0.1,BU,17804900.0,44317300.0,False,100.0,13:51:27
18700.0,2000,-1250.0,-0.1,SD,17803900.0,44317300.0,False,0.0,13:51:26
18700.0,2000,-1250.0,-0.1,SD,17803900.0,44315300.0,False,0.0,13:51:26
18700.0,500,-1250.0,-0.1,SD,17803900.0,44313300.0,False,0.0,13:51:26
18700.0,300,-1250.0,-0.1,SD,17803900.0,44312800.0,False,0.0,13:51:26
18700.0,600,-1250.0,-0.1,SD,17803900.0,44312500.0,False,0.0,13:51:26
18700.0,100,-1250.0,-0.1,SD,17803900.0,44311900.0,False,0.0,13:51:26
18700.0,3000,-1250.0,-0.1,SD,17803900.0,44311800.0,False,0.0,13:51:26
18700.0,300,-1250.0,-0.1,SD,17803900.0,44308800.0,False,0.0,13:51:26
18700.0,500,-1250.0,-0.1,SD,17803900.0,44308500.0,False,0.0,13:51:26
18700.0,500,-1250.0,-0.1,SD,17803900.0,44308000.0,False,0.0,13:51:26
18700.0,400,-1250.0,-0.1,SD,17803900.0,44307500.0,False,0.0,13:51:26
18700.0,1000,-1250.0,-0.1,SD,17803900.0,44307100.0,False,0.0,13:51:26
18700.0,100,-1250.0,-0.1,SD,17803900.0,44306100.0,False,-50.0,13:51:26
18750.0,1000,-1200.0,-0.1,SD,17803900.0,44306000.0,False,0.0,13:51:26
18750.0,5700,-1200.0,-0.1,SD,17803900.0,44305000.0,False,0.0,13:51:26
18750.0,300,-1200.0,-0.1,SD,17803900.0,44299300.0,False,0.0,13:51:26
18750.0,3300,-1200.0,-0.1,BU,17803900.0,44299000.0,False,0.0,13:51:25
18750.0,1700,-1200.0,-0.1,BU,17800600.0,44299000.0,False,50.0,13:51:25
18700.0,900,-1250.0,-0.1,SD,17798900.0,44299000.0,False,0.0,13:51:24
18700.0,100,-1250.0,-0.1,SD,17798900.0,44298100.0,False,0.0,13:51:24
18700.0,2000,-1250.0,-0.1,SD,17798900.0,44298000.0,False,-50.0,13:51:24
18750.0,10000,-1200.0,-0.1,BU,17798900.0,44296000.0,False,0.0,13:51:24
18750.0,1100,-1200.0,-0.1,BU,17788900.0,44296000.0,False,0.0,13:51:23
18750.0,600,-1200.0,-0.1,BU,17787800.0,44296000.0,False,0.0,13:51:23
18750.0,1000,-1200.0,-0.1,BU,17787200.0,44296000.0,False,0.0,13:51:23
18750.0,18400,-1200.0,-0.1,BU,17786200.0,44296000.0,True,0.0,13:51:23
18750.0,1900,-1200.0,-0.1,BU,17767800.0,44296000.0,False,0.0,13:51:23
18750.0,600,-1200.0,-0.1,BU,17765900.0,44296000.0,False,0.0,13:51:23
18750.0,300,-1200.0,-0.1,BU,17765300.0,44296000.0,False,0.0,13:51:23
18750.0,100,-1200.0,-0.1,BU,17765000.0,44296000.0,False,0.0,13:51:23
18750.0,3000,-1200.0,-0.1,BU,17764900.0,44296000.0,False,0.0,13:51:22
18750.0,13100,-1200.0,-0.1,BU,17761900.0,44296000.0,True,0.0,13:51:22
18750.0,200,-1200.0,-0.1,BU,17748800.0,44296000.0,False,0.0,13:51:22
18750.0,2400,-1200.0,-0.1,BU,17748600.0,44296000.0,False,0.0,13:51:21
18750.0,2600,-1200.0,-0.1,BU,17746200.0,44296000.0,False,0.0,13:51:21
18750.0,200,-1200.0,-0.1,BU,17743600.0,44296000.0,False,0.0,13:51:20
18750.0,2200,-1200.0,-0.1,BU,17743400.0,44296000.0,False,0.0,13:51:20
18750.0,2700,-1200.0,-0.1,BU,17741200.0,44296000.0,False,0.0,13:51:20
18750.0,1700,-1200.0,-0.1,BU,17738500.0,44296000.0,False,0.0,13:51:20
18750.0,200,-1200.0,-0.1,BU,17736800.0,44296000.0,False,0.0,13:51:17
18750.0,1000,-1200.0,-0.1,BU,17736600.0,44296000.0,False,0.0,13:51:16
18750.0,2100,-1200.0,-0.1,BU,17735600.0,44296000.0,False,0.0,13:51:16
18750.0,500,-1200.0,-0.1,BU,17733500.0,44296000.0,False,0.0,13:51:16
18750.0,400,-1200.0,-0.1,BU,17733000.0,44296000.0,False,0.0,13:51:16
18750.0,2600,-1200.0,-0.1,BU,17732600.0,44296000.0,False,0.0,13:51:16
18750.0,500,-1200.0,-0.1,BU,17730000.0,44296000.0,False,50.0,13:51:16
18700.0,100,-1250.0,-0.1,SD,17729500.0,44296000.0,False,0.0,13:51:15
18700.0,700,-1250.0,-0.1,SD,17729500.0,44295900.0,False,0.0,13:51:15
18700.0,300,-1250.0,-0.1,SD,17729500.0,44295200.0,False,0.0,13:51:15
18700.0,400,-1250.0,-0.1,SD,17729500.0,44294900.0,False,0.0,13:51:15
18700.0,100,-1250.0,-0.1,SD,17729500.0,44294500.0,False,0.0,13:51:15
18700.0,200,-1250.0,-0.1,SD,17729500.0,44294400.0,False,0.0,13:51:15
18700.0,100,-1250.0,-0.1,SD,17729500.0,44294200.0,False,0.0,13:51:15
18700.0,1600,-1250.0,-0.1,SD,17729500.0,44294100.0,False,0.0,13:51:15
18700.0,200,-1250.0,-0.1,SD,17729500.0,44292500.0,False,0.0,13:51:15
18700.0,300,-1250.0,-0.1,SD,17729500.0,44292300.0,False,-50.0,13:51:15
18750.0,100,-1200.0,-0.1,BU,17729500.0,44292000.0,False,0.0,13:51:14
18750.0,100,-1200.0,-0.1,BU,17729400.0,44292000.0,False,0.0,13:51:14
18750.0,100,-1200.0,-0.1,BU,17729300.0,44292000.0,False,0.0,13:51:13
18750.0,3000,-1200.0,-0.1,BU,17729200.0,44292000.0,False,0.0,13:51:13
18750.0,3200,-1200.0,-0.1,BU,17726200.0,44292000.0,False,0.0,13:51:13
18750.0,200,-1200.0,-0.1,BU,17723000.0,44292000.0,False,0.0,13:51:13
18750.0,1000,-1200.0,-0.1,BU,17722800.0,44292000.0,False,0.0,13:51:13
18750.0,4000,-1200.0,-0.1,BU,17721800.0,44292000.0,False,0.0,13:51:13
18750.0,5000,-1200.0,-0.1,BU,17717800.0,44292000.0,False,0.0,13:51:13
18750.0,500,-1200.0,-0.1,BU,17712800.0,44292000.0,False,0.0,13:51:13
18750.0,4700,-1200.0,-0.1,BU,17712300.0,44292000.0,False,0.0,13:51:13
18750.0,1000,-1200.0,-0.1,BU,17707600.0,44292000.0,False,0.0,13:51:13
18750.0,200,-1200.0,-0.1,BU,17706600.0,44292000.0,False,0.0,13:51:13
18750.0,300,-1200.0,-0.1,BU,17706400.0,44292000.0,False,0.0,13:51:13
18750.0,500,-1200.0,-0.1,BU,17706100.0,44292000.0,False,0.0,13:51:13
18750.0,9400,-1200.0,-0.1,BU,17705600.0,44292000.0,False,0.0,13:51:13
18750.0,200,-1200.0,-0.1,BU,17696200.0,44292000.0,False,50.0,13:51:12
18700.0,200,-1250.0,-0.1,SD,17696000.0,44292000.0,False,0.0,13:51:12
18700.0,100,-1250.0,-0.1,SD,17696000.0,44291800.0,False,-50.0,13:51:12
18750.0,5000,-1200.0,-0.1,BU,17696000.0,44291700.0,False,0.0,13:51:12
18750.0,100,-1200.0,-0.1,BU,17691000.0,44291700.0,False,0.0,13:51:11
18750.0,200,-1200.0,-0.1,BU,17690900.0,44291700.0,False,0.0,13:51:10
18750.0,2000,-1200.0,-0.1,BU,17690700.0,44291700.0,False,0.0,13:51:09
18750.0,700,-1200.0,-0.1,BU,17688700.0,44291700.0,False,0.0,13:51:08
18750.0,500,-1200.0,-0.1,BU,17688000.0,44291700.0,False,0.0,13:51:07
18750.0,2000,-1200.0,-0.1,BU,17687500.0,44291700.0,False,0.0,13:51:07
18750.0,1000,-1200.0,-0.1,BU,17685500.0,44291700.0,False,0.0,13:51:07
18750.0,1000,-1200.0,-0.1,BU,17684500.0,44291700.0,False,0.0,13:51:06
18750.0,11500,-1200.0,-0.1,BU,17683500.0,44291700.0,True,0.0,13:51:06
18750.0,200,-1200.0,-0.1,BU,17672000.0,44291700.0,False,0.0,13:51:06
18750.0,1200,-1200.0,-0.1,BU,17671800.0,44291700.0,False,0.0,13:51:06
18750.0,100,-1200.0,-0.1,BU,17670600.0,44291700.0,False,0.0,13:51:05
18750.0,100,-1200.0,-0.1,BU,17670500.0,44291700.0,False,0.0,13:51:05
18750.0,2900,-1200.0,-0.1,BU,17670400.0,44291700.0,False,0.0,13:51:04
18750.0,600,-1200.0,-0.1,BU,17667500.0,44291700.0,False,0.0,13:51:04
18750.0,1900,-1200.0,-0.1,BU,17666900.0,44291700.0,False,0.0,13:51:04
18750.0,100,-1200.0,-0.1,BU,17665000.0,44291700.0,False,0.0,13:51:04
18750.0,2600,-1200.0,-0.1,BU,17664900.0,44291700.0,False,0.0,13:51:03
18750.0,100,-1200.0,-0.1,BU,17662300.0,44291700.0,False,0.0,13:51:03
18750.0,2300,-1200.0,-0.1,BU,17662200.0,44291700.0,False,0.0,13:51:03
18750.0,100,-1200.0,-0.1,BU,17659900.0,44291700.0,False,0.0,13:51:03
18750.0,2500,-1200.0,-0.1,BU,17659800.0,44291700.0,False,0.0,13:51:03
18750.0,100,-1200.0,-0.1,BU,17657300.0,44291700.0,False,50.0,13:51:03
18700.0,300,-1250.0,-0.1,SD,17657200.0,44291700.0,False,0.0,13:51:02
18700.0,300,-1250.0,-0.1,SD,17657200.0,44291400.0,False,-50.0,13:51:02
18750.0,900,-1200.0,-0.1,BU,17657200.0,44291100.0,False,0.0,13:51:02
18750.0,1000,-1200.0,-0.1,BU,17656300.0,44291100.0,False,50.0,13:51:02
18700.0,500,-1250.0,-0.1,SD,17655300.0,44291100.0,False,-50.0,13:51:01
18750.0,12000,-1200.0,-0.1,BU,17655300.0,44290600.0,True,0.0,13:51:01
18750.0,100,-1200.0,-0.1,BU,17643300.0,44290600.0,False,0.0,13:51:01
18750.0,11000,-1200.0,-0.1,BU,17643200.0,44290600.0,True,0.0,13:50:59
18750.0,1000,-1200.0,-0.1,BU,17632200.0,44290600.0,False,0.0,13:50:59
18750.0,300,-1200.0,-0.1,BU,17631200.0,44290600.0,False,0.0,13:50:59
18750.0,1000,-1200.0,-0.1,BU,17630900.0,44290600.0,False,0.0,13:50:59
18750.0,1000,-1200.0,-0.1,BU,17629900.0,44290600.0,False,0.0,13:50:58
18750.0,500,-1200.0,-0.1,BU,17628900.0,44290600.0,False,0.0,13:50:57
18750.0,300,-1200.0,-0.1,BU,17628400.0,44290600.0,False,0.0,13:50:56
18750.0,2000,-1200.0,-0.1,BU,17628100.0,44290600.0,False,0.0,13:50:56
18750.0,100,-1200.0,-0.1,BU,17626100.0,44290600.0,False,50.0,13:50:55
18700.0,200,-1250.0,-0.1,SD,17626000.0,44290600.0,False,0.0,13:50:55
18700.0,800,-1250.0,-0.1,SD,17626000.0,44290400.0,False,-50.0,13:50:55
18750.0,3000,-1200.0,-0.1,BU,17626000.0,44289600.0,False,0.0,13:50:55
18750.0,2500,-1200.0,-0.1,BU,17623000.0,44289600.0,False,0.0,13:50:54
18750.0,500,-1200.0,-0.1,BU,17620500.0,44289600.0,False,0.0,13:50:54
18750.0,500,-1200.0,-0.1,BU,17620000.0,44289600.0,False,0.0,13:50:54
18750.0,3000,-1200.0,-0.1,BU,17619500.0,44289600.0,False,0.0,13:50:54
18750.0,300,-1200.0,-0.1,BU,17616500.0,44289600.0,False,0.0,13:50:53
18750.0,100,-1200.0,-0.1,BU,17616200.0,44289600.0,False,0.0,13:50:52
18750.0,500,-1200.0,-0.1,BU,17616100.0,44289600.0,False,0.0,13:50:52
18750.0,400,-1200.0,-0.1,BU,17615600.0,44289600.0,False,0.0,13:50:50
18750.0,100,-1200.0,-0.1,BU,17615200.0,44289600.0,False,0.0,13:50:50
18750.0,2900,-1200.0,-0.1,BU,17615100.0,44289600.0,False,0.0,13:50:50
18750.0,5400,-1200.0,-0.1,BU,17612200.0,44289600.0,False,0.0,13:50:50
18750.0,200,-1200.0,-0.1,BU,17606800.0,44289600.0,False,0.0,13:50:50
18750.0,300,-1200.0,-0.1,BU,17606600.0,44289600.0,False,0.0,13:50:50
18750.0,500,-1200.0,-0.1,BU,17606300.0,44289600.0,False,0.0,13:50:50
18750.0,600,-1200.0,-0.1,BU,17605800.0,44289600.0,False,0.0,13:50:50
18750.0,100,-1200.0,-0.1,BU,17605200.0,44289600.0,False,50.0,13:50:50
18700.0,200,-1250.0,-0.1,SD,17605100.0,44289600.0,False,0.0,13:50:50
18700.0,1500,-1250.0,-0.1,SD,17605100.0,44289400.0,False,0.0,13:50:50
18700.0,300,-1250.0,-0.1,SD,17605100.0,44287900.0,False,-50.0,13:50:50
18750.0,2000,-1200.0,-0.1,BU,17605100.0,44287600.0,False,0.0,13:50:50
18750.0,1000,-1200.0,-0.1,BU,17603100.0,44287600.0,False,0.0,13:50:49
18750.0,2600,-1200.0,-0.1,BU,17602100.0,44287600.0,False,0.0,13:50:48
18750.0,400,-1200.0,-0.1,BU,17599500.0,44287600.0,False,0.0,13:50:48
18750.0,100,-1200.0,-0.1,BU,17599100.0,44287600.0,False,0.0,13:50:48
18750.0,5000,-1200.0,-0.1,BU,17599000.0,44287600.0,False,0.0,13:50:47
18750.0,1000,-1200.0,-0.1,BU,17594000.0,44287600.0,False,0.0,13:50:47
18750.0,2000,-1200.0,-0.1,BU,17593000.0,44287600.0,False,0.0,13:50:46
18750.0,100,-1200.0,-0.1,BU,17591000.0,44287600.0,False,0.0,13:50:46
18750.0,5000,-1200.0,-0.1,BU,17590900.0,44287600.0,False,0.0,13:50:45
18750.0,200,-1200.0,-0.1,BU,17585900.0,44287600.0,False,0.0,13:50:44
18750.0,500,-1200.0,-0.1,BU,17585700.0,44287600.0,False,50.0,13:50:44
18700.0,200,-1250.0,-0.1,SD,17585200.0,44287600.0,False,0.0,13:50:43
18700.0,700,-1250.0,-0.1,SD,17585200.0,44287400.0,False,0.0,13:50:43
18700.0,500,-1250.0,-0.1,SD,17585200.0,44286700.0,False,0.0,13:50:43
18700.0,1000,-1250.0,-0.1,SD,17585200.0,44286200.0,False,0.0,13:50:43
18700.0,500,-1250.0,-0.1,SD,17585200.0,44285200.0,False,0.0,13:50:43
18700.0,100,-1250.0,-0.1,SD,17585200.0,44284700.0,False,-50.0,13:50:43
18750.0,100,-1200.0,-0.1,BU,17585200.0,44284600.0,False,0.0,13:50:43
18750.0,1000,-1200.0,-0.1,BU,17585100.0,44284600.0,False,0.0,13:50:42
18750.0,900,-1200.0,-0.1,BU,17584100.0,44284600.0,False,0.0,13:50:41
18750.0,1000,-1200.0,-0.1,BU,17583200.0,44284600.0,False,0.0,13:50:41
18750.0,200,-1200.0,-0.1,BU,17582200.0,44284600.0,False,0.0,13:50:41
18750.0,1200,-1200.0,-0.1,BU,17582000.0,44284600.0,False,0.0,13:50:41
18750.0,500,-1200.0,-0.1,BU,17580800.0,44284600.0,False,0.0,13:50:41
18750.0,5000,-1200.0,-0.1,BU,17580300.0,44284600.0,False,0.0,13:50:40
18750.0,3500,-1200.0,-0.1,BU,17575300.0,44284600.0,False,0.0,13:50:39
18750.0,700,-1200.0,-0.1,BU,17571800.0,44284600.0,False,0.0,13:50:39
18750.0,2200,-1200.0,-0.1,BU,17571100.0,44284600.0,False,0.0,13:50:38
18750.0,100,-1200.0,-0.1,BU,17568900.0,44284600.0,False,0.0,13:50:37
18750.0,500,-1200.0,-0.1,BU,17568800.0,44284600.0,False,0.0,13:50:36
18750.0,1300,-1200.0,-0.1,BU,17568300.0,44284600.0,False,0.0,13:50:36
18750.0,2600,-1200.0,-0.1,BU,17567000.0,44284600.0,False,50.0,13:50:35
18700.0,1000,-1250.0,-0.1,SD,17564400.0,44284600.0,False,-50.0,13:50:34
18750.0,5000,-1200.0,-0.1,BU,17564400.0,44283600.0,False,0.0,13:50:34
18750.0,300,-1200.0,-0.1,BU,17559400.0,44283600.0,False,0.0,13:50:33
18750.0,2000,-1200.0,-0.1,BU,17559100.0,44283600.0,False,0.0,13:50:33
18750.0,7600,-1200.0,-0.1,BU,17557100.0,44283600.0,False,0.0,13:50:33
18750.0,1000,-1200.0,-0.1,BU,17549500.0,44283600.0,False,0.0,13:50:33
18750.0,1000,-1200.0,-0.1,BU,17548500.0,44283600.0,False,0.0,13:50:33
18750.0,400,-1200.0,-0.1,BU,17547500.0,44283600.0,False,0.0,13:50:33
18750.0,100,-1200.0,-0.1,BU,17547100.0,44283600.0,False,0.0,13:50:33
18750.0,500,-1200.0,-0.1,BU,17547000.0,44283600.0,False,0.0,13:50:32
18750.0,100,-1200.0,-0.1,BU,17546500.0,44283600.0,False,0.0,13:50:32
18750.0,400,-1200.0,-0.1,BU,17546400.0,44283600.0,False,0.0,13:50:32
18750.0,400,-1200.0,-0.1,BU,17546000.0,44283600.0,False,0.0,13:50:31
18750.0,500,-1200.0,-0.1,BU,17545600.0,44283600.0,False,0.0,13:50:31
18750.0,700,-1200.0,-0.1,BU,17545100.0,44283600.0,False,0.0,13:50:29
18750.0,2500,-1200.0,-0.1,BU,17544400.0,44283600.0,False,0.0,13:50:29
18750.0,400,-1200.0,-0.1,BU,17541900.0,44283600.0,False,0.0,13:50:29
18750.0,200,-1200.0,-0.1,BU,17541500.0,44283600.0,False,0.0,13:50:29
18750.0,1000,-1200.0,-0.1,BU,17541300.0,44283600.0,False,0.0,13:50:27
18750.0,500,-1200.0,-0.1,BU,17540300.0,44283600.0,False,0.0,13:50:25
18750.0,200,-1200.0,-0.1,BU,17539800.0,44283600.0,False,0.0,13:50:25
18750.0,300,-1200.0,-0.1,BU,17539600.0,44283600.0,False,0.0,13:50:25
18750.0,1100,-1200.0,-0.1,BU,17539300.0,44283600.0,False,0.0,13:50:23
18750.0,2000,-1200.0,-0.1,BU,17538200.0,44283600.0,False,0.0,13:50:22
18750.0,5000,-1200.0,-0.1,BU,17536200.0,44283600.0,False,0.0,13:50:21
18750.0,2000,-1200.0,-0.1,BU,17531200.0,44283600.0,False,0.0,13:50:21
18750.0,2800,-1200.0,-0.1,BU,17529200.0,44283600.0,False,0.0,13:50:20
18750.0,200,-1200.0,-0.1,BU,17526400.0,44283600.0,False,0.0,13:50:20
18750.0,200,-1200.0,-0.1,BU,17526200.0,44283600.0,False,0.0,13:50:20
18750.0,500,-1200.0,-0.1,BU,17526000.0,44283600.0,False,0.0,13:50:20
18750.0,5000,-1200.0,-0.1,BU,17525500.0,44283600.0,False,0.0,13:50:19
18750.0,1000,-1200.0,-0.1,BU,17520500.0,44283600.0,False,0.0,13:50:19
18750.0,100,-1200.0,-0.1,BU,17519500.0,44283600.0,False,0.0,13:50:19
18750.0,200,-1200.0,-0.1,BU,17519400.0,44283600.0,False,0.0,13:50:19
18750.0,100,-1200.0,-0.1,BU,17519200.0,44283600.0,False,0.0,13:50:19
18750.0,500,-1200.0,-0.1,BU,17519100.0,44283600.0,False,0.0,13:50:19
18750.0,2100,-1200.0,-0.1,SD,17518600.0,44283600.0,False,0.0,13:50:17
18750.0,500,-1200.0,-0.1,SD,17518600.0,44281500.0,False,0.0,13:50:17
18750.0,2000,-1200.0,-0.1,SD,17518600.0,44281000.0,False,0.0,13:50:17
18750.0,800,-1200.0,-0.1,SD,17518600.0,44279000.0,False,0.0,13:50:17
18750.0,300,-1200.0,-0.1,SD,17518600.0,44278200.0,False,0.0,13:50:17
18750.0,300,-1200.0,-0.1,SD,17518600.0,44277900.0,False,0.0,13:50:17
18750.0,500,-1200.0,-0.1,SD,17518600.0,44277600.0,False,0.0,13:50:17
18750.0,200,-1200.0,-0.1,SD,17518600.0,44277100.0,False,0.0,13:50:17
18750.0,9600,-1200.0,-0.1,SD,17518600.0,44276900.0,False,0.0,13:50:17
18750.0,200,-1200.0,-0.1,SD,17518600.0,44267300.0,False,0.0,13:50:17
18750.0,200,-1200.0,-0.1,SD,17518600.0,44267100.0,False,0.0,13:50:17
18750.0,4000,-1200.0,-0.1,SD,17518600.0,44266900.0,False,0.0,13:50:17
18750.0,10000,-1200.0,-0.1,SD,17518600.0,44262900.0,False,0.0,13:50:17
18750.0,1000,-1200.0,-0.1,SD,17518600.0,44252900.0,False,0.0,13:50:17
18750.0,300,-1200.0,-0.1,SD,17518600.0,44251900.0,False,0.0,13:50:17
18750.0,5100,-1200.0,-0.1,SD,17518600.0,44251600.0,False,0.0,13:50:17
18750.0,500,-1200.0,-0.1,SD,17518600.0,44246500.0,False,0.0,13:50:14
18750.0,6000,-1200.0,-0.1,SD,17518600.0,44246000.0,False,0.0,13:50:12
18750.0,5000,-1200.0,-0.1,SD,17518600.0,44240000.0,False,0.0,13:50:11
18750.0,200,-1200.0,-0.1,SD,17518600.0,44235000.0,False,0.0,13:50:10
18750.0,1000,-1200.0,-0.1,SD,17518600.0,44234800.0,False,0.0,13:50:10
18750.0,6000,-1200.0,-0.1,SD,17518600.0,44233800.0,False,0.0,13:50:07
18750.0,200,-1200.0,-0.1,SD,17518600.0,44227800.0,False,0.0,13:50:06
18750.0,30000,-1200.0,-0.1,SD,17518600.0,44227600.0,True,0.0,13:50:05
18750.0,5000,-1200.0,-0.1,BU,17518600.0,44197600.0,False,0.0,13:50:04
18750.0,300,-1200.0,-0.1,BU,17513600.0,44197600.0,False,0.0,13:50:04
18750.0,5500,-1200.0,-0.1,BU,17513300.0,44197600.0,False,0.0,13:50:04
18750.0,4000,-1200.0,-0.1,BU,17507800.0,44197600.0,False,0.0,13:50:04
18750.0,500,-1200.0,-0.1,BU,17503800.0,44197600.0,False,0.0,13:50:04
18750.0,300,-1200.0,-0.1,BU,17503300.0,44197600.0,False,0.0,13:50:04
18750.0,5000,-1200.0,-0.1,BU,17503000.0,44197600.0,False,0.0,13:50:04
18750.0,1000,-1200.0,-0.1,BU,17498000.0,44197600.0,False,0.0,13:50:04
18750.0,2000,-1200.0,-0.1,BU,17497000.0,44197600.0,False,0.0,13:50:04
18750.0,10000,-1200.0,-0.1,BU,17495000.0,44197600.0,False,0.0,13:50:04
18750.0,2000,-1200.0,-0.1,BU,17485000.0,44197600.0,False,0.0,13:50:04
18750.0,3000,-1200.0,-0.1,BU,17483000.0,44197600.0,False,0.0,13:50:04
18750.0,1000,-1200.0,-0.1,BU,17480000.0,44197600.0,False,0.0,13:50:04
18750.0,1600,-1200.0,-0.1,BU,17479000.0,44197600.0,False,0.0,13:50:04
18750.0,1000,-1200.0,-0.1,BU,17477400.0,44197600.0,False,0.0,13:50:04
18750.0,100,-1200.0,-0.1,BU,17476400.0,44197600.0,False,0.0,13:50:04
18750.0,2000,-1200.0,-0.1,BU,17476300.0,44197600.0,False,0.0,13:50:04
18750.0,1700,-1200.0,-0.1,BU,17474300.0,44197600.0,False,50.0,13:50:04
18700.0,1000,-1250.0,-0.1,SD,17472600.0,44197600.0,False,-50.0,13:50:03
18750.0,800,-1200.0,-0.1,BU,17472600.0,44196600.0,False,0.0,13:50:03
18750.0,100,-1200.0,-0.1,BU,17471800.0,44196600.0,False,50.0,13:50:03
18700.0,500,-1250.0,-0.1,SD,17471700.0,44196600.0,False,-50.0,13:50:02
18750.0,800,-1200.0,-0.1,BU,17471700.0,44196100.0,False,0.0,13:50:01
18750.0,3000,-1200.0,-0.1,BU,17470900.0,44196100.0,False,0.0,13:50:01
18750.0,3000,-1200.0,-0.1,BU,17467900.0,44196100.0,False,0.0,13:50:01
18750.0,2000,-1200.0,-0.1,BU,17464900.0,44196100.0,False,0.0,13:50:01
18750.0,2000,-1200.0,-0.1,BU,17462900.0,44196100.0,False,0.0,13:50:01
18750.0,6700,-1200.0,-0.1,BU,17460900.0,44196100.0,False,0.0,13:50:01
18750.0,2200,-1200.0,-0.1,BU,17454200.0,44196100.0,False,50.0,13:49:59
18700.0,300,-1250.0,-0.1,SD,17452000.0,44196100.0,False,-50.0,13:49:59
18750.0,1100,-1200.0,-0.1,BU,17452000.0,44195800.0,False,0.0,13:49:59
18750.0,200,-1200.0,-0.1,BU,17450900.0,44195800.0,False,0.0,13:49:59
18750.0,2000,-1200.0,-0.1,BU,17450700.0,44195800.0,False,0.0,13:49:59
18750.0,500,-1200.0,-0.1,BU,17448700.0,44195800.0,False,0.0,13:49:59
18750.0,1000,-1200.0,-0.1,BU,17448200.0,44195800.0,False,0.0,13:49:59
18750.0,1000,-1200.0,-0.1,BU,17447200.0,44195800.0,False,0.0,13:49:59
18750.0,1000,-1200.0,-0.1,BU,17446200.0,44195800.0,False,0.0,13:49:59
18750.0,200,-1200.0,-0.1,BU,17445200.0,44195800.0,False,0.0,13:49:59
18750.0,300,-1200.0,-0.1,BU,17445000.0,44195800.0,False,0.0,13:49:59
18750.0,900,-1200.0,-0.1,BU,17444700.0,44195800.0,False,0.0,13:49:59
18750.0,1000,-1200.0,-0.1,BU,17443800.0,44195800.0,False,0.0,13:49:59
18750.0,1000,-1200.0,-0.1,BU,17442800.0,44195800.0,False,0.0,13:49:59
18750.0,1000,-1200.0,-0.1,BU,17441800.0,44195800.0,False,0.0,13:49:59
18750.0,1000,-1200.0,-0.1,BU,17440800.0,44195800.0,False,0.0,13:49:59
18750.0,500,-1200.0,-0.1,BU,17439800.0,44195800.0,False,0.0,13:49:59
18750.0,1500,-1200.0,-0.1,BU,17439300.0,44195800.0,False,0.0,13:49:59
18750.0,300,-1200.0,-0.1,BU,17437800.0,44195800.0,False,0.0,13:49:59
18750.0,5500,-1200.0,-0.1,BU,17437500.0,44195800.0,False,50.0,13:49:59
18700.0,200,-1250.0,-0.1,SD,17432000.0,44195800.0,False,-50.0,13:49:59
18750.0,2000,-1200.0,-0.1,BU,17432000.0,44195600.0,False,0.0,13:49:58
18750.0,100,-1200.0,-0.1,BU,17430000.0,44195600.0,False,0.0,13:49:57
18750.0,400,-1200.0,-0.1,BU,17429900.0,44195600.0,False,0.0,13:49:56
18750.0,100,-1200.0,-0.1,BU,17429500.0,44195600.0,False,0.0,13:49:55
18750.0,1100,-1200.0,-0.1,BU,17429400.0,44195600.0,False,0.0,13:49:54
18750.0,800,-1200.0,-0.1,BU,17428300.0,44195600.0,False,0.0,13:49:54
18750.0,200,-1200.0,-0.1,BU,17427500.0,44195600.0,False,50.0,13:49:54
18700.0,700,-1250.0,-0.1,SD,17427300.0,44195600.0,False,0.0,13:49:53
18700.0,16300,-1250.0,-0.1,SD,17427300.0,44194900.0,True,0.0,13:49:53
18700.0,100,-1250.0,-0.1,SD,17427300.0,44178600.0,False,0.0,13:49:53
18700.0,1000,-1250.0,-0.1,SD,17427300.0,44178500.0,False,0.0,13:49:53
18700.0,7500,-1250.0,-0.1,SD,17427300.0,44177500.0,False,0.0,13:49:53
18700.0,300,-1250.0,-0.1,SD,17427300.0,44170000.0,False,0.0,13:49:52
18700.0,1000,-1250.0,-0.1,SD,17427300.0,44169700.0,False,0.0,13:49:51
18700.0,1000,-1250.0,-0.1,SD,17427300.0,44168700.0,False,0.0,13:49:50
18700.0,200,-1250.0,-0.1,SD,17427300.0,44167700.0,False,0.0,13:49:49
18700.0,2800,-1250.0,-0.1,SD,17427300.0,44167500.0,False,-50.0,13:49:49
18750.0,200,-1200.0,-0.1,BU,17427300.0,44164700.0,False,0.0,13:49:49
18750.0,100,-1200.0,-0.1,BU,17427100.0,44164700.0,False,0.0,13:49:48
18750.0,2000,-1200.0,-0.1,BU,17427000.0,44164700.0,False,0.0,13:49:47
18750.0,100,-1200.0,-0.1,BU,17425000.0,44164700.0,False,0.0,13:49:47
18750.0,800,-1200.0,-0.1,BU,17424900.0,44164700.0,False,50.0,13:49:46
18700.0,200,-1250.0,-0.1,SD,17424100.0,44164700.0,False,0.0,13:49:46
18700.0,500,-1250.0,-0.1,SD,17424100.0,44164500.0,False,0.0,13:49:46
18700.0,400,-1250.0,-0.1,SD,17424100.0,44164000.0,False,0.0,13:49:46
18700.0,2500,-1250.0,-0.1,SD,17424100.0,44163600.0,False,0.0,13:49:46
18700.0,100,-1250.0,-0.1,SD,17424100.0,44161100.0,False,0.0,13:49:46
18700.0,200,-1250.0,-0.1,SD,17424100.0,44161000.0,False,0.0,13:49:46
18700.0,2000,-1250.0,-0.1,SD,17424100.0,44160800.0,False,0.0,13:49:46
18700.0,100,-1250.0,-0.1,SD,17424100.0,44158800.0,False,0.0,13:49:46
18700.0,1000,-1250.0,-0.1,SD,17424100.0,44158700.0,False,0.0,13:49:46
18700.0,2000,-1250.0,-0.1,SD,17424100.0,44157700.0,False,0.0,13:49:46
18700.0,300,-1250.0,-0.1,SD,17424100.0,44155700.0,False,0.0,13:49:46
18700.0,100,-1250.0,-0.1,SD,17424100.0,44155400.0,False,0.0,13:49:46
18700.0,1600,-1250.0,-0.1,SD,17424100.0,44155300.0,False,0.0,13:49:46
18700.0,1400,-1250.0,-0.1,SD,17424100.0,44153700.0,False,0.0,13:49:46
18700.0,1600,-1250.0,-0.1,SD,17424100.0,44152300.0,False,0.0,13:49:46
18700.0,1400,-1250.0,-0.1,SD,17424100.0,44150700.0,False,0.0,13:49:45
18700.0,1000,-1250.0,-0.1,SD,17424100.0,44149300.0,False,0.0,13:49:45
18700.0,100,-1250.0,-0.1,SD,17424100.0,44148300.0,False,-50.0,13:49:45
18750.0,1000,-1200.0,-0.1,BU,17424100.0,44148200.0,False,0.0,13:49:44
18750.0,200,-1200.0,-0.1,BU,17423100.0,44148200.0,False,0.0,13:49:44
18750.0,100,-1200.0,-0.1,BU,17422900.0,44148200.0,False,0.0,13:49:44
18750.0,100,-1200.0,-0.1,BU,17422800.0,44148200.0,False,0.0,13:49:43
18750.0,5000,-1200.0,-0.1,BU,17422700.0,44148200.0,False,50.0,13:49:43
18700.0,200,-1250.0,-0.1,SD,17417700.0,44148200.0,False,-50.0,13:49:43
18750.0,1000,-1200.0,-0.1,BU,17417700.0,44148000.0,False,0.0,13:49:43
18750.0,100,-1200.0,-0.1,BU,17416700.0,44148000.0,False,0.0,13:49:42
18750.0,1000,-1200.0,-0.1,BU,17416600.0,44148000.0,False,50.0,13:49:42
18700.0,500,-1250.0,-0.1,SD,17415600.0,44148000.0,False,0.0,13:49:42
18700.0,500,-1250.0,-0.1,SD,17415600.0,44147500.0,False,-50.0,13:49:42
18750.0,200,-1200.0,-0.1,BU,17415600.0,44147000.0,False,0.0,13:49:41
18750.0,800,-1200.0,-0.1,BU,17415400.0,44147000.0,False,0.0,13:49:41
18750.0,100,-1200.0,-0.1,BU,17414600.0,44147000.0,False,0.0,13:49:41
18750.0,600,-1200.0,-0.1,BU,17414500.0,44147000.0,False,0.0,13:49:40
18750.0,200,-1200.0,-0.1,BU,17413900.0,44147000.0,False,0.0,13:49:40
18750.0,800,-1200.0,-0.1,BU,17413700.0,44147000.0,False,0.0,13:49:39
18750.0,1100,-1200.0,-0.1,BU,17412900.0,44147000.0,False,0.0,13:49:39
18750.0,100,-1200.0,-0.1,BU,17411800.0,44147000.0,False,0.0,13:49:36
18750.0,100,-1200.0,-0.1,BU,17411700.0,44147000.0,False,50.0,13:49:35
18700.0,1500,-1250.0,-0.1,SD,17411600.0,44147000.0,False,0.0,13:49:34
18700.0,400,-1250.0,-0.1,SD,17411600.0,44145500.0,False,0.0,13:49:34
18700.0,100,-1250.0,-0.1,SD,17411600.0,44145100.0,False,-50.0,13:49:34
18750.0,100,-1200.0,-0.1,BU,17411600.0,44145000.0,False,0.0,13:49:34
18750.0,3000,-1200.0,-0.1,BU,17411500.0,44145000.0,False,0.0,13:49:34
18750.0,2300,-1200.0,-0.1,BU,17408500.0,44145000.0,False,0.0,13:49:32
18750.0,200,-1200.0,-0.1,BU,17406200.0,44145000.0,False,0.0,13:49:31
18750.0,1100,-1200.0,-0.1,BU,17406000.0,44145000.0,False,0.0,13:49:30
18750.0,100,-1200.0,-0.1,BU,17404900.0,44145000.0,False,0.0,13:49:30
18750.0,500,-1200.0,-0.1,BU,17404800.0,44145000.0,False,0.0,13:49:30
18750.0,1500,-1200.0,-0.1,BU,17404300.0,44145000.0,False,50.0,13:49:30
18700.0,200,-1250.0,-0.1,SD,17402800.0,44145000.0,False,0.0,13:49:29
18700.0,300,-1250.0,-0.1,SD,17402800.0,44144800.0,False,0.0,13:49:28
18700.0,3400,-1250.0,-0.1,SD,17402800.0,44144500.0,False,0.0,13:49:28
18700.0,3200,-1250.0,-0.1,SD,17402800.0,44141100.0,False,0.0,13:49:28
18700.0,500,-1250.0,-0.1,SD,17402800.0,44137900.0,False,0.0,13:49:28
18700.0,600,-1250.0,-0.1,SD,17402800.0,44137400.0,False,0.0,13:49:28
18700.0,1000,-1250.0,-0.1,SD,17402800.0,44136800.0,False,0.0,13:49:28
18700.0,2000,-1250.0,-0.1,SD,17402800.0,44135800.0,False,0.0,13:49:28
18700.0,100,-1250.0,-0.1,SD,17402800.0,44133800.0,False,0.0,13:49:28
18700.0,200,-1250.0,-0.1,SD,17402800.0,44133700.0,False,0.0,13:49:28
18700.0,400,-1250.0,-0.1,SD,17402800.0,44133500.0,False,0.0,13:49:28
18700.0,100,-1250.0,-0.1,SD,17402800.0,44133100.0,False,0.0,13:49:28
18700.0,800,-1250.0,-0.1,SD,17402800.0,44133000.0,False,0.0,13:49:28
18700.0,2000,-1250.0,-0.1,SD,17402800.0,44132200.0,False,0.0,13:49:28
18700.0,100,-1250.0,-0.1,SD,17402800.0,44130200.0,False,0.0,13:49:28
18700.0,2000,-1250.0,-0.1,SD,17402800.0,44130100.0,False,0.0,13:49:28
18700.0,500,-1250.0,-0.1,SD,17402800.0,44128100.0,False,0.0,13:49:28
18700.0,100,-1250.0,-0.1,SD,17402800.0,44127600.0,False,0.0,13:49:28
18700.0,2000,-1250.0,-0.1,SD,17402800.0,44127500.0,False,0.0,13:49:28
18700.0,1000,-1250.0,-0.1,SD,17402800.0,44125500.0,False,0.0,13:49:28
18700.0,500,-1250.0,-0.1,SD,17402800.0,44124500.0,False,0.0,13:49:28
18700.0,500,-1250.0,-0.1,SD,17402800.0,44124000.0,False,0.0,13:49:28
18700.0,1100,-1250.0,-0.1,SD,17402800.0,44123500.0,False,0.0,13:49:28
18700.0,200,-1250.0,-0.1,SD,17402800.0,44122400.0,False,0.0,13:49:28
18700.0,10000,-1250.0,-0.1,SD,17402800.0,44122200.0,False,0.0,13:49:28
18700.0,500,-1250.0,-0.1,SD,17402800.0,44112200.0,False,0.0,13:49:28
18700.0,2000,-1250.0,-0.1,SD,17402800.0,44111700.0,False,0.0,13:49:28
18700.0,100,-1250.0,-0.1,SD,17402800.0,44109700.0,False,0.0,13:49:28
18700.0,400,-1250.0,-0.1,SD,17402800.0,44109600.0,False,0.0,13:49:28
18700.0,1000,-1250.0,-0.1,SD,17402800.0,44109200.0,False,0.0,13:49:28
18700.0,100,-1250.0,-0.1,SD,17402800.0,44108200.0,False,0.0,13:49:28
18700.0,200,-1250.0,-0.1,SD,17402800.0,44108100.0,False,0.0,13:49:28
18700.0,1000,-1250.0,-0.1,SD,17402800.0,44107900.0,False,0.0,13:49:28
18700.0,600,-1250.0,-0.1,SD,17402800.0,44106900.0,False,0.0,13:49:28
18700.0,5000,-1250.0,-0.1,SD,17402800.0,44106300.0,False,0.0,13:49:28
18700.0,200,-1250.0,-0.1,SD,17402800.0,44101300.0,False,0.0,13:49:28
18700.0,100,-1250.0,-0.1,SD,17402800.0,44101100.0,False,0.0,13:49:28
18700.0,100,-1250.0,-0.1,SD,17402800.0,44101000.0,False,0.0,13:49:28
18700.0,2000,-1250.0,-0.1,SD,17402800.0,44100900.0,False,0.0,13:49:28
18700.0,700,-1250.0,-0.1,SD,17402800.0,44098900.0,False,0.0,13:49:28
18700.0,1100,-1250.0,-0.1,SD,17402800.0,44098200.0,False,0.0,13:49:28
18700.0,200,-1250.0,-0.1,SD,17402800.0,44097100.0,False,0.0,13:49:28
18700.0,2000,-1250.0,-0.1,SD,17402800.0,44096900.0,False,0.0,13:49:28
18700.0,700,-1250.0,-0.1,SD,17402800.0,44094900.0,False,0.0,13:49:28
18700.0,300,-1250.0,-0.1,SD,17402800.0,44094200.0,False,0.0,13:49:28
18700.0,6000,-1250.0,-0.1,SD,17402800.0,44093900.0,False,0.0,13:49:28
18700.0,2000,-1250.0,-0.1,SD,17402800.0,44087900.0,False,0.0,13:49:28
18700.0,200,-1250.0,-0.1,SD,17402800.0,44085900.0,False,0.0,13:49:28
18700.0,1000,-1250.0,-0.1,SD,17402800.0,44085700.0,False,0.0,13:49:28
18700.0,100,-1250.0,-0.1,SD,17402800.0,44084700.0,False,0.0,13:49:28
18700.0,2000,-1250.0,-0.1,SD,17402800.0,44084600.0,False,0.0,13:49:28
18700.0,100,-1250.0,-0.1,SD,17402800.0,44082600.0,False,0.0,13:49:28
18700.0,100,-1250.0,-0.1,SD,17402800.0,44082500.0,False,0.0,13:49:28
18700.0,200,-1250.0,-0.1,SD,17402800.0,44082400.0,False,0.0,13:49:28
18700.0,2000,-1250.0,-0.1,SD,17402800.0,44082200.0,False,0.0,13:49:28
18700.0,100,-1250.0,-0.1,SD,17402800.0,44080200.0,False,0.0,13:49:28
18700.0,400,-1250.0,-0.1,SD,17402800.0,44080100.0,False,0.0,13:49:28
18700.0,200,-1250.0,-0.1,SD,17402800.0,44079700.0,False,0.0,13:49:28
18700.0,100,-1250.0,-0.1,SD,17402800.0,44079500.0,False,0.0,13:49:28
18700.0,500,-1250.0,-0.1,SD,17402800.0,44079400.0,False,0.0,13:49:28
18700.0,300,-1250.0,-0.1,SD,17402800.0,44078900.0,False,0.0,13:49:28
18700.0,3200,-1250.0,-0.1,SD,17402800.0,44078600.0,False,0.0,13:49:28
18700.0,1000,-1250.0,-0.1,SD,17402800.0,44075400.0,False,0.0,13:49:28
18700.0,1000,-1250.0,-0.1,SD,17402800.0,44074400.0,False,0.0,13:49:28
18700.0,500,-1250.0,-0.1,SD,17402800.0,44073400.0,False,0.0,13:49:28
18700.0,200,-1250.0,-0.1,SD,17402800.0,44072900.0,False,0.0,13:49:28
18700.0,100,-1250.0,-0.1,SD,17402800.0,44072700.0,False,0.0,13:49:28
18700.0,1000,-1250.0,-0.1,SD,17402800.0,44072600.0,False,0.0,13:49:28
18700.0,200,-1250.0,-0.1,SD,17402800.0,44071600.0,False,0.0,13:49:28
18700.0,1000,-1250.0,-0.1,SD,17402800.0,44071400.0,False,0.0,13:49:28
18700.0,100,-1250.0,-0.1,SD,17402800.0,44070400.0,False,0.0,13:49:28
18700.0,100,-1250.0,-0.1,SD,17402800.0,44070300.0,False,0.0,13:49:28
18700.0,2000,-1250.0,-0.1,SD,17402800.0,44070200.0,False,0.0,13:49:28
18700.0,300,-1250.0,-0.1,SD,17402800.0,44068200.0,False,0.0,13:49:28
18700.0,300,-1250.0,-0.1,SD,17402800.0,44067900.0,False,0.0,13:49:28
18700.0,100,-1250.0,-0.1,SD,17402800.0,44067600.0,False,0.0,13:49:28
18700.0,1000,-1250.0,-0.1,SD,17402800.0,44067500.0,False,0.0,13:49:28
18700.0,100,-1250.0,-0.1,SD,17402800.0,44066500.0,False,0.0,13:49:28
18700.0,100,-1250.0,-0.1,SD,17402800.0,44066400.0,False,0.0,13:49:27
18700.0,100,-1250.0,-0.1,SD,17402800.0,44066300.0,False,0.0,13:49:27
18700.0,300,-1250.0,-0.1,SD,17402800.0,44066200.0,False,0.0,13:49:27
18700.0,100,-1250.0,-0.1,SD,17402800.0,44065900.0,False,0.0,13:49:27
18700.0,1000,-1250.0,-0.1,SD,17402800.0,44065800.0,False,0.0,13:49:27
18700.0,1000,-1250.0,-0.1,SD,17402800.0,44064800.0,False,0.0,13:49:27
18700.0,200,-1250.0,-0.1,SD,17402800.0,44063800.0,False,0.0,13:49:27
18700.0,1100,-1250.0,-0.1,SD,17402800.0,44063600.0,False,0.0,13:49:27
18700.0,2000,-1250.0,-0.1,SD,17402800.0,44062500.0,False,0.0,13:49:27
18700.0,100,-1250.0,-0.1,SD,17402800.0,44060500.0,False,0.0,13:49:27
18700.0,100,-1250.0,-0.1,SD,17402800.0,44060400.0,False,0.0,13:49:27
18700.0,400,-1250.0,-0.1,SD,17402800.0,44060300.0,False,0.0,13:49:27
18700.0,500,-1250.0,-0.1,SD,17402800.0,44059900.0,False,0.0,13:49:27
18700.0,200,-1250.0,-0.1,SD,17402800.0,44059400.0,False,0.0,13:49:27
18700.0,1000,-1250.0,-0.1,SD,17402800.0,44059200.0,False,0.0,13:49:27
18700.0,10000,-1250.0,-0.1,SD,17402800.0,44058200.0,False,0.0,13:49:27
18700.0,100,-1250.0,-0.1,SD,17402800.0,44048200.0,False,0.0,13:49:27
18700.0,100,-1250.0,-0.1,SD,17402800.0,44048100.0,False,0.0,13:49:27
18700.0,100,-1250.0,-0.1,SD,17402800.0,44048000.0,False,0.0,13:49:27
18700.0,3400,-1250.0,-0.1,SD,17402800.0,44047900.0,False,-50.0,13:49:27
18750.0,1000,-1200.0,-0.1,BU,17402800.0,44044500.0,False,0.0,13:49:27
18750.0,1000,-1200.0,-0.1,BU,17401800.0,44044500.0,False,0.0,13:49:26
18750.0,1000,-1200.0,-0.1,BU,17400800.0,44044500.0,False,50.0,13:49:26
18700.0,1000,-1250.0,-0.1,SD,17399800.0,44044500.0,False,0.0,13:49:26
18700.0,1600,-1250.0,-0.1,SD,17399800.0,44043500.0,False,0.0,13:49:26
18700.0,1000,-1250.0,-0.1,SD,17399800.0,44041900.0,False,0.0,13:49:26
18700.0,100,-1250.0,-0.1,SD,17399800.0,44040900.0,False,0.0,13:49:26
18700.0,100,-1250.0,-0.1,SD,17399800.0,44040800.0,False,0.0,13:49:26
18700.0,300,-1250.0,-0.1,SD,17399800.0,44040700.0,False,0.0,13:49:26
18700.0,800,-1250.0,-0.1,SD,17399800.0,44040400.0,False,0.0,13:49:26
18700.0,10000,-1250.0,-0.1,SD,17399800.0,44039600.0,False,0.0,13:49:26
18700.0,200,-1250.0,-0.1,SD,17399800.0,44029600.0,False,0.0,13:49:26
18700.0,100,-1250.0,-0.1,SD,17399800.0,44029400.0,False,0.0,13:49:26
18700.0,1000,-1250.0,-0.1,SD,17399800.0,44029300.0,False,0.0,13:49:26
18700.0,1000,-1250.0,-0.1,SD,17399800.0,44028300.0,False,0.0,13:49:26
18700.0,1000,-1250.0,-0.1,SD,17399800.0,44027300.0,False,0.0,13:49:26
18700.0,1000,-1250.0,-0.1,SD,17399800.0,44026300.0,False,0.0,13:49:26
18700.0,200,-1250.0,-0.1,SD,17399800.0,44025300.0,False,0.0,13:49:26
18700.0,200,-1250.0,-0.1,SD,17399800.0,44025100.0,False,0.0,13:49:26
18700.0,2000,-1250.0,-0.1,SD,17399800.0,44024900.0,False,0.0,13:49:26
18700.0,100,-1250.0,-0.1,SD,17399800.0,44022900.0,False,0.0,13:49:26
18700.0,200,-1250.0,-0.1,SD,17399800.0,44022800.0,False,0.0,13:49:26
18700.0,1000,-1250.0,-0.1,SD,17399800.0,44022600.0,False,0.0,13:49:26
18700.0,100,-1250.0,-0.1,SD,17399800.0,44021600.0,False,0.0,13:49:26
18700.0,1000,-1250.0,-0.1,SD,17399800.0,44021500.0,False,0.0,13:49:26
18700.0,600,-1250.0,-0.1,SD,17399800.0,44020500.0,False,-50.0,13:49:26
18750.0,200,-1200.0,-0.1,BU,17399800.0,44019900.0,False,50.0,13:49:22
18700.0,100,-1250.0,-0.1,SD,17399600.0,44019900.0,False,0.0,13:49:19
18700.0,1000,-1250.0,-0.1,SD,17399600.0,44019800.0,False,0.0,13:49:18
18700.0,1000,-1250.0,-0.1,SD,17399600.0,44018800.0,False,-50.0,13:49:18
18750.0,2400,-1200.0,-0.1,BU,17399600.0,44017800.0,False,50.0,13:49:17
18700.0,3000,-1250.0,-0.1,SD,17397200.0,44017800.0,False,-50.0,13:49:16
18750.0,100,-1200.0,-0.1,BU,17397200.0,44014800.0,False,0.0,13:49:15
18750.0,100,-1200.0,-0.1,BU,17397100.0,44014800.0,False,0.0,13:49:15
18750.0,1000,-1200.0,-0.1,BU,17397000.0,44014800.0,False,0.0,13:49:14
18750.0,2200,-1200.0,-0.1,BU,17396000.0,44014800.0,False,0.0,13:49:12
18750.0,7800,-1200.0,-0.1,BU,17393800.0,44014800.0,False,50.0,13:49:12
18700.0,4300,-1250.0,-0.1,SD,17386000.0,44014800.0,False,0.0,13:49:12
18700.0,100,-1250.0,-0.1,SD,17386000.0,44010500.0,False,0.0,13:49:12
18700.0,1000,-1250.0,-0.1,SD,17386000.0,44010400.0,False,0.0,13:49:12
18700.0,1000,-1250.0,-0.1,SD,17386000.0,44009400.0,False,0.0,13:49:12
18700.0,1000,-1250.0,-0.1,SD,17386000.0,44008400.0,False,0.0,13:49:12
18700.0,300,-1250.0,-0.1,SD,17386000.0,44007400.0,False,0.0,13:49:12
18700.0,2300,-1250.0,-0.1,SD,17386000.0,44007100.0,False,0.0,13:49:12
18700.0,700,-1250.0,-0.1,SD,17386000.0,44004800.0,False,0.0,13:49:11
18700.0,300,-1250.0,-0.1,SD,17386000.0,44004100.0,False,-50.0,13:49:11
18750.0,4000,-1200.0,-0.1,BU,17386000.0,44003800.0,False,0.0,13:49:11
18750.0,1800,-1200.0,-0.1,BU,17382000.0,44003800.0,False,0.0,13:49:09
18750.0,5800,-1200.0,-0.1,BU,17380200.0,44003800.0,False,0.0,13:49:09
18750.0,200,-1200.0,-0.1,BU,17374400.0,44003800.0,False,0.0,13:49:08
18750.0,100,-1200.0,-0.1,BU,17374200.0,44003800.0,False,0.0,13:49:08
18750.0,500,-1200.0,-0.1,BU,17374100.0,44003800.0,False,0.0,13:49:07
18750.0,1000,-1200.0,-0.1,BU,17373600.0,44003800.0,False,0.0,13:49:07
18750.0,100,-1200.0,-0.1,BU,17372600.0,44003800.0,False,0.0,13:49:06
18750.0,23500,-1200.0,-0.1,BU,17372500.0,44003800.0,True,0.0,13:49:06
18750.0,100,-1200.0,-0.1,BU,17349000.0,44003800.0,False,0.0,13:49:05
18750.0,200,-1200.0,-0.1,BU,17348900.0,44003800.0,False,0.0,13:49:05
18750.0,100,-1200.0,-0.1,BU,17348700.0,44003800.0,False,50.0,13:49:04
18700.0,500,-1250.0,-0.1,SD,17348600.0,44003800.0,False,0.0,13:49:04
18700.0,500,-1250.0,-0.1,SD,17348600.0,44003300.0,False,-50.0,13:49:00
18750.0,500,-1200.0,-0.1,BU,17348600.0,44002800.0,False,0.0,13:49:00
18750.0,100,-1200.0,-0.1,BU,17348100.0,44002800.0,False,0.0,13:49:00
18750.0,100,-1200.0,-0.1,BU,17348000.0,44002800.0,False,0.0,13:49:00
18750.0,300,-1200.0,-0.1,BU,17347900.0,44002800.0,False,0.0,13:48:59
18750.0,100,-1200.0,-0.1,BU,17347600.0,44002800.0,False,0.0,13:48:58
18750.0,1000,-1200.0,-0.1,BU,17347500.0,44002800.0,False,0.0,13:48:58
18750.0,2000,-1200.0,-0.1,BU,17346500.0,44002800.0,False,0.0,13:48:57
18750.0,100,-1200.0,-0.1,BU,17344500.0,44002800.0,False,0.0,13:48:55
18750.0,500,-1200.0,-0.1,BU,17344400.0,44002800.0,False,0.0,13:48:55
18750.0,400,-1200.0,-0.1,BU,17343900.0,44002800.0,False,0.0,13:48:55
18750.0,100,-1200.0,-0.1,BU,17343500.0,44002800.0,False,0.0,13:48:55
18750.0,700,-1200.0,-0.1,BU,17343400.0,44002800.0,False,0.0,13:48:55
18750.0,200,-1200.0,-0.1,BU,17342700.0,44002800.0,False,0.0,13:48:55
18750.0,100,-1200.0,-0.1,BU,17342500.0,44002800.0,False,0.0,13:48:55
18750.0,100,-1200.0,-0.1,SD,17342400.0,44002800.0,False,0.0,13:48:55
18750.0,1500,-1200.0,-0.1,SD,17342400.0,44002700.0,False,0.0,13:48:55
18750.0,2400,-1200.0,-0.1,SD,17342400.0,44001200.0,False,0.0,13:48:55
18750.0,100,-1200.0,-0.1,SD,17342400.0,43998800.0,False,0.0,13:48:55
18750.0,1000,-1200.0,-0.1,SD,17342400.0,43998700.0,False,0.0,13:48:55
18750.0,13500,-1200.0,-0.1,SD,17342400.0,43997700.0,True,0.0,13:48:55
18750.0,600,-1200.0,-0.1,SD,17342400.0,43984200.0,False,0.0,13:48:55
18750.0,5000,-1200.0,-0.1,SD,17342400.0,43983600.0,False,0.0,13:48:51
18750.0,9000,-1200.0,-0.1,SD,17342400.0,43978600.0,False,-50.0,13:48:50
18800.0,100,-1150.0,-0.1,BU,17342400.0,43969600.0,False,50.0,13:48:49
18750.0,200,-1200.0,-0.1,SD,17342300.0,43969600.0,False,0.0,13:48:46
18750.0,5000,-1200.0,-0.1,SD,17342300.0,43969400.0,False,0.0,13:48:46
18750.0,2000,-1200.0,-0.1,SD,17342300.0,43964400.0,False,0.0,13:48:45
18750.0,2000,-1200.0,-0.1,SD,17342300.0,43962400.0,False,0.0,13:48:43
18750.0,500,-1200.0,-0.1,BU,17342300.0,43960400.0,False,0.0,13:48:43
18750.0,1000,-1200.0,-0.1,BU,17341800.0,43960400.0,False,0.0,13:48:42
18750.0,300,-1200.0,-0.1,BU,17340800.0,43960400.0,False,0.0,13:48:42
18750.0,10900,-1200.0,-0.1,BU,17340500.0,43960400.0,True,0.0,13:48:42
18750.0,1000,-1200.0,-0.1,BU,17329600.0,43960400.0,False,50.0,13:48:42
18700.0,23700,-1250.0,-0.1,SD,17328600.0,43960400.0,True,0.0,13:48:42
18700.0,100,-1250.0,-0.1,SD,17328600.0,43936700.0,False,0.0,13:48:42
18700.0,200,-1250.0,-0.1,SD,17328600.0,43936600.0,False,0.0,13:48:42
18700.0,100,-1250.0,-0.1,SD,17328600.0,43936400.0,False,0.0,13:48:42
18700.0,3000,-1250.0,-0.1,SD,17328600.0,43936300.0,False,0.0,13:48:42
18700.0,500,-1250.0,-0.1,SD,17328600.0,43933300.0,False,0.0,13:48:42
18700.0,22400,-1250.0,-0.1,SD,17328600.0,43932800.0,True,-50.0,13:48:42
18750.0,100,-1200.0,-0.1,BU,17328600.0,43910400.0,False,0.0,13:48:41
18750.0,2000,-1200.0,-0.1,BU,17328500.0,43910400.0,False,0.0,13:48:41
18750.0,900,-1200.0,-0.1,BU,17326500.0,43910400.0,False,0.0,13:48:40
18750.0,100,-1200.0,-0.1,BU,17325600.0,43910400.0,False,0.0,13:48:40
18750.0,4900,-1200.0,-0.1,BU,17325500.0,43910400.0,False,0.0,13:48:40
18750.0,500,-1200.0,-0.1,BU,17320600.0,43910400.0,False,0.0,13:48:40
18750.0,5000,-1200.0,-0.1,BU,17320100.0,43910400.0,False,0.0,13:48:40
18750.0,7600,-1200.0,-0.1,BU,17315100.0,43910400.0,False,0.0,13:48:40
18750.0,3000,-1200.0,-0.1,BU,17307500.0,43910400.0,False,0.0,13:48:39
18750.0,2100,-1200.0,-0.1,BU,17304500.0,43910400.0,False,0.0,13:48:39
18750.0,100,-1200.0,-0.1,BU,17302400.0,43910400.0,False,50.0,13:48:38
18700.0,1000,-1250.0,-0.1,SD,17302300.0,43910400.0,False,-50.0,13:48:38
18750.0,300,-1200.0,-0.1,BU,17302300.0,43909400.0,False,0.0,13:48:37
18750.0,200,-1200.0,-0.1,BU,17302000.0,43909400.0,False,0.0,13:48:36
18750.0,1000,-1200.0,-0.1,BU,17301800.0,43909400.0,False,0.0,13:48:36
18750.0,700,-1200.0,-0.1,BU,17300800.0,43909400.0,False,0.0,13:48:36
18750.0,100,-1200.0,-0.1,BU,17300100.0,43909400.0,False,0.0,13:48:36
18750.0,100,-1200.0,-0.1,BU,17300000.0,43909400.0,False,0.0,13:48:36
18750.0,100,-1200.0,-0.1,BU,17299900.0,43909400.0,False,0.0,13:48:36
18750.0,28500,-1200.0,-0.1,BU,17299800.0,43909400.0,True,0.0,13:48:36
18750.0,5000,-1200.0,-0.1,BU,17271300.0,43909400.0,False,50.0,13:48:35
18700.0,4000,-1250.0,-0.1,SD,17266300.0,43909400.0,False,0.0,13:48:35
18700.0,7900,-1250.0,-0.1,SD,17266300.0,43905400.0,False,-50.0,13:48:35
18750.0,3200,-1200.0,-0.1,BU,17266300.0,43897500.0,False,0.0,13:48:32
18750.0,1000,-1200.0,-0.1,BU,17263100.0,43897500.0,False,0.0,13:48:32
18750.0,300,-1200.0,-0.1,BU,17262100.0,43897500.0,False,0.0,13:48:31
18750.0,100,-1200.0,-0.1,BU,17261800.0,43897500.0,False,0.0,13:48:30
18750.0,100,-1200.0,-0.1,BU,17261700.0,43897500.0,False,0.0,13:48:28
18750.0,500,-1200.0,-0.1,BU,17261600.0,43897500.0,False,0.0,13:48:26
18750.0,200,-1200.0,-0.1,BU,17261100.0,43897500.0,False,50.0,13:48:26
18700.0,400,-1250.0,-0.1,SD,17260900.0,43897500.0,False,-50.0,13:48:25
18750.0,500,-1200.0,-0.1,BU,17260900.0,43897100.0,False,0.0,13:48:25
18750.0,600,-1200.0,-0.1,BU,17260400.0,43897100.0,False,0.0,13:48:24
18750.0,400,-1200.0,-0.1,BU,17259800.0,43897100.0,False,0.0,13:48:24
18750.0,100,-1200.0,-0.1,BU,17259400.0,43897100.0,False,0.0,13:48:23
18750.0,1700,-1200.0,-0.1,BU,17259300.0,43897100.0,False,0.0,13:48:21
18750.0,900,-1200.0,-0.1,BU,17257600.0,43897100.0,False,0.0,13:48:21
18750.0,400,-1200.0,-0.1,SD,17256700.0,43897100.0,False,0.0,13:48:20
18750.0,300,-1200.0,-0.1,BU,17256700.0,43896700.0,False,0.0,13:48:20
18750.0,200,-1200.0,-0.1,BU,17256400.0,43896700.0,False,0.0,13:48:19
18750.0,700,-1200.0,-0.1,SD,17256200.0,43896700.0,False,0.0,13:48:18
18750.0,1100,-1200.0,-0.1,SD,17256200.0,43896000.0,False,0.0,13:48:18
18750.0,200,-1200.0,-0.1,SD,17256200.0,43894900.0,False,-50.0,13:48:17
18800.0,100,-1150.0,-0.1,BU,17256200.0,43894700.0,False,50.0,13:48:17
18750.0,3100,-1200.0,-0.1,BU,17256100.0,43894700.0,False,0.0,13:48:15
18750.0,900,-1200.0,-0.1,SD,17253000.0,43894700.0,False,50.0,13:48:14
18700.0,50400,-1250.0,-0.1,SD,17253000.0,43893800.0,True,-50.0,13:48:13
18750.0,1000,-1200.0,-0.1,SD,17253000.0,43843400.0,False,0.0,13:48:13
18750.0,100,-1200.0,-0.1,SD,17253000.0,43842400.0,False,0.0,13:48:13
18750.0,500,-1200.0,-0.1,SD,17253000.0,43842300.0,False,0.0,13:48:13
18750.0,8000,-1200.0,-0.1,SD,17253000.0,43841800.0,False,0.0,13:48:13
18750.0,1400,-1200.0,-0.1,SD,17253000.0,43833800.0,False,0.0,13:48:11
18750.0,100,-1200.0,-0.1,SD,17253000.0,43832400.0,False,-50.0,13:48:10
18800.0,100,-1150.0,-0.1,BU,17253000.0,43832300.0,False,50.0,13:48:10
18750.0,500,-1200.0,-0.1,SD,17252900.0,43832300.0,False,0.0,13:48:10
18750.0,3800,-1200.0,-0.1,SD,17252900.0,43831800.0,False,0.0,13:48:10
18750.0,100,-1200.0,-0.1,SD,17252900.0,43828000.0,False,0.0,13:48:10
18750.0,5000,-1200.0,-0.1,SD,17252900.0,43827900.0,False,0.0,13:48:10
18750.0,600,-1200.0,-0.1,SD,17252900.0,43822900.0,False,-50.0,13:48:10
18800.0,200,-1150.0,-0.1,BU,17252900.0,43822300.0,False,50.0,13:48:08
18750.0,500,-1200.0,-0.1,SD,17252700.0,43822300.0,False,0.0,13:48:08
18750.0,100,-1200.0,-0.1,SD,17252700.0,43821800.0,False,0.0,13:48:07
18750.0,500,-1200.0,-0.1,SD,17252700.0,43821700.0,False,0.0,13:48:07
18750.0,100,-1200.0,-0.1,SD,17252700.0,43821200.0,False,0.0,13:48:05
18750.0,4500,-1200.0,-0.1,SD,17252700.0,43821100.0,False,0.0,13:48:05
18750.0,500,-1200.0,-0.1,SD,17252700.0,43816600.0,False,50.0,13:48:05
18700.0,13900,-1250.0,-0.1,SD,17252700.0,43816100.0,True,0.0,13:48:02
18700.0,10000,-1250.0,-0.1,SD,17252700.0,43802200.0,False,0.0,13:48:02
18700.0,300,-1250.0,-0.1,SD,17252700.0,43792200.0,False,0.0,13:48:02
18700.0,200,-1250.0,-0.1,SD,17252700.0,43791900.0,False,0.0,13:48:02
18700.0,100,-1250.0,-0.1,SD,17252700.0,43791700.0,False,0.0,13:48:02
18700.0,500,-1250.0,-0.1,SD,17252700.0,43791600.0,False,0.0,13:48:02
18700.0,1000,-1250.0,-0.1,SD,17252700.0,43791100.0,False,0.0,13:48:02
18700.0,1000,-1250.0,-0.1,SD,17252700.0,43790100.0,False,0.0,13:48:02
18700.0,100,-1250.0,-0.1,SD,17252700.0,43789100.0,False,0.0,13:48:02
18700.0,100,-1250.0,-0.1,SD,17252700.0,43789000.0,False,0.0,13:48:02
18700.0,10000,-1250.0,-0.1,SD,17252700.0,43788900.0,False,0.0,13:48:02
18700.0,2000,-1250.0,-0.1,SD,17252700.0,43778900.0,False,0.0,13:48:02
18700.0,2000,-1250.0,-0.1,SD,17252700.0,43776900.0,False,0.0,13:48:02
18700.0,600,-1250.0,-0.1,SD,17252700.0,43774900.0,False,0.0,13:48:02
18700.0,100,-1250.0,-0.1,SD,17252700.0,43774300.0,False,0.0,13:48:02
18700.0,10000,-1250.0,-0.1,SD,17252700.0,43774200.0,False,0.0,13:48:02
18700.0,1000,-1250.0,-0.1,SD,17252700.0,43764200.0,False,0.0,13:48:02
18700.0,100,-1250.0,-0.1,SD,17252700.0,43763200.0,False,0.0,13:48:02
18700.0,100,-1250.0,-0.1,SD,17252700.0,43763100.0,False,0.0,13:48:02
18700.0,3000,-1250.0,-0.1,SD,17252700.0,43763000.0,False,0.0,13:48:02
18700.0,300,-1250.0,-0.1,SD,17252700.0,43760000.0,False,0.0,13:48:02
18700.0,100,-1250.0,-0.1,SD,17252700.0,43759700.0,False,0.0,13:48:02
18700.0,4000,-1250.0,-0.1,SD,17252700.0,43759600.0,False,0.0,13:48:02
18700.0,1000,-1250.0,-0.1,SD,17252700.0,43755600.0,False,0.0,13:48:02
18700.0,400,-1250.0,-0.1,SD,17252700.0,43754600.0,False,0.0,13:48:02
18700.0,100,-1250.0,-0.1,SD,17252700.0,43754200.0,False,0.0,13:48:02
18700.0,1000,-1250.0,-0.1,SD,17252700.0,43754100.0,False,0.0,13:48:02
18700.0,1000,-1250.0,-0.1,SD,17252700.0,43753100.0,False,0.0,13:48:02
18700.0,4300,-1250.0,-0.1,SD,17252700.0,43752100.0,False,-50.0,13:48:02
18750.0,100,-1200.0,-0.1,SD,17252700.0,43747800.0,False,0.0,13:48:02
18750.0,2500,-1200.0,-0.1,SD,17252700.0,43747700.0,False,0.0,13:48:02
18750.0,1000,-1200.0,-0.1,SD,17252700.0,43745200.0,False,0.0,13:48:02
18750.0,300,-1200.0,-0.1,SD,17252700.0,43744200.0,False,0.0,13:48:02
18750.0,100,-1200.0,-0.1,SD,17252700.0,43743900.0,False,0.0,13:48:02
18750.0,1000,-1200.0,-0.1,SD,17252700.0,43743800.0,False,0.0,13:48:02
18750.0,500,-1200.0,-0.1,SD,17252700.0,43742800.0,False,0.0,13:48:02
18750.0,100,-1200.0,-0.1,SD,17252700.0,43742300.0,False,0.0,13:48:02
18750.0,500,-1200.0,-0.1,SD,17252700.0,43742200.0,False,0.0,13:48:02
18750.0,100,-1200.0,-0.1,SD,17252700.0,43741700.0,False,0.0,13:48:02
18750.0,5300,-1200.0,-0.1,SD,17252700.0,43741600.0,False,0.0,13:48:02
18750.0,200,-1200.0,-0.1,SD,17252700.0,43736300.0,False,0.0,13:48:02
18750.0,1600,-1200.0,-0.1,SD,17252700.0,43736100.0,False,0.0,13:48:01
18750.0,200,-1200.0,-0.1,SD,17252700.0,43734500.0,False,0.0,13:48:00
18750.0,1800,-1200.0,-0.1,SD,17252700.0,43734300.0,False,0.0,13:48:00
18750.0,200,-1200.0,-0.1,SD,17252700.0,43732500.0,False,0.0,13:47:59
18750.0,800,-1200.0,-0.1,SD,17252700.0,43732300.0,False,0.0,13:47:59
18750.0,100,-1200.0,-0.1,SD,17252700.0,43731500.0,False,0.0,13:47:58
18750.0,500,-1200.0,-0.1,SD,17252700.0,43731400.0,False,0.0,13:47:58
18750.0,500,-1200.0,-0.1,SD,17252700.0,43730900.0,False,0.0,13:47:57
18750.0,1500,-1200.0,-0.1,SD,17252700.0,43730400.0,False,0.0,13:47:57
18750.0,200,-1200.0,-0.1,SD,17252700.0,43728900.0,False,0.0,13:47:55
18750.0,200,-1200.0,-0.1,SD,17252700.0,43728700.0,False,0.0,13:47:55
18750.0,800,-1200.0,-0.1,SD,17252700.0,43728500.0,False,0.0,13:47:53
18750.0,200,-1200.0,-0.1,SD,17252700.0,43727700.0,False,0.0,13:47:53
18750.0,200,-1200.0,-0.1,SD,17252700.0,43727500.0,False,0.0,13:47:52
18750.0,1000,-1200.0,-0.1,SD,17252700.0,43727300.0,False,0.0,13:47:52
18750.0,100,-1200.0,-0.1,SD,17252700.0,43726300.0,False,0.0,13:47:52
18750.0,1000,-1200.0,-0.1,SD,17252700.0,43726200.0,False,0.0,13:47:52
18750.0,3800,-1200.0,-0.1,SD,17252700.0,43725200.0,False,0.0,13:47:52
18750.0,2000,-1200.0,-0.1,BU,17252700.0,43721400.0,False,0.0,13:47:50
18750.0,4200,-1200.0,-0.1,BU,17250700.0,43721400.0,False,0.0,13:47:50
18750.0,100,-1200.0,-0.1,BU,17246500.0,43721400.0,False,0.0,13:47:49
18750.0,700,-1200.0,-0.1,BU,17246400.0,43721400.0,False,0.0,13:47:49
18750.0,300,-1200.0,-0.1,BU,17245700.0,43721400.0,False,0.0,13:47:49
18750.0,1000,-1200.0,-0.1,BU,17245400.0,43721400.0,False,0.0,13:47:49
18750.0,300,-1200.0,-0.1,BU,17244400.0,43721400.0,False,0.0,13:47:49
18750.0,500,-1200.0,-0.1,BU,17244100.0,43721400.0,False,50.0,13:47:49
18700.0,1000,-1250.0,-0.1,SD,17243600.0,43721400.0,False,-50.0,13:47:49
18750.0,600,-1200.0,-0.1,BU,17243600.0,43720400.0,False,0.0,13:47:48
18750.0,12400,-1200.0,-0.1,BU,17243000.0,43720400.0,True,0.0,13:47:48
18750.0,200,-1200.0,-0.1,BU,17230600.0,43720400.0,False,0.0,13:47:48
18750.0,1000,-1200.0,-0.1,BU,17230400.0,43720400.0,False,0.0,13:47:48
18750.0,100,-1200.0,-0.1,BU,17229400.0,43720400.0,False,0.0,13:47:48
18750.0,200,-1200.0,-0.1,BU,17229300.0,43720400.0,False,0.0,13:47:47
18750.0,2000,-1200.0,-0.1,BU,17229100.0,43720400.0,False,0.0,13:47:47
18750.0,2000,-1200.0,-0.1,BU,17227100.0,43720400.0,False,0.0,13:47:46
18750.0,400,-1200.0,-0.1,BU,17225100.0,43720400.0,False,0.0,13:47:46
18750.0,500,-1200.0,-0.1,BU,17224700.0,43720400.0,False,50.0,13:47:46
18700.0,1500,-1250.0,-0.1,SD,17224200.0,43720400.0,False,-50.0,13:47:46
18750.0,100,-1200.0,-0.1,BU,17224200.0,43718900.0,False,0.0,13:47:44
18750.0,5000,-1200.0,-0.1,BU,17224100.0,43718900.0,False,0.0,13:47:43
18750.0,500,-1200.0,-0.1,BU,17219100.0,43718900.0,False,0.0,13:47:43
18750.0,200,-1200.0,-0.1,BU,17218600.0,43718900.0,False,0.0,13:47:42
18750.0,500,-1200.0,-0.1,BU,17218400.0,43718900.0,False,0.0,13:47:41
18750.0,100,-1200.0,-0.1,BU,17217900.0,43718900.0,False,0.0,13:47:41
18750.0,2000,-1200.0,-0.1,SD,17217800.0,43718900.0,False,0.0,13:47:40
18750.0,2900,-1200.0,-0.1,SD,17217800.0,43716900.0,False,0.0,13:47:40
18750.0,100,-1200.0,-0.1,SD,17217800.0,43714000.0,False,0.0,13:47:40
18750.0,11300,-1200.0,-0.1,SD,17217800.0,43713900.0,True,0.0,13:47:40
18750.0,10000,-1200.0,-0.1,SD,17217800.0,43702600.0,False,0.0,13:47:40
18750.0,500,-1200.0,-0.1,SD,17217800.0,43692600.0,False,0.0,13:47:40
18750.0,1000,-1200.0,-0.1,SD,17217800.0,43692100.0,False,0.0,13:47:40
18750.0,1100,-1200.0,-0.1,SD,17217800.0,43691100.0,False,0.0,13:47:40
18750.0,1000,-1200.0,-0.1,SD,17217800.0,43690000.0,False,0.0,13:47:40
18750.0,500,-1200.0,-0.1,SD,17217800.0,43689000.0,False,0.0,13:47:40
18750.0,1000,-1200.0,-0.1,SD,17217800.0,43688500.0,False,0.0,13:47:40
18750.0,100,-1200.0,-0.1,SD,17217800.0,43687500.0,False,0.0,13:47:40
18750.0,2300,-1200.0,-0.1,SD,17217800.0,43687400.0,False,0.0,13:47:40
18750.0,1000,-1200.0,-0.1,SD,17217800.0,43685100.0,False,0.0,13:47:40
18750.0,400,-1200.0,-0.1,SD,17217800.0,43684100.0,False,0.0,13:47:40
18750.0,2000,-1200.0,-0.1,SD,17217800.0,43683700.0,False,0.0,13:47:40
18750.0,1500,-1200.0,-0.1,SD,17217800.0,43681700.0,False,-50.0,13:47:39
18800.0,100,-1150.0,-0.1,BU,17217800.0,43680200.0,False,50.0,13:47:36
18750.0,10000,-1200.0,-0.1,SD,17217700.0,43680200.0,False,0.0,13:47:34
18750.0,400,-1200.0,-0.1,SD,17217700.0,43670200.0,False,0.0,13:47:33
18750.0,100,-1200.0,-0.1,SD,17217700.0,43669800.0,False,0.0,13:47:33
18750.0,800,-1200.0,-0.1,SD,17217700.0,43669700.0,False,0.0,13:47:32
18750.0,100,-1200.0,-0.1,SD,17217700.0,43668900.0,False,0.0,13:47:32
18750.0,100,-1200.0,-0.1,SD,17217700.0,43668800.0,False,0.0,13:47:32
18750.0,900,-1200.0,-0.1,SD,17217700.0,43668700.0,False,0.0,13:47:31
18750.0,1600,-1200.0,-0.1,SD,17217700.0,43667800.0,False,0.0,13:47:31
18750.0,1400,-1200.0,-0.1,SD,17217700.0,43666200.0,False,0.0,13:47:28
18750.0,500,-1200.0,-0.1,SD,17217700.0,43664800.0,False,0.0,13:47:28
18750.0,5200,-1200.0,-0.1,BU,17217700.0,43664300.0,False,0.0,13:47:27
18750.0,1700,-1200.0,-0.1,BU,17212500.0,43664300.0,False,0.0,13:47:27
18750.0,300,-1200.0,-0.1,BU,17210800.0,43664300.0,False,0.0,13:47:27
18750.0,1000,-1200.0,-0.1,BU,17210500.0,43664300.0,False,0.0,13:47:27
18750.0,11800,-1200.0,-0.1,BU,17209500.0,43664300.0,True,0.0,13:47:27
18750.0,1000,-1200.0,-0.1,BU,17197700.0,43664300.0,False,0.0,13:47:27
18750.0,2000,-1200.0,-0.1,BU,17196700.0,43664300.0,False,0.0,13:47:26
18750.0,2600,-1200.0,-0.1,BU,17194700.0,43664300.0,False,0.0,13:47:26
18750.0,3000,-1200.0,-0.1,BU,17192100.0,43664300.0,False,0.0,13:47:26
18750.0,100,-1200.0,-0.1,BU,17189100.0,43664300.0,False,0.0,13:47:25
18750.0,1000,-1200.0,-0.1,BU,17189000.0,43664300.0,False,0.0,13:47:24
18750.0,200,-1200.0,-0.1,BU,17188000.0,43664300.0,False,0.0,13:47:24
18750.0,700,-1200.0,-0.1,BU,17187800.0,43664300.0,False,0.0,13:47:24
18750.0,500,-1200.0,-0.1,BU,17187100.0,43664300.0,False,0.0,13:47:23
18750.0,100,-1200.0,-0.1,BU,17186600.0,43664300.0,False,0.0,13:47:23
18750.0,1100,-1200.0,-0.1,BU,17186500.0,43664300.0,False,50.0,13:47:23
18700.0,3200,-1250.0,-0.1,SD,17185400.0,43664300.0,False,0.0,13:47:22
18700.0,300,-1250.0,-0.1,SD,17185400.0,43661100.0,False,0.0,13:47:22
18700.0,100,-1250.0,-0.1,SD,17185400.0,43660800.0,False,0.0,13:47:22
18700.0,100,-1250.0,-0.1,SD,17185400.0,43660700.0,False,0.0,13:47:22
18700.0,100,-1250.0,-0.1,SD,17185400.0,43660600.0,False,0.0,13:47:22
18700.0,200,-1250.0,-0.1,SD,17185400.0,43660500.0,False,0.0,13:47:22
18700.0,100,-1250.0,-0.1,SD,17185400.0,43660300.0,False,0.0,13:47:22
18700.0,300,-1250.0,-0.1,SD,17185400.0,43660200.0,False,0.0,13:47:22
18700.0,1000,-1250.0,-0.1,SD,17185400.0,43659900.0,False,0.0,13:47:22
18700.0,500,-1250.0,-0.1,SD,17185400.0,43658900.0,False,0.0,13:47:22
18700.0,1500,-1250.0,-0.1,SD,17185400.0,43658400.0,False,0.0,13:47:22
18700.0,1000,-1250.0,-0.1,SD,17185400.0,43656900.0,False,0.0,13:47:22
18700.0,2000,-1250.0,-0.1,SD,17185400.0,43655900.0,False,0.0,13:47:22
18700.0,100,-1250.0,-0.1,SD,17185400.0,43653900.0,False,0.0,13:47:22
18700.0,10000,-1250.0,-0.1,SD,17185400.0,43653800.0,False,0.0,13:47:22
18700.0,100,-1250.0,-0.1,SD,17185400.0,43643800.0,False,0.0,13:47:22
18700.0,700,-1250.0,-0.1,SD,17185400.0,43643700.0,False,0.0,13:47:22
18700.0,3000,-1250.0,-0.1,SD,17185400.0,43643000.0,False,0.0,13:47:22
18700.0,5300,-1250.0,-0.1,SD,17185400.0,43640000.0,False,0.0,13:47:22
18700.0,1000,-1250.0,-0.1,SD,17185400.0,43634700.0,False,0.0,13:47:22
18700.0,1000,-1250.0,-0.1,SD,17185400.0,43633700.0,False,0.0,13:47:22
18700.0,13000,-1250.0,-0.1,SD,17185400.0,43632700.0,True,0.0,13:47:22
18700.0,300,-1250.0,-0.1,SD,17185400.0,43619700.0,False,0.0,13:47:22
18700.0,800,-1250.0,-0.1,SD,17185400.0,43619400.0,False,-50.0,13:47:22
18750.0,100,-1200.0,-0.1,BU,17185400.0,43618600.0,False,0.0,13:47:22
18750.0,100,-1200.0,-0.1,BU,17185300.0,43618600.0,False,0.0,13:47:22
18750.0,100,-1200.0,-0.1,BU,17185200.0,43618600.0,False,0.0,13:47:22
18750.0,5000,-1200.0,-0.1,BU,17185100.0,43618600.0,False,0.0,13:47:22
18750.0,200,-1200.0,-0.1,BU,17180100.0,43618600.0,False,0.0,13:47:22
18750.0,200,-1200.0,-0.1,BU,17179900.0,43618600.0,False,0.0,13:47:22
18750.0,7500,-1200.0,-0.1,BU,17179700.0,43618600.0,False,0.0,13:47:22
18750.0,200,-1200.0,-0.1,SD,17172200.0,43618600.0,False,0.0,13:47:21
18750.0,1400,-1200.0,-0.1,SD,17172200.0,43618400.0,False,-50.0,13:47:20
18800.0,200,-1150.0,-0.1,BU,17172200.0,43617000.0,False,100.0,13:47:18
18700.0,1200,-1250.0,-0.1,SD,17172000.0,43617000.0,False,0.0,13:47:18
18700.0,1000,-1250.0,-0.1,SD,17172000.0,43615800.0,False,0.0,13:47:18
18700.0,100,-1250.0,-0.1,SD,17172000.0,43614800.0,False,0.0,13:47:18
18700.0,200,-1250.0,-0.1,SD,17172000.0,43614700.0,False,0.0,13:47:18
18700.0,50500,-1250.0,-0.1,SD,17172000.0,43614500.0,True,-50.0,13:47:18
18750.0,1000,-1200.0,-0.1,SD,17172000.0,43564000.0,False,0.0,13:47:18
18750.0,100,-1200.0,-0.1,SD,17172000.0,43563000.0,False,0.0,13:47:18
18750.0,100,-1200.0,-0.1,SD,17172000.0,43562900.0,False,0.0,13:47:18
18750.0,5000,-1200.0,-0.1,SD,17172000.0,43562800.0,False,0.0,13:47:18
18750.0,5400,-1200.0,-0.1,SD,17172000.0,43557800.0,False,0.0,13:47:18
18750.0,5000,-1200.0,-0.1,SD,17172000.0,43552400.0,False,0.0,13:47:18
18750.0,400,-1200.0,-0.1,SD,17172000.0,43547400.0,False,-50.0,13:47:18
18800.0,200,-1150.0,-0.1,BU,17172000.0,43547000.0,False,0.0,13:47:17
18800.0,300,-1150.0,-0.1,BU,17171800.0,43547000.0,False,50.0,13:47:17
18750.0,1000,-1200.0,-0.1,SD,17171500.0,43547000.0,False,0.0,13:47:15
18750.0,100,-1200.0,-0.1,SD,17171500.0,43546000.0,False,0.0,13:47:14
18750.0,1600,-1200.0,-0.1,BU,17171500.0,43545900.0,False,0.0,13:47:14
18750.0,500,-1200.0,-0.1,BU,17169900.0,43545900.0,False,0.0,13:47:14
18750.0,300,-1200.0,-0.1,BU,17169400.0,43545900.0,False,50.0,13:47:14
18700.0,4000,-1250.0,-0.1,SD,17169100.0,43545900.0,False,-50.0,13:47:14
18750.0,1000,-1200.0,-0.1,BU,17169100.0,43541900.0,False,0.0,13:47:14
18750.0,10000,-1200.0,-0.1,BU,17168100.0,43541900.0,False,0.0,13:47:13
18750.0,5000,-1200.0,-0.1,BU,17158100.0,43541900.0,False,0.0,13:47:13
18750.0,500,-1200.0,-0.1,BU,17153100.0,43541900.0,False,0.0,13:47:11
18750.0,2100,-1200.0,-0.1,BU,17152600.0,43541900.0,False,0.0,13:47:08
18750.0,200,-1200.0,-0.1,BU,17150500.0,43541900.0,False,0.0,13:47:08
18750.0,1000,-1200.0,-0.1,BU,17150300.0,43541900.0,False,0.0,13:47:08
18750.0,100,-1200.0,-0.1,BU,17149300.0,43541900.0,False,0.0,13:47:07
18750.0,200,-1200.0,-0.1,BU,17149200.0,43541900.0,False,0.0,13:47:07
18750.0,2800,-1200.0,-0.1,BU,17149000.0,43541900.0,False,0.0,13:47:07
18750.0,300,-1200.0,-0.1,BU,17146200.0,43541900.0,False,0.0,13:47:07
18750.0,5000,-1200.0,-0.1,BU,17145900.0,43541900.0,False,0.0,13:47:05
18750.0,400,-1200.0,-0.1,SD,17140900.0,43541900.0,False,0.0,13:47:05
18750.0,300,-1200.0,-0.1,SD,17140900.0,43541500.0,False,0.0,13:47:05
18750.0,100,-1200.0,-0.1,SD,17140900.0,43541200.0,False,0.0,13:47:05
18750.0,10000,-1200.0,-0.1,SD,17140900.0,43541100.0,False,0.0,13:47:05
18750.0,300,-1200.0,-0.1,SD,17140900.0,43531100.0,False,0.0,13:47:05
18750.0,500,-1200.0,-0.1,SD,17140900.0,43530800.0,False,0.0,13:47:05
18750.0,100,-1200.0,-0.1,SD,17140900.0,43530300.0,False,0.0,13:47:05
18750.0,100,-1200.0,-0.1,SD,17140900.0,43530200.0,False,0.0,13:47:05
18750.0,900,-1200.0,-0.1,SD,17140900.0,43530100.0,False,0.0,13:47:04
18750.0,2000,-1200.0,-0.1,SD,17140900.0,43529200.0,False,0.0,13:47:04
18750.0,100,-1200.0,-0.1,SD,17140900.0,43527200.0,False,0.0,13:47:04
18750.0,200,-1200.0,-0.1,SD,17140900.0,43527100.0,False,0.0,13:47:04
18750.0,300,-1200.0,-0.1,SD,17140900.0,43526900.0,False,0.0,13:47:03
18750.0,100,-1200.0,-0.1,SD,17140900.0,43526600.0,False,0.0,13:47:02
18750.0,100,-1200.0,-0.1,SD,17140900.0,43526500.0,False,0.0,13:47:02
18750.0,1000,-1200.0,-0.1,SD,17140900.0,43526400.0,False,0.0,13:47:02
18750.0,1500,-1200.0,-0.1,SD,17140900.0,43525400.0,False,0.0,13:47:02
18750.0,1100,-1200.0,-0.1,SD,17140900.0,43523900.0,False,0.0,13:47:02
18750.0,1000,-1200.0,-0.1,SD,17140900.0,43522800.0,False,0.0,13:47:02
18750.0,200,-1200.0,-0.1,SD,17140900.0,43521800.0,False,0.0,13:47:02
18750.0,100,-1200.0,-0.1,SD,17140900.0,43521600.0,False,0.0,13:47:01
18750.0,1000,-1200.0,-0.1,SD,17140900.0,43521500.0,False,0.0,13:47:01
18750.0,100,-1200.0,-0.1,SD,17140900.0,43520500.0,False,0.0,13:47:01
18750.0,800,-1200.0,-0.1,SD,17140900.0,43520400.0,False,0.0,13:47:01
18750.0,1900,-1200.0,-0.1,SD,17140900.0,43519600.0,False,0.0,13:47:00
18750.0,100,-1200.0,-0.1,SD,17140900.0,43517700.0,False,0.0,13:47:00
18750.0,300,-1200.0,-0.1,BU,17140900.0,43517600.0,False,0.0,13:46:52
18750.0,3000,-1200.0,-0.1,BU,17140600.0,43517600.0,False,0.0,13:46:52
18750.0,100,-1200.0,-0.1,BU,17137600.0,43517600.0,False,0.0,13:46:52
18750.0,5000,-1200.0,-0.1,BU,17137500.0,43517600.0,False,0.0,13:46:52
18750.0,100,-1200.0,-0.1,BU,17132500.0,43517600.0,False,0.0,13:46:52
18750.0,100,-1200.0,-0.1,BU,17132400.0,43517600.0,False,0.0,13:46:52
18750.0,2400,-1200.0,-0.1,BU,17132300.0,43517600.0,False,0.0,13:46:52
18750.0,100,-1200.0,-0.1,SD,17129900.0,43517600.0,False,0.0,13:46:52
18750.0,800,-1200.0,-0.1,SD,17129900.0,43517500.0,False,0.0,13:46:52
18750.0,2000,-1200.0,-0.1,SD,17129900.0,43516700.0,False,0.0,13:46:52
18750.0,400,-1200.0,-0.1,SD,17129900.0,43514700.0,False,0.0,13:46:52
18750.0,5200,-1200.0,-0.1,SD,17129900.0,43514300.0,False,0.0,13:46:52
18750.0,1000,-1200.0,-0.1,SD,17129900.0,43509100.0,False,0.0,13:46:52
18750.0,2000,-1200.0,-0.1,SD,17129900.0,43508100.0,False,0.0,13:46:52
18750.0,1000,-1200.0,-0.1,SD,17129900.0,43506100.0,False,0.0,13:46:52
18750.0,500,-1200.0,-0.1,SD,17129900.0,43505100.0,False,0.0,13:46:52
18750.0,100,-1200.0,-0.1,SD,17129900.0,43504600.0,False,0.0,13:46:52
18750.0,100,-1200.0,-0.1,SD,17129900.0,43504500.0,False,0.0,13:46:52
18750.0,100,-1200.0,-0.1,SD,17129900.0,43504400.0,False,0.0,13:46:52
18750.0,1000,-1200.0,-0.1,SD,17129900.0,43504300.0,False,0.0,13:46:52
18750.0,100,-1200.0,-0.1,SD,17129900.0,43503300.0,False,0.0,13:46:52
18750.0,100,-1200.0,-0.1,SD,17129900.0,43503200.0,False,0.0,13:46:52
18750.0,600,-1200.0,-0.1,SD,17129900.0,43503100.0,False,0.0,13:46:52
18750.0,2000,-1200.0,-0.1,SD,17129900.0,43502500.0,False,0.0,13:46:52
18750.0,5000,-1200.0,-0.1,SD,17129900.0,43500500.0,False,0.0,13:46:52
18750.0,1500,-1200.0,-0.1,SD,17129900.0,43495500.0,False,0.0,13:46:52
18750.0,1000,-1200.0,-0.1,SD,17129900.0,43494000.0,False,0.0,13:46:52
18750.0,100,-1200.0,-0.1,SD,17129900.0,43493000.0,False,0.0,13:46:52
18750.0,500,-1200.0,-0.1,SD,17129900.0,43492900.0,False,0.0,13:46:52
18750.0,1000,-1200.0,-0.1,SD,17129900.0,43492400.0,False,0.0,13:46:52
18750.0,500,-1200.0,-0.1,SD,17129900.0,43491400.0,False,0.0,13:46:52
18750.0,5000,-1200.0,-0.1,SD,17129900.0,43490900.0,False,0.0,13:46:52
18750.0,100,-1200.0,-0.1,SD,17129900.0,43485900.0,False,0.0,13:46:52
18750.0,2800,-1200.0,-0.1,SD,17129900.0,43485800.0,False,0.0,13:46:52
18750.0,500,-1200.0,-0.1,SD,17129900.0,43483000.0,False,0.0,13:46:52
18750.0,400,-1200.0,-0.1,SD,17129900.0,43482500.0,False,0.0,13:46:52
18750.0,200,-1200.0,-0.1,SD,17129900.0,43482100.0,False,0.0,13:46:52
18750.0,100,-1200.0,-0.1,SD,17129900.0,43481900.0,False,0.0,13:46:52
18750.0,100,-1200.0,-0.1,SD,17129900.0,43481800.0,False,0.0,13:46:52
18750.0,3100,-1200.0,-0.1,SD,17129900.0,43481700.0,False,0.0,13:46:52
18750.0,1500,-1200.0,-0.1,SD,17129900.0,43478600.0,False,0.0,13:46:50
18750.0,100,-1200.0,-0.1,SD,17129900.0,43477100.0,False,-50.0,13:46:50
18800.0,1200,-1150.0,-0.1,BU,17129900.0,43477000.0,False,0.0,13:46:50
18800.0,300,-1150.0,-0.1,BU,17128700.0,43477000.0,False,0.0,13:46:50
18800.0,200,-1150.0,-0.1,BU,17128400.0,43477000.0,False,50.0,13:46:50
18750.0,500,-1200.0,-0.1,SD,17128200.0,43477000.0,False,0.0,13:46:48
18750.0,200,-1200.0,-0.1,SD,17128200.0,43476500.0,False,0.0,13:46:48
18750.0,100,-1200.0,-0.1,SD,17128200.0,43476300.0,False,0.0,13:46:48
18750.0,1000,-1200.0,-0.1,SD,17128200.0,43476200.0,False,0.0,13:46:48
18750.0,100,-1200.0,-0.1,SD,17128200.0,43475200.0,False,0.0,13:46:48
18750.0,100,-1200.0,-0.1,SD,17128200.0,43475100.0,False,0.0,13:46:48
18750.0,1000,-1200.0,-0.1,SD,17128200.0,43475000.0,False,-50.0,13:46:48
18800.0,500,-1150.0,-0.1,BU,17128200.0,43474000.0,False,0.0,13:46:46
18800.0,300,-1150.0,-0.1,BU,17127700.0,43474000.0,False,0.0,13:46:46
18800.0,2000,-1150.0,-0.1,BU,17127400.0,43474000.0,False,0.0,13:46:46
18800.0,3300,-1150.0,-0.1,BU,17125400.0,43474000.0,False,0.0,13:46:46
18800.0,2100,-1150.0,-0.1,BU,17122100.0,43474000.0,False,0.0,13:46:46
18800.0,2200,-1150.0,-0.1,BU,17120000.0,43474000.0,False,0.0,13:46:46
18800.0,500,-1150.0,-0.1,BU,17117800.0,43474000.0,False,50.0,13:46:46
18750.0,100,-1200.0,-0.1,SD,17117300.0,43474000.0,False,0.0,13:46:46
18750.0,300,-1200.0,-0.1,SD,17117300.0,43473900.0,False,0.0,13:46:46
18750.0,100,-1200.0,-0.1,SD,17117300.0,43473600.0,False,0.0,13:46:46
18750.0,1000,-1200.0,-0.1,SD,17117300.0,43473500.0,False,0.0,13:46:45
18750.0,500,-1200.0,-0.1,SD,17117300.0,43472500.0,False,0.0,13:46:45
18750.0,100,-1200.0,-0.1,SD,17117300.0,43472000.0,False,0.0,13:46:45
18750.0,100,-1200.0,-0.1,SD,17117300.0,43471900.0,False,0.0,13:46:45
18750.0,1000,-1200.0,-0.1,SD,17117300.0,43471800.0,False,0.0,13:46:45
18750.0,200,-1200.0,-0.1,SD,17117300.0,43470800.0,False,0.0,13:46:45
18750.0,500,-1200.0,-0.1,SD,17117300.0,43470600.0,False,0.0,13:46:45
18750.0,100,-1200.0,-0.1,SD,17117300.0,43470100.0,False,0.0,13:46:45
18750.0,300,-1200.0,-0.1,SD,17117300.0,43470000.0,False,0.0,13:46:45
18750.0,100,-1200.0,-0.1,SD,17117300.0,43469700.0,False,0.0,13:46:43
18750.0,100,-1200.0,-0.1,SD,17117300.0,43469600.0,False,0.0,13:46:41
18750.0,100,-1200.0,-0.1,SD,17117300.0,43469500.0,False,0.0,13:46:41
18750.0,100,-1200.0,-0.1,SD,17117300.0,43469400.0,False,0.0,13:46:40
18750.0,900,-1200.0,-0.1,SD,17117300.0,43469300.0,False,-50.0,13:46:40
18800.0,1000,-1150.0,-0.1,BU,17117300.0,43468400.0,False,50.0,13:46:40
18750.0,100,-1200.0,-0.1,SD,17116300.0,43468400.0,False,0.0,13:46:39
18750.0,700,-1200.0,-0.1,SD,17116300.0,43468300.0,False,0.0,13:46:39
18750.0,1000,-1200.0,-0.1,SD,17116300.0,43467600.0,False,0.0,13:46:39
18750.0,700,-1200.0,-0.1,SD,17116300.0,43466600.0,False,0.0,13:46:39
18750.0,77500,-1200.0,-0.1,SD,17116300.0,43465900.0,True,-50.0,13:46:39
18800.0,3000,-1150.0,-0.1,BU,17116300.0,43388400.0,False,50.0,13:46:39
18750.0,2800,-1200.0,-0.1,SD,17113300.0,43388400.0,False,-50.0,13:46:36
18800.0,4500,-1150.0,-0.1,BU,17113300.0,43385600.0,False,0.0,13:46:35
18800.0,500,-1150.0,-0.1,BU,17108800.0,43385600.0,False,50.0,13:46:35
18750.0,500,-1200.0,-0.1,SD,17108300.0,43385600.0,False,0.0,13:46:34
18750.0,2900,-1200.0,-0.1,SD,17108300.0,43385100.0,False,-50.0,13:46:32
18800.0,1200,-1150.0,-0.1,BU,17108300.0,43382200.0,False,0.0,13:46:31
18800.0,100,-1150.0,-0.1,BU,17107100.0,43382200.0,False,50.0,13:46:31
18750.0,6000,-1200.0,-0.1,SD,17107000.0,43382200.0,False,0.0,13:46:29
18750.0,2000,-1200.0,-0.1,SD,17107000.0,43376200.0,False,-50.0,13:46:29
18800.0,500,-1150.0,-0.1,BU,17107000.0,43374200.0,False,50.0,13:46:26
18750.0,1500,-1200.0,-0.1,SD,17106500.0,43374200.0,False,0.0,13:46:23
18750.0,300,-1200.0,-0.1,SD,17106500.0,43372700.0,False,0.0,13:46:22
18750.0,6500,-1200.0,-0.1,SD,17106500.0,43372400.0,False,-50.0,13:46:19
18800.0,300,-1150.0,-0.1,BU,17106500.0,43365900.0,False,50.0,13:46:17
18750.0,100,-1200.0,-0.1,SD,17106200.0,43365900.0,False,0.0,13:46:17
18750.0,100,-1200.0,-0.1,SD,17106200.0,43365800.0,False,0.0,13:46:16
18750.0,500,-1200.0,-0.1,SD,17106200.0,43365700.0,False,0.0,13:46:16
18750.0,500,-1200.0,-0.1,SD,17106200.0,43365200.0,False,0.0,13:46:14
18750.0,1000,-1200.0,-0.1,SD,17106200.0,43364700.0,False,0.0,13:46:11
18750.0,300,-1200.0,-0.1,SD,17106200.0,43363700.0,False,0.0,13:46:11
18750.0,200,-1200.0,-0.1,SD,17106200.0,43363400.0,False,0.0,13:46:11
18750.0,5000,-1200.0,-0.1,SD,17106200.0,43363200.0,False,0.0,13:46:11
18750.0,1000,-1200.0,-0.1,SD,17106200.0,43358200.0,False,0.0,13:46:11
18750.0,1700,-1200.0,-0.1,SD,17106200.0,43357200.0,False,50.0,13:46:11
18700.0,700,-1250.0,-0.1,SD,17106200.0,43355500.0,False,-50.0,13:46:11
18750.0,3000,-1200.0,-0.1,BU,17106200.0,43354800.0,False,0.0,13:46:07
18750.0,2000,-1200.0,-0.1,BU,17103200.0,43354800.0,False,0.0,13:46:07
18750.0,3300,-1200.0,-0.1,BU,17101200.0,43354800.0,False,0.0,13:46:07
18750.0,500,-1200.0,-0.1,BU,17097900.0,43354800.0,False,0.0,13:46:07
18750.0,1000,-1200.0,-0.1,BU,17097400.0,43354800.0,False,0.0,13:46:07
18750.0,500,-1200.0,-0.1,BU,17096400.0,43354800.0,False,0.0,13:46:07
18750.0,1000,-1200.0,-0.1,BU,17095900.0,43354800.0,False,0.0,13:46:07
18750.0,4200,-1200.0,-0.1,BU,17094900.0,43354800.0,False,0.0,13:46:07
18750.0,500,-1200.0,-0.1,BU,17090700.0,43354800.0,False,0.0,13:46:07
18750.0,900,-1200.0,-0.1,BU,17090200.0,43354800.0,False,0.0,13:46:07
18750.0,3000,-1200.0,-0.1,BU,17089300.0,43354800.0,False,0.0,13:46:07
18750.0,100,-1200.0,-0.1,BU,17086300.0,43354800.0,False,0.0,13:46:07
18750.0,100,-1200.0,-0.1,BU,17086200.0,43354800.0,False,0.0,13:46:06
18750.0,200,-1200.0,-0.1,BU,17086100.0,43354800.0,False,0.0,13:46:05
18750.0,100,-1200.0,-0.1,BU,17085900.0,43354800.0,False,0.0,13:46:03
18750.0,200,-1200.0,-0.1,BU,17085800.0,43354800.0,False,50.0,13:46:02
18700.0,18000,-1250.0,-0.1,SD,17085600.0,43354800.0,True,0.0,13:46:02
18700.0,1100,-1250.0,-0.1,SD,17085600.0,43336800.0,False,-50.0,13:46:02
18750.0,500,-1200.0,-0.1,BU,17085600.0,43335700.0,False,0.0,13:46:02
18750.0,100,-1200.0,-0.1,BU,17085100.0,43335700.0,False,0.0,13:46:01
18750.0,100,-1200.0,-0.1,BU,17085000.0,43335700.0,False,0.0,13:46:01
18750.0,300,-1200.0,-0.1,BU,17084900.0,43335700.0,False,0.0,13:46:01
18750.0,200,-1200.0,-0.1,BU,17084600.0,43335700.0,False,0.0,13:46:00
18750.0,100,-1200.0,-0.1,BU,17084400.0,43335700.0,False,0.0,13:46:00
18750.0,300,-1200.0,-0.1,BU,17084300.0,43335700.0,False,0.0,13:46:00
18750.0,700,-1200.0,-0.1,BU,17084000.0,43335700.0,False,0.0,13:46:00
18750.0,700,-1200.0,-0.1,BU,17083300.0,43335700.0,False,0.0,13:46:00
18750.0,300,-1200.0,-0.1,BU,17082600.0,43335700.0,False,0.0,13:46:00
18750.0,200,-1200.0,-0.1,BU,17082300.0,43335700.0,False,0.0,13:46:00
18750.0,500,-1200.0,-0.1,BU,17082100.0,43335700.0,False,0.0,13:46:00
18750.0,1000,-1200.0,-0.1,BU,17081600.0,43335700.0,False,0.0,13:46:00
18750.0,400,-1200.0,-0.1,BU,17080600.0,43335700.0,False,0.0,13:46:00
18750.0,100,-1200.0,-0.1,BU,17080200.0,43335700.0,False,0.0,13:45:59
18750.0,9000,-1200.0,-0.1,BU,17080100.0,43335700.0,False,0.0,13:45:59
18750.0,500,-1200.0,-0.1,BU,17071100.0,43335700.0,False,0.0,13:45:59
18750.0,200,-1200.0,-0.1,BU,17070600.0,43335700.0,False,0.0,13:45:57
18750.0,1600,-1200.0,-0.1,BU,17070400.0,43335700.0,False,0.0,13:45:56
18750.0,100,-1200.0,-0.1,BU,17068800.0,43335700.0,False,0.0,13:45:56
18750.0,300,-1200.0,-0.1,BU,17068700.0,43335700.0,False,0.0,13:45:53
18750.0,400,-1200.0,-0.1,BU,17068400.0,43335700.0,False,0.0,13:45:52
18750.0,600,-1200.0,-0.1,BU,17068000.0,43335700.0,False,0.0,13:45:52
18750.0,300,-1200.0,-0.1,BU,17067400.0,43335700.0,False,0.0,13:45:51
18750.0,200,-1200.0,-0.1,BU,17067100.0,43335700.0,False,0.0,13:45:51
18750.0,800,-1200.0,-0.1,BU,17066900.0,43335700.0,False,0.0,13:45:50
18750.0,200,-1200.0,-0.1,BU,17066100.0,43335700.0,False,0.0,13:45:50
18750.0,500,-1200.0,-0.1,BU,17065900.0,43335700.0,False,0.0,13:45:50
18750.0,2500,-1200.0,-0.1,BU,17065400.0,43335700.0,False,0.0,13:45:50
18750.0,400,-1200.0,-0.1,BU,17062900.0,43335700.0,False,0.0,13:45:49
18750.0,100,-1200.0,-0.1,BU,17062500.0,43335700.0,False,0.0,13:45:48
18750.0,500,-1200.0,-0.1,BU,17062400.0,43335700.0,False,0.0,13:45:46
18750.0,100,-1200.0,-0.1,BU,17061900.0,43335700.0,False,50.0,13:45:42
18700.0,2000,-1250.0,-0.1,SD,17061800.0,43335700.0,False,-50.0,13:45:42
18750.0,500,-1200.0,-0.1,BU,17061800.0,43333700.0,False,0.0,13:45:42
18750.0,500,-1200.0,-0.1,BU,17061300.0,43333700.0,False,50.0,13:45:40
18700.0,23700,-1250.0,-0.1,SD,17060800.0,43333700.0,True,0.0,13:45:40
18700.0,200,-1250.0,-0.1,SD,17060800.0,43310000.0,False,0.0,13:45:40
18700.0,1000,-1250.0,-0.1,SD,17060800.0,43309800.0,False,0.0,13:45:40
18700.0,500,-1250.0,-0.1,SD,17060800.0,43308800.0,False,0.0,13:45:40
18700.0,100,-1250.0,-0.1,SD,17060800.0,43308300.0,False,0.0,13:45:40
18700.0,100,-1250.0,-0.1,SD,17060800.0,43308200.0,False,0.0,13:45:40
18700.0,1000,-1250.0,-0.1,SD,17060800.0,43308100.0,False,0.0,13:45:40
18700.0,100,-1250.0,-0.1,SD,17060800.0,43307100.0,False,0.0,13:45:40
18700.0,1100,-1250.0,-0.1,SD,17060800.0,43307000.0,False,-50.0,13:45:40
18750.0,200,-1200.0,-0.1,BU,17060800.0,43305900.0,False,0.0,13:45:39
18750.0,200,-1200.0,-0.1,BU,17060600.0,43305900.0,False,50.0,13:45:37
18700.0,1200,-1250.0,-0.1,SD,17060400.0,43305900.0,False,0.0,13:45:35
18700.0,600,-1250.0,-0.1,SD,17060400.0,43304700.0,False,-50.0,13:45:35
18750.0,200,-1200.0,-0.1,SD,17060400.0,43304100.0,False,0.0,13:45:35
18750.0,300,-1200.0,-0.1,BU,17060400.0,43303900.0,False,0.0,13:45:35
18750.0,100,-1200.0,-0.1,SD,17060100.0,43303900.0,False,0.0,13:45:34
18750.0,1600,-1200.0,-0.1,SD,17060100.0,43303800.0,False,0.0,13:45:34
18750.0,200,-1200.0,-0.1,BU,17060100.0,43302200.0,False,0.0,13:45:34
18750.0,1000,-1200.0,-0.1,BU,17059900.0,43302200.0,False,0.0,13:45:34
18750.0,700,-1200.0,-0.1,BU,17058900.0,43302200.0,False,0.0,13:45:34
18750.0,1300,-1200.0,-0.1,BU,17058200.0,43302200.0,False,0.0,13:45:33
18750.0,100,-1200.0,-0.1,BU,17056900.0,43302200.0,False,0.0,13:45:33
18750.0,900,-1200.0,-0.1,BU,17056800.0,43302200.0,False,0.0,13:45:33
18750.0,100,-1200.0,-0.1,BU,17055900.0,43302200.0,False,0.0,13:45:33
18750.0,200,-1200.0,-0.1,BU,17055800.0,43302200.0,False,0.0,13:45:33
18750.0,300,-1200.0,-0.1,BU,17055600.0,43302200.0,False,0.0,13:45:31
18750.0,100,-1200.0,-0.1,BU,17055300.0,43302200.0,False,0.0,13:45:31
18750.0,100,-1200.0,-0.1,BU,17055200.0,43302200.0,False,0.0,13:45:30
18750.0,500,-1200.0,-0.1,BU,17055100.0,43302200.0,False,0.0,13:45:30
18750.0,100,-1200.0,-0.1,BU,17054600.0,43302200.0,False,0.0,13:45:30
18750.0,500,-1200.0,-0.1,BU,17054500.0,43302200.0,False,0.0,13:45:29
18750.0,500,-1200.0,-0.1,BU,17054000.0,43302200.0,False,50.0,13:45:29
18700.0,300,-1250.0,-0.1,SD,17053500.0,43302200.0,False,-50.0,13:45:28
18750.0,100,-1200.0,-0.1,BU,17053500.0,43301900.0,False,0.0,13:45:28
18750.0,200,-1200.0,-0.1,BU,17053400.0,43301900.0,False,0.0,13:45:27
18750.0,100,-1200.0,-0.1,BU,17053200.0,43301900.0,False,0.0,13:45:27
18750.0,200,-1200.0,-0.1,BU,17053100.0,43301900.0,False,0.0,13:45:26
18750.0,500,-1200.0,-0.1,BU,17052900.0,43301900.0,False,0.0,13:45:26
18750.0,500,-1200.0,-0.1,BU,17052400.0,43301900.0,False,-50.0,13:45:26
18800.0,100,-1150.0,-0.1,BU,17051900.0,43301900.0,False,50.0,13:45:25
18750.0,100,-1200.0,-0.1,BU,17051800.0,43301900.0,False,0.0,13:45:25
18750.0,400,-1200.0,-0.1,BU,17051700.0,43301900.0,False,0.0,13:45:25
18750.0,800,-1200.0,-0.1,BU,17051300.0,43301900.0,False,0.0,13:45:25
18750.0,200,-1200.0,-0.1,BU,17050500.0,43301900.0,False,0.0,13:45:25
18750.0,500,-1200.0,-0.1,BU,17050300.0,43301900.0,False,0.0,13:45:24
18750.0,300,-1200.0,-0.1,BU,17049800.0,43301900.0,False,0.0,13:45:24
18750.0,200,-1200.0,-0.1,BU,17049500.0,43301900.0,False,0.0,13:45:23
18750.0,100,-1200.0,-0.1,BU,17049300.0,43301900.0,False,0.0,13:45:23
18750.0,100,-1200.0,-0.1,BU,17049200.0,43301900.0,False,50.0,13:45:23
18700.0,500,-1250.0,-0.1,SD,17049100.0,43301900.0,False,-50.0,13:45:22
18750.0,800,-1200.0,-0.1,BU,17049100.0,43301400.0,False,0.0,13:45:22
18750.0,200,-1200.0,-0.1,BU,17048300.0,43301400.0,False,0.0,13:45:22
18750.0,200,-1200.0,-0.1,BU,17048100.0,43301400.0,False,0.0,13:45:21
18750.0,500,-1200.0,-0.1,BU,17047900.0,43301400.0,False,0.0,13:45:21
18750.0,3000,-1200.0,-0.1,BU,17047400.0,43301400.0,False,50.0,13:45:21
18700.0,200,-1250.0,-0.1,SD,17044400.0,43301400.0,False,-50.0,13:45:21
18750.0,800,-1200.0,-0.1,BU,17044400.0,43301200.0,False,0.0,13:45:20
18750.0,100,-1200.0,-0.1,BU,17043600.0,43301200.0,False,0.0,13:45:20
18750.0,100,-1200.0,-0.1,BU,17043500.0,43301200.0,False,0.0,13:45:19
18750.0,300,-1200.0,-0.1,BU,17043400.0,43301200.0,False,0.0,13:45:18
18750.0,200,-1200.0,-0.1,BU,17043100.0,43301200.0,False,0.0,13:45:18
18750.0,200,-1200.0,-0.1,BU,17042900.0,43301200.0,False,50.0,13:45:17
18700.0,400,-1250.0,-0.1,SD,17042700.0,43301200.0,False,0.0,13:45:17
18700.0,100,-1250.0,-0.1,SD,17042700.0,43300800.0,False,0.0,13:45:17
18700.0,1000,-1250.0,-0.1,SD,17042700.0,43300700.0,False,0.0,13:45:17
18700.0,100,-1250.0,-0.1,SD,17042700.0,43299700.0,False,0.0,13:45:17
18700.0,500,-1250.0,-0.1,SD,17042700.0,43299600.0,False,0.0,13:45:17
18700.0,2000,-1250.0,-0.1,SD,17042700.0,43299100.0,False,0.0,13:45:17
18700.0,200,-1250.0,-0.1,SD,17042700.0,43297100.0,False,0.0,13:45:17
18700.0,2200,-1250.0,-0.1,SD,17042700.0,43296900.0,False,-50.0,13:45:17
18750.0,100,-1200.0,-0.1,BU,17042700.0,43294700.0,False,0.0,13:45:17
18750.0,100,-1200.0,-0.1,BU,17042600.0,43294700.0,False,0.0,13:45:17
18750.0,500,-1200.0,-0.1,BU,17042500.0,43294700.0,False,0.0,13:45:17
18750.0,100,-1200.0,-0.1,BU,17042000.0,43294700.0,False,0.0,13:45:17
18750.0,100,-1200.0,-0.1,BU,17041900.0,43294700.0,False,0.0,13:45:17
18750.0,100,-1200.0,-0.1,BU,17041800.0,43294700.0,False,0.0,13:45:17
18750.0,1000,-1200.0,-0.1,BU,17041700.0,43294700.0,False,0.0,13:45:17
18750.0,200,-1200.0,-0.1,BU,17040700.0,43294700.0,False,0.0,13:45:17
18750.0,100,-1200.0,-0.1,BU,17040500.0,43294700.0,False,0.0,13:45:17
18750.0,100,-1200.0,-0.1,BU,17040400.0,43294700.0,False,0.0,13:45:17
18750.0,3500,-1200.0,-0.1,BU,17040300.0,43294700.0,False,0.0,13:45:17
18750.0,4100,-1200.0,-0.1,SD,17036800.0,43294700.0,False,0.0,13:45:14
18750.0,5900,-1200.0,-0.1,SD,17036800.0,43290600.0,False,0.0,13:45:14
18750.0,2000,-1200.0,-0.1,SD,17036800.0,43284700.0,False,0.0,13:45:14
18750.0,100,-1200.0,-0.1,SD,17036800.0,43282700.0,False,0.0,13:45:13
18750.0,1000,-1200.0,-0.1,SD,17036800.0,43282600.0,False,0.0,13:45:12
18750.0,1000,-1200.0,-0.1,BU,17036800.0,43281600.0,False,0.0,13:45:11
18750.0,300,-1200.0,-0.1,BU,17035800.0,43281600.0,False,0.0,13:45:11
18750.0,700,-1200.0,-0.1,BU,17035500.0,43281600.0,False,0.0,13:45:11
18750.0,300,-1200.0,-0.1,SD,17034800.0,43281600.0,False,0.0,13:45:08
18750.0,200,-1200.0,-0.1,SD,17034800.0,43281300.0,False,0.0,13:45:08
18750.0,400,-1200.0,-0.1,SD,17034800.0,43281100.0,False,0.0,13:45:08
18750.0,1000,-1200.0,-0.1,SD,17034800.0,43280700.0,False,0.0,13:45:08
18750.0,100,-1200.0,-0.1,SD,17034800.0,43279700.0,False,0.0,13:45:08
18750.0,100,-1200.0,-0.1,SD,17034800.0,43279600.0,False,0.0,13:45:08
18750.0,1900,-1200.0,-0.1,SD,17034800.0,43279500.0,False,0.0,13:45:08
18750.0,100,-1200.0,-0.1,SD,17034800.0,43277600.0,False,0.0,13:45:05
18750.0,400,-1200.0,-0.1,SD,17034800.0,43277500.0,False,0.0,13:45:05
18750.0,100,-1200.0,-0.1,SD,17034800.0,43277100.0,False,0.0,13:45:05
18750.0,200,-1200.0,-0.1,SD,17034800.0,43277000.0,False,0.0,13:45:05
18750.0,100,-1200.0,-0.1,SD,17034800.0,43276800.0,False,0.0,13:45:05
18750.0,100,-1200.0,-0.1,SD,17034800.0,43276700.0,False,0.0,13:45:05
18750.0,100,-1200.0,-0.1,SD,17034800.0,43276600.0,False,0.0,13:45:05
18750.0,200,-1200.0,-0.1,SD,17034800.0,43276500.0,False,0.0,13:45:05
18750.0,200,-1200.0,-0.1,SD,17034800.0,43276300.0,False,0.0,13:45:05
18750.0,200,-1200.0,-0.1,SD,17034800.0,43276100.0,False,0.0,13:45:05
18750.0,100,-1200.0,-0.1,SD,17034800.0,43275900.0,False,0.0,13:45:05
18750.0,100,-1200.0,-0.1,SD,17034800.0,43275800.0,False,0.0,13:45:05
18750.0,600,-1200.0,-0.1,SD,17034800.0,43275700.0,False,0.0,13:45:05
18750.0,100,-1200.0,-0.1,SD,17034800.0,43275100.0,False,0.0,13:45:03
18750.0,300,-1200.0,-0.1,SD,17034800.0,43275000.0,False,0.0,13:45:01
18750.0,500,-1200.0,-0.1,SD,17034800.0,43274700.0,False,0.0,13:45:01
18750.0,2000,-1200.0,-0.1,SD,17034800.0,43274200.0,False,0.0,13:45:01
18750.0,3000,-1200.0,-0.1,SD,17034800.0,43272200.0,False,0.0,13:45:01
18750.0,400,-1200.0,-0.1,SD,17034800.0,43269200.0,False,0.0,13:45:01
18750.0,900,-1200.0,-0.1,SD,17034800.0,43268800.0,False,0.0,13:45:01
18750.0,600,-1200.0,-0.1,SD,17034800.0,43267900.0,False,0.0,13:45:01
18750.0,100,-1200.0,-0.1,SD,17034800.0,43267300.0,False,0.0,13:44:59
18750.0,100,-1200.0,-0.1,SD,17034800.0,43267200.0,False,0.0,13:44:59
18750.0,100,-1200.0,-0.1,SD,17034800.0,43267100.0,False,0.0,13:44:59
18750.0,700,-1200.0,-0.1,SD,17034800.0,43267000.0,False,-50.0,13:44:59
18800.0,600,-1150.0,-0.1,BU,17034800.0,43266300.0,False,50.0,13:44:58
18750.0,100,-1200.0,-0.1,SD,17034200.0,43266300.0,False,-50.0,13:44:58
18800.0,1000,-1150.0,-0.1,BU,17034200.0,43266200.0,False,50.0,13:44:58
18750.0,500,-1200.0,-0.1,SD,17033200.0,43266200.0,False,0.0,13:44:55
18750.0,1700,-1200.0,-0.1,SD,17033200.0,43265700.0,False,0.0,13:44:55
18750.0,100,-1200.0,-0.1,SD,17033200.0,43264000.0,False,0.0,13:44:55
18750.0,100,-1200.0,-0.1,SD,17033200.0,43263900.0,False,0.0,13:44:55
18750.0,5000,-1200.0,-0.1,SD,17033200.0,43263800.0,False,0.0,13:44:55
18750.0,100,-1200.0,-0.1,SD,17033200.0,43258800.0,False,-50.0,13:44:55
18800.0,100,-1150.0,-0.1,BU,17033200.0,43258700.0,False,0.0,13:44:54
18800.0,100,-1150.0,-0.1,BU,17033100.0,43258700.0,False,50.0,13:44:54
18750.0,800,-1200.0,-0.1,SD,17033000.0,43258700.0,False,0.0,13:44:54
18750.0,100,-1200.0,-0.1,SD,17033000.0,43257900.0,False,0.0,13:44:54
18750.0,100,-1200.0,-0.1,SD,17033000.0,43257800.0,False,0.0,13:44:54
18750.0,1900,-1200.0,-0.1,SD,17033000.0,43257700.0,False,0.0,13:44:54
18750.0,3000,-1200.0,-0.1,SD,17033000.0,43255800.0,False,0.0,13:44:54
18750.0,500,-1200.0,-0.1,SD,17033000.0,43252800.0,False,0.0,13:44:53
18750.0,100,-1200.0,-0.1,SD,17033000.0,43252300.0,False,0.0,13:44:52
18750.0,3400,-1200.0,-0.1,SD,17033000.0,43252200.0,False,0.0,13:44:52
18750.0,1100,-1200.0,-0.1,SD,17033000.0,43248800.0,False,0.0,13:44:51
18750.0,700,-1200.0,-0.1,SD,17033000.0,43247700.0,False,0.0,13:44:51
18750.0,100,-1200.0,-0.1,SD,17033000.0,43247000.0,False,0.0,13:44:51
18750.0,200,-1200.0,-0.1,SD,17033000.0,43246900.0,False,0.0,13:44:51
18750.0,200,-1200.0,-0.1,SD,17033000.0,43246700.0,False,0.0,13:44:51
18750.0,100,-1200.0,-0.1,SD,17033000.0,43246500.0,False,0.0,13:44:51
18750.0,100,-1200.0,-0.1,SD,17033000.0,43246400.0,False,0.0,13:44:51
18750.0,2000,-1200.0,-0.1,SD,17033000.0,43246300.0,False,0.0,13:44:51
18750.0,100,-1200.0,-0.1,SD,17033000.0,43244300.0,False,0.0,13:44:51
18750.0,400,-1200.0,-0.1,SD,17033000.0,43244200.0,False,0.0,13:44:51
18750.0,1000,-1200.0,-0.1,SD,17033000.0,43243800.0,False,0.0,13:44:50
18750.0,600,-1200.0,-0.1,SD,17033000.0,43242800.0,False,0.0,13:44:50
18750.0,500,-1200.0,-0.1,SD,17033000.0,43242200.0,False,0.0,13:44:50
18750.0,200,-1200.0,-0.1,SD,17033000.0,43241700.0,False,0.0,13:44:50
18750.0,300,-1200.0,-0.1,SD,17033000.0,43241500.0,False,0.0,13:44:50
18750.0,200,-1200.0,-0.1,SD,17033000.0,43241200.0,False,0.0,13:44:48
18750.0,300,-1200.0,-0.1,SD,17033000.0,43241000.0,False,0.0,13:44:48
18750.0,300,-1200.0,-0.1,SD,17033000.0,43240700.0,False,0.0,13:44:48
18750.0,100,-1200.0,-0.1,SD,17033000.0,43240400.0,False,0.0,13:44:48
18750.0,1000,-1200.0,-0.1,SD,17033000.0,43240300.0,False,0.0,13:44:48
18750.0,100,-1200.0,-0.1,SD,17033000.0,43239300.0,False,0.0,13:44:48
18750.0,1800,-1200.0,-0.1,SD,17033000.0,43239200.0,False,0.0,13:44:47
18750.0,600,-1200.0,-0.1,SD,17033000.0,43237400.0,False,0.0,13:44:47
18750.0,1000,-1200.0,-0.1,SD,17033000.0,43236800.0,False,0.0,13:44:47
18750.0,1000,-1200.0,-0.1,SD,17033000.0,43235800.0,False,0.0,13:44:47
18750.0,600,-1200.0,-0.1,SD,17033000.0,43234800.0,False,-50.0,13:44:47
18800.0,1000,-1150.0,-0.1,BU,17033000.0,43234200.0,False,50.0,13:44:46
18750.0,4400,-1200.0,-0.1,SD,17032000.0,43234200.0,False,0.0,13:44:45
18750.0,200,-1200.0,-0.1,SD,17032000.0,43229800.0,False,0.0,13:44:45
18750.0,300,-1200.0,-0.1,SD,17032000.0,43229600.0,False,0.0,13:44:45
18750.0,200,-1200.0,-0.1,SD,17032000.0,43229300.0,False,0.0,13:44:45
18750.0,9900,-1200.0,-0.1,SD,17032000.0,43229100.0,False,0.0,13:44:45
18750.0,100,-1200.0,-0.1,SD,17032000.0,43219200.0,False,0.0,13:44:45
18750.0,500,-1200.0,-0.1,SD,17032000.0,43219100.0,False,0.0,13:44:45
18750.0,2400,-1200.0,-0.1,SD,17032000.0,43218600.0,False,0.0,13:44:45
18750.0,1000,-1200.0,-0.1,SD,17032000.0,43216200.0,False,0.0,13:44:42
18750.0,200,-1200.0,-0.1,SD,17032000.0,43215200.0,False,0.0,13:44:41
18750.0,1000,-1200.0,-0.1,SD,17032000.0,43215000.0,False,0.0,13:44:41
18750.0,5400,-1200.0,-0.1,SD,17032000.0,43214000.0,False,0.0,13:44:39
18750.0,1000,-1200.0,-0.1,SD,17032000.0,43208600.0,False,0.0,13:44:39
18750.0,3600,-1200.0,-0.1,SD,17032000.0,43207600.0,False,0.0,13:44:39
18750.0,100,-1200.0,-0.1,SD,17032000.0,43204000.0,False,0.0,13:44:38
18750.0,1800,-1200.0,-0.1,SD,17032000.0,43203900.0,False,0.0,13:44:37
18750.0,500,-1200.0,-0.1,SD,17032000.0,43202100.0,False,0.0,13:44:36
18750.0,4500,-1200.0,-0.1,SD,17032000.0,43201600.0,False,0.0,13:44:36
18750.0,5000,-1200.0,-0.1,SD,17032000.0,43197100.0,False,0.0,13:44:36
18750.0,1000,-1200.0,-0.1,SD,17032000.0,43192100.0,False,0.0,13:44:36
18750.0,2000,-1200.0,-0.1,SD,17032000.0,43191100.0,False,0.0,13:44:34
18750.0,2000,-1200.0,-0.1,SD,17032000.0,43189100.0,False,0.0,13:44:34
18750.0,100,-1200.0,-0.1,SD,17032000.0,43187100.0,False,0.0,13:44:34
18750.0,300,-1200.0,-0.1,SD,17032000.0,43187000.0,False,0.0,13:44:34
18750.0,700,-1200.0,-0.1,SD,17032000.0,43186700.0,False,0.0,13:44:34
18750.0,300,-1200.0,-0.1,SD,17032000.0,43186000.0,False,0.0,13:44:32
18750.0,800,-1200.0,-0.1,SD,17032000.0,43185700.0,False,0.0,13:44:32
18750.0,1000,-1200.0,-0.1,SD,17032000.0,43184900.0,False,0.0,13:44:32
18750.0,1000,-1200.0,-0.1,SD,17032000.0,43183900.0,False,0.0,13:44:32
18750.0,1000,-1200.0,-0.1,SD,17032000.0,43182900.0,False,0.0,13:44:32
18750.0,500,-1200.0,-0.1,SD,17032000.0,43181900.0,False,0.0,13:44:32
18750.0,1000,-1200.0,-0.1,SD,17032000.0,43181400.0,False,0.0,13:44:32
18750.0,1000,-1200.0,-0.1,SD,17032000.0,43180400.0,False,0.0,13:44:32
18750.0,1500,-1200.0,-0.1,SD,17032000.0,43179400.0,False,0.0,13:44:32
18750.0,500,-1200.0,-0.1,SD,17032000.0,43177900.0,False,0.0,13:44:32
18750.0,600,-1200.0,-0.1,SD,17032000.0,43177400.0,False,0.0,13:44:32
18750.0,700,-1200.0,-0.1,SD,17032000.0,43176800.0,False,0.0,13:44:32
18750.0,3500,-1200.0,-0.1,SD,17032000.0,43176100.0,False,0.0,13:44:32
18750.0,1000,-1200.0,-0.1,SD,17032000.0,43172600.0,False,0.0,13:44:32
18750.0,400,-1200.0,-0.1,SD,17032000.0,43171600.0,False,0.0,13:44:32
18750.0,500,-1200.0,-0.1,SD,17032000.0,43171200.0,False,0.0,13:44:32
18750.0,700,-1200.0,-0.1,SD,17032000.0,43170700.0,False,0.0,13:44:32
18750.0,300,-1200.0,-0.1,SD,17032000.0,43170000.0,False,0.0,13:44:30
18750.0,1600,-1200.0,-0.1,SD,17032000.0,43169700.0,False,0.0,13:44:28
18750.0,500,-1200.0,-0.1,SD,17032000.0,43168100.0,False,0.0,13:44:28
18750.0,1900,-1200.0,-0.1,SD,17032000.0,43167600.0,False,0.0,13:44:28
18750.0,5300,-1200.0,-0.1,SD,17032000.0,43165700.0,False,0.0,13:44:27
18750.0,600,-1200.0,-0.1,SD,17032000.0,43160400.0,False,0.0,13:44:27
18750.0,100,-1200.0,-0.1,SD,17032000.0,43159800.0,False,0.0,13:44:27
18750.0,1900,-1200.0,-0.1,SD,17032000.0,43159700.0,False,0.0,13:44:27
18750.0,1000,-1200.0,-0.1,SD,17032000.0,43157800.0,False,0.0,13:44:27
18750.0,1000,-1200.0,-0.1,SD,17032000.0,43156800.0,False,0.0,13:44:27
18750.0,2000,-1200.0,-0.1,SD,17032000.0,43155800.0,False,0.0,13:44:27
18750.0,1000,-1200.0,-0.1,SD,17032000.0,43153800.0,False,0.0,13:44:27
18750.0,1000,-1200.0,-0.1,SD,17032000.0,43152800.0,False,0.0,13:44:27
18750.0,2000,-1200.0,-0.1,SD,17032000.0,43151800.0,False,0.0,13:44:27
18750.0,100,-1200.0,-0.1,SD,17032000.0,43149800.0,False,0.0,13:44:27
18750.0,2200,-1200.0,-0.1,SD,17032000.0,43149700.0,False,0.0,13:44:27
18750.0,100,-1200.0,-0.1,SD,17032000.0,43147500.0,False,0.0,13:44:27
18750.0,100,-1200.0,-0.1,SD,17032000.0,43147400.0,False,0.0,13:44:27
18750.0,100,-1200.0,-0.1,SD,17032000.0,43147300.0,False,0.0,13:44:27
18750.0,200,-1200.0,-0.1,SD,17032000.0,43147200.0,False,0.0,13:44:27
18750.0,200,-1200.0,-0.1,SD,17032000.0,43147000.0,False,0.0,13:44:27
18750.0,600,-1200.0,-0.1,SD,17032000.0,43146800.0,False,0.0,13:44:27
18750.0,100,-1200.0,-0.1,SD,17032000.0,43146200.0,False,0.0,13:44:27
18750.0,400,-1200.0,-0.1,SD,17032000.0,43146100.0,False,-50.0,13:44:27
18800.0,100,-1150.0,-0.1,BU,17032000.0,43145700.0,False,50.0,13:44:27
18750.0,1600,-1200.0,-0.1,SD,17031900.0,43145700.0,False,0.0,13:44:27
18750.0,2300,-1200.0,-0.1,SD,17031900.0,43144100.0,False,0.0,13:44:27
18750.0,200,-1200.0,-0.1,SD,17031900.0,43141800.0,False,0.0,13:44:27
18750.0,1000,-1200.0,-0.1,SD,17031900.0,43141600.0,False,0.0,13:44:27
18750.0,2000,-1200.0,-0.1,SD,17031900.0,43140600.0,False,0.0,13:44:27
18750.0,500,-1200.0,-0.1,SD,17031900.0,43138600.0,False,0.0,13:44:27
18750.0,600,-1200.0,-0.1,SD,17031900.0,43138100.0,False,0.0,13:44:27
18750.0,2000,-1200.0,-0.1,SD,17031900.0,43137500.0,False,0.0,13:44:27
18750.0,100,-1200.0,-0.1,SD,17031900.0,43135500.0,False,0.0,13:44:27
18750.0,300,-1200.0,-0.1,SD,17031900.0,43135400.0,False,0.0,13:44:27
18750.0,1000,-1200.0,-0.1,SD,17031900.0,43135100.0,False,0.0,13:44:27
18750.0,10000,-1200.0,-0.1,SD,17031900.0,43134100.0,False,0.0,13:44:27
18750.0,3000,-1200.0,-0.1,SD,17031900.0,43124100.0,False,0.0,13:44:27
18750.0,100,-1200.0,-0.1,SD,17031900.0,43121100.0,False,0.0,13:44:27
18750.0,100,-1200.0,-0.1,SD,17031900.0,43121000.0,False,0.0,13:44:27
18750.0,100,-1200.0,-0.1,SD,17031900.0,43120900.0,False,0.0,13:44:27
18750.0,3000,-1200.0,-0.1,SD,17031900.0,43120800.0,False,0.0,13:44:27
18750.0,200,-1200.0,-0.1,SD,17031900.0,43117800.0,False,0.0,13:44:27
18750.0,300,-1200.0,-0.1,SD,17031900.0,43117600.0,False,0.0,13:44:27
18750.0,100,-1200.0,-0.1,SD,17031900.0,43117300.0,False,0.0,13:44:27
18750.0,600,-1200.0,-0.1,SD,17031900.0,43117200.0,False,0.0,13:44:27
18750.0,100,-1200.0,-0.1,SD,17031900.0,43116600.0,False,0.0,13:44:27
18750.0,200,-1200.0,-0.1,SD,17031900.0,43116500.0,False,0.0,13:44:27
18750.0,600,-1200.0,-0.1,SD,17031900.0,43116300.0,False,-50.0,13:44:27
18800.0,1000,-1150.0,-0.1,BU,17031900.0,43115700.0,False,50.0,13:44:26
18750.0,400,-1200.0,-0.1,SD,17030900.0,43115700.0,False,0.0,13:44:26
18750.0,2600,-1200.0,-0.1,SD,17030900.0,43115300.0,False,0.0,13:44:26
18750.0,3000,-1200.0,-0.1,SD,17030900.0,43112700.0,False,-50.0,13:44:25
18800.0,100,-1150.0,-0.1,BU,17030900.0,43109700.0,False,0.0,13:44:23
18800.0,300,-1150.0,-0.1,BU,17030800.0,43109700.0,False,50.0,13:44:23
18750.0,500,-1200.0,-0.1,SD,17030500.0,43109700.0,False,0.0,13:44:23
18750.0,11700,-1200.0,-0.1,SD,17030500.0,43109200.0,True,0.0,13:44:21
18750.0,100,-1200.0,-0.1,SD,17030500.0,43097500.0,False,0.0,13:44:21
18750.0,1000,-1200.0,-0.1,SD,17030500.0,43097400.0,False,0.0,13:44:21
18750.0,10000,-1200.0,-0.1,SD,17030500.0,43096400.0,False,0.0,13:44:21
18750.0,7200,-1200.0,-0.1,SD,17030500.0,43086400.0,False,0.0,13:44:21
18750.0,2000,-1200.0,-0.1,SD,17030500.0,43079200.0,False,-50.0,13:44:21
18800.0,100,-1150.0,-0.1,BU,17030500.0,43077200.0,False,0.0,13:44:18
18800.0,100,-1150.0,-0.1,BU,17030400.0,43077200.0,False,50.0,13:44:17
18750.0,500,-1200.0,-0.1,SD,17030300.0,43077200.0,False,0.0,13:44:16
18750.0,300,-1200.0,-0.1,SD,17030300.0,43076700.0,False,0.0,13:44:16
18750.0,600,-1200.0,-0.1,SD,17030300.0,43076400.0,False,0.0,13:44:16
18750.0,900,-1200.0,-0.1,SD,17030300.0,43075800.0,False,0.0,13:44:16
18750.0,100,-1200.0,-0.1,SD,17030300.0,43074900.0,False,-50.0,13:44:16
18800.0,1000,-1150.0,-0.1,BU,17030300.0,43074800.0,False,50.0,13:44:15
18750.0,2000,-1200.0,-0.1,SD,17029300.0,43074800.0,False,0.0,13:44:14
18750.0,1000,-1200.0,-0.1,SD,17029300.0,43072800.0,False,0.0,13:44:14
18750.0,500,-1200.0,-0.1,SD,17029300.0,43071800.0,False,0.0,13:44:14
18750.0,500,-1200.0,-0.1,SD,17029300.0,43071300.0,False,-50.0,13:44:14
18800.0,100,-1150.0,-0.1,BU,17029300.0,43070800.0,False,50.0,13:44:12
18750.0,500,-1200.0,-0.1,SD,17029200.0,43070800.0,False,-50.0,13:44:11
18800.0,100,-1150.0,-0.1,BU,17029200.0,43070300.0,False,0.0,13:44:11
18800.0,100,-1150.0,-0.1,BU,17029100.0,43070300.0,False,50.0,13:44:11
18750.0,9000,-1200.0,-0.1,SD,17029000.0,43070300.0,False,0.0,13:44:10
18750.0,1000,-1200.0,-0.1,SD,17029000.0,43061300.0,False,-50.0,13:44:10
18800.0,300,-1150.0,-0.1,BU,17029000.0,43060300.0,False,0.0,13:44:10
18800.0,200,-1150.0,-0.1,BU,17028700.0,43060300.0,False,0.0,13:44:09
18800.0,2000,-1150.0,-0.1,BU,17028500.0,43060300.0,False,0.0,13:44:08
18800.0,200,-1150.0,-0.1,BU,17026500.0,43060300.0,False,50.0,13:44:07
18750.0,1000,-1200.0,-0.1,SD,17026300.0,43060300.0,False,0.0,13:44:06
18750.0,1000,-1200.0,-0.1,SD,17026300.0,43059300.0,False,0.0,13:44:06
18750.0,1000,-1200.0,-0.1,SD,17026300.0,43058300.0,False,-50.0,13:44:06
18800.0,1000,-1150.0,-0.1,BU,17026300.0,43057300.0,False,50.0,13:44:06
18750.0,600,-1200.0,-0.1,SD,17025300.0,43057300.0,False,-50.0,13:44:02
18800.0,300,-1150.0,-0.1,BU,17025300.0,43056700.0,False,0.0,13:44:00
18800.0,500,-1150.0,-0.1,BU,17025000.0,43056700.0,False,0.0,13:43:59
18800.0,1000,-1150.0,-0.1,BU,17024500.0,43056700.0,False,0.0,13:43:59
18800.0,200,-1150.0,-0.1,BU,17023500.0,43056700.0,False,0.0,13:43:57
18800.0,200,-1150.0,-0.1,BU,17023300.0,43056700.0,False,0.0,13:43:55
18800.0,800,-1150.0,-0.1,BU,17023100.0,43056700.0,False,0.0,13:43:55
18800.0,200,-1150.0,-0.1,BU,17022300.0,43056700.0,False,50.0,13:43:55
18750.0,200,-1200.0,-0.1,SD,17022100.0,43056700.0,False,0.0,13:43:54
18750.0,200,-1200.0,-0.1,SD,17022100.0,43056500.0,False,-50.0,13:43:54
18800.0,100,-1150.0,-0.1,BU,17022100.0,43056300.0,False,0.0,13:43:54
18800.0,500,-1150.0,-0.1,BU,17022000.0,43056300.0,False,0.0,13:43:54
18800.0,1000,-1150.0,-0.1,BU,17021500.0,43056300.0,False,0.0,13:43:53
18800.0,500,-1150.0,-0.1,BU,17020500.0,43056300.0,False,50.0,13:43:52
18750.0,200,-1200.0,-0.1,SD,17020000.0,43056300.0,False,0.0,13:43:52
18750.0,100,-1200.0,-0.1,SD,17020000.0,43056100.0,False,0.0,13:43:52
18750.0,400,-1200.0,-0.1,SD,17020000.0,43056000.0,False,0.0,13:43:52
18750.0,300,-1200.0,-0.1,SD,17020000.0,43055600.0,False,-50.0,13:43:52
18800.0,300,-1150.0,-0.1,BU,17020000.0,43055300.0,False,0.0,13:43:49
18800.0,100,-1150.0,-0.1,BU,17019700.0,43055300.0,False,0.0,13:43:49
18800.0,200,-1150.0,-0.1,BU,17019600.0,43055300.0,False,0.0,13:43:49
18800.0,500,-1150.0,-0.1,BU,17019400.0,43055300.0,False,50.0,13:43:49
18750.0,200,-1200.0,-0.1,SD,17018900.0,43055300.0,False,-50.0,13:43:47
18800.0,1000,-1150.0,-0.1,BU,17018900.0,43055100.0,False,0.0,13:43:47
18800.0,3000,-1150.0,-0.1,BU,17017900.0,43055100.0,False,50.0,13:43:46
18750.0,500,-1200.0,-0.1,SD,17014900.0,43055100.0,False,0.0,13:43:46
18750.0,500,-1200.0,-0.1,SD,17014900.0,43054600.0,False,0.0,13:43:46
18750.0,300,-1200.0,-0.1,SD,17014900.0,43054100.0,False,0.0,13:43:46
18750.0,2000,-1200.0,-0.1,SD,17014900.0,43053800.0,False,0.0,13:43:46
18750.0,500,-1200.0,-0.1,SD,17014900.0,43051800.0,False,0.0,13:43:46
18750.0,1100,-1200.0,-0.1,SD,17014900.0,43051300.0,False,0.0,13:43:46
18750.0,100,-1200.0,-0.1,SD,17014900.0,43050200.0,False,0.0,13:43:46
18750.0,100,-1200.0,-0.1,SD,17014900.0,43050100.0,False,0.0,13:43:46
18750.0,100,-1200.0,-0.1,SD,17014900.0,43050000.0,False,0.0,13:43:46
18750.0,1000,-1200.0,-0.1,SD,17014900.0,43049900.0,False,0.0,13:43:46
18750.0,300,-1200.0,-0.1,SD,17014900.0,43046900.0,False,0.0,13:43:46
18750.0,2000,-1200.0,-0.1,SD,17014900.0,43048900.0,False,0.0,13:43:45
18750.0,1000,-1200.0,-0.1,SD,17014900.0,43046600.0,False,0.0,13:43:45
18750.0,500,-1200.0,-0.1,SD,17014900.0,43045600.0,False,0.0,13:43:45
18750.0,200,-1200.0,-0.1,SD,17014900.0,43045100.0,False,0.0,13:43:45
18750.0,600,-1200.0,-0.1,SD,17014900.0,43044900.0,False,0.0,13:43:45
18750.0,100,-1200.0,-0.1,SD,17014900.0,43044300.0,False,0.0,13:43:45
18750.0,900,-1200.0,-0.1,SD,17014900.0,43044200.0,False,0.0,13:43:45
18750.0,100,-1200.0,-0.1,SD,17014900.0,43043300.0,False,0.0,13:43:45
18750.0,1000,-1200.0,-0.1,SD,17014900.0,43043200.0,False,0.0,13:43:45
18750.0,200,-1200.0,-0.1,SD,17014900.0,43042200.0,False,0.0,13:43:45
18750.0,1000,-1200.0,-0.1,SD,17014900.0,43042000.0,False,0.0,13:43:45
18750.0,100,-1200.0,-0.1,SD,17014900.0,43041000.0,False,0.0,13:43:45
18750.0,200,-1200.0,-0.1,SD,17014900.0,43040900.0,False,0.0,13:43:45
18750.0,100,-1200.0,-0.1,SD,17014900.0,43040700.0,False,0.0,13:43:45
18750.0,100,-1200.0,-0.1,SD,17014900.0,43040600.0,False,0.0,13:43:45
18750.0,500,-1200.0,-0.1,SD,17014900.0,43040500.0,False,0.0,13:43:45
18750.0,100,-1200.0,-0.1,SD,17014900.0,43040000.0,False,0.0,13:43:45
18750.0,100,-1200.0,-0.1,SD,17014900.0,43039900.0,False,0.0,13:43:45
18750.0,300,-1200.0,-0.1,SD,17014900.0,43039800.0,False,0.0,13:43:45
18750.0,1500,-1200.0,-0.1,SD,17014900.0,43039500.0,False,0.0,13:43:45
18750.0,100,-1200.0,-0.1,SD,17014900.0,43038000.0,False,0.0,13:43:45
18750.0,200,-1200.0,-0.1,SD,17014900.0,43037900.0,False,0.0,13:43:45
18750.0,500,-1200.0,-0.1,SD,17014900.0,43037700.0,False,0.0,13:43:45
18750.0,5000,-1200.0,-0.1,SD,17014900.0,43037200.0,False,0.0,13:43:45
18750.0,1000,-1200.0,-0.1,SD,17014900.0,43032200.0,False,0.0,13:43:45
18750.0,100,-1200.0,-0.1,SD,17014900.0,43031200.0,False,0.0,13:43:45
18750.0,400,-1200.0,-0.1,SD,17014900.0,43031100.0,False,0.0,13:43:45
18750.0,2000,-1200.0,-0.1,SD,17014900.0,43030700.0,False,0.0,13:43:45
18750.0,3000,-1200.0,-0.1,SD,17014900.0,43028700.0,False,0.0,13:43:45
18750.0,100,-1200.0,-0.1,SD,17014900.0,43025700.0,False,0.0,13:43:45
18750.0,20500,-1200.0,-0.1,SD,17014900.0,43025600.0,True,-50.0,13:43:45
18800.0,1000,-1150.0,-0.1,BU,17014900.0,43005100.0,False,50.0,13:43:45
18750.0,30000,-1200.0,-0.1,SD,17013900.0,43005100.0,True,-50.0,13:43:44
18800.0,200,-1150.0,-0.1,SD,17013900.0,42975100.0,False,0.0,13:43:44
18800.0,1000,-1150.0,-0.1,SD,17013900.0,42974900.0,False,0.0,13:43:44
18800.0,500,-1150.0,-0.1,SD,17013900.0,42973900.0,False,0.0,13:43:44
18800.0,1000,-1150.0,-0.1,SD,17013900.0,42973400.0,False,0.0,13:43:44
18800.0,200,-1150.0,-0.1,SD,17013900.0,42972400.0,False,0.0,13:43:44
18800.0,3800,-1150.0,-0.1,SD,17013900.0,42972200.0,False,0.0,13:43:44
18800.0,500,-1150.0,-0.1,SD,17013900.0,42968400.0,False,0.0,13:43:44
18800.0,1000,-1150.0,-0.1,SD,17013900.0,42967900.0,False,0.0,13:43:44
18800.0,500,-1150.0,-0.1,SD,17013900.0,42966900.0,False,0.0,13:43:44
18800.0,1100,-1150.0,-0.1,SD,17013900.0,42966400.0,False,0.0,13:43:44
18800.0,500,-1150.0,-0.1,SD,17013900.0,42965300.0,False,0.0,13:43:44
18800.0,500,-1150.0,-0.1,SD,17013900.0,42964800.0,False,0.0,13:43:44
18800.0,1000,-1150.0,-0.1,SD,17013900.0,42964300.0,False,0.0,13:43:44
18800.0,100,-1150.0,-0.1,SD,17013900.0,42963300.0,False,0.0,13:43:44
18800.0,100,-1150.0,-0.1,SD,17013900.0,42963200.0,False,0.0,13:43:44
18800.0,100,-1150.0,-0.1,SD,17013900.0,42963100.0,False,0.0,13:43:44
18800.0,1000,-1150.0,-0.1,SD,17013900.0,42963000.0,False,0.0,13:43:44
18800.0,300,-1150.0,-0.1,SD,17013900.0,42962000.0,False,0.0,13:43:44
18800.0,1000,-1150.0,-0.1,SD,17013900.0,42961700.0,False,0.0,13:43:44
18800.0,500,-1150.0,-0.1,SD,17013900.0,42960700.0,False,0.0,13:43:44
18800.0,100,-1150.0,-0.1,SD,17013900.0,42960200.0,False,0.0,13:43:44
18800.0,1000,-1150.0,-0.1,SD,17013900.0,42960100.0,False,0.0,13:43:44
18800.0,500,-1150.0,-0.1,SD,17013900.0,42959100.0,False,0.0,13:43:44
18800.0,100,-1150.0,-0.1,SD,17013900.0,42958600.0,False,0.0,13:43:44
18800.0,100,-1150.0,-0.1,SD,17013900.0,42958500.0,False,0.0,13:43:44
18800.0,500,-1150.0,-0.1,SD,17013900.0,42958400.0,False,0.0,13:43:44
18800.0,1000,-1150.0,-0.1,SD,17013900.0,42957900.0,False,0.0,13:43:44
18800.0,1000,-1150.0,-0.1,SD,17013900.0,42956900.0,False,0.0,13:43:44
18800.0,1900,-1150.0,-0.1,SD,17013900.0,42955900.0,False,0.0,13:43:44
18800.0,2200,-1150.0,-0.1,SD,17013900.0,42954000.0,False,0.0,13:43:44
18800.0,200,-1150.0,-0.1,SD,17013900.0,42951800.0,False,0.0,13:43:44
18800.0,100,-1150.0,-0.1,SD,17013900.0,42951600.0,False,0.0,13:43:44
18800.0,1000,-1150.0,-0.1,SD,17013900.0,42951500.0,False,0.0,13:43:44
18800.0,500,-1150.0,-0.1,SD,17013900.0,42950500.0,False,0.0,13:43:44
18800.0,1000,-1150.0,-0.1,SD,17013900.0,42950000.0,False,0.0,13:43:44
18800.0,300,-1150.0,-0.1,SD,17013900.0,42949000.0,False,-50.0,13:43:44
18850.0,100,-1100.0,-0.1,BU,17013900.0,42948700.0,False,0.0,13:43:43
18850.0,100,-1100.0,-0.1,BU,17013800.0,42948700.0,False,0.0,13:43:43
18850.0,100,-1100.0,-0.1,BU,17013700.0,42948700.0,False,50.0,13:43:42
18800.0,19000,-1150.0,-0.1,SD,17013600.0,42948700.0,True,-50.0,13:43:40
18850.0,200,-1100.0,-0.1,BU,17013600.0,42929700.0,False,50.0,13:43:40
18800.0,1000,-1150.0,-0.1,SD,17013400.0,42929700.0,False,0.0,13:43:39
18800.0,35700,-1150.0,-0.1,SD,17013400.0,42928700.0,True,0.0,13:43:36
18800.0,5000,-1150.0,-0.1,SD,17013400.0,42893000.0,False,-50.0,13:43:35
18850.0,1000,-1100.0,-0.1,BU,17013400.0,42888000.0,False,0.0,13:43:33
18850.0,500,-1100.0,-0.1,BU,17012400.0,42888000.0,False,50.0,13:43:33
18800.0,38600,-1150.0,-0.1,SD,17011900.0,42888000.0,True,0.0,13:43:32
18800.0,300,-1150.0,-0.1,SD,17011900.0,42849400.0,False,0.0,13:43:32
18800.0,100,-1150.0,-0.1,SD,17011900.0,42849100.0,False,0.0,13:43:32
18800.0,400,-1150.0,-0.1,SD,17011900.0,42849000.0,False,0.0,13:43:32
18800.0,500,-1150.0,-0.1,SD,17011900.0,42848600.0,False,0.0,13:43:32
18800.0,1000,-1150.0,-0.1,SD,17011900.0,42848100.0,False,0.0,13:43:32
18800.0,14100,-1150.0,-0.1,SD,17011900.0,42847100.0,True,0.0,13:43:32
18800.0,3000,-1150.0,-0.1,SD,17011900.0,42833000.0,False,0.0,13:43:32
18800.0,1000,-1150.0,-0.1,SD,17011900.0,42830000.0,False,0.0,13:43:32
18800.0,300,-1150.0,-0.1,SD,17011900.0,42829000.0,False,0.0,13:43:32
18800.0,200,-1150.0,-0.1,SD,17011900.0,42828700.0,False,0.0,13:43:32
18800.0,200,-1150.0,-0.1,SD,17011900.0,42828500.0,False,0.0,13:43:32
18800.0,500,-1150.0,-0.1,SD,17011900.0,42828300.0,False,0.0,13:43:32
18800.0,400,-1150.0,-0.1,SD,17011900.0,42827800.0,False,0.0,13:43:32
18800.0,10000,-1150.0,-0.1,SD,17011900.0,42827400.0,False,0.0,13:43:32
18800.0,100,-1150.0,-0.1,SD,17011900.0,42817400.0,False,0.0,13:43:32
18800.0,100,-1150.0,-0.1,SD,17011900.0,42817300.0,False,0.0,13:43:32
18800.0,100,-1150.0,-0.1,SD,17011900.0,42817200.0,False,0.0,13:43:32
18800.0,3700,-1150.0,-0.1,SD,17011900.0,42817100.0,False,0.0,13:43:32
18800.0,100,-1150.0,-0.1,SD,17011900.0,42813400.0,False,0.0,13:43:32
18800.0,300,-1150.0,-0.1,SD,17011900.0,42813300.0,False,0.0,13:43:32
18800.0,100,-1150.0,-0.1,SD,17011900.0,42813000.0,False,0.0,13:43:32
18800.0,1000,-1150.0,-0.1,SD,17011900.0,42812900.0,False,0.0,13:43:32
18800.0,300,-1150.0,-0.1,SD,17011900.0,42811900.0,False,0.0,13:43:32
18800.0,100,-1150.0,-0.1,SD,17011900.0,42811600.0,False,0.0,13:43:32
18800.0,500,-1150.0,-0.1,SD,17011900.0,42811500.0,False,0.0,13:43:32
18800.0,500,-1150.0,-0.1,SD,17011900.0,42811000.0,False,0.0,13:43:32
18800.0,1000,-1150.0,-0.1,SD,17011900.0,42810500.0,False,0.0,13:43:32
18800.0,100,-1150.0,-0.1,SD,17011900.0,42809500.0,False,0.0,13:43:32
18800.0,200,-1150.0,-0.1,SD,17011900.0,42809400.0,False,0.0,13:43:32
18800.0,200,-1150.0,-0.1,SD,17011900.0,42809200.0,False,0.0,13:43:32
18800.0,600,-1150.0,-0.1,SD,17011900.0,42809000.0,False,0.0,13:43:32
18800.0,1000,-1150.0,-0.1,SD,17011900.0,42808400.0,False,0.0,13:43:32
18800.0,100,-1150.0,-0.1,SD,17011900.0,42807400.0,False,0.0,13:43:32
18800.0,200,-1150.0,-0.1,SD,17011900.0,42807300.0,False,0.0,13:43:32
18800.0,800,-1150.0,-0.1,SD,17011900.0,42807100.0,False,0.0,13:43:32
18800.0,100,-1150.0,-0.1,SD,17011900.0,42806300.0,False,0.0,13:43:32
18800.0,500,-1150.0,-0.1,SD,17011900.0,42806200.0,False,0.0,13:43:32
18800.0,500,-1150.0,-0.1,SD,17011900.0,42805700.0,False,0.0,13:43:32
18800.0,100,-1150.0,-0.1,SD,17011900.0,42805200.0,False,0.0,13:43:32
18800.0,200,-1150.0,-0.1,SD,17011900.0,42805100.0,False,0.0,13:43:32
18800.0,300,-1150.0,-0.1,SD,17011900.0,42804900.0,False,0.0,13:43:32
18800.0,1000,-1150.0,-0.1,SD,17011900.0,42804600.0,False,0.0,13:43:32
18800.0,100,-1150.0,-0.1,SD,17011900.0,42803600.0,False,0.0,13:43:32
18800.0,500,-1150.0,-0.1,SD,17011900.0,42803500.0,False,0.0,13:43:32
18800.0,4100,-1150.0,-0.1,SD,17011900.0,42803000.0,False,0.0,13:43:32
18800.0,3600,-1150.0,-0.1,SD,17011900.0,42798900.0,False,0.0,13:43:32
18800.0,100,-1150.0,-0.1,SD,17011900.0,42795300.0,False,0.0,13:43:32
18800.0,100,-1150.0,-0.1,SD,17011900.0,42795200.0,False,0.0,13:43:32
18800.0,100,-1150.0,-0.1,SD,17011900.0,42795100.0,False,0.0,13:43:32
18800.0,3000,-1150.0,-0.1,SD,17011900.0,42795000.0,False,0.0,13:43:32
18800.0,1000,-1150.0,-0.1,SD,17011900.0,42792000.0,False,0.0,13:43:32
18800.0,200,-1150.0,-0.1,SD,17011900.0,42791000.0,False,0.0,13:43:32
18800.0,200,-1150.0,-0.1,SD,17011900.0,42790800.0,False,0.0,13:43:32
18800.0,500,-1150.0,-0.1,SD,17011900.0,42790600.0,False,0.0,13:43:32
18800.0,1000,-1150.0,-0.1,SD,17011900.0,42790100.0,False,0.0,13:43:32
18800.0,1100,-1150.0,-0.1,SD,17011900.0,42789100.0,False,0.0,13:43:32
18800.0,2000,-1150.0,-0.1,SD,17011900.0,42788000.0,False,0.0,13:43:32
18800.0,200,-1150.0,-0.1,SD,17011900.0,42786000.0,False,0.0,13:43:32
18800.0,400,-1150.0,-0.1,SD,17011900.0,42785800.0,False,0.0,13:43:32
18800.0,200,-1150.0,-0.1,SD,17011900.0,42785400.0,False,0.0,13:43:32
18800.0,100,-1150.0,-0.1,SD,17011900.0,42785200.0,False,0.0,13:43:32
18800.0,2000,-1150.0,-0.1,SD,17011900.0,42785100.0,False,0.0,13:43:32
18800.0,400,-1150.0,-0.1,SD,17011900.0,42783100.0,False,0.0,13:43:32
18800.0,500,-1150.0,-0.1,SD,17011900.0,42782700.0,False,0.0,13:43:32
18800.0,100,-1150.0,-0.1,SD,17011900.0,42782200.0,False,0.0,13:43:32
18800.0,100,-1150.0,-0.1,SD,17011900.0,42782100.0,False,0.0,13:43:32
18800.0,200,-1150.0,-0.1,SD,17011900.0,42782000.0,False,0.0,13:43:32
18800.0,300,-1150.0,-0.1,SD,17011900.0,42781800.0,False,0.0,13:43:32
18800.0,200,-1150.0,-0.1,SD,17011900.0,42781500.0,False,0.0,13:43:32
18800.0,300,-1150.0,-0.1,SD,17011900.0,42781300.0,False,0.0,13:43:32
18800.0,200,-1150.0,-0.1,SD,17011900.0,42781000.0,False,0.0,13:43:32
18800.0,500,-1150.0,-0.1,SD,17011900.0,42780800.0,False,0.0,13:43:32
18800.0,1000,-1150.0,-0.1,SD,17011900.0,42780300.0,False,0.0,13:43:32
18800.0,300,-1150.0,-0.1,SD,17011900.0,42779300.0,False,0.0,13:43:32
18800.0,1000,-1150.0,-0.1,SD,17011900.0,42779000.0,False,0.0,13:43:32
18800.0,700,-1150.0,-0.1,SD,17011900.0,42778000.0,False,0.0,13:43:32
18800.0,1000,-1150.0,-0.1,SD,17011900.0,42777300.0,False,0.0,13:43:32
18800.0,100,-1150.0,-0.1,SD,17011900.0,42776300.0,False,0.0,13:43:32
18800.0,500,-1150.0,-0.1,SD,17011900.0,42776200.0,False,0.0,13:43:32
18800.0,1000,-1150.0,-0.1,SD,17011900.0,42775700.0,False,0.0,13:43:32
18800.0,500,-1150.0,-0.1,SD,17011900.0,42774700.0,False,0.0,13:43:32
18800.0,6600,-1150.0,-0.1,SD,17011900.0,42774200.0,False,-50.0,13:43:32
18850.0,1000,-1100.0,-0.1,BU,17011900.0,42767600.0,False,0.0,13:43:32
18850.0,300,-1100.0,-0.1,BU,17010900.0,42767600.0,False,0.0,13:43:32
18850.0,300,-1100.0,-0.1,BU,17010600.0,42767600.0,False,0.0,13:43:29
18850.0,200,-1100.0,-0.1,BU,17010300.0,42767600.0,False,50.0,13:43:29
18800.0,500,-1150.0,-0.1,SD,17010100.0,42767600.0,False,-50.0,13:43:27
18850.0,400,-1100.0,-0.1,BU,17010100.0,42767100.0,False,0.0,13:43:27
18850.0,2000,-1100.0,-0.1,BU,17009700.0,42767100.0,False,0.0,13:43:26
18850.0,300,-1100.0,-0.1,BU,17007700.0,42767100.0,False,0.0,13:43:24
18850.0,2000,-1100.0,-0.1,BU,17007400.0,42767100.0,False,50.0,13:43:23
18800.0,300,-1150.0,-0.1,SD,17005400.0,42767100.0,False,-50.0,13:43:23
18850.0,500,-1100.0,-0.1,BU,17005400.0,42766800.0,False,0.0,13:43:23
18850.0,500,-1100.0,-0.1,BU,17004900.0,42766800.0,False,50.0,13:43:22
18800.0,600,-1150.0,-0.1,SD,17004400.0,42766800.0,False,0.0,13:43:22
18800.0,1900,-1150.0,-0.1,SD,17004400.0,42766200.0,False,0.0,13:43:21
18800.0,10000,-1150.0,-0.1,SD,17004400.0,42764300.0,False,0.0,13:43:21
18800.0,1200,-1150.0,-0.1,SD,17004400.0,42754300.0,False,0.0,13:43:21
18800.0,1100,-1150.0,-0.1,SD,17004400.0,42753100.0,False,0.0,13:43:21
18800.0,500,-1150.0,-0.1,SD,17004400.0,42752000.0,False,0.0,13:43:21
18800.0,300,-1150.0,-0.1,SD,17004400.0,42751500.0,False,0.0,13:43:21
18800.0,500,-1150.0,-0.1,SD,17004400.0,42751200.0,False,0.0,13:43:21
18800.0,2000,-1150.0,-0.1,SD,17004400.0,42750700.0,False,0.0,13:43:21
18800.0,300,-1150.0,-0.1,SD,17004400.0,42748700.0,False,0.0,13:43:21
18800.0,300,-1150.0,-0.1,SD,17004400.0,42748400.0,False,0.0,13:43:21
18800.0,5000,-1150.0,-0.1,SD,17004400.0,42748100.0,False,0.0,13:43:21
18800.0,5000,-1150.0,-0.1,SD,17004400.0,42743100.0,False,0.0,13:43:21
18800.0,100,-1150.0,-0.1,SD,17004400.0,42738100.0,False,0.0,13:43:21
18800.0,1000,-1150.0,-0.1,SD,17004400.0,42738000.0,False,0.0,13:43:21
18800.0,6000,-1150.0,-0.1,SD,17004400.0,42737000.0,False,0.0,13:43:21
18800.0,500,-1150.0,-0.1,SD,17004400.0,42731000.0,False,0.0,13:43:21
18800.0,1000,-1150.0,-0.1,SD,17004400.0,42730500.0,False,0.0,13:43:21
18800.0,300,-1150.0,-0.1,SD,17004400.0,42729500.0,False,0.0,13:43:21
18800.0,400,-1150.0,-0.1,SD,17004400.0,42729200.0,False,0.0,13:43:21
18800.0,100,-1150.0,-0.1,SD,17004400.0,42728800.0,False,0.0,13:43:21
18800.0,100,-1150.0,-0.1,SD,17004400.0,42728700.0,False,0.0,13:43:21
18800.0,300,-1150.0,-0.1,SD,17004400.0,42728600.0,False,0.0,13:43:21
18800.0,600,-1150.0,-0.1,SD,17004400.0,42728300.0,False,0.0,13:43:21
18800.0,600,-1150.0,-0.1,SD,17004400.0,42727700.0,False,0.0,13:43:21
18800.0,200,-1150.0,-0.1,SD,17004400.0,42727100.0,False,0.0,13:43:21
18800.0,1000,-1150.0,-0.1,SD,17004400.0,42726900.0,False,0.0,13:43:21
18800.0,600,-1150.0,-0.1,SD,17004400.0,42725900.0,False,0.0,13:43:21
18800.0,3000,-1150.0,-0.1,SD,17004400.0,42725300.0,False,0.0,13:43:21
18800.0,1000,-1150.0,-0.1,SD,17004400.0,42722300.0,False,0.0,13:43:21
18800.0,100,-1150.0,-0.1,SD,17004400.0,42721300.0,False,0.0,13:43:21
18800.0,1000,-1150.0,-0.1,SD,17004400.0,42721200.0,False,0.0,13:43:21
18800.0,100,-1150.0,-0.1,SD,17004400.0,42720200.0,False,0.0,13:43:21
18800.0,500,-1150.0,-0.1,SD,17004400.0,42720100.0,False,0.0,13:43:21
18800.0,1000,-1150.0,-0.1,SD,17004400.0,42719600.0,False,0.0,13:43:21
18800.0,100,-1150.0,-0.1,SD,17004400.0,42718600.0,False,0.0,13:43:21
18800.0,800,-1150.0,-0.1,SD,17004400.0,42718500.0,False,0.0,13:43:21
18800.0,3500,-1150.0,-0.1,SD,17004400.0,42717700.0,False,0.0,13:43:21
18800.0,100,-1150.0,-0.1,SD,17004400.0,42714200.0,False,0.0,13:43:21
18800.0,200,-1150.0,-0.1,SD,17004400.0,42714100.0,False,0.0,13:43:21
18800.0,1100,-1150.0,-0.1,SD,17004400.0,42713900.0,False,0.0,13:43:21
18800.0,1000,-1150.0,-0.1,SD,17004400.0,42712800.0,False,0.0,13:43:21
18800.0,200,-1150.0,-0.1,SD,17004400.0,42711800.0,False,0.0,13:43:21
18800.0,600,-1150.0,-0.1,SD,17004400.0,42711600.0,False,0.0,13:43:21
18800.0,200,-1150.0,-0.1,SD,17004400.0,42711000.0,False,0.0,13:43:21
18800.0,1000,-1150.0,-0.1,SD,17004400.0,42710800.0,False,0.0,13:43:21
18800.0,500,-1150.0,-0.1,SD,17004400.0,42709800.0,False,0.0,13:43:21
18800.0,1000,-1150.0,-0.1,SD,17004400.0,42709300.0,False,0.0,13:43:21
18800.0,500,-1150.0,-0.1,SD,17004400.0,42708300.0,False,0.0,13:43:21
18800.0,1900,-1150.0,-0.1,SD,17004400.0,42707800.0,False,0.0,13:43:21
18800.0,500,-1150.0,-0.1,SD,17004400.0,42705900.0,False,0.0,13:43:21
18800.0,100,-1150.0,-0.1,SD,17004400.0,42705400.0,False,0.0,13:43:21
18800.0,800,-1150.0,-0.1,SD,17004400.0,42705300.0,False,0.0,13:43:21
18800.0,100,-1150.0,-0.1,SD,17004400.0,42704500.0,False,0.0,13:43:21
18800.0,1000,-1150.0,-0.1,SD,17004400.0,42704400.0,False,0.0,13:43:21
18800.0,1000,-1150.0,-0.1,SD,17004400.0,42703400.0,False,0.0,13:43:21
18800.0,100,-1150.0,-0.1,SD,17004400.0,42702400.0,False,0.0,13:43:21
18800.0,200,-1150.0,-0.1,SD,17004400.0,42702300.0,False,0.0,13:43:21
18800.0,100,-1150.0,-0.1,SD,17004400.0,42702100.0,False,0.0,13:43:21
18800.0,300,-1150.0,-0.1,SD,17004400.0,42702000.0,False,0.0,13:43:21
18800.0,2000,-1150.0,-0.1,SD,17004400.0,42701700.0,False,0.0,13:43:21
18800.0,500,-1150.0,-0.1,SD,17004400.0,42699700.0,False,0.0,13:43:21
18800.0,500,-1150.0,-0.1,SD,17004400.0,42699200.0,False,0.0,13:43:21
18800.0,1000,-1150.0,-0.1,SD,17004400.0,42698700.0,False,0.0,13:43:21
18800.0,300,-1150.0,-0.1,SD,17004400.0,42697700.0,False,0.0,13:43:21
18800.0,1000,-1150.0,-0.1,SD,17004400.0,42697400.0,False,0.0,13:43:21
18800.0,200,-1150.0,-0.1,SD,17004400.0,42696400.0,False,0.0,13:43:21
18800.0,1000,-1150.0,-0.1,SD,17004400.0,42696200.0,False,0.0,13:43:21
18800.0,300,-1150.0,-0.1,SD,17004400.0,42695200.0,False,0.0,13:43:21
18800.0,1000,-1150.0,-0.1,SD,17004400.0,42694900.0,False,0.0,13:43:21
18800.0,700,-1150.0,-0.1,SD,17004400.0,42693900.0,False,0.0,13:43:21
18800.0,300,-1150.0,-0.1,SD,17004400.0,42693200.0,False,0.0,13:43:21
18800.0,1100,-1150.0,-0.1,SD,17004400.0,42692900.0,False,0.0,13:43:21
18800.0,200,-1150.0,-0.1,SD,17004400.0,42691800.0,False,0.0,13:43:21
18800.0,500,-1150.0,-0.1,SD,17004400.0,42691600.0,False,0.0,13:43:21
18800.0,100,-1150.0,-0.1,SD,17004400.0,42691100.0,False,0.0,13:43:21
18800.0,100,-1150.0,-0.1,SD,17004400.0,42691000.0,False,0.0,13:43:21
18800.0,100,-1150.0,-0.1,SD,17004400.0,42690900.0,False,0.0,13:43:21
18800.0,500,-1150.0,-0.1,SD,17004400.0,42690800.0,False,0.0,13:43:21
18800.0,100,-1150.0,-0.1,SD,17004400.0,42690300.0,False,0.0,13:43:21
18800.0,4000,-1150.0,-0.1,SD,17004400.0,42690200.0,False,0.0,13:43:21
18800.0,20000,-1150.0,-0.1,SD,17004400.0,42686200.0,True,-50.0,13:43:21
18850.0,500,-1100.0,-0.1,BU,17004400.0,42666200.0,False,0.0,13:43:21
18850.0,500,-1100.0,-0.1,BU,17003900.0,42666200.0,False,0.0,13:43:21
18850.0,100,-1100.0,-0.1,BU,17003400.0,42666200.0,False,0.0,13:43:21
18850.0,100,-1100.0,-0.1,BU,17003300.0,42666200.0,False,0.0,13:43:19
18850.0,5000,-1100.0,-0.1,BU,17003200.0,42666200.0,False,0.0,13:43:17
18850.0,100,-1100.0,-0.1,BU,16998200.0,42666200.0,False,0.0,13:43:17
18850.0,2300,-1100.0,-0.1,BU,16998100.0,42666200.0,False,0.0,13:43:16
18850.0,100,-1100.0,-0.1,BU,16995800.0,42666200.0,False,0.0,13:43:16
18850.0,900,-1100.0,-0.1,BU,16995700.0,42666200.0,False,0.0,13:43:15
18850.0,100,-1100.0,-0.1,BU,16994800.0,42666200.0,False,0.0,13:43:14
18850.0,5000,-1100.0,-0.1,BU,16994700.0,42666200.0,False,0.0,13:43:14
18850.0,1000,-1100.0,-0.1,BU,16989700.0,42666200.0,False,0.0,13:43:13
18850.0,1000,-1100.0,-0.1,BU,16988700.0,42666200.0,False,0.0,13:43:13
18850.0,500,-1100.0,-0.1,BU,16987700.0,42666200.0,False,0.0,13:43:13
18850.0,100,-1100.0,-0.1,BU,16987200.0,42666200.0,False,0.0,13:43:12
18850.0,1000,-1100.0,-0.1,BU,16987100.0,42666200.0,False,0.0,13:43:11
18850.0,200,-1100.0,-0.1,BU,16986100.0,42666200.0,False,0.0,13:43:10
18850.0,2200,-1100.0,-0.1,BU,16985900.0,42666200.0,False,0.0,13:43:09
18850.0,500,-1100.0,-0.1,SD,16983700.0,42666200.0,False,0.0,13:43:08
18850.0,500,-1100.0,-0.1,SD,16983700.0,42665700.0,False,0.0,13:43:08
18850.0,300,-1100.0,-0.1,SD,16983700.0,42665200.0,False,0.0,13:43:08
18850.0,1000,-1100.0,-0.1,SD,16983700.0,42664900.0,False,0.0,13:43:08
18850.0,500,-1100.0,-0.1,SD,16983700.0,42663900.0,False,0.0,13:43:08
18850.0,3000,-1100.0,-0.1,SD,16983700.0,42663400.0,False,0.0,13:43:08
18850.0,100,-1100.0,-0.1,SD,16983700.0,42660400.0,False,0.0,13:43:08
18850.0,100,-1100.0,-0.1,SD,16983700.0,42660300.0,False,0.0,13:43:08
18850.0,400,-1100.0,-0.1,SD,16983700.0,42660200.0,False,0.0,13:43:08
18850.0,100,-1100.0,-0.1,SD,16983700.0,42659800.0,False,0.0,13:43:08
18850.0,300,-1100.0,-0.1,SD,16983700.0,42659700.0,False,0.0,13:43:08
18850.0,1000,-1100.0,-0.1,SD,16983700.0,42659400.0,False,0.0,13:43:08
18850.0,4300,-1100.0,-0.1,SD,16983700.0,42658400.0,False,0.0,13:43:08
18850.0,500,-1100.0,-0.1,SD,16983700.0,42654100.0,False,0.0,13:43:08
18850.0,1000,-1100.0,-0.1,SD,16983700.0,42653600.0,False,0.0,13:43:08
18850.0,300,-1100.0,-0.1,SD,16983700.0,42652600.0,False,0.0,13:43:08
18850.0,1000,-1100.0,-0.1,SD,16983700.0,42652300.0,False,0.0,13:43:08
18850.0,2000,-1100.0,-0.1,SD,16983700.0,42651300.0,False,0.0,13:43:08
18850.0,1300,-1100.0,-0.1,SD,16983700.0,42649300.0,False,0.0,13:43:08
18850.0,3600,-1100.0,-0.1,SD,16983700.0,42648000.0,False,0.0,13:43:08
18850.0,200,-1100.0,-0.1,SD,16983700.0,42644400.0,False,0.0,13:43:08
18850.0,100,-1100.0,-0.1,SD,16983700.0,42644200.0,False,0.0,13:43:08
18850.0,100,-1100.0,-0.1,SD,16983700.0,42644100.0,False,0.0,13:43:08
18850.0,200,-1100.0,-0.1,SD,16983700.0,42644000.0,False,0.0,13:43:08
18850.0,10000,-1100.0,-0.1,SD,16983700.0,42643800.0,False,0.0,13:43:08
18850.0,1000,-1100.0,-0.1,SD,16983700.0,42633800.0,False,0.0,13:43:08
18850.0,1000,-1100.0,-0.1,SD,16983700.0,42632800.0,False,0.0,13:43:08
18850.0,500,-1100.0,-0.1,SD,16983700.0,42631800.0,False,0.0,13:43:08
18850.0,100,-1100.0,-0.1,SD,16983700.0,42631300.0,False,0.0,13:43:08
18850.0,15000,-1100.0,-0.1,SD,16983700.0,42631200.0,True,0.0,13:43:08
18850.0,600,-1100.0,-0.1,SD,16983700.0,42616200.0,False,-50.0,13:43:08
18900.0,200,-1050.0,-0.1,BU,16983700.0,42615600.0,False,0.0,13:43:08
18900.0,1000,-1050.0,-0.1,BU,16983500.0,42615600.0,False,50.0,13:43:08
18850.0,100,-1100.0,-0.1,SD,16982500.0,42615600.0,False,0.0,13:43:07
18850.0,6700,-1100.0,-0.1,SD,16982500.0,42615500.0,False,0.0,13:42:59
18850.0,100,-1100.0,-0.1,SD,16982500.0,42608800.0,False,0.0,13:42:59
18850.0,4900,-1100.0,-0.1,SD,16982500.0,42608700.0,False,0.0,13:42:59
18850.0,200,-1100.0,-0.1,SD,16982500.0,42603800.0,False,0.0,13:42:59
18850.0,300,-1100.0,-0.1,SD,16982500.0,42603600.0,False,0.0,13:42:59
18850.0,1300,-1100.0,-0.1,SD,16982500.0,42603300.0,False,0.0,13:42:59
18850.0,200,-1100.0,-0.1,SD,16982500.0,42602000.0,False,0.0,13:42:59
18850.0,500,-1100.0,-0.1,SD,16982500.0,42601800.0,False,0.0,13:42:59
18850.0,500,-1100.0,-0.1,SD,16982500.0,42601300.0,False,0.0,13:42:59
18850.0,2000,-1100.0,-0.1,SD,16982500.0,42600800.0,False,0.0,13:42:59
18850.0,500,-1100.0,-0.1,SD,16982500.0,42598800.0,False,0.0,13:42:59
18850.0,100,-1100.0,-0.1,SD,16982500.0,42598300.0,False,0.0,13:42:59
18850.0,200,-1100.0,-0.1,SD,16982500.0,42598200.0,False,0.0,13:42:59
18850.0,100,-1100.0,-0.1,SD,16982500.0,42598000.0,False,0.0,13:42:59
18850.0,400,-1100.0,-0.1,SD,16982500.0,42597900.0,False,0.0,13:42:59
18850.0,500,-1100.0,-0.1,SD,16982500.0,42597500.0,False,0.0,13:42:59
18850.0,100,-1100.0,-0.1,SD,16982500.0,42597000.0,False,0.0,13:42:59
18850.0,100,-1100.0,-0.1,SD,16982500.0,42596900.0,False,0.0,13:42:59
18850.0,100,-1100.0,-0.1,SD,16982500.0,42596800.0,False,0.0,13:42:59
18850.0,1000,-1100.0,-0.1,SD,16982500.0,42596700.0,False,0.0,13:42:59
18850.0,500,-1100.0,-0.1,SD,16982500.0,42595700.0,False,0.0,13:42:59
18850.0,100,-1100.0,-0.1,SD,16982500.0,42595200.0,False,0.0,13:42:59
18850.0,2000,-1100.0,-0.1,SD,16982500.0,42595100.0,False,0.0,13:42:59
18850.0,1000,-1100.0,-0.1,SD,16982500.0,42593100.0,False,0.0,13:42:59
18850.0,5600,-1100.0,-0.1,SD,16982500.0,42592100.0,False,0.0,13:42:59
18850.0,1000,-1100.0,-0.1,SD,16982500.0,42586500.0,False,0.0,13:42:59
18850.0,1000,-1100.0,-0.1,SD,16982500.0,42585500.0,False,0.0,13:42:59
18850.0,300,-1100.0,-0.1,SD,16982500.0,42584500.0,False,0.0,13:42:59
18850.0,1100,-1100.0,-0.1,SD,16982500.0,42584200.0,False,0.0,13:42:59
18850.0,100,-1100.0,-0.1,SD,16982500.0,42583100.0,False,0.0,13:42:59
18850.0,400,-1100.0,-0.1,SD,16982500.0,42583000.0,False,0.0,13:42:59
18850.0,1000,-1100.0,-0.1,SD,16982500.0,42582600.0,False,0.0,13:42:59
18850.0,10000,-1100.0,-0.1,SD,16982500.0,42581600.0,False,0.0,13:42:59
18850.0,100,-1100.0,-0.1,SD,16982500.0,42571600.0,False,0.0,13:42:59
18850.0,100,-1100.0,-0.1,SD,16982500.0,42571500.0,False,0.0,13:42:59
18850.0,600,-1100.0,-0.1,SD,16982500.0,42571400.0,False,0.0,13:42:59
18850.0,1000,-1100.0,-0.1,SD,16982500.0,42570800.0,False,0.0,13:42:59
18850.0,100,-1100.0,-0.1,SD,16982500.0,42569800.0,False,0.0,13:42:59
18850.0,100,-1100.0,-0.1,SD,16982500.0,42569700.0,False,0.0,13:42:59
18850.0,4100,-1100.0,-0.1,SD,16982500.0,42569600.0,False,-50.0,13:42:59
18900.0,100,-1050.0,-0.1,BU,16982500.0,42565500.0,False,0.0,13:42:58
18900.0,300,-1050.0,-0.1,BU,16982400.0,42565500.0,False,0.0,13:42:53
18900.0,1000,-1050.0,-0.1,BU,16982100.0,42565500.0,False,0.0,13:42:53
18900.0,100,-1050.0,-0.1,BU,16981100.0,42565500.0,False,0.0,13:42:53
18900.0,1000,-1050.0,-0.1,BU,16981000.0,42565500.0,False,50.0,13:42:53
18850.0,4000,-1100.0,-0.1,SD,16980000.0,42565500.0,False,0.0,13:42:52
18850.0,100,-1100.0,-0.1,SD,16980000.0,42561500.0,False,-50.0,13:42:52
18900.0,400,-1050.0,-0.1,BU,16980000.0,42561400.0,False,50.0,13:42:51
18850.0,1000,-1100.0,-0.1,SD,16979600.0,42561400.0,False,0.0,13:42:49
18850.0,500,-1100.0,-0.1,SD,16979600.0,42560400.0,False,-50.0,13:42:48
18900.0,10800,-1050.0,-0.1,BU,16979600.0,42559900.0,True,0.0,13:42:45
18900.0,1000,-1050.0,-0.1,BU,16968800.0,42559900.0,False,0.0,13:42:45
18900.0,3000,-1050.0,-0.1,BU,16967800.0,42559900.0,False,0.0,13:42:45
18900.0,200,-1050.0,-0.1,BU,16964800.0,42559900.0,False,50.0,13:42:45
18850.0,300,-1100.0,-0.1,SD,16964600.0,42559900.0,False,0.0,13:42:43
18850.0,100,-1100.0,-0.1,SD,16964600.0,42559600.0,False,0.0,13:42:43
18850.0,500,-1100.0,-0.1,SD,16964600.0,42559500.0,False,0.0,13:42:43
18850.0,400,-1100.0,-0.1,SD,16964600.0,42559000.0,False,0.0,13:42:43
18850.0,1000,-1100.0,-0.1,SD,16964600.0,42558600.0,False,0.0,13:42:43
18850.0,100,-1100.0,-0.1,SD,16964600.0,42557600.0,False,0.0,13:42:43
18850.0,100,-1100.0,-0.1,SD,16964600.0,42557500.0,False,0.0,13:42:43
18850.0,200,-1100.0,-0.1,SD,16964600.0,42557400.0,False,0.0,13:42:43
18850.0,200,-1100.0,-0.1,SD,16964600.0,42557200.0,False,0.0,13:42:43
18850.0,200,-1100.0,-0.1,SD,16964600.0,42557000.0,False,0.0,13:42:43
18850.0,1000,-1100.0,-0.1,SD,16964600.0,42556800.0,False,0.0,13:42:43
18850.0,200,-1100.0,-0.1,SD,16964600.0,42555800.0,False,0.0,13:42:43
18850.0,100,-1100.0,-0.1,SD,16964600.0,42555600.0,False,0.0,13:42:43
18850.0,200,-1100.0,-0.1,SD,16964600.0,42555500.0,False,0.0,13:42:43
18850.0,300,-1100.0,-0.1,SD,16964600.0,42555300.0,False,0.0,13:42:43
18850.0,100,-1100.0,-0.1,SD,16964600.0,42555000.0,False,-50.0,13:42:43
18900.0,2300,-1050.0,-0.1,BU,16964600.0,42554900.0,False,0.0,13:42:42
18900.0,400,-1050.0,-0.1,BU,16962300.0,42554900.0,False,0.0,13:42:42
18900.0,7400,-1050.0,-0.1,BU,16961900.0,42554900.0,False,0.0,13:42:38
18900.0,2000,-1050.0,-0.1,BU,16954500.0,42554900.0,False,50.0,13:42:35
18850.0,100,-1100.0,-0.1,SD,16952500.0,42554900.0,False,0.0,13:42:32
18850.0,200,-1100.0,-0.1,SD,16952500.0,42554800.0,False,0.0,13:42:32
18850.0,100,-1100.0,-0.1,SD,16952500.0,42554600.0,False,0.0,13:42:32
18850.0,100,-1100.0,-0.1,SD,16952500.0,42554500.0,False,0.0,13:42:32
18850.0,500,-1100.0,-0.1,SD,16952500.0,42554400.0,False,-50.0,13:42:32
18900.0,200,-1050.0,-0.1,BU,16952500.0,42553900.0,False,0.0,13:42:31
18900.0,1000,-1050.0,-0.1,BU,16952300.0,42553900.0,False,0.0,13:42:31
18900.0,300,-1050.0,-0.1,BU,16951300.0,42553900.0,False,0.0,13:42:31
18900.0,200,-1050.0,-0.1,BU,16951000.0,42553900.0,False,0.0,13:42:31
18900.0,300,-1050.0,-0.1,BU,16950800.0,42553900.0,False,0.0,13:42:31
18900.0,300,-1050.0,-0.1,BU,16950500.0,42553900.0,False,0.0,13:42:31
18900.0,400,-1050.0,-0.1,BU,16950200.0,42553900.0,False,0.0,13:42:31
18900.0,1900,-1050.0,-0.1,SD,16949800.0,42553900.0,False,0.0,13:42:30
18900.0,300,-1050.0,-0.1,SD,16949800.0,42552000.0,False,0.0,13:42:30
18900.0,200,-1050.0,-0.1,SD,16949800.0,42551700.0,False,0.0,13:42:30
18900.0,2000,-1050.0,-0.1,SD,16949800.0,42551500.0,False,0.0,13:42:30
18900.0,2800,-1050.0,-0.1,SD,16949800.0,42549500.0,False,0.0,13:42:29
18900.0,2200,-1050.0,-0.1,SD,16949800.0,42546700.0,False,0.0,13:42:29
18900.0,300,-1050.0,-0.1,SD,16949800.0,42544500.0,False,-50.0,13:42:29
18950.0,1000,-1000.0,-0.1,BU,16949800.0,42544200.0,False,50.0,13:42:28
18900.0,900,-1050.0,-0.1,SD,16948800.0,42544200.0,False,0.0,13:42:28
18900.0,500,-1050.0,-0.1,SD,16948800.0,42543300.0,False,0.0,13:42:28
18900.0,200,-1050.0,-0.1,SD,16948800.0,42542800.0,False,0.0,13:42:28
18900.0,1000,-1050.0,-0.1,SD,16948800.0,42542600.0,False,0.0,13:42:28
18900.0,2000,-1050.0,-0.1,SD,16948800.0,42541600.0,False,0.0,13:42:28
18900.0,100,-1050.0,-0.1,SD,16948800.0,42539600.0,False,0.0,13:42:28
18900.0,400,-1050.0,-0.1,SD,16948800.0,42539500.0,False,0.0,13:42:28
18900.0,500,-1050.0,-0.1,SD,16948800.0,42539100.0,False,0.0,13:42:28
18900.0,300,-1050.0,-0.1,SD,16948800.0,42538600.0,False,0.0,13:42:28
18900.0,1000,-1050.0,-0.1,SD,16948800.0,42538300.0,False,0.0,13:42:28
18900.0,700,-1050.0,-0.1,SD,16948800.0,42537300.0,False,0.0,13:42:28
18900.0,100,-1050.0,-0.1,SD,16948800.0,42536600.0,False,0.0,13:42:28
18900.0,100,-1050.0,-0.1,SD,16948800.0,42536500.0,False,0.0,13:42:28
18900.0,300,-1050.0,-0.1,SD,16948800.0,42536400.0,False,0.0,13:42:28
18900.0,100,-1050.0,-0.1,SD,16948800.0,42536100.0,False,0.0,13:42:28
18900.0,1000,-1050.0,-0.1,SD,16948800.0,42536000.0,False,0.0,13:42:28
18900.0,100,-1050.0,-0.1,SD,16948800.0,42535000.0,False,0.0,13:42:28
18900.0,300,-1050.0,-0.1,SD,16948800.0,42534900.0,False,0.0,13:42:28
18900.0,400,-1050.0,-0.1,SD,16948800.0,42534600.0,False,0.0,13:42:28
18900.0,600,-1050.0,-0.1,SD,16948800.0,42534200.0,False,0.0,13:42:27
18900.0,100,-1050.0,-0.1,SD,16948800.0,42533600.0,False,0.0,13:42:27
18900.0,900,-1050.0,-0.1,SD,16948800.0,42533500.0,False,0.0,13:42:27
18900.0,400,-1050.0,-0.1,SD,16948800.0,42532600.0,False,-50.0,13:42:27
18950.0,400,-1000.0,-0.1,BU,16948800.0,42532200.0,False,50.0,13:42:27
18900.0,600,-1050.0,-0.1,SD,16948400.0,42532200.0,False,0.0,13:42:27
18900.0,100,-1050.0,-0.1,SD,16948400.0,42531600.0,False,0.0,13:42:27
18900.0,100,-1050.0,-0.1,SD,16948400.0,42531500.0,False,0.0,13:42:27
18900.0,8500,-1050.0,-0.1,SD,16948400.0,42531400.0,False,0.0,13:42:27
18900.0,500,-1050.0,-0.1,SD,16948400.0,42522900.0,False,0.0,13:42:27
18900.0,200,-1050.0,-0.1,SD,16948400.0,42522400.0,False,0.0,13:42:27
18900.0,100,-1050.0,-0.1,SD,16948400.0,42522200.0,False,0.0,13:42:27
18900.0,100,-1050.0,-0.1,SD,16948400.0,42522100.0,False,0.0,13:42:27
18900.0,1000,-1050.0,-0.1,SD,16948400.0,42522000.0,False,0.0,13:42:27
18900.0,200,-1050.0,-0.1,SD,16948400.0,42521000.0,False,0.0,13:42:27
18900.0,5000,-1050.0,-0.1,SD,16948400.0,42520800.0,False,0.0,13:42:27
18900.0,1000,-1050.0,-0.1,SD,16948400.0,42515800.0,False,0.0,13:42:27
18900.0,1000,-1050.0,-0.1,SD,16948400.0,42514800.0,False,0.0,13:42:27
18900.0,100,-1050.0,-0.1,SD,16948400.0,42513800.0,False,0.0,13:42:27
18900.0,3000,-1050.0,-0.1,SD,16948400.0,42513700.0,False,0.0,13:42:27
18900.0,100,-1050.0,-0.1,SD,16948400.0,42510700.0,False,0.0,13:42:27
18900.0,1500,-1050.0,-0.1,SD,16948400.0,42510600.0,False,0.0,13:42:27
18900.0,200,-1050.0,-0.1,SD,16948400.0,42509100.0,False,0.0,13:42:27
18900.0,200,-1050.0,-0.1,SD,16948400.0,42508900.0,False,0.0,13:42:27
18900.0,100,-1050.0,-0.1,SD,16948400.0,42508700.0,False,0.0,13:42:27
18900.0,1000,-1050.0,-0.1,SD,16948400.0,42508600.0,False,0.0,13:42:27
18900.0,400,-1050.0,-0.1,SD,16948400.0,42507600.0,False,0.0,13:42:27
18900.0,100,-1050.0,-0.1,SD,16948400.0,42507200.0,False,0.0,13:42:27
18900.0,500,-1050.0,-0.1,SD,16948400.0,42507100.0,False,0.0,13:42:27
18900.0,2000,-1050.0,-0.1,SD,16948400.0,42506600.0,False,0.0,13:42:27
18900.0,100,-1050.0,-0.1,SD,16948400.0,42504600.0,False,0.0,13:42:27
18900.0,3000,-1050.0,-0.1,SD,16948400.0,42504500.0,False,0.0,13:42:27
18900.0,500,-1050.0,-0.1,SD,16948400.0,42501500.0,False,0.0,13:42:27
18900.0,100,-1050.0,-0.1,SD,16948400.0,42501000.0,False,0.0,13:42:27
18900.0,1000,-1050.0,-0.1,SD,16948400.0,42500900.0,False,0.0,13:42:27
18900.0,100,-1050.0,-0.1,SD,16948400.0,42499900.0,False,0.0,13:42:27
18900.0,500,-1050.0,-0.1,SD,16948400.0,42499800.0,False,0.0,13:42:27
18900.0,500,-1050.0,-0.1,SD,16948400.0,42499300.0,False,0.0,13:42:27
18900.0,1000,-1050.0,-0.1,SD,16948400.0,42498800.0,False,0.0,13:42:27
18900.0,100,-1050.0,-0.1,SD,16948400.0,42497800.0,False,0.0,13:42:27
18900.0,1000,-1050.0,-0.1,SD,16948400.0,42497700.0,False,0.0,13:42:27
18900.0,100,-1050.0,-0.1,SD,16948400.0,42496700.0,False,0.0,13:42:27
18900.0,800,-1050.0,-0.1,SD,16948400.0,42496600.0,False,0.0,13:42:27
18900.0,100,-1050.0,-0.1,SD,16948400.0,42495800.0,False,0.0,13:42:27
18900.0,2000,-1050.0,-0.1,SD,16948400.0,42495700.0,False,0.0,13:42:27
18900.0,200,-1050.0,-0.1,SD,16948400.0,42493700.0,False,0.0,13:42:27
18900.0,200,-1050.0,-0.1,SD,16948400.0,42493500.0,False,0.0,13:42:27
18900.0,1000,-1050.0,-0.1,SD,16948400.0,42493300.0,False,0.0,13:42:27
18900.0,3000,-1050.0,-0.1,SD,16948400.0,42492300.0,False,0.0,13:42:27
18900.0,100,-1050.0,-0.1,SD,16948400.0,42489300.0,False,0.0,13:42:27
18900.0,100,-1050.0,-0.1,SD,16948400.0,42489200.0,False,0.0,13:42:27
18900.0,100,-1050.0,-0.1,SD,16948400.0,42489100.0,False,0.0,13:42:26
18900.0,100,-1050.0,-0.1,SD,16948400.0,42489000.0,False,0.0,13:42:26
18900.0,100,-1050.0,-0.1,SD,16948400.0,42488900.0,False,0.0,13:42:26
18900.0,100,-1050.0,-0.1,SD,16948400.0,42488800.0,False,0.0,13:42:26
18900.0,500,-1050.0,-0.1,SD,16948400.0,42488700.0,False,0.0,13:42:26
18900.0,1000,-1050.0,-0.1,SD,16948400.0,42488200.0,False,0.0,13:42:26
18900.0,700,-1050.0,-0.1,SD,16948400.0,42487200.0,False,0.0,13:42:26
18900.0,3900,-1050.0,-0.1,SD,16948400.0,42486500.0,False,0.0,13:42:26
18900.0,200,-1050.0,-0.1,SD,16948400.0,42482600.0,False,0.0,13:42:26
18900.0,1000,-1050.0,-0.1,SD,16948400.0,42482400.0,False,0.0,13:42:26
18900.0,500,-1050.0,-0.1,SD,16948400.0,42481400.0,False,0.0,13:42:26
18900.0,200,-1050.0,-0.1,SD,16948400.0,42480900.0,False,0.0,13:42:26
18900.0,100,-1050.0,-0.1,SD,16948400.0,42480700.0,False,0.0,13:42:26
18900.0,200,-1050.0,-0.1,SD,16948400.0,42480600.0,False,0.0,13:42:26
18900.0,500,-1050.0,-0.1,SD,16948400.0,42480400.0,False,0.0,13:42:26
18900.0,100,-1050.0,-0.1,SD,16948400.0,42479900.0,False,0.0,13:42:26
18900.0,100,-1050.0,-0.1,SD,16948400.0,42479800.0,False,0.0,13:42:26
18900.0,200,-1050.0,-0.1,SD,16948400.0,42479700.0,False,0.0,13:42:26
18900.0,100,-1050.0,-0.1,SD,16948400.0,42479500.0,False,0.0,13:42:26
18900.0,2000,-1050.0,-0.1,SD,16948400.0,42479400.0,False,0.0,13:42:26
18900.0,1000,-1050.0,-0.1,SD,16948400.0,42477400.0,False,0.0,13:42:26
18900.0,300,-1050.0,-0.1,SD,16948400.0,42476400.0,False,0.0,13:42:26
18900.0,100,-1050.0,-0.1,SD,16948400.0,42476100.0,False,0.0,13:42:26
18900.0,200,-1050.0,-0.1,SD,16948400.0,42476000.0,False,0.0,13:42:26
18900.0,300,-1050.0,-0.1,SD,16948400.0,42475800.0,False,0.0,13:42:26
18900.0,500,-1050.0,-0.1,SD,16948400.0,42475500.0,False,0.0,13:42:26
18900.0,5000,-1050.0,-0.1,SD,16948400.0,42475000.0,False,0.0,13:42:26
18900.0,100,-1050.0,-0.1,SD,16948400.0,42470000.0,False,0.0,13:42:26
18900.0,100,-1050.0,-0.1,SD,16948400.0,42469900.0,False,0.0,13:42:26
18900.0,300,-1050.0,-0.1,SD,16948400.0,42469800.0,False,0.0,13:42:26
18900.0,200,-1050.0,-0.1,SD,16948400.0,42469500.0,False,0.0,13:42:26
18900.0,1200,-1050.0,-0.1,SD,16948400.0,42469300.0,False,0.0,13:42:26
18900.0,500,-1050.0,-0.1,SD,16948400.0,42468100.0,False,0.0,13:42:26
18900.0,100,-1050.0,-0.1,SD,16948400.0,42467600.0,False,0.0,13:42:26
18900.0,1000,-1050.0,-0.1,SD,16948400.0,42467500.0,False,0.0,13:42:26
18900.0,100,-1050.0,-0.1,SD,16948400.0,42466500.0,False,0.0,13:42:26
18900.0,5000,-1050.0,-0.1,SD,16948400.0,42466400.0,False,0.0,13:42:26
18900.0,500,-1050.0,-0.1,SD,16948400.0,42461400.0,False,0.0,13:42:26
18900.0,1000,-1050.0,-0.1,SD,16948400.0,42460900.0,False,0.0,13:42:26
18900.0,300,-1050.0,-0.1,SD,16948400.0,42459900.0,False,0.0,13:42:26
18900.0,3000,-1050.0,-0.1,SD,16948400.0,42459600.0,False,0.0,13:42:26
18900.0,3400,-1050.0,-0.1,SD,16948400.0,42456600.0,False,-50.0,13:42:26
18950.0,1200,-1000.0,-0.1,BU,16948400.0,42453200.0,False,50.0,13:42:23
18900.0,500,-1050.0,-0.1,SD,16947200.0,42453200.0,False,-50.0,13:42:20
18950.0,100,-1000.0,-0.1,BU,16947200.0,42452700.0,False,50.0,13:42:20
18900.0,100,-1050.0,-0.1,SD,16947100.0,42452700.0,False,-50.0,13:42:17
18950.0,700,-1000.0,-0.1,BU,16947100.0,42452600.0,False,0.0,13:42:11
18950.0,700,-1000.0,-0.1,BU,16946400.0,42452600.0,False,0.0,13:42:11
18950.0,1000,-1000.0,-0.1,BU,16945700.0,42452600.0,False,0.0,13:42:11
18950.0,10000,-1000.0,-0.1,BU,16944700.0,42452600.0,False,0.0,13:42:11
18950.0,200,-1000.0,-0.1,BU,16934700.0,42452600.0,False,0.0,13:42:11
18950.0,5000,-1000.0,-0.1,BU,16934500.0,42452600.0,False,0.0,13:42:11
18950.0,2000,-1000.0,-0.1,BU,16929500.0,42452600.0,False,0.0,13:42:11
18950.0,400,-1000.0,-0.1,BU,16927500.0,42452600.0,False,50.0,13:42:11
18900.0,3000,-1050.0,-0.1,SD,16927100.0,42452600.0,False,0.0,13:42:10
18900.0,400,-1050.0,-0.1,SD,16927100.0,42449600.0,False,0.0,13:42:10
18900.0,1000,-1050.0,-0.1,SD,16927100.0,42449200.0,False,0.0,13:42:10
18900.0,300,-1050.0,-0.1,SD,16927100.0,42448200.0,False,0.0,13:42:10
18900.0,100,-1050.0,-0.1,SD,16927100.0,42447900.0,False,0.0,13:42:10
18900.0,600,-1050.0,-0.1,SD,16927100.0,42447800.0,False,0.0,13:42:10
18900.0,100,-1050.0,-0.1,SD,16927100.0,42447200.0,False,0.0,13:42:10
18900.0,200,-1050.0,-0.1,SD,16927100.0,42447100.0,False,0.0,13:42:10
18900.0,100,-1050.0,-0.1,SD,16927100.0,42446900.0,False,0.0,13:42:10
18900.0,500,-1050.0,-0.1,SD,16927100.0,42446800.0,False,0.0,13:42:10
18900.0,1000,-1050.0,-0.1,SD,16927100.0,42446300.0,False,0.0,13:42:10
18900.0,300,-1050.0,-0.1,SD,16927100.0,42445300.0,False,0.0,13:42:10
18900.0,700,-1050.0,-0.1,SD,16927100.0,42445000.0,False,0.0,13:42:10
18900.0,1700,-1050.0,-0.1,SD,16927100.0,42444300.0,False,-50.0,13:42:10
18950.0,100,-1000.0,-0.1,BU,16927100.0,42442600.0,False,0.0,13:42:09
18950.0,1000,-1000.0,-0.1,BU,16927000.0,42442600.0,False,0.0,13:42:09
18950.0,200,-1000.0,-0.1,BU,16926000.0,42442600.0,False,50.0,13:42:09
18900.0,200,-1050.0,-0.1,SD,16925800.0,42442600.0,False,-50.0,13:42:09
18950.0,400,-1000.0,-0.1,BU,16925800.0,42442400.0,False,0.0,13:42:06
18950.0,1200,-1000.0,-0.1,BU,16925400.0,42442400.0,False,50.0,13:42:05
18900.0,100,-1050.0,-0.1,SD,16924200.0,42442400.0,False,-50.0,13:42:04
18950.0,500,-1000.0,-0.1,BU,16924200.0,42442300.0,False,0.0,13:42:03
18950.0,100,-1000.0,-0.1,BU,16923700.0,42442300.0,False,0.0,13:42:03
18950.0,1000,-1000.0,-0.1,BU,16923600.0,42442300.0,False,0.0,13:42:03
18950.0,100,-1000.0,-0.1,BU,16922600.0,42442300.0,False,50.0,13:42:00
18900.0,1000,-1050.0,-0.1,SD,16922500.0,42442300.0,False,0.0,13:41:57
18900.0,600,-1050.0,-0.1,SD,16922500.0,42441300.0,False,0.0,13:41:57
18900.0,2000,-1050.0,-0.1,SD,16922500.0,42440700.0,False,0.0,13:41:57
18900.0,1400,-1050.0,-0.1,SD,16922500.0,42438700.0,False,-50.0,13:41:57
18950.0,100,-1000.0,-0.1,BU,16922500.0,42437300.0,False,0.0,13:41:55
18950.0,3400,-1000.0,-0.1,BU,16922400.0,42437300.0,False,0.0,13:41:53
18950.0,1600,-1000.0,-0.1,BU,16919000.0,42437300.0,False,0.0,13:41:53
18950.0,900,-1000.0,-0.1,SD,16917400.0,42437300.0,False,0.0,13:41:52
18950.0,1500,-1000.0,-0.1,SD,16917400.0,42436400.0,False,0.0,13:41:52
18950.0,100,-1000.0,-0.1,SD,16917400.0,42434900.0,False,0.0,13:41:52
18950.0,100,-1000.0,-0.1,SD,16917400.0,42434800.0,False,0.0,13:41:52
18950.0,300,-1000.0,-0.1,SD,16917400.0,42434700.0,False,0.0,13:41:52
18950.0,1600,-1000.0,-0.1,SD,16917400.0,42434400.0,False,0.0,13:41:52
18950.0,200,-1000.0,-0.1,SD,16917400.0,42432800.0,False,0.0,13:41:51
18950.0,3000,-1000.0,-0.1,SD,16917400.0,42432600.0,False,0.0,13:41:51
18950.0,100,-1000.0,-0.1,SD,16917400.0,42429600.0,False,0.0,13:41:50
18950.0,200,-1000.0,-0.1,SD,16917400.0,42429500.0,False,0.0,13:41:50
18950.0,100,-1000.0,-0.1,SD,16917400.0,42429300.0,False,0.0,13:41:50
18950.0,100,-1000.0,-0.1,SD,16917400.0,42429200.0,False,0.0,13:41:50
18950.0,100,-1000.0,-0.1,SD,16917400.0,42429100.0,False,0.0,13:41:50
18950.0,4600,-1000.0,-0.1,SD,16917400.0,42429000.0,False,0.0,13:41:50
18950.0,400,-1000.0,-0.1,SD,16917400.0,42424400.0,False,0.0,13:41:50
18950.0,100,-1000.0,-0.1,SD,16917400.0,42424000.0,False,0.0,13:41:50
18950.0,1900,-1000.0,-0.1,SD,16917400.0,42423900.0,False,0.0,13:41:49
18950.0,300,-1000.0,-0.1,SD,16917400.0,42422000.0,False,0.0,13:41:49
18950.0,300,-1000.0,-0.1,SD,16917400.0,42421700.0,False,0.0,13:41:49
18950.0,2500,-1000.0,-0.1,SD,16917400.0,42421400.0,False,0.0,13:41:49
18950.0,1600,-1000.0,-0.1,SD,16917400.0,42418900.0,False,0.0,13:41:49
18950.0,100,-1000.0,-0.1,SD,16917400.0,42417300.0,False,0.0,13:41:49
18950.0,800,-1000.0,-0.1,SD,16917400.0,42417200.0,False,0.0,13:41:48
18950.0,200,-1000.0,-0.1,SD,16917400.0,42416400.0,False,0.0,13:41:48
18950.0,3500,-1000.0,-0.1,SD,16917400.0,42416200.0,False,0.0,13:41:48
18950.0,20000,-1000.0,-0.1,SD,16917400.0,42412700.0,True,0.0,13:41:48
18950.0,100,-1000.0,-0.1,SD,16917400.0,42392700.0,False,0.0,13:41:48
18950.0,400,-1000.0,-0.1,SD,16917400.0,42392600.0,False,0.0,13:41:47
18950.0,10000,-1000.0,-0.1,SD,16917400.0,42392200.0,False,0.0,13:41:47
18950.0,3000,-1000.0,-0.1,SD,16917400.0,42382200.0,False,0.0,13:41:44
18950.0,200,-1000.0,-0.1,SD,16917400.0,42379200.0,False,0.0,13:41:44
18950.0,500,-1000.0,-0.1,SD,16917400.0,42379000.0,False,0.0,13:41:44
18950.0,10000,-1000.0,-0.1,SD,16917400.0,42378500.0,False,0.0,13:41:42
18950.0,200,-1000.0,-0.1,SD,16917400.0,42368500.0,False,-50.0,13:41:42
19000.0,300,-950.0,0.0,BU,16917400.0,42368300.0,False,50.0,13:41:41
18950.0,1900,-1000.0,-0.1,SD,16917100.0,42368300.0,False,0.0,13:41:40
18950.0,300,-1000.0,-0.1,SD,16917100.0,42366400.0,False,0.0,13:41:40
18950.0,400,-1000.0,-0.1,SD,16917100.0,42366100.0,False,0.0,13:41:40
18950.0,100,-1000.0,-0.1,SD,16917100.0,42365700.0,False,0.0,13:41:40
18950.0,500,-1000.0,-0.1,SD,16917100.0,42365600.0,False,0.0,13:41:40
18950.0,500,-1000.0,-0.1,SD,16917100.0,42365100.0,False,0.0,13:41:40
18950.0,500,-1000.0,-0.1,SD,16917100.0,42364600.0,False,0.0,13:41:40
18950.0,800,-1000.0,-0.1,SD,16917100.0,42364100.0,False,0.0,13:41:40
18950.0,200,-1000.0,-0.1,SD,16917100.0,42363300.0,False,0.0,13:41:39
18950.0,500,-1000.0,-0.1,SD,16917100.0,42363100.0,False,0.0,13:41:38
18950.0,500,-1000.0,-0.1,SD,16917100.0,42362600.0,False,0.0,13:41:36
18950.0,100,-1000.0,-0.1,SD,16917100.0,42362100.0,False,0.0,13:41:36
18950.0,9400,-1000.0,-0.1,SD,16917100.0,42362000.0,False,0.0,13:41:36
18950.0,100,-1000.0,-0.1,SD,16917100.0,42352600.0,False,0.0,13:41:36
18950.0,30000,-1000.0,-0.1,SD,16917100.0,42352500.0,True,0.0,13:41:35
18950.0,5000,-1000.0,-0.1,SD,16917100.0,42322500.0,False,0.0,13:41:33
18950.0,1000,-1000.0,-0.1,SD,16917100.0,42317500.0,False,0.0,13:41:32
18950.0,4000,-1000.0,-0.1,SD,16917100.0,42316500.0,False,0.0,13:41:32
18950.0,500,-1000.0,-0.1,SD,16917100.0,42312500.0,False,0.0,13:41:31
18950.0,100,-1000.0,-0.1,SD,16917100.0,42312000.0,False,0.0,13:41:31
18950.0,400,-1000.0,-0.1,SD,16917100.0,42311900.0,False,0.0,13:41:31
18950.0,100,-1000.0,-0.1,SD,16917100.0,42311500.0,False,0.0,13:41:28
18950.0,100,-1000.0,-0.1,SD,16917100.0,42311400.0,False,0.0,13:41:28
18950.0,100,-1000.0,-0.1,SD,16917100.0,42311300.0,False,0.0,13:41:28
18950.0,200,-1000.0,-0.1,SD,16917100.0,42311200.0,False,0.0,13:41:28
18950.0,100,-1000.0,-0.1,SD,16917100.0,42311000.0,False,0.0,13:41:28
18950.0,1400,-1000.0,-0.1,SD,16917100.0,42310900.0,False,0.0,13:41:28
18950.0,5000,-1000.0,-0.1,SD,16917100.0,42309500.0,False,0.0,13:41:27
18950.0,100,-1000.0,-0.1,SD,16917100.0,42304500.0,False,-50.0,13:41:27
19000.0,200,-950.0,0.0,BU,16917100.0,42304400.0,False,0.0,13:41:26
19000.0,3000,-950.0,0.0,BU,16916900.0,42304400.0,False,0.0,13:41:26
19000.0,1800,-950.0,0.0,BU,16913900.0,42304400.0,False,50.0,13:41:26
18950.0,1100,-1000.0,-0.1,SD,16912100.0,42304400.0,False,-50.0,13:41:26
19000.0,100,-950.0,0.0,BU,16912100.0,42303300.0,False,50.0,13:41:23
18950.0,3000,-1000.0,-0.1,SD,16912000.0,42303300.0,False,-50.0,13:41:22
19000.0,700,-950.0,0.0,BU,16912000.0,42300300.0,False,0.0,13:41:22
19000.0,200,-950.0,0.0,BU,16911300.0,42300300.0,False,0.0,13:41:21
19000.0,100,-950.0,0.0,BU,16911100.0,42300300.0,False,50.0,13:41:17
18950.0,600,-1000.0,-0.1,SD,16911000.0,42300300.0,False,-50.0,13:41:16
19000.0,500,-950.0,0.0,BU,16911000.0,42299700.0,False,50.0,13:41:15
18950.0,500,-1000.0,-0.1,SD,16910500.0,42299700.0,False,0.0,13:41:14
18950.0,700,-1000.0,-0.1,SD,16910500.0,42299200.0,False,0.0,13:41:13
18950.0,700,-1000.0,-0.1,SD,16910500.0,42298500.0,False,0.0,13:41:13
18950.0,1200,-1000.0,-0.1,SD,16910500.0,42297800.0,False,0.0,13:41:12
18950.0,1000,-1000.0,-0.1,SD,16910500.0,42296600.0,False,0.0,13:41:12
18950.0,1000,-1000.0,-0.1,SD,16910500.0,42295600.0,False,0.0,13:41:11
18950.0,5000,-1000.0,-0.1,SD,16910500.0,42294600.0,False,0.0,13:41:11
18950.0,300,-1000.0,-0.1,SD,16910500.0,42289600.0,False,0.0,13:41:10
18950.0,1000,-1000.0,-0.1,SD,16910500.0,42289300.0,False,0.0,13:41:10
18950.0,600,-1000.0,-0.1,SD,16910500.0,42288300.0,False,0.0,13:41:09
18950.0,10000,-1000.0,-0.1,SD,16910500.0,42287700.0,False,0.0,13:41:08
18950.0,5000,-1000.0,-0.1,SD,16910500.0,42277700.0,False,0.0,13:41:08
18950.0,4000,-1000.0,-0.1,SD,16910500.0,42272700.0,False,0.0,13:41:05
18950.0,200,-1000.0,-0.1,SD,16910500.0,42268700.0,False,0.0,13:41:05
18950.0,1000,-1000.0,-0.1,SD,16910500.0,42268500.0,False,0.0,13:41:04
18950.0,3600,-1000.0,-0.1,SD,16910500.0,42267500.0,False,0.0,13:41:04
18950.0,200,-1000.0,-0.1,SD,16910500.0,42263900.0,False,0.0,13:41:00
18950.0,200,-1000.0,-0.1,SD,16910500.0,42263700.0,False,0.0,13:40:59
18950.0,400,-1000.0,-0.1,SD,16910500.0,42263500.0,False,0.0,13:40:59
18950.0,300,-1000.0,-0.1,SD,16910500.0,42263100.0,False,-50.0,13:40:58
19000.0,1000,-950.0,0.0,BU,16910500.0,42262800.0,False,50.0,13:40:57
18950.0,100,-1000.0,-0.1,SD,16909500.0,42262800.0,False,0.0,13:40:56
18950.0,11400,-1000.0,-0.1,SD,16909500.0,42262700.0,True,0.0,13:40:54
18950.0,5000,-1000.0,-0.1,SD,16909500.0,42251300.0,False,0.0,13:40:54
18950.0,1000,-1000.0,-0.1,SD,16909500.0,42246300.0,False,0.0,13:40:53
18950.0,1000,-1000.0,-0.1,SD,16909500.0,42245300.0,False,0.0,13:40:53
18950.0,10000,-1000.0,-0.1,SD,16909500.0,42244300.0,False,0.0,13:40:53
18950.0,17700,-1000.0,-0.1,BU,16909500.0,42234300.0,True,0.0,13:40:52
18950.0,200,-1000.0,-0.1,BU,16891800.0,42234300.0,False,0.0,13:40:52
18950.0,600,-1000.0,-0.1,BU,16891600.0,42234300.0,False,0.0,13:40:52
18950.0,400,-1000.0,-0.1,BU,16891000.0,42234300.0,False,0.0,13:40:52
18950.0,700,-1000.0,-0.1,BU,16890600.0,42234300.0,False,0.0,13:40:52
18950.0,3800,-1000.0,-0.1,BU,16889900.0,42234300.0,False,0.0,13:40:52
18950.0,200,-1000.0,-0.1,BU,16886100.0,42234300.0,False,0.0,13:40:52
18950.0,100,-1000.0,-0.1,BU,16885900.0,42234300.0,False,50.0,13:40:52
18900.0,600,-1050.0,-0.1,SD,16885800.0,42234300.0,False,0.0,13:40:51
18900.0,200,-1050.0,-0.1,SD,16885800.0,42233700.0,False,0.0,13:40:51
18900.0,3000,-1050.0,-0.1,SD,16885800.0,42233500.0,False,0.0,13:40:51
18900.0,1200,-1050.0,-0.1,SD,16885800.0,42230500.0,False,-50.0,13:40:51
18950.0,500,-1000.0,-0.1,BU,16885800.0,42229300.0,False,50.0,13:40:50
18900.0,4000,-1050.0,-0.1,SD,16885300.0,42229300.0,False,-50.0,13:40:49
18950.0,400,-1000.0,-0.1,BU,16885300.0,42225300.0,False,0.0,13:40:46
18950.0,800,-1000.0,-0.1,BU,16884900.0,42225300.0,False,0.0,13:40:45
18950.0,100,-1000.0,-0.1,BU,16884100.0,42225300.0,False,0.0,13:40:45
18950.0,100,-1000.0,-0.1,BU,16884000.0,42225300.0,False,0.0,13:40:40
18950.0,200,-1000.0,-0.1,BU,16883900.0,42225300.0,False,-50.0,13:40:39
19000.0,1500,-950.0,0.0,BU,16883700.0,42225300.0,False,50.0,13:40:38
18950.0,300,-1000.0,-0.1,SD,16882200.0,42225300.0,False,0.0,13:40:38
18950.0,100,-1000.0,-0.1,SD,16882200.0,42225000.0,False,0.0,13:40:38
18950.0,5000,-1000.0,-0.1,SD,16882200.0,42224900.0,False,0.0,13:40:38
18950.0,100,-1000.0,-0.1,SD,16882200.0,42219900.0,False,0.0,13:40:38
18950.0,300,-1000.0,-0.1,SD,16882200.0,42219800.0,False,0.0,13:40:38
18950.0,1900,-1000.0,-0.1,SD,16882200.0,42219500.0,False,0.0,13:40:38
18950.0,1800,-1000.0,-0.1,SD,16882200.0,42217600.0,False,50.0,13:40:38
18900.0,3000,-1050.0,-0.1,SD,16882200.0,42215800.0,False,0.0,13:40:37
18900.0,2500,-1050.0,-0.1,SD,16882200.0,42212800.0,False,0.0,13:40:36
18900.0,700,-1050.0,-0.1,SD,16882200.0,42210300.0,False,0.0,13:40:34
18900.0,2500,-1050.0,-0.1,SD,16882200.0,42209600.0,False,-50.0,13:40:34
18950.0,200,-1000.0,-0.1,BU,16882200.0,42207100.0,False,0.0,13:40:32
18950.0,300,-1000.0,-0.1,BU,16882000.0,42207100.0,False,50.0,13:40:32
18900.0,800,-1050.0,-0.1,SD,16881700.0,42207100.0,False,-50.0,13:40:31
18950.0,200,-1000.0,-0.1,BU,16881700.0,42206300.0,False,50.0,13:40:31
18900.0,500,-1050.0,-0.1,SD,16881500.0,42206300.0,False,-100.0,13:40:29
19000.0,6900,-950.0,0.0,BU,16881500.0,42205800.0,False,0.0,13:40:29
19000.0,3000,-950.0,0.0,BU,16874600.0,42205800.0,False,0.0,13:40:29
19000.0,8000,-950.0,0.0,BU,16871600.0,42205800.0,False,0.0,13:40:29
19000.0,1500,-950.0,0.0,BU,16863600.0,42205800.0,False,0.0,13:40:29
19000.0,2000,-950.0,0.0,BU,16862100.0,42205800.0,False,50.0,13:40:29
18950.0,3000,-1000.0,-0.1,BU,16860100.0,42205800.0,False,0.0,13:40:29
18950.0,6000,-1000.0,-0.1,BU,16857100.0,42205800.0,False,0.0,13:40:29
18950.0,100,-1000.0,-0.1,BU,16851100.0,42205800.0,False,0.0,13:40:29
18950.0,100,-1000.0,-0.1,BU,16851000.0,42205800.0,False,0.0,13:40:29
18950.0,800,-1000.0,-0.1,BU,16850900.0,42205800.0,False,0.0,13:40:29
18950.0,200,-1000.0,-0.1,BU,16850100.0,42205800.0,False,0.0,13:40:29
18950.0,5000,-1000.0,-0.1,BU,16849900.0,42205800.0,False,0.0,13:40:29
18950.0,1500,-1000.0,-0.1,BU,16844900.0,42205800.0,False,0.0,13:40:29
18950.0,100,-1000.0,-0.1,BU,16843400.0,42205800.0,False,0.0,13:40:29
18950.0,5000,-1000.0,-0.1,BU,16843300.0,42205800.0,False,0.0,13:40:29
18950.0,6800,-1000.0,-0.1,BU,16838300.0,42205800.0,False,50.0,13:40:29
18900.0,4800,-1050.0,-0.1,SD,16831500.0,42205800.0,False,0.0,13:40:23
18900.0,100,-1050.0,-0.1,SD,16831500.0,42201000.0,False,0.0,13:40:23
18900.0,200,-1050.0,-0.1,SD,16831500.0,42200900.0,False,0.0,13:40:23
18900.0,100,-1050.0,-0.1,SD,16831500.0,42200700.0,False,-50.0,13:40:23
18950.0,200,-1000.0,-0.1,BU,16831500.0,42200600.0,False,50.0,13:40:23
18900.0,200,-1050.0,-0.1,SD,16831300.0,42200600.0,False,0.0,13:40:21
18900.0,200,-1050.0,-0.1,SD,16831300.0,42200400.0,False,0.0,13:40:21
18900.0,200,-1050.0,-0.1,SD,16831300.0,42200200.0,False,0.0,13:40:21
18900.0,500,-1050.0,-0.1,SD,16831300.0,42200000.0,False,0.0,13:40:21
18900.0,900,-1050.0,-0.1,SD,16831300.0,42199500.0,False,0.0,13:40:21
18900.0,100,-1050.0,-0.1,SD,16831300.0,42198600.0,False,0.0,13:40:20
18900.0,100,-1050.0,-0.1,SD,16831300.0,42198500.0,False,-50.0,13:40:20
18950.0,5000,-1000.0,-0.1,BU,16831300.0,42198400.0,False,0.0,13:40:20
18950.0,3000,-1000.0,-0.1,BU,16826300.0,42198400.0,False,0.0,13:40:20
18950.0,800,-1000.0,-0.1,BU,16823300.0,42198400.0,False,0.0,13:40:20
18950.0,200,-1000.0,-0.1,BU,16822500.0,42198400.0,False,0.0,13:40:20
18950.0,500,-1000.0,-0.1,BU,16822300.0,42198400.0,False,0.0,13:40:20
18950.0,100,-1000.0,-0.1,BU,16821800.0,42198400.0,False,0.0,13:40:20
18950.0,400,-1000.0,-0.1,BU,16821700.0,42198400.0,False,0.0,13:40:20
18950.0,100,-1000.0,-0.1,BU,16821300.0,42198400.0,False,50.0,13:40:19
18900.0,100,-1050.0,-0.1,SD,16821200.0,42198400.0,False,-50.0,13:40:17
18950.0,100,-1000.0,-0.1,BU,16821200.0,42198300.0,False,0.0,13:40:17
18950.0,1500,-1000.0,-0.1,BU,16821100.0,42198300.0,False,0.0,13:40:16
18950.0,100,-1000.0,-0.1,BU,16819600.0,42198300.0,False,0.0,13:40:15
18950.0,300,-1000.0,-0.1,BU,16819500.0,42198300.0,False,0.0,13:40:15
18950.0,400,-1000.0,-0.1,BU,16819200.0,42198300.0,False,0.0,13:40:13
18950.0,100,-1000.0,-0.1,BU,16818800.0,42198300.0,False,0.0,13:40:11
18950.0,500,-1000.0,-0.1,BU,16818700.0,42198300.0,False,0.0,13:40:11
18950.0,2500,-1000.0,-0.1,BU,16818200.0,42198300.0,False,0.0,13:40:09
18950.0,200,-1000.0,-0.1,SD,16815700.0,42198300.0,False,0.0,13:40:08
18950.0,800,-1000.0,-0.1,SD,16815700.0,42198100.0,False,0.0,13:40:08
18950.0,100,-1000.0,-0.1,SD,16815700.0,42197300.0,False,0.0,13:40:08
18950.0,1600,-1000.0,-0.1,SD,16815700.0,42197200.0,False,0.0,13:40:08
18950.0,300,-1000.0,-0.1,SD,16815700.0,42195600.0,False,0.0,13:40:08
18950.0,1000,-1000.0,-0.1,SD,16815700.0,42195300.0,False,0.0,13:40:05
18950.0,100,-1000.0,-0.1,SD,16815700.0,42194300.0,False,0.0,13:40:05
18950.0,100,-1000.0,-0.1,SD,16815700.0,42194200.0,False,0.0,13:40:05
18950.0,200,-1000.0,-0.1,SD,16815700.0,42194100.0,False,0.0,13:40:05
18950.0,600,-1000.0,-0.1,SD,16815700.0,42193900.0,False,0.0,13:40:05
18950.0,100,-1000.0,-0.1,SD,16815700.0,42193300.0,False,0.0,13:40:05
18950.0,3900,-1000.0,-0.1,SD,16815700.0,42193200.0,False,0.0,13:40:05
18950.0,500,-1000.0,-0.1,SD,16815700.0,42189300.0,False,-50.0,13:40:04
19000.0,300,-950.0,0.0,BU,16815700.0,42188800.0,False,0.0,13:40:04
19000.0,200,-950.0,0.0,BU,16815400.0,42188800.0,False,0.0,13:40:02
19000.0,200,-950.0,0.0,BU,16815200.0,42188800.0,False,0.0,13:40:02
19000.0,100,-950.0,0.0,BU,16815000.0,42188800.0,False,0.0,13:40:02
19000.0,400,-950.0,0.0,BU,16814900.0,42188800.0,False,0.0,13:40:01
19000.0,200,-950.0,0.0,BU,16814500.0,42188800.0,False,50.0,13:40:01
18950.0,200,-1000.0,-0.1,SD,16814300.0,42188800.0,False,0.0,13:40:00
18950.0,7800,-1000.0,-0.1,SD,16814300.0,42188600.0,False,0.0,13:39:59
18950.0,600,-1000.0,-0.1,SD,16814300.0,42180800.0,False,0.0,13:39:59
18950.0,5000,-1000.0,-0.1,SD,16814300.0,42180200.0,False,0.0,13:39:59
18950.0,2500,-1000.0,-0.1,SD,16814300.0,42175200.0,False,0.0,13:39:59
18950.0,1000,-1000.0,-0.1,SD,16814300.0,42172700.0,False,0.0,13:39:59
18950.0,2000,-1000.0,-0.1,SD,16814300.0,42171700.0,False,0.0,13:39:59
18950.0,100,-1000.0,-0.1,SD,16814300.0,42169700.0,False,0.0,13:39:59
18950.0,1000,-1000.0,-0.1,SD,16814300.0,42169600.0,False,0.0,13:39:59
18950.0,100,-1000.0,-0.1,SD,16814300.0,42168600.0,False,0.0,13:39:59
18950.0,700,-1000.0,-0.1,SD,16814300.0,42168500.0,False,0.0,13:39:59
18950.0,800,-1000.0,-0.1,SD,16814300.0,42167800.0,False,0.0,13:39:59
18950.0,100,-1000.0,-0.1,SD,16814300.0,42167000.0,False,0.0,13:39:59
18950.0,200,-1000.0,-0.1,SD,16814300.0,42166900.0,False,0.0,13:39:59
18950.0,4000,-1000.0,-0.1,SD,16814300.0,42166700.0,False,0.0,13:39:59
18950.0,100,-1000.0,-0.1,SD,16814300.0,42162700.0,False,0.0,13:39:59
18950.0,300,-1000.0,-0.1,SD,16814300.0,42162600.0,False,0.0,13:39:59
18950.0,100,-1000.0,-0.1,SD,16814300.0,42162300.0,False,0.0,13:39:59
18950.0,200,-1000.0,-0.1,SD,16814300.0,42162200.0,False,0.0,13:39:59
18950.0,1200,-1000.0,-0.1,SD,16814300.0,42162000.0,False,0.0,13:39:59
18950.0,1500,-1000.0,-0.1,SD,16814300.0,42160800.0,False,0.0,13:39:59
18950.0,700,-1000.0,-0.1,SD,16814300.0,42159300.0,False,0.0,13:39:59
18950.0,300,-1000.0,-0.1,SD,16814300.0,42158600.0,False,0.0,13:39:59
18950.0,300,-1000.0,-0.1,SD,16814300.0,42158300.0,False,0.0,13:39:59
18950.0,2000,-1000.0,-0.1,SD,16814300.0,42158000.0,False,0.0,13:39:59
18950.0,7200,-1000.0,-0.1,SD,16814300.0,42156000.0,False,-50.0,13:39:59
19000.0,1600,-950.0,0.0,BU,16814300.0,42148800.0,False,0.0,13:39:59
19000.0,1700,-950.0,0.0,BU,16812700.0,42148800.0,False,50.0,13:39:59
18950.0,5000,-1000.0,-0.1,SD,16811000.0,42148800.0,False,-50.0,13:39:58
19000.0,300,-950.0,0.0,BU,16811000.0,42143800.0,False,50.0,13:39:58
18950.0,19000,-1000.0,-0.1,SD,16810700.0,42143800.0,True,0.0,13:39:58
18950.0,100,-1000.0,-0.1,SD,16810700.0,42124800.0,False,-50.0,13:39:57
19000.0,1000,-950.0,0.0,BU,16810700.0,42124700.0,False,0.0,13:39:56
19000.0,200,-950.0,0.0,BU,16809700.0,42124700.0,False,0.0,13:39:56
19000.0,100,-950.0,0.0,BU,16809500.0,42124700.0,False,0.0,13:39:56
19000.0,5000,-950.0,0.0,BU,16809400.0,42124700.0,False,0.0,13:39:56
19000.0,300,-950.0,0.0,BU,16804400.0,42124700.0,False,0.0,13:39:56
19000.0,3400,-950.0,0.0,BU,16804100.0,42124700.0,False,0.0,13:39:56
19000.0,5000,-950.0,0.0,BU,16800700.0,42124700.0,False,0.0,13:39:55
19000.0,1600,-950.0,0.0,BU,16795700.0,42124700.0,False,0.0,13:39:55
19000.0,400,-950.0,0.0,BU,16794100.0,42124700.0,False,50.0,13:39:55
18950.0,2000,-1000.0,-0.1,SD,16793700.0,42124700.0,False,-50.0,13:39:55
19000.0,4600,-950.0,0.0,BU,16793700.0,42122700.0,False,0.0,13:39:55
19000.0,5400,-950.0,0.0,BU,16789100.0,42122700.0,False,0.0,13:39:55
19000.0,5000,-950.0,0.0,BU,16783700.0,42122700.0,False,0.0,13:39:54
19000.0,100,-950.0,0.0,BU,16778700.0,42122700.0,False,50.0,13:39:52
18950.0,3000,-1000.0,-0.1,SD,16778600.0,42122700.0,False,-50.0,13:39:52
19000.0,300,-950.0,0.0,BU,16778600.0,42119700.0,False,0.0,13:39:52
19000.0,100,-950.0,0.0,BU,16778300.0,42119700.0,False,50.0,13:39:50
18950.0,100,-1000.0,-0.1,SD,16778200.0,42119700.0,False,0.0,13:39:50
18950.0,3700,-1000.0,-0.1,SD,16778200.0,42119600.0,False,0.0,13:39:50
18950.0,100,-1000.0,-0.1,SD,16778200.0,42115900.0,False,0.0,13:39:50
18950.0,200,-1000.0,-0.1,SD,16778200.0,42115800.0,False,0.0,13:39:50
18950.0,100,-1000.0,-0.1,SD,16778200.0,42115600.0,False,0.0,13:39:50
18950.0,500,-1000.0,-0.1,SD,16778200.0,42115500.0,False,0.0,13:39:50
18950.0,300,-1000.0,-0.1,SD,16778200.0,42115000.0,False,-50.0,13:39:50
19000.0,1000,-950.0,0.0,BU,16778200.0,42114700.0,False,50.0,13:39:50
18950.0,900,-1000.0,-0.1,SD,16777200.0,42114700.0,False,0.0,13:39:49
18950.0,100,-1000.0,-0.1,SD,16777200.0,42113800.0,False,0.0,13:39:49
18950.0,1000,-1000.0,-0.1,SD,16777200.0,42113700.0,False,0.0,13:39:49
18950.0,200,-1000.0,-0.1,SD,16777200.0,42112700.0,False,0.0,13:39:49
18950.0,200,-1000.0,-0.1,SD,16777200.0,42112500.0,False,0.0,13:39:49
18950.0,500,-1000.0,-0.1,SD,16777200.0,42112300.0,False,0.0,13:39:49
18950.0,100,-1000.0,-0.1,SD,16777200.0,42111800.0,False,-50.0,13:39:49
19000.0,400,-950.0,0.0,BU,16777200.0,42111700.0,False,0.0,13:39:49
19000.0,5000,-950.0,0.0,BU,16776800.0,42111700.0,False,0.0,13:39:48
19000.0,200,-950.0,0.0,BU,16771800.0,42111700.0,False,0.0,13:39:47
19000.0,100,-950.0,0.0,BU,16771600.0,42111700.0,False,0.0,13:39:47
19000.0,5000,-950.0,0.0,SD,16771500.0,42111700.0,False,0.0,13:39:47
19000.0,2000,-950.0,0.0,SD,16771500.0,42106700.0,False,0.0,13:39:47
19000.0,700,-950.0,0.0,SD,16771500.0,42104700.0,False,0.0,13:39:47
19000.0,10000,-950.0,0.0,SD,16771500.0,42104000.0,False,0.0,13:39:47
19000.0,400,-950.0,0.0,SD,16771500.0,42094000.0,False,0.0,13:39:47
19000.0,500,-950.0,0.0,SD,16771500.0,42093600.0,False,0.0,13:39:47
19000.0,8800,-950.0,0.0,SD,16771500.0,42093100.0,False,0.0,13:39:47
19000.0,2100,-950.0,0.0,SD,16771500.0,42084300.0,False,0.0,13:39:46
19000.0,100,-950.0,0.0,SD,16771500.0,42082200.0,False,0.0,13:39:46
19000.0,300,-950.0,0.0,SD,16771500.0,42082100.0,False,0.0,13:39:46
19000.0,500,-950.0,0.0,SD,16771500.0,42081800.0,False,0.0,13:39:46
19000.0,1000,-950.0,0.0,SD,16771500.0,42081300.0,False,0.0,13:39:46
19000.0,200,-950.0,0.0,SD,16771500.0,42080300.0,False,0.0,13:39:46
19000.0,500,-950.0,0.0,SD,16771500.0,42080100.0,False,0.0,13:39:46
19000.0,100,-950.0,0.0,SD,16771500.0,42079600.0,False,0.0,13:39:46
19000.0,400,-950.0,0.0,SD,16771500.0,42079500.0,False,0.0,13:39:46
19000.0,1400,-950.0,0.0,SD,16771500.0,42079100.0,False,0.0,13:39:46
19000.0,900,-950.0,0.0,SD,16771500.0,42077700.0,False,0.0,13:39:46
19000.0,500,-950.0,0.0,SD,16771500.0,42076800.0,False,0.0,13:39:46
19000.0,500,-950.0,0.0,SD,16771500.0,42076300.0,False,0.0,13:39:46
19000.0,100,-950.0,0.0,SD,16771500.0,42075800.0,False,0.0,13:39:46
19000.0,100,-950.0,0.0,SD,16771500.0,42075700.0,False,0.0,13:39:46
19000.0,100,-950.0,0.0,SD,16771500.0,42075600.0,False,0.0,13:39:46
19000.0,100,-950.0,0.0,SD,16771500.0,42075500.0,False,0.0,13:39:46
19000.0,100,-950.0,0.0,SD,16771500.0,42075400.0,False,0.0,13:39:46
19000.0,500,-950.0,0.0,SD,16771500.0,42075300.0,False,0.0,13:39:46
19000.0,400,-950.0,0.0,SD,16771500.0,42074800.0,False,0.0,13:39:46
19000.0,1500,-950.0,0.0,SD,16771500.0,42074400.0,False,0.0,13:39:46
19000.0,1000,-950.0,0.0,SD,16771500.0,42072900.0,False,0.0,13:39:46
19000.0,900,-950.0,0.0,SD,16771500.0,42071900.0,False,0.0,13:39:46
19000.0,100,-950.0,0.0,SD,16771500.0,42071000.0,False,0.0,13:39:46
19000.0,100,-950.0,0.0,SD,16771500.0,42070900.0,False,0.0,13:39:46
19000.0,100,-950.0,0.0,SD,16771500.0,42070800.0,False,0.0,13:39:46
19000.0,100,-950.0,0.0,SD,16771500.0,42070700.0,False,0.0,13:39:46
19000.0,400,-950.0,0.0,SD,16771500.0,42070600.0,False,0.0,13:39:46
19000.0,1000,-950.0,0.0,SD,16771500.0,42070200.0,False,0.0,13:39:46
19000.0,200,-950.0,0.0,SD,16771500.0,42069200.0,False,0.0,13:39:46
19000.0,1000,-950.0,0.0,SD,16771500.0,42069000.0,False,0.0,13:39:46
19000.0,400,-950.0,0.0,SD,16771500.0,42068000.0,False,0.0,13:39:46
19000.0,500,-950.0,0.0,SD,16771500.0,42067600.0,False,0.0,13:39:46
19000.0,400,-950.0,0.0,SD,16771500.0,42067100.0,False,0.0,13:39:46
19000.0,2000,-950.0,0.0,SD,16771500.0,42066700.0,False,0.0,13:39:46
19000.0,100,-950.0,0.0,SD,16771500.0,42064700.0,False,0.0,13:39:46
19000.0,200,-950.0,0.0,SD,16771500.0,42064600.0,False,0.0,13:39:46
19000.0,100,-950.0,0.0,SD,16771500.0,42064400.0,False,0.0,13:39:46
19000.0,1000,-950.0,0.0,SD,16771500.0,42064300.0,False,0.0,13:39:46
19000.0,100,-950.0,0.0,SD,16771500.0,42063300.0,False,0.0,13:39:46
19000.0,1000,-950.0,0.0,SD,16771500.0,42063200.0,False,0.0,13:39:46
19000.0,100,-950.0,0.0,SD,16771500.0,42062200.0,False,0.0,13:39:46
19000.0,100,-950.0,0.0,SD,16771500.0,42062100.0,False,0.0,13:39:46
19000.0,1000,-950.0,0.0,SD,16771500.0,42062000.0,False,0.0,13:39:46
19000.0,200,-950.0,0.0,SD,16771500.0,42061000.0,False,0.0,13:39:46
19000.0,4000,-950.0,0.0,SD,16771500.0,42060800.0,False,0.0,13:39:46
19000.0,1000,-950.0,0.0,SD,16771500.0,42056800.0,False,0.0,13:39:46
19000.0,100,-950.0,0.0,SD,16771500.0,42055800.0,False,0.0,13:39:46
19000.0,200,-950.0,0.0,SD,16771500.0,42055700.0,False,0.0,13:39:46
19000.0,100,-950.0,0.0,SD,16771500.0,42055500.0,False,0.0,13:39:46
19000.0,100,-950.0,0.0,SD,16771500.0,42055400.0,False,0.0,13:39:46
19000.0,1000,-950.0,0.0,SD,16771500.0,42055300.0,False,0.0,13:39:46
19000.0,500,-950.0,0.0,SD,16771500.0,42054300.0,False,0.0,13:39:46
19000.0,400,-950.0,0.0,SD,16771500.0,42053800.0,False,0.0,13:39:46
19000.0,1000,-950.0,0.0,SD,16771500.0,42053400.0,False,0.0,13:39:46
19000.0,100,-950.0,0.0,SD,16771500.0,42052400.0,False,0.0,13:39:46
19000.0,2600,-950.0,0.0,SD,16771500.0,42052300.0,False,0.0,13:39:46
19000.0,100,-950.0,0.0,SD,16771500.0,42049700.0,False,0.0,13:39:46
19000.0,100,-950.0,0.0,SD,16771500.0,42049600.0,False,0.0,13:39:46
19000.0,200,-950.0,0.0,SD,16771500.0,42049500.0,False,0.0,13:39:46
19000.0,400,-950.0,0.0,SD,16771500.0,42049300.0,False,0.0,13:39:46
19000.0,500,-950.0,0.0,SD,16771500.0,42048900.0,False,0.0,13:39:46
19000.0,100,-950.0,0.0,SD,16771500.0,42048400.0,False,0.0,13:39:46
19000.0,100,-950.0,0.0,SD,16771500.0,42048300.0,False,0.0,13:39:46
19000.0,500,-950.0,0.0,SD,16771500.0,42048200.0,False,0.0,13:39:46
19000.0,600,-950.0,0.0,SD,16771500.0,42047700.0,False,0.0,13:39:46
19000.0,100,-950.0,0.0,SD,16771500.0,42047100.0,False,0.0,13:39:46
19000.0,1000,-950.0,0.0,SD,16771500.0,42047000.0,False,0.0,13:39:46
19000.0,5000,-950.0,0.0,SD,16771500.0,42046000.0,False,0.0,13:39:46
19000.0,100,-950.0,0.0,SD,16771500.0,42041000.0,False,0.0,13:39:46
19000.0,100,-950.0,0.0,SD,16771500.0,42040900.0,False,0.0,13:39:46
19000.0,1000,-950.0,0.0,SD,16771500.0,42040800.0,False,0.0,13:39:46
19000.0,1000,-950.0,0.0,SD,16771500.0,42039800.0,False,0.0,13:39:46
19000.0,500,-950.0,0.0,SD,16771500.0,42038800.0,False,0.0,13:39:46
19000.0,1200,-950.0,0.0,SD,16771500.0,42038300.0,False,0.0,13:39:46
19000.0,300,-950.0,0.0,SD,16771500.0,42037100.0,False,0.0,13:39:46
19000.0,5200,-950.0,0.0,SD,16771500.0,42036800.0,False,0.0,13:39:46
19000.0,3000,-950.0,0.0,SD,16771500.0,42031600.0,False,0.0,13:39:46
19000.0,400,-950.0,0.0,SD,16771500.0,42028600.0,False,0.0,13:39:46
19000.0,1000,-950.0,0.0,SD,16771500.0,42028200.0,False,0.0,13:39:46
19000.0,200,-950.0,0.0,SD,16771500.0,42027200.0,False,0.0,13:39:46
19000.0,200,-950.0,0.0,SD,16771500.0,42027000.0,False,0.0,13:39:46
19000.0,300,-950.0,0.0,SD,16771500.0,42026800.0,False,0.0,13:39:46
19000.0,200,-950.0,0.0,SD,16771500.0,42026500.0,False,0.0,13:39:46
19000.0,300,-950.0,0.0,SD,16771500.0,42026300.0,False,0.0,13:39:46
19000.0,100,-950.0,0.0,SD,16771500.0,42026000.0,False,0.0,13:39:46
19000.0,1500,-950.0,0.0,SD,16771500.0,42025900.0,False,0.0,13:39:46
19000.0,500,-950.0,0.0,SD,16771500.0,42024400.0,False,0.0,13:39:46
19000.0,500,-950.0,0.0,SD,16771500.0,42023900.0,False,0.0,13:39:46
19000.0,100,-950.0,0.0,SD,16771500.0,42023400.0,False,0.0,13:39:46
19000.0,200,-950.0,0.0,SD,16771500.0,42023300.0,False,0.0,13:39:46
19000.0,300,-950.0,0.0,SD,16771500.0,42023100.0,False,0.0,13:39:46
19000.0,2000,-950.0,0.0,SD,16771500.0,42022800.0,False,0.0,13:39:46
19000.0,200,-950.0,0.0,SD,16771500.0,42020800.0,False,0.0,13:39:46
19000.0,1000,-950.0,0.0,SD,16771500.0,42020600.0,False,0.0,13:39:46
19000.0,100,-950.0,0.0,SD,16771500.0,42019600.0,False,0.0,13:39:46
19000.0,200,-950.0,0.0,SD,16771500.0,42019500.0,False,0.0,13:39:46
19000.0,1000,-950.0,0.0,SD,16771500.0,42019300.0,False,0.0,13:39:46
19000.0,2000,-950.0,0.0,SD,16771500.0,42018300.0,False,0.0,13:39:46
19000.0,2000,-950.0,0.0,SD,16771500.0,42016300.0,False,0.0,13:39:46
19000.0,4800,-950.0,0.0,SD,16771500.0,42014300.0,False,0.0,13:39:46
19000.0,200,-950.0,0.0,SD,16771500.0,42009500.0,False,0.0,13:39:46
19000.0,300,-950.0,0.0,SD,16771500.0,42009300.0,False,0.0,13:39:45
19000.0,400,-950.0,0.0,SD,16771500.0,42009000.0,False,0.0,13:39:45
19000.0,2100,-950.0,0.0,SD,16771500.0,42008600.0,False,0.0,13:39:45
19000.0,1800,-950.0,0.0,SD,16771500.0,42006500.0,False,0.0,13:39:45
19000.0,5000,-950.0,0.0,SD,16771500.0,42004700.0,False,0.0,13:39:45
19000.0,2200,-950.0,0.0,SD,16771500.0,41999700.0,False,0.0,13:39:45
19000.0,500,-950.0,0.0,SD,16771500.0,41997500.0,False,0.0,13:39:45
19000.0,2000,-950.0,0.0,SD,16771500.0,41997000.0,False,0.0,13:39:45
19000.0,300,-950.0,0.0,SD,16771500.0,41995000.0,False,0.0,13:39:45
19000.0,500,-950.0,0.0,SD,16771500.0,41994700.0,False,0.0,13:39:45
19000.0,500,-950.0,0.0,SD,16771500.0,41994200.0,False,0.0,13:39:45
19000.0,500,-950.0,0.0,SD,16771500.0,41993700.0,False,0.0,13:39:45
19000.0,200,-950.0,0.0,SD,16771500.0,41993200.0,False,0.0,13:39:44
19000.0,100,-950.0,0.0,SD,16771500.0,41993000.0,False,0.0,13:39:44
19000.0,1000,-950.0,0.0,SD,16771500.0,41992900.0,False,0.0,13:39:44
19000.0,800,-950.0,0.0,SD,16771500.0,41991900.0,False,0.0,13:39:44
19000.0,300,-950.0,0.0,SD,16771500.0,41991100.0,False,0.0,13:39:44
19000.0,300,-950.0,0.0,SD,16771500.0,41990800.0,False,0.0,13:39:44
19000.0,100,-950.0,0.0,SD,16771500.0,41990500.0,False,0.0,13:39:44
19000.0,200,-950.0,0.0,SD,16771500.0,41990400.0,False,0.0,13:39:44
19000.0,400,-950.0,0.0,SD,16771500.0,41990200.0,False,0.0,13:39:44
19000.0,5000,-950.0,0.0,SD,16771500.0,41989800.0,False,0.0,13:39:44
19000.0,100,-950.0,0.0,SD,16771500.0,41984800.0,False,0.0,13:39:44
19000.0,500,-950.0,0.0,SD,16771500.0,41984700.0,False,0.0,13:39:44
19000.0,300,-950.0,0.0,SD,16771500.0,41984200.0,False,0.0,13:39:44
19000.0,100,-950.0,0.0,SD,16771500.0,41983900.0,False,0.0,13:39:44
19000.0,200,-950.0,0.0,SD,16771500.0,41983800.0,False,0.0,13:39:44
19000.0,5000,-950.0,0.0,SD,16771500.0,41983600.0,False,0.0,13:39:44
19000.0,7800,-950.0,0.0,SD,16771500.0,41978600.0,False,0.0,13:39:44
19000.0,2000,-950.0,0.0,SD,16771500.0,41970800.0,False,0.0,13:39:44
19000.0,200,-950.0,0.0,SD,16771500.0,41968800.0,False,0.0,13:39:44
19000.0,300,-950.0,0.0,SD,16771500.0,41968600.0,False,0.0,13:39:44
19000.0,200,-950.0,0.0,SD,16771500.0,41968300.0,False,0.0,13:39:44
19000.0,200,-950.0,0.0,SD,16771500.0,41968100.0,False,0.0,13:39:44
19000.0,1100,-950.0,0.0,SD,16771500.0,41967900.0,False,0.0,13:39:44
19000.0,100,-950.0,0.0,SD,16771500.0,41966800.0,False,0.0,13:39:44
19000.0,400,-950.0,0.0,SD,16771500.0,41966700.0,False,0.0,13:39:44
19000.0,200,-950.0,0.0,SD,16771500.0,41966300.0,False,0.0,13:39:44
19000.0,2000,-950.0,0.0,SD,16771500.0,41966100.0,False,0.0,13:39:44
19000.0,600,-950.0,0.0,SD,16771500.0,41964100.0,False,0.0,13:39:44
19000.0,200,-950.0,0.0,SD,16771500.0,41963500.0,False,0.0,13:39:44
19000.0,200,-950.0,0.0,SD,16771500.0,41963300.0,False,0.0,13:39:44
19000.0,500,-950.0,0.0,SD,16771500.0,41963100.0,False,0.0,13:39:44
19000.0,1300,-950.0,0.0,SD,16771500.0,41962600.0,False,0.0,13:39:44
19000.0,1000,-950.0,0.0,SD,16771500.0,41961300.0,False,0.0,13:39:44
19000.0,200,-950.0,0.0,SD,16771500.0,41960300.0,False,0.0,13:39:44
19000.0,100,-950.0,0.0,SD,16771500.0,41960100.0,False,0.0,13:39:44
19000.0,2000,-950.0,0.0,SD,16771500.0,41960000.0,False,0.0,13:39:44
19000.0,100,-950.0,0.0,SD,16771500.0,41958000.0,False,0.0,13:39:44
19000.0,400,-950.0,0.0,SD,16771500.0,41957900.0,False,0.0,13:39:44
19000.0,4500,-950.0,0.0,SD,16771500.0,41957500.0,False,0.0,13:39:44
19000.0,100,-950.0,0.0,SD,16771500.0,41953000.0,False,0.0,13:39:44
19000.0,100,-950.0,0.0,SD,16771500.0,41952900.0,False,0.0,13:39:44
19000.0,1800,-950.0,0.0,SD,16771500.0,41952800.0,False,0.0,13:39:44
19000.0,300,-950.0,0.0,SD,16771500.0,41951000.0,False,0.0,13:39:44
19000.0,200,-950.0,0.0,SD,16771500.0,41950700.0,False,0.0,13:39:44
19000.0,100,-950.0,0.0,SD,16771500.0,41950500.0,False,0.0,13:39:44
19000.0,500,-950.0,0.0,SD,16771500.0,41950400.0,False,0.0,13:39:44
19000.0,1600,-950.0,0.0,SD,16771500.0,41949900.0,False,0.0,13:39:44
19000.0,2000,-950.0,0.0,SD,16771500.0,41948300.0,False,0.0,13:39:44
19000.0,1100,-950.0,0.0,SD,16771500.0,41946300.0,False,0.0,13:39:44
19000.0,100,-950.0,0.0,SD,16771500.0,41945200.0,False,0.0,13:39:44
19000.0,800,-950.0,0.0,SD,16771500.0,41945100.0,False,0.0,13:39:44
19000.0,100,-950.0,0.0,SD,16771500.0,41944300.0,False,0.0,13:39:44
19000.0,200,-950.0,0.0,SD,16771500.0,41944200.0,False,0.0,13:39:44
19000.0,500,-950.0,0.0,SD,16771500.0,41944000.0,False,0.0,13:39:44
19000.0,1100,-950.0,0.0,SD,16771500.0,41943500.0,False,0.0,13:39:44
19000.0,100,-950.0,0.0,SD,16771500.0,41942400.0,False,0.0,13:39:44
19000.0,1000,-950.0,0.0,SD,16771500.0,41942300.0,False,0.0,13:39:44
19000.0,100,-950.0,0.0,SD,16771500.0,41941300.0,False,0.0,13:39:44
19000.0,100,-950.0,0.0,SD,16771500.0,41941200.0,False,0.0,13:39:44
19000.0,8900,-950.0,0.0,SD,16771500.0,41941100.0,False,0.0,13:39:44
19000.0,500,-950.0,0.0,SD,16771500.0,41932200.0,False,-50.0,13:39:44
19050.0,1000,-900.0,0.0,BU,16771500.0,41931700.0,False,50.0,13:39:44
19000.0,10000,-950.0,0.0,SD,16770500.0,41931700.0,False,0.0,13:39:43
19000.0,500,-950.0,0.0,SD,16770500.0,41921700.0,False,0.0,13:39:43
19000.0,2000,-950.0,0.0,SD,16770500.0,41921200.0,False,0.0,13:39:43
19000.0,10000,-950.0,0.0,SD,16770500.0,41919200.0,False,0.0,13:39:43
19000.0,77000,-950.0,0.0,SD,16770500.0,41909200.0,True,0.0,13:39:42
19000.0,19400,-950.0,0.0,SD,16770500.0,41832200.0,True,0.0,13:39:42
19000.0,1000,-950.0,0.0,SD,16770500.0,41812800.0,False,-50.0,13:39:42
19050.0,200,-900.0,0.0,BU,16770500.0,41811800.0,False,50.0,13:39:41
19000.0,900,-950.0,0.0,SD,16770300.0,41811800.0,False,0.0,13:39:41
19000.0,500,-950.0,0.0,SD,16770300.0,41810900.0,False,0.0,13:39:41
19000.0,8200,-950.0,0.0,SD,16770300.0,41810400.0,False,0.0,13:39:40
19000.0,100,-950.0,0.0,SD,16770300.0,41802200.0,False,0.0,13:39:40
19000.0,300,-950.0,0.0,SD,16770300.0,41802100.0,False,0.0,13:39:40
19000.0,1000,-950.0,0.0,SD,16770300.0,41801800.0,False,0.0,13:39:40
19000.0,400,-950.0,0.0,SD,16770300.0,41800800.0,False,0.0,13:39:40
19000.0,600,-950.0,0.0,SD,16770300.0,41800400.0,False,0.0,13:39:40
19000.0,4000,-950.0,0.0,SD,16770300.0,41799800.0,False,0.0,13:39:40
19000.0,400,-950.0,0.0,SD,16770300.0,41795800.0,False,-50.0,13:39:40
19050.0,100,-900.0,0.0,BU,16770300.0,41795400.0,False,50.0,13:39:40
19000.0,900,-950.0,0.0,SD,16770200.0,41795400.0,False,0.0,13:39:40
19000.0,400,-950.0,0.0,SD,16770200.0,41794500.0,False,0.0,13:39:40
19000.0,700,-950.0,0.0,SD,16770200.0,41794100.0,False,0.0,13:39:40
19000.0,300,-950.0,0.0,SD,16770200.0,41793400.0,False,0.0,13:39:40
19000.0,3400,-950.0,0.0,SD,16770200.0,41793100.0,False,0.0,13:39:40
19000.0,1000,-950.0,0.0,SD,16770200.0,41789700.0,False,0.0,13:39:40
19000.0,100,-950.0,0.0,SD,16770200.0,41788700.0,False,0.0,13:39:40
19000.0,200,-950.0,0.0,SD,16770200.0,41788600.0,False,0.0,13:39:40
19000.0,300,-950.0,0.0,SD,16770200.0,41788400.0,False,-50.0,13:39:39
19050.0,100,-900.0,0.0,BU,16770200.0,41788100.0,False,50.0,13:39:39
19000.0,400,-950.0,0.0,SD,16770100.0,41788100.0,False,0.0,13:39:38
19000.0,100,-950.0,0.0,SD,16770100.0,41787700.0,False,0.0,13:39:38
19000.0,100,-950.0,0.0,SD,16770100.0,41787600.0,False,0.0,13:39:38
19000.0,800,-950.0,0.0,SD,16770100.0,41787500.0,False,0.0,13:39:38
19000.0,200,-950.0,0.0,SD,16770100.0,41786700.0,False,0.0,13:39:37
19000.0,2800,-950.0,0.0,SD,16770100.0,41786500.0,False,0.0,13:39:37
19000.0,100,-950.0,0.0,SD,16770100.0,41783700.0,False,0.0,13:39:37
19000.0,300,-950.0,0.0,SD,16770100.0,41783600.0,False,0.0,13:39:37
19000.0,1800,-950.0,0.0,SD,16770100.0,41783300.0,False,0.0,13:39:36
19000.0,200,-950.0,0.0,SD,16770100.0,41781500.0,False,0.0,13:39:36
19000.0,3000,-950.0,0.0,SD,16770100.0,41781300.0,False,0.0,13:39:36
19000.0,2000,-950.0,0.0,SD,16770100.0,41778300.0,False,0.0,13:39:36
19000.0,500,-950.0,0.0,SD,16770100.0,41776300.0,False,0.0,13:39:35
19000.0,1500,-950.0,0.0,SD,16770100.0,41775800.0,False,0.0,13:39:35
19000.0,500,-950.0,0.0,SD,16770100.0,41774300.0,False,-50.0,13:39:35
19050.0,300,-900.0,0.0,BU,16770100.0,41773800.0,False,50.0,13:39:35
19000.0,500,-950.0,0.0,SD,16769800.0,41773800.0,False,0.0,13:39:35
19000.0,1500,-950.0,0.0,SD,16769800.0,41773300.0,False,0.0,13:39:34
19000.0,500,-950.0,0.0,SD,16769800.0,41771800.0,False,0.0,13:39:34
19000.0,10000,-950.0,0.0,SD,16769800.0,41771300.0,False,0.0,13:39:33
19000.0,4500,-950.0,0.0,SD,16769800.0,41761300.0,False,-50.0,13:39:33
19050.0,1000,-900.0,0.0,BU,16769800.0,41756800.0,False,50.0,13:39:33
19000.0,2000,-950.0,0.0,SD,16768800.0,41756800.0,False,0.0,13:39:33
19000.0,2000,-950.0,0.0,SD,16768800.0,41754800.0,False,0.0,13:39:32
19000.0,4000,-950.0,0.0,SD,16768800.0,41752800.0,False,0.0,13:39:31
19000.0,1000,-950.0,0.0,SD,16768800.0,41748800.0,False,0.0,13:39:30
19000.0,24500,-950.0,0.0,SD,16768800.0,41747800.0,True,0.0,13:39:30
19000.0,1000,-950.0,0.0,SD,16768800.0,41723300.0,False,0.0,13:39:30
19000.0,100,-950.0,0.0,SD,16768800.0,41722300.0,False,0.0,13:39:30
19000.0,400,-950.0,0.0,SD,16768800.0,41722200.0,False,0.0,13:39:30
19000.0,6000,-950.0,0.0,SD,16768800.0,41721800.0,False,0.0,13:39:30
19000.0,500,-950.0,0.0,SD,16768800.0,41715800.0,False,0.0,13:39:30
19000.0,100,-950.0,0.0,SD,16768800.0,41715300.0,False,0.0,13:39:30
19000.0,100,-950.0,0.0,SD,16768800.0,41715200.0,False,0.0,13:39:30
19000.0,100,-950.0,0.0,SD,16768800.0,41715100.0,False,0.0,13:39:30
19000.0,2000,-950.0,0.0,SD,16768800.0,41715000.0,False,0.0,13:39:30
19000.0,100,-950.0,0.0,SD,16768800.0,41713000.0,False,0.0,13:39:30
19000.0,100,-950.0,0.0,SD,16768800.0,41712900.0,False,0.0,13:39:30
19000.0,500,-950.0,0.0,SD,16768800.0,41712800.0,False,0.0,13:39:30
19000.0,100,-950.0,0.0,SD,16768800.0,41712300.0,False,0.0,13:39:30
19000.0,100,-950.0,0.0,SD,16768800.0,41712200.0,False,0.0,13:39:30
19000.0,100,-950.0,0.0,SD,16768800.0,41712100.0,False,0.0,13:39:30
19000.0,10000,-950.0,0.0,SD,16768800.0,41712000.0,False,0.0,13:39:30
19000.0,3000,-950.0,0.0,SD,16768800.0,41702000.0,False,0.0,13:39:30
19000.0,200,-950.0,0.0,SD,16768800.0,41699000.0,False,0.0,13:39:30
19000.0,400,-950.0,0.0,SD,16768800.0,41698800.0,False,-50.0,13:39:30
19050.0,600,-900.0,0.0,BU,16768800.0,41698400.0,False,50.0,13:39:29
19000.0,1000,-950.0,0.0,SD,16768200.0,41698400.0,False,0.0,13:39:28
19000.0,1000,-950.0,0.0,SD,16768200.0,41697400.0,False,0.0,13:39:28
19000.0,1500,-950.0,0.0,SD,16768200.0,41696400.0,False,0.0,13:39:28
19000.0,2000,-950.0,0.0,SD,16768200.0,41694900.0,False,0.0,13:39:27
19000.0,2000,-950.0,0.0,SD,16768200.0,41692900.0,False,0.0,13:39:27
19000.0,300,-950.0,0.0,SD,16768200.0,41690900.0,False,0.0,13:39:25
19000.0,2000,-950.0,0.0,SD,16768200.0,41690600.0,False,0.0,13:39:24
19000.0,100,-950.0,0.0,SD,16768200.0,41688600.0,False,0.0,13:39:24
19000.0,200,-950.0,0.0,SD,16768200.0,41688500.0,False,0.0,13:39:24
19000.0,7000,-950.0,0.0,SD,16768200.0,41688300.0,False,-50.0,13:39:23
19050.0,100,-900.0,0.0,BU,16768200.0,41681300.0,False,50.0,13:39:23
19000.0,5000,-950.0,0.0,SD,16768100.0,41681300.0,False,0.0,13:39:21
19000.0,4000,-950.0,0.0,SD,16768100.0,41676300.0,False,0.0,13:39:21
19000.0,4700,-950.0,0.0,SD,16768100.0,41672300.0,False,-50.0,13:39:19
19050.0,800,-900.0,0.0,BU,16768100.0,41667600.0,False,50.0,13:39:19
19000.0,2000,-950.0,0.0,SD,16767300.0,41667600.0,False,0.0,13:39:19
19000.0,200,-950.0,0.0,SD,16767300.0,41665600.0,False,-50.0,13:39:18
19050.0,600,-900.0,0.0,BU,16767300.0,41665400.0,False,50.0,13:39:17
19000.0,2000,-950.0,0.0,SD,16766700.0,41665400.0,False,0.0,13:39:17
19000.0,100,-950.0,0.0,SD,16766700.0,41663400.0,False,-50.0,13:39:17
19050.0,300,-900.0,0.0,BU,16766700.0,41663300.0,False,0.0,13:39:17
19050.0,100,-900.0,0.0,BU,16766400.0,41663300.0,False,50.0,13:39:16
19000.0,1000,-950.0,0.0,SD,16766300.0,41663300.0,False,0.0,13:39:16
19000.0,700,-950.0,0.0,SD,16766300.0,41662300.0,False,-50.0,13:39:15
19050.0,8300,-900.0,0.0,BU,16766300.0,41661600.0,False,50.0,13:39:12
19000.0,2300,-950.0,0.0,SD,16758000.0,41661600.0,False,0.0,13:39:12
19000.0,1000,-950.0,0.0,SD,16758000.0,41659300.0,False,-50.0,13:39:10
19050.0,1000,-900.0,0.0,BU,16758000.0,41658300.0,False,0.0,13:39:08
19050.0,300,-900.0,0.0,BU,16757000.0,41658300.0,False,0.0,13:39:08
19050.0,5000,-900.0,0.0,BU,16756700.0,41658300.0,False,0.0,13:39:03
19050.0,600,-900.0,0.0,BU,16751700.0,41658300.0,False,0.0,13:39:03
19050.0,300,-900.0,0.0,BU,16751100.0,41658300.0,False,50.0,13:39:02
19000.0,2000,-950.0,0.0,SD,16750800.0,41658300.0,False,-50.0,13:39:01
19050.0,100,-900.0,0.0,BU,16750800.0,41656300.0,False,0.0,13:39:00
19050.0,1000,-900.0,0.0,BU,16750700.0,41656300.0,False,0.0,13:39:00
19050.0,5000,-900.0,0.0,BU,16749700.0,41656300.0,False,50.0,13:38:59
19000.0,10000,-950.0,0.0,SD,16744700.0,41656300.0,False,-50.0,13:38:58
19050.0,1000,-900.0,0.0,BU,16744700.0,41646300.0,False,0.0,13:38:58
19050.0,2200,-900.0,0.0,BU,16743700.0,41646300.0,False,0.0,13:38:55
19050.0,300,-900.0,0.0,BU,16741500.0,41646300.0,False,0.0,13:38:55
19050.0,300,-900.0,0.0,BU,16741200.0,41646300.0,False,0.0,13:38:53
19050.0,2000,-900.0,0.0,BU,16740900.0,41646300.0,False,0.0,13:38:53
19050.0,300,-900.0,0.0,BU,16738900.0,41646300.0,False,0.0,13:38:50
19050.0,100,-900.0,0.0,BU,16738600.0,41646300.0,False,0.0,13:38:50
19050.0,300,-900.0,0.0,BU,16738500.0,41646300.0,False,50.0,13:38:50
19000.0,5000,-950.0,0.0,SD,16738200.0,41646300.0,False,-50.0,13:38:49
19050.0,300,-900.0,0.0,BU,16738200.0,41641300.0,False,0.0,13:38:49
19050.0,100,-900.0,0.0,BU,16737900.0,41641300.0,False,0.0,13:38:49
19050.0,1000,-900.0,0.0,BU,16737800.0,41641300.0,False,0.0,13:38:49
19050.0,300,-900.0,0.0,BU,16736800.0,41641300.0,False,0.0,13:38:48
19050.0,300,-900.0,0.0,BU,16736500.0,41641300.0,False,0.0,13:38:47
19050.0,100,-900.0,0.0,BU,16736200.0,41641300.0,False,0.0,13:38:47
19050.0,18200,-900.0,0.0,BU,16736100.0,41641300.0,True,0.0,13:38:46
19050.0,3100,-900.0,0.0,BU,16717900.0,41641300.0,False,0.0,13:38:46
19050.0,3000,-900.0,0.0,BU,16714800.0,41641300.0,False,0.0,13:38:46
19050.0,5000,-900.0,0.0,BU,16711800.0,41641300.0,False,0.0,13:38:46
19050.0,300,-900.0,0.0,BU,16706800.0,41641300.0,False,0.0,13:38:46
19050.0,400,-900.0,0.0,BU,16706500.0,41641300.0,False,0.0,13:38:46
19050.0,500,-900.0,0.0,BU,16706100.0,41641300.0,False,0.0,13:38:46
19050.0,800,-900.0,0.0,BU,16705600.0,41641300.0,False,0.0,13:38:46
19050.0,300,-900.0,0.0,BU,16704800.0,41641300.0,False,0.0,13:38:44
19050.0,100,-900.0,0.0,BU,16704500.0,41641300.0,False,0.0,13:38:44
19050.0,100,-900.0,0.0,BU,16704400.0,41641300.0,False,0.0,13:38:44
19050.0,1400,-900.0,0.0,BU,16704300.0,41641300.0,False,0.0,13:38:44
19050.0,300,-900.0,0.0,BU,16702900.0,41641300.0,False,0.0,13:38:44
19050.0,200,-900.0,0.0,BU,16702600.0,41641300.0,False,0.0,13:38:44
19050.0,500,-900.0,0.0,BU,16702400.0,41641300.0,False,0.0,13:38:44
19050.0,1000,-900.0,0.0,BU,16701900.0,41641300.0,False,0.0,13:38:43
19050.0,1000,-900.0,0.0,BU,16700900.0,41641300.0,False,0.0,13:38:42
19050.0,100,-900.0,0.0,BU,16699900.0,41641300.0,False,0.0,13:38:42
19050.0,1000,-900.0,0.0,BU,16699800.0,41641300.0,False,0.0,13:38:42
19050.0,1000,-900.0,0.0,BU,16698800.0,41641300.0,False,0.0,13:38:42
19050.0,300,-900.0,0.0,BU,16697800.0,41641300.0,False,0.0,13:38:41
19050.0,100,-900.0,0.0,BU,16697500.0,41641300.0,False,0.0,13:38:41
19050.0,1500,-900.0,0.0,BU,16697400.0,41641300.0,False,0.0,13:38:41
19050.0,6000,-900.0,0.0,BU,16695900.0,41641300.0,False,0.0,13:38:40
19050.0,500,-900.0,0.0,BU,16689900.0,41641300.0,False,0.0,13:38:40
19050.0,10000,-900.0,0.0,BU,16689400.0,41641300.0,False,0.0,13:38:40
19050.0,800,-900.0,0.0,BU,16679400.0,41641300.0,False,0.0,13:38:40
19050.0,100,-900.0,0.0,BU,16678600.0,41641300.0,False,0.0,13:38:40
19050.0,300,-900.0,0.0,BU,16678500.0,41641300.0,False,0.0,13:38:40
19050.0,800,-900.0,0.0,BU,16678200.0,41641300.0,False,0.0,13:38:40
19050.0,100,-900.0,0.0,BU,16677400.0,41641300.0,False,0.0,13:38:40
19050.0,10000,-900.0,0.0,BU,16677300.0,41641300.0,False,0.0,13:38:40
19050.0,500,-900.0,0.0,BU,16667300.0,41641300.0,False,0.0,13:38:40
19050.0,200,-900.0,0.0,BU,16666800.0,41641300.0,False,0.0,13:38:40
19050.0,100,-900.0,0.0,BU,16666600.0,41641300.0,False,0.0,13:38:40
19050.0,1200,-900.0,0.0,BU,16666500.0,41641300.0,False,0.0,13:38:40
19050.0,500,-900.0,0.0,BU,16665300.0,41641300.0,False,0.0,13:38:40
19050.0,500,-900.0,0.0,BU,16664800.0,41641300.0,False,0.0,13:38:40
19050.0,1000,-900.0,0.0,BU,16664300.0,41641300.0,False,0.0,13:38:40
19050.0,900,-900.0,0.0,BU,16663300.0,41641300.0,False,0.0,13:38:40
19050.0,4700,-900.0,0.0,BU,16662400.0,41641300.0,False,0.0,13:38:37
19050.0,300,-900.0,0.0,BU,16657700.0,41641300.0,False,0.0,13:38:37
19050.0,100,-900.0,0.0,BU,16657400.0,41641300.0,False,0.0,13:38:37
19050.0,2000,-900.0,0.0,BU,16657300.0,41641300.0,False,0.0,13:38:35
19050.0,600,-900.0,0.0,BU,16655300.0,41641300.0,False,0.0,13:38:35
19050.0,200,-900.0,0.0,BU,16654700.0,41641300.0,False,0.0,13:38:35
19050.0,1000,-900.0,0.0,BU,16654500.0,41641300.0,False,0.0,13:38:35
19050.0,500,-900.0,0.0,BU,16653500.0,41641300.0,False,50.0,13:38:34
19000.0,3100,-950.0,0.0,SD,16653000.0,41641300.0,False,-50.0,13:38:34
19050.0,500,-900.0,0.0,BU,16653000.0,41638200.0,False,0.0,13:38:32
19050.0,2000,-900.0,0.0,BU,16652500.0,41638200.0,False,0.0,13:38:32
19050.0,2900,-900.0,0.0,BU,16650500.0,41638200.0,False,0.0,13:38:32
19050.0,300,-900.0,0.0,BU,16647600.0,41638200.0,False,0.0,13:38:32
19050.0,200,-900.0,0.0,BU,16647300.0,41638200.0,False,0.0,13:38:31
19050.0,700,-900.0,0.0,BU,16647100.0,41638200.0,False,0.0,13:38:31
19050.0,1900,-900.0,0.0,BU,16646400.0,41638200.0,False,0.0,13:38:31
19050.0,3100,-900.0,0.0,BU,16644500.0,41638200.0,False,0.0,13:38:31
19050.0,500,-900.0,0.0,BU,16641400.0,41638200.0,False,0.0,13:38:29
19050.0,200,-900.0,0.0,BU,16640900.0,41638200.0,False,0.0,13:38:29
19050.0,1000,-900.0,0.0,BU,16640700.0,41638200.0,False,0.0,13:38:28
19050.0,1000,-900.0,0.0,BU,16639700.0,41638200.0,False,0.0,13:38:27
19050.0,200,-900.0,0.0,BU,16638700.0,41638200.0,False,0.0,13:38:27
19050.0,1000,-900.0,0.0,BU,16638500.0,41638200.0,False,0.0,13:38:27
19050.0,500,-900.0,0.0,BU,16637500.0,41638200.0,False,0.0,13:38:26
19050.0,1900,-900.0,0.0,BU,16637000.0,41638200.0,False,0.0,13:38:26
19050.0,400,-900.0,0.0,BU,16635100.0,41638200.0,False,0.0,13:38:26
19050.0,200,-900.0,0.0,BU,16634700.0,41638200.0,False,0.0,13:38:26
19050.0,100,-900.0,0.0,SD,16634500.0,41638200.0,False,0.0,13:38:26
19050.0,1500,-900.0,0.0,SD,16634500.0,41638100.0,False,0.0,13:38:25
19050.0,900,-900.0,0.0,SD,16634500.0,41636600.0,False,0.0,13:38:25
19050.0,600,-900.0,0.0,SD,16634500.0,41635700.0,False,0.0,13:38:25
19050.0,200,-900.0,0.0,SD,16634500.0,41635100.0,False,0.0,13:38:24
19050.0,2000,-900.0,0.0,SD,16634500.0,41634900.0,False,0.0,13:38:24
19050.0,1000,-900.0,0.0,SD,16634500.0,41632900.0,False,0.0,13:38:24
19050.0,300,-900.0,0.0,SD,16634500.0,41631900.0,False,0.0,13:38:23
19050.0,600,-900.0,0.0,SD,16634500.0,41631600.0,False,0.0,13:38:23
19050.0,100,-900.0,0.0,SD,16634500.0,41631000.0,False,-50.0,13:38:23
19100.0,200,-850.0,0.0,BU,16634500.0,41630900.0,False,50.0,13:38:23
19050.0,100,-900.0,0.0,SD,16634300.0,41630900.0,False,0.0,13:38:22
19050.0,500,-900.0,0.0,SD,16634300.0,41630800.0,False,0.0,13:38:22
19050.0,500,-900.0,0.0,SD,16634300.0,41630300.0,False,0.0,13:38:22
19050.0,300,-900.0,0.0,SD,16634300.0,41629800.0,False,0.0,13:38:22
19050.0,200,-900.0,0.0,SD,16634300.0,41629500.0,False,0.0,13:38:22
19050.0,800,-900.0,0.0,SD,16634300.0,41629300.0,False,-50.0,13:38:22
19100.0,1000,-850.0,0.0,BU,16634300.0,41628500.0,False,0.0,13:38:22
19100.0,2300,-850.0,0.0,BU,16633300.0,41628500.0,False,0.0,13:38:21
19100.0,500,-850.0,0.0,BU,16631000.0,41628500.0,False,0.0,13:38:21
19100.0,100,-850.0,0.0,BU,16630500.0,41628500.0,False,0.0,13:38:21
19100.0,1000,-850.0,0.0,BU,16630400.0,41628500.0,False,0.0,13:38:21
19100.0,100,-850.0,0.0,BU,16629400.0,41628500.0,False,50.0,13:38:21
19050.0,500,-900.0,0.0,SD,16629300.0,41628500.0,False,0.0,13:38:21
19050.0,500,-900.0,0.0,SD,16629300.0,41628000.0,False,0.0,13:38:21
19050.0,500,-900.0,0.0,SD,16629300.0,41627500.0,False,0.0,13:38:21
19050.0,100,-900.0,0.0,SD,16629300.0,41627000.0,False,0.0,13:38:21
19050.0,300,-900.0,0.0,SD,16629300.0,41626900.0,False,0.0,13:38:20
19050.0,600,-900.0,0.0,BU,16629300.0,41626600.0,False,0.0,13:38:18
19050.0,400,-900.0,0.0,BU,16628700.0,41626600.0,False,0.0,13:38:17
19050.0,1200,-900.0,0.0,BU,16628300.0,41626600.0,False,0.0,13:38:17
19050.0,500,-900.0,0.0,SD,16627100.0,41626600.0,False,0.0,13:38:17
19050.0,900,-900.0,0.0,SD,16627100.0,41626100.0,False,0.0,13:38:17
19050.0,1000,-900.0,0.0,SD,16627100.0,41625200.0,False,0.0,13:38:17
19050.0,4000,-900.0,0.0,SD,16627100.0,41624200.0,False,0.0,13:38:17
19050.0,200,-900.0,0.0,SD,16627100.0,41620200.0,False,0.0,13:38:17
19050.0,1000,-900.0,0.0,SD,16627100.0,41620000.0,False,0.0,13:38:17
19050.0,1000,-900.0,0.0,SD,16627100.0,41619000.0,False,0.0,13:38:17
19050.0,800,-900.0,0.0,SD,16627100.0,41618000.0,False,0.0,13:38:17
19050.0,200,-900.0,0.0,SD,16627100.0,41617200.0,False,0.0,13:38:17
19050.0,500,-900.0,0.0,SD,16627100.0,41617000.0,False,0.0,13:38:17
19050.0,400,-900.0,0.0,SD,16627100.0,41616500.0,False,0.0,13:38:17
19050.0,600,-900.0,0.0,SD,16627100.0,41616100.0,False,0.0,13:38:17
19050.0,100,-900.0,0.0,SD,16627100.0,41615500.0,False,0.0,13:38:17
19050.0,1300,-900.0,0.0,SD,16627100.0,41615400.0,False,-50.0,13:38:17
19100.0,1000,-850.0,0.0,BU,16627100.0,41614100.0,False,0.0,13:38:16
19100.0,100,-850.0,0.0,BU,16626100.0,41614100.0,False,0.0,13:38:16
19100.0,200,-850.0,0.0,BU,16626000.0,41614100.0,False,0.0,13:38:16
19100.0,1000,-850.0,0.0,BU,16625800.0,41614100.0,False,0.0,13:38:16
19100.0,2700,-850.0,0.0,BU,16624800.0,41614100.0,False,50.0,13:38:16
19050.0,100,-900.0,0.0,SD,16622100.0,41614100.0,False,0.0,13:38:16
19050.0,200,-900.0,0.0,SD,16622100.0,41614000.0,False,0.0,13:38:15
19050.0,100,-900.0,0.0,SD,16622100.0,41613800.0,False,0.0,13:38:15
19050.0,1000,-900.0,0.0,SD,16622100.0,41613700.0,False,0.0,13:38:14
19050.0,500,-900.0,0.0,SD,16622100.0,41612700.0,False,0.0,13:38:14
19050.0,200,-900.0,0.0,SD,16622100.0,41612200.0,False,0.0,13:38:13
19050.0,1000,-900.0,0.0,SD,16622100.0,41612000.0,False,-50.0,13:38:13
19100.0,200,-850.0,0.0,BU,16622100.0,41611000.0,False,50.0,13:38:13
19050.0,100,-900.0,0.0,SD,16621900.0,41611000.0,False,0.0,13:38:13
19050.0,400,-900.0,0.0,SD,16621900.0,41610900.0,False,0.0,13:38:13
19050.0,500,-900.0,0.0,SD,16621900.0,41610500.0,False,0.0,13:38:13
19050.0,300,-900.0,0.0,SD,16621900.0,41610000.0,False,0.0,13:38:13
19050.0,700,-900.0,0.0,SD,16621900.0,41609700.0,False,0.0,13:38:13
19050.0,200,-900.0,0.0,SD,16621900.0,41609000.0,False,0.0,13:38:13
19050.0,2000,-900.0,0.0,SD,16621900.0,41608800.0,False,0.0,13:38:11
19050.0,100,-900.0,0.0,SD,16621900.0,41606800.0,False,0.0,13:38:10
19050.0,900,-900.0,0.0,SD,16621900.0,41606700.0,False,0.0,13:38:10
19050.0,100,-900.0,0.0,SD,16621900.0,41605800.0,False,0.0,13:38:10
19050.0,200,-900.0,0.0,SD,16621900.0,41605700.0,False,0.0,13:38:10
19050.0,500,-900.0,0.0,SD,16621900.0,41605500.0,False,0.0,13:38:10
19050.0,300,-900.0,0.0,SD,16621900.0,41605000.0,False,0.0,13:38:07
19050.0,5000,-900.0,0.0,SD,16621900.0,41604700.0,False,0.0,13:38:07
19050.0,2600,-900.0,0.0,SD,16621900.0,41599700.0,False,0.0,13:38:07
19050.0,100,-900.0,0.0,SD,16621900.0,41597100.0,False,0.0,13:38:07
19050.0,2000,-900.0,0.0,SD,16621900.0,41597000.0,False,0.0,13:38:07
19050.0,100,-900.0,0.0,SD,16621900.0,41595000.0,False,0.0,13:38:07
19050.0,100,-900.0,0.0,SD,16621900.0,41594900.0,False,0.0,13:38:07
19050.0,100,-900.0,0.0,SD,16621900.0,41594800.0,False,0.0,13:38:07
19050.0,800,-900.0,0.0,SD,16621900.0,41594700.0,False,0.0,13:38:07
19050.0,100,-900.0,0.0,SD,16621900.0,41593900.0,False,0.0,13:38:06
19050.0,100,-900.0,0.0,SD,16621900.0,41593800.0,False,0.0,13:38:05
19050.0,200,-900.0,0.0,SD,16621900.0,41593700.0,False,0.0,13:38:05
19050.0,3000,-900.0,0.0,SD,16621900.0,41593500.0,False,-50.0,13:38:04
19100.0,3600,-850.0,0.0,BU,16621900.0,41590500.0,False,0.0,13:38:03
19100.0,200,-850.0,0.0,BU,16618300.0,41590500.0,False,0.0,13:38:03
19100.0,3000,-850.0,0.0,BU,16618100.0,41590500.0,False,0.0,13:38:03
19100.0,100,-850.0,0.0,BU,16615100.0,41590500.0,False,0.0,13:38:03
19100.0,2900,-850.0,0.0,BU,16615000.0,41590500.0,False,50.0,13:38:03
19050.0,1800,-900.0,0.0,SD,16612100.0,41590500.0,False,0.0,13:38:03
19050.0,3200,-900.0,0.0,SD,16612100.0,41588700.0,False,0.0,13:38:03
19050.0,1000,-900.0,0.0,SD,16612100.0,41585500.0,False,0.0,13:38:02
19050.0,400,-900.0,0.0,SD,16612100.0,41584500.0,False,0.0,13:38:01
19050.0,5000,-900.0,0.0,SD,16612100.0,41584100.0,False,0.0,13:38:01
19050.0,100,-900.0,0.0,BU,16612100.0,41579100.0,False,0.0,13:38:01
19050.0,5000,-900.0,0.0,BU,16612000.0,41579100.0,False,0.0,13:38:01
19050.0,10000,-900.0,0.0,BU,16607000.0,41579100.0,False,0.0,13:38:01
19050.0,100,-900.0,0.0,BU,16597000.0,41579100.0,False,0.0,13:38:01
19050.0,500,-900.0,0.0,BU,16596900.0,41579100.0,False,0.0,13:38:01
19050.0,5700,-900.0,0.0,BU,16596400.0,41579100.0,False,0.0,13:38:01
19050.0,500,-900.0,0.0,BU,16590700.0,41579100.0,False,0.0,13:38:00
19050.0,500,-900.0,0.0,BU,16590200.0,41579100.0,False,0.0,13:37:59
19050.0,300,-900.0,0.0,BU,16589700.0,41579100.0,False,0.0,13:37:59
19050.0,500,-900.0,0.0,BU,16589400.0,41579100.0,False,0.0,13:37:59
19050.0,500,-900.0,0.0,BU,16588900.0,41579100.0,False,0.0,13:37:59
19050.0,200,-900.0,0.0,BU,16588400.0,41579100.0,False,0.0,13:37:58
19050.0,1000,-900.0,0.0,BU,16588200.0,41579100.0,False,0.0,13:37:58
19050.0,8000,-900.0,0.0,SD,16587200.0,41579100.0,False,0.0,13:37:58
19050.0,5000,-900.0,0.0,SD,16587200.0,41571100.0,False,-50.0,13:37:57
19100.0,600,-850.0,0.0,BU,16587200.0,41566100.0,False,50.0,13:37:57
19050.0,400,-900.0,0.0,BU,16586600.0,41566100.0,False,0.0,13:37:57
19050.0,300,-900.0,0.0,BU,16586200.0,41566100.0,False,0.0,13:37:57
19050.0,700,-900.0,0.0,BU,16585900.0,41566100.0,False,0.0,13:37:57
19050.0,2800,-900.0,0.0,BU,16585200.0,41566100.0,False,0.0,13:37:56
19050.0,6000,-900.0,0.0,BU,16582400.0,41566100.0,False,0.0,13:37:56
19050.0,100,-900.0,0.0,BU,16576400.0,41566100.0,False,0.0,13:37:56
19050.0,500,-900.0,0.0,BU,16576300.0,41566100.0,False,0.0,13:37:56
19050.0,300,-900.0,0.0,SD,16575800.0,41566100.0,False,0.0,13:37:55
19050.0,300,-900.0,0.0,SD,16575800.0,41565800.0,False,0.0,13:37:55
19050.0,100,-900.0,0.0,SD,16575800.0,41565500.0,False,0.0,13:37:55
19050.0,300,-900.0,0.0,SD,16575800.0,41565400.0,False,0.0,13:37:55
19050.0,1000,-900.0,0.0,SD,16575800.0,41565100.0,False,0.0,13:37:55
19050.0,500,-900.0,0.0,SD,16575800.0,41564100.0,False,0.0,13:37:55
19050.0,500,-900.0,0.0,SD,16575800.0,41563600.0,False,0.0,13:37:55
19050.0,200,-900.0,0.0,SD,16575800.0,41563100.0,False,0.0,13:37:55
19050.0,1000,-900.0,0.0,SD,16575800.0,41562900.0,False,0.0,13:37:55
19050.0,1500,-900.0,0.0,SD,16575800.0,41561900.0,False,0.0,13:37:55
19050.0,200,-900.0,0.0,SD,16575800.0,41560400.0,False,0.0,13:37:55
19050.0,4000,-900.0,0.0,SD,16575800.0,41560200.0,False,0.0,13:37:55
19050.0,1000,-900.0,0.0,SD,16575800.0,41556200.0,False,0.0,13:37:53
19050.0,200,-900.0,0.0,SD,16575800.0,41555200.0,False,0.0,13:37:53
19050.0,1000,-900.0,0.0,SD,16575800.0,41555000.0,False,0.0,13:37:53
19050.0,2000,-900.0,0.0,SD,16575800.0,41554000.0,False,0.0,13:37:53
19050.0,100,-900.0,0.0,SD,16575800.0,41552000.0,False,0.0,13:37:53
19050.0,100,-900.0,0.0,SD,16575800.0,41551900.0,False,0.0,13:37:52
19050.0,1000,-900.0,0.0,SD,16575800.0,41551800.0,False,0.0,13:37:51
19050.0,200,-900.0,0.0,SD,16575800.0,41550800.0,False,0.0,13:37:51
19050.0,800,-900.0,0.0,SD,16575800.0,41550600.0,False,0.0,13:37:51
19050.0,200,-900.0,0.0,SD,16575800.0,41549800.0,False,0.0,13:37:48
19050.0,300,-900.0,0.0,SD,16575800.0,41549600.0,False,0.0,13:37:48
19050.0,500,-900.0,0.0,SD,16575800.0,41549300.0,False,-50.0,13:37:47
19100.0,6200,-850.0,0.0,BU,16575800.0,41548800.0,False,50.0,13:37:47
19050.0,700,-900.0,0.0,SD,16569600.0,41548800.0,False,0.0,13:37:47
19050.0,100,-900.0,0.0,SD,16569600.0,41548100.0,False,0.0,13:37:47
19050.0,500,-900.0,0.0,SD,16569600.0,41548000.0,False,0.0,13:37:46
19050.0,400,-900.0,0.0,BU,16569600.0,41547500.0,False,-50.0,13:37:45
19100.0,5000,-850.0,0.0,BU,16569200.0,41547500.0,False,0.0,13:37:44
19100.0,500,-850.0,0.0,BU,16564200.0,41547500.0,False,50.0,13:37:44
19050.0,2000,-900.0,0.0,BU,16563700.0,41547500.0,False,-50.0,13:37:44
19100.0,300,-850.0,0.0,BU,16561700.0,41547500.0,False,0.0,13:37:44
19100.0,300,-850.0,0.0,BU,16561400.0,41547500.0,False,0.0,13:37:44
19100.0,1900,-850.0,0.0,BU,16561100.0,41547500.0,False,50.0,13:37:44
19050.0,100,-900.0,0.0,BU,16559200.0,41547500.0,False,0.0,13:37:44
19050.0,8900,-900.0,0.0,BU,16559100.0,41547500.0,False,0.0,13:37:44
19050.0,11000,-900.0,0.0,BU,16550200.0,41547500.0,True,0.0,13:37:44
19050.0,1000,-900.0,0.0,BU,16539200.0,41547500.0,False,0.0,13:37:44
19050.0,100,-900.0,0.0,BU,16538200.0,41547500.0,False,0.0,13:37:44
19050.0,400,-900.0,0.0,BU,16538100.0,41547500.0,False,0.0,13:37:44
19050.0,300,-900.0,0.0,BU,16537700.0,41547500.0,False,0.0,13:37:43
19050.0,500,-900.0,0.0,BU,16537400.0,41547500.0,False,0.0,13:37:43
19050.0,200,-900.0,0.0,BU,16536900.0,41547500.0,False,0.0,13:37:42
19050.0,400,-900.0,0.0,BU,16536700.0,41547500.0,False,0.0,13:37:42
19050.0,100,-900.0,0.0,BU,16536300.0,41547500.0,False,0.0,13:37:42
19050.0,500,-900.0,0.0,BU,16536200.0,41547500.0,False,0.0,13:37:42
19050.0,2000,-900.0,0.0,BU,16535700.0,41547500.0,False,0.0,13:37:41
19050.0,4800,-900.0,0.0,BU,16533700.0,41547500.0,False,0.0,13:37:40
19050.0,200,-900.0,0.0,BU,16528900.0,41547500.0,False,0.0,13:37:40
19050.0,500,-900.0,0.0,BU,16528700.0,41547500.0,False,0.0,13:37:39
19050.0,3000,-900.0,0.0,BU,16528200.0,41547500.0,False,0.0,13:37:39
19050.0,100,-900.0,0.0,BU,16525200.0,41547500.0,False,0.0,13:37:39
19050.0,600,-900.0,0.0,BU,16525100.0,41547500.0,False,0.0,13:37:39
19050.0,100,-900.0,0.0,BU,16524500.0,41547500.0,False,0.0,13:37:38
19050.0,6000,-900.0,0.0,BU,16524400.0,41547500.0,False,0.0,13:37:38
19050.0,100,-900.0,0.0,BU,16518400.0,41547500.0,False,0.0,13:37:37
19050.0,400,-900.0,0.0,BU,16518300.0,41547500.0,False,0.0,13:37:36
19050.0,2300,-900.0,0.0,BU,16517900.0,41547500.0,False,0.0,13:37:36
19050.0,500,-900.0,0.0,BU,16515600.0,41547500.0,False,0.0,13:37:36
19050.0,200,-900.0,0.0,BU,16515100.0,41547500.0,False,0.0,13:37:35
19050.0,200,-900.0,0.0,BU,16514900.0,41547500.0,False,0.0,13:37:35
19050.0,500,-900.0,0.0,BU,16514700.0,41547500.0,False,0.0,13:37:35
19050.0,100,-900.0,0.0,BU,16514200.0,41547500.0,False,0.0,13:37:35
19050.0,400,-900.0,0.0,BU,16514100.0,41547500.0,False,0.0,13:37:35
19050.0,100,-900.0,0.0,BU,16513700.0,41547500.0,False,0.0,13:37:34
19050.0,1300,-900.0,0.0,BU,16513600.0,41547500.0,False,0.0,13:37:34
19050.0,300,-900.0,0.0,BU,16512300.0,41547500.0,False,0.0,13:37:34
19050.0,400,-900.0,0.0,SD,16512000.0,41547500.0,False,0.0,13:37:33
19050.0,2000,-900.0,0.0,SD,16512000.0,41547100.0,False,0.0,13:37:33
19050.0,1500,-900.0,0.0,SD,16512000.0,41545100.0,False,0.0,13:37:33
19050.0,400,-900.0,0.0,SD,16512000.0,41543600.0,False,0.0,13:37:33
19050.0,1000,-900.0,0.0,SD,16512000.0,41543200.0,False,0.0,13:37:33
19050.0,3000,-900.0,0.0,SD,16512000.0,41542200.0,False,0.0,13:37:33
19050.0,100,-900.0,0.0,SD,16512000.0,41539200.0,False,0.0,13:37:33
19050.0,100,-900.0,0.0,SD,16512000.0,41539100.0,False,0.0,13:37:33
19050.0,1000,-900.0,0.0,SD,16512000.0,41539000.0,False,0.0,13:37:33
19050.0,3000,-900.0,0.0,SD,16512000.0,41538000.0,False,0.0,13:37:33
19050.0,400,-900.0,0.0,SD,16512000.0,41535000.0,False,0.0,13:37:33
19050.0,500,-900.0,0.0,SD,16512000.0,41534600.0,False,0.0,13:37:33
19050.0,100,-900.0,0.0,SD,16512000.0,41534100.0,False,0.0,13:37:33
19050.0,100,-900.0,0.0,SD,16512000.0,41534000.0,False,0.0,13:37:33
19050.0,5000,-900.0,0.0,SD,16512000.0,41533900.0,False,0.0,13:37:33
19050.0,5000,-900.0,0.0,SD,16512000.0,41528900.0,False,0.0,13:37:33
19050.0,3000,-900.0,0.0,SD,16512000.0,41523900.0,False,0.0,13:37:33
19050.0,800,-900.0,0.0,SD,16512000.0,41520900.0,False,0.0,13:37:33
19050.0,200,-900.0,0.0,SD,16512000.0,41520100.0,False,0.0,13:37:33
19050.0,1000,-900.0,0.0,SD,16512000.0,41519900.0,False,0.0,13:37:33
19050.0,600,-900.0,0.0,SD,16512000.0,41518900.0,False,0.0,13:37:33
19050.0,100,-900.0,0.0,SD,16512000.0,41518300.0,False,0.0,13:37:33
19050.0,500,-900.0,0.0,SD,16512000.0,41518200.0,False,0.0,13:37:33
19050.0,4000,-900.0,0.0,SD,16512000.0,41517700.0,False,0.0,13:37:33
19050.0,200,-900.0,0.0,SD,16512000.0,41513700.0,False,0.0,13:37:33
19050.0,2000,-900.0,0.0,SD,16512000.0,41513500.0,False,0.0,13:37:33
19050.0,200,-900.0,0.0,SD,16512000.0,41511500.0,False,0.0,13:37:33
19050.0,3000,-900.0,0.0,SD,16512000.0,41511300.0,False,0.0,13:37:33
19050.0,9200,-900.0,0.0,SD,16512000.0,41508300.0,False,0.0,13:37:33
19050.0,2000,-900.0,0.0,SD,16512000.0,41499100.0,False,0.0,13:37:33
19050.0,500,-900.0,0.0,SD,16512000.0,41497100.0,False,0.0,13:37:33
19050.0,200,-900.0,0.0,SD,16512000.0,41496600.0,False,0.0,13:37:33
19050.0,2200,-900.0,0.0,SD,16512000.0,41496400.0,False,0.0,13:37:33
19050.0,100,-900.0,0.0,SD,16512000.0,41494200.0,False,0.0,13:37:33
19050.0,2000,-900.0,0.0,SD,16512000.0,41494100.0,False,0.0,13:37:33
19050.0,100,-900.0,0.0,SD,16512000.0,41492100.0,False,0.0,13:37:33
19050.0,1000,-900.0,0.0,SD,16512000.0,41492000.0,False,0.0,13:37:33
19050.0,400,-900.0,0.0,SD,16512000.0,41491000.0,False,0.0,13:37:33
19050.0,4900,-900.0,0.0,SD,16512000.0,41490600.0,False,-50.0,13:37:33
19100.0,100,-850.0,0.0,BU,16512000.0,41485700.0,False,0.0,13:37:33
19100.0,400,-850.0,0.0,BU,16511900.0,41485700.0,False,0.0,13:37:33
19100.0,1800,-850.0,0.0,BU,16511500.0,41485700.0,False,50.0,13:37:32
19050.0,5100,-900.0,0.0,SD,16509700.0,41485700.0,False,0.0,13:37:32
19050.0,1000,-900.0,0.0,SD,16509700.0,41480600.0,False,0.0,13:37:32
19050.0,500,-900.0,0.0,SD,16509700.0,41479600.0,False,0.0,13:37:32
19050.0,1000,-900.0,0.0,SD,16509700.0,41479100.0,False,0.0,13:37:32
19050.0,1500,-900.0,0.0,SD,16509700.0,41478100.0,False,0.0,13:37:32
19050.0,300,-900.0,0.0,SD,16509700.0,41476600.0,False,-50.0,13:37:32
19100.0,300,-850.0,0.0,BU,16509700.0,41476300.0,False,50.0,13:37:31
19050.0,200,-900.0,0.0,SD,16509400.0,41476300.0,False,0.0,13:37:30
19050.0,300,-900.0,0.0,SD,16509400.0,41476100.0,False,-50.0,13:37:30
19100.0,100,-850.0,0.0,BU,16509400.0,41475800.0,False,0.0,13:37:30
19100.0,500,-850.0,0.0,BU,16509300.0,41475800.0,False,0.0,13:37:29
19100.0,100,-850.0,0.0,BU,16508800.0,41475800.0,False,0.0,13:37:29
19100.0,300,-850.0,0.0,BU,16508700.0,41475800.0,False,0.0,13:37:29
19100.0,300,-850.0,0.0,BU,16508400.0,41475800.0,False,0.0,13:37:29
19100.0,700,-850.0,0.0,BU,16508100.0,41475800.0,False,0.0,13:37:28
19100.0,500,-850.0,0.0,BU,16507400.0,41475800.0,False,0.0,13:37:28
19100.0,800,-850.0,0.0,BU,16506900.0,41475800.0,False,0.0,13:37:28
19100.0,1000,-850.0,0.0,BU,16506100.0,41475800.0,False,0.0,13:37:28
19100.0,500,-850.0,0.0,BU,16505100.0,41475800.0,False,0.0,13:37:28
19100.0,400,-850.0,0.0,BU,16504600.0,41475800.0,False,0.0,13:37:28
19100.0,23200,-850.0,0.0,BU,16504200.0,41475800.0,True,0.0,13:37:28
19100.0,400,-850.0,0.0,BU,16481000.0,41475800.0,False,0.0,13:37:28
19100.0,2000,-850.0,0.0,BU,16480600.0,41475800.0,False,0.0,13:37:28
19100.0,1000,-850.0,0.0,BU,16478600.0,41475800.0,False,0.0,13:37:28
19100.0,2000,-850.0,0.0,BU,16477600.0,41475800.0,False,0.0,13:37:28
19100.0,10000,-850.0,0.0,BU,16475600.0,41475800.0,False,0.0,13:37:28
19100.0,8200,-850.0,0.0,BU,16465600.0,41475800.0,False,0.0,13:37:28
19100.0,4400,-850.0,0.0,BU,16457400.0,41475800.0,False,0.0,13:37:28
19100.0,500,-850.0,0.0,BU,16453000.0,41475800.0,False,0.0,13:37:28
19100.0,100,-850.0,0.0,BU,16452500.0,41475800.0,False,50.0,13:37:28
19050.0,1000,-900.0,0.0,SD,16452400.0,41475800.0,False,-50.0,13:37:27
19100.0,200,-850.0,0.0,BU,16452400.0,41474800.0,False,0.0,13:37:27
19100.0,300,-850.0,0.0,BU,16452200.0,41474800.0,False,0.0,13:37:27
19100.0,100,-850.0,0.0,BU,16451900.0,41474800.0,False,0.0,13:37:27
19100.0,3000,-850.0,0.0,BU,16451800.0,41474800.0,False,0.0,13:37:25
19100.0,100,-850.0,0.0,BU,16448800.0,41474800.0,False,0.0,13:37:24
19100.0,100,-850.0,0.0,BU,16448700.0,41474800.0,False,0.0,13:37:24
19100.0,100,-850.0,0.0,BU,16448600.0,41474800.0,False,0.0,13:37:23
19100.0,5000,-850.0,0.0,BU,16448500.0,41474800.0,False,0.0,13:37:23
19100.0,1000,-850.0,0.0,BU,16443500.0,41474800.0,False,0.0,13:37:23
19100.0,3000,-850.0,0.0,BU,16442500.0,41474800.0,False,0.0,13:37:23
19100.0,1500,-850.0,0.0,BU,16439500.0,41474800.0,False,0.0,13:37:23
19100.0,100,-850.0,0.0,BU,16438000.0,41474800.0,False,0.0,13:37:23
19100.0,6400,-850.0,0.0,BU,16437900.0,41474800.0,False,0.0,13:37:23
19100.0,100,-850.0,0.0,BU,16431500.0,41474800.0,False,0.0,13:37:23
19100.0,1000,-850.0,0.0,BU,16431400.0,41474800.0,False,0.0,13:37:23
19100.0,1000,-850.0,0.0,BU,16430400.0,41474800.0,False,0.0,13:37:23
19100.0,500,-850.0,0.0,BU,16429400.0,41474800.0,False,0.0,13:37:23
19100.0,3000,-850.0,0.0,BU,16428900.0,41474800.0,False,0.0,13:37:23
19100.0,1000,-850.0,0.0,BU,16425900.0,41474800.0,False,0.0,13:37:23
19100.0,100,-850.0,0.0,BU,16424900.0,41474800.0,False,0.0,13:37:23
19100.0,400,-850.0,0.0,BU,16424800.0,41474800.0,False,0.0,13:37:23
19100.0,100,-850.0,0.0,BU,16424400.0,41474800.0,False,0.0,13:37:23
19100.0,500,-850.0,0.0,BU,16424300.0,41474800.0,False,0.0,13:37:23
19100.0,300,-850.0,0.0,BU,16423800.0,41474800.0,False,0.0,13:37:23
19100.0,100,-850.0,0.0,BU,16423500.0,41474800.0,False,0.0,13:37:23
19100.0,2000,-850.0,0.0,BU,16423400.0,41474800.0,False,0.0,13:37:23
19100.0,3000,-850.0,0.0,BU,16421400.0,41474800.0,False,0.0,13:37:23
19100.0,100,-850.0,0.0,BU,16418400.0,41474800.0,False,0.0,13:37:23
19100.0,100,-850.0,0.0,BU,16418300.0,41474800.0,False,0.0,13:37:23
19100.0,1000,-850.0,0.0,BU,16418200.0,41474800.0,False,0.0,13:37:23
19100.0,500,-850.0,0.0,BU,16417200.0,41474800.0,False,0.0,13:37:23
19100.0,1500,-850.0,0.0,BU,16416700.0,41474800.0,False,0.0,13:37:23
19100.0,1000,-850.0,0.0,BU,16415200.0,41474800.0,False,0.0,13:37:23
19100.0,2200,-850.0,0.0,BU,16414200.0,41474800.0,False,0.0,13:37:23
19100.0,1000,-850.0,0.0,BU,16412000.0,41474800.0,False,0.0,13:37:23
19100.0,7000,-850.0,0.0,BU,16411000.0,41474800.0,False,0.0,13:37:23
19100.0,100,-850.0,0.0,BU,16404000.0,41474800.0,False,0.0,13:37:23
19100.0,100,-850.0,0.0,BU,16403900.0,41474800.0,False,0.0,13:37:23
19100.0,100,-850.0,0.0,BU,16403800.0,41474800.0,False,0.0,13:37:23
19100.0,3000,-850.0,0.0,BU,16403700.0,41474800.0,False,0.0,13:37:23
19100.0,1000,-850.0,0.0,BU,16400700.0,41474800.0,False,0.0,13:37:23
19100.0,100,-850.0,0.0,BU,16399700.0,41474800.0,False,0.0,13:37:23
19100.0,1000,-850.0,0.0,BU,16399600.0,41474800.0,False,0.0,13:37:23
19100.0,1000,-850.0,0.0,BU,16398600.0,41474800.0,False,0.0,13:37:23
19100.0,100,-850.0,0.0,BU,16397600.0,41474800.0,False,0.0,13:37:22
19100.0,900,-850.0,0.0,BU,16397500.0,41474800.0,False,0.0,13:37:20
19100.0,100,-850.0,0.0,BU,16396600.0,41474800.0,False,0.0,13:37:20
19100.0,100,-850.0,0.0,BU,16396500.0,41474800.0,False,0.0,13:37:20
19100.0,100,-850.0,0.0,BU,16396400.0,41474800.0,False,0.0,13:37:20
19100.0,200,-850.0,0.0,BU,16396300.0,41474800.0,False,0.0,13:37:19
19100.0,200,-850.0,0.0,BU,16396100.0,41474800.0,False,50.0,13:37:19
19050.0,100,-900.0,0.0,SD,16395900.0,41474800.0,False,-50.0,13:37:18
19100.0,500,-850.0,0.0,BU,16395900.0,41474700.0,False,0.0,13:37:18
19100.0,500,-850.0,0.0,BU,16395400.0,41474700.0,False,0.0,13:37:17
19100.0,800,-850.0,0.0,BU,16394900.0,41474700.0,False,0.0,13:37:17
19100.0,100,-850.0,0.0,BU,16394100.0,41474700.0,False,0.0,13:37:17
19100.0,200,-850.0,0.0,BU,16394000.0,41474700.0,False,50.0,13:37:17
19050.0,500,-900.0,0.0,SD,16393800.0,41474700.0,False,0.0,13:37:17
19050.0,300,-900.0,0.0,SD,16393800.0,41474200.0,False,-50.0,13:37:16
19100.0,300,-850.0,0.0,BU,16393800.0,41473900.0,False,0.0,13:37:16
19100.0,100,-850.0,0.0,BU,16393500.0,41473900.0,False,50.0,13:37:16
19050.0,300,-900.0,0.0,SD,16393400.0,41473900.0,False,-50.0,13:37:14
19100.0,500,-850.0,0.0,BU,16393400.0,41473600.0,False,0.0,13:37:14
19100.0,500,-850.0,0.0,BU,16392900.0,41473600.0,False,0.0,13:37:13
19100.0,500,-850.0,0.0,BU,16392400.0,41473600.0,False,0.0,13:37:12
19100.0,200,-850.0,0.0,BU,16391900.0,41473600.0,False,0.0,13:37:12
19100.0,800,-850.0,0.0,BU,16391700.0,41473600.0,False,0.0,13:37:10
19100.0,2300,-850.0,0.0,BU,16390900.0,41473600.0,False,50.0,13:37:10
19050.0,100,-900.0,0.0,SD,16388600.0,41473600.0,False,0.0,13:37:10
19050.0,1000,-900.0,0.0,SD,16388600.0,41473500.0,False,-50.0,13:37:07
19100.0,700,-850.0,0.0,BU,16388600.0,41472500.0,False,0.0,13:37:06
19100.0,700,-850.0,0.0,BU,16387900.0,41472500.0,False,0.0,13:37:06
19100.0,100,-850.0,0.0,BU,16387200.0,41472500.0,False,50.0,13:37:06
19050.0,500,-900.0,0.0,SD,16387100.0,41472500.0,False,0.0,13:37:03
19050.0,500,-900.0,0.0,SD,16387100.0,41472000.0,False,0.0,13:37:02
19050.0,200,-900.0,0.0,BU,16387100.0,41471500.0,False,0.0,13:37:01
19050.0,200,-900.0,0.0,BU,16386900.0,41471500.0,False,0.0,13:37:01
19050.0,100,-900.0,0.0,BU,16386700.0,41471500.0,False,0.0,13:37:01
19050.0,900,-900.0,0.0,BU,16386600.0,41471500.0,False,0.0,13:37:01
19050.0,1000,-900.0,0.0,BU,16385700.0,41471500.0,False,0.0,13:37:01
19050.0,1000,-900.0,0.0,BU,16384700.0,41471500.0,False,0.0,13:37:01
19050.0,100,-900.0,0.0,BU,16383700.0,41471500.0,False,0.0,13:37:01
19050.0,200,-900.0,0.0,BU,16383600.0,41471500.0,False,0.0,13:37:01
19050.0,100,-900.0,0.0,BU,16383400.0,41471500.0,False,0.0,13:37:01
19050.0,1000,-900.0,0.0,BU,16383300.0,41471500.0,False,0.0,13:37:01
19050.0,200,-900.0,0.0,BU,16382300.0,41471500.0,False,0.0,13:37:01
19050.0,100,-900.0,0.0,BU,16382100.0,41471500.0,False,0.0,13:37:01
19050.0,2000,-900.0,0.0,BU,16382000.0,41471500.0,False,0.0,13:37:01
19050.0,1000,-900.0,0.0,BU,16380000.0,41471500.0,False,0.0,13:37:01
19050.0,600,-900.0,0.0,BU,16379000.0,41471500.0,False,0.0,13:37:01
19050.0,5000,-900.0,0.0,BU,16378400.0,41471500.0,False,0.0,13:37:01
19050.0,100,-900.0,0.0,BU,16373400.0,41471500.0,False,0.0,13:37:01
19050.0,100,-900.0,0.0,BU,16373300.0,41471500.0,False,0.0,13:37:01
19050.0,200,-900.0,0.0,BU,16373200.0,41471500.0,False,0.0,13:37:01
19050.0,100,-900.0,0.0,BU,16373000.0,41471500.0,False,0.0,13:37:01
19050.0,100,-900.0,0.0,BU,16372900.0,41471500.0,False,0.0,13:37:01
19050.0,1000,-900.0,0.0,BU,16372800.0,41471500.0,False,0.0,13:37:01
19050.0,100,-900.0,0.0,BU,16371800.0,41471500.0,False,0.0,13:37:01
19050.0,300,-900.0,0.0,BU,16371700.0,41471500.0,False,0.0,13:37:01
19050.0,2000,-900.0,0.0,BU,16371400.0,41471500.0,False,0.0,13:37:01
19050.0,500,-900.0,0.0,BU,16369400.0,41471500.0,False,0.0,13:37:01
19050.0,2000,-900.0,0.0,BU,16368900.0,41471500.0,False,0.0,13:37:01
19050.0,200,-900.0,0.0,BU,16366900.0,41471500.0,False,0.0,13:37:01
19050.0,100,-900.0,0.0,BU,16366700.0,41471500.0,False,0.0,13:37:01
19050.0,300,-900.0,0.0,BU,16366600.0,41471500.0,False,0.0,13:37:01
19050.0,1700,-900.0,0.0,BU,16366300.0,41471500.0,False,0.0,13:37:01
19050.0,2300,-900.0,0.0,BU,16364600.0,41471500.0,False,0.0,13:37:01
19050.0,600,-900.0,0.0,BU,16362300.0,41471500.0,False,0.0,13:37:01
19050.0,400,-900.0,0.0,BU,16361700.0,41471500.0,False,0.0,13:37:01
19050.0,500,-900.0,0.0,BU,16361300.0,41471500.0,False,0.0,13:37:01
19050.0,100,-900.0,0.0,BU,16360800.0,41471500.0,False,0.0,13:37:01
19050.0,1100,-900.0,0.0,BU,16360700.0,41471500.0,False,0.0,13:37:01
19050.0,200,-900.0,0.0,BU,16359600.0,41471500.0,False,0.0,13:37:00
19050.0,2200,-900.0,0.0,BU,16359400.0,41471500.0,False,0.0,13:37:00
19050.0,100,-900.0,0.0,BU,16357200.0,41471500.0,False,0.0,13:36:59
19050.0,800,-900.0,0.0,BU,16357100.0,41471500.0,False,0.0,13:36:59
19050.0,2800,-900.0,0.0,BU,16356300.0,41471500.0,False,0.0,13:36:57
19050.0,500,-900.0,0.0,BU,16353500.0,41471500.0,False,0.0,13:36:56
19050.0,100,-900.0,0.0,BU,16353000.0,41471500.0,False,0.0,13:36:56
19050.0,1000,-900.0,0.0,BU,16352900.0,41471500.0,False,0.0,13:36:55
19050.0,1000,-900.0,0.0,BU,16351900.0,41471500.0,False,0.0,13:36:53
19050.0,200,-900.0,0.0,BU,16350900.0,41471500.0,False,0.0,13:36:52
19050.0,100,-900.0,0.0,BU,16350700.0,41471500.0,False,0.0,13:36:52
19050.0,1000,-900.0,0.0,BU,16350600.0,41471500.0,False,50.0,13:36:52
19000.0,200,-950.0,0.0,SD,16349600.0,41471500.0,False,-50.0,13:36:50
19050.0,900,-900.0,0.0,BU,16349600.0,41471300.0,False,0.0,13:36:49
19050.0,100,-900.0,0.0,BU,16348700.0,41471300.0,False,0.0,13:36:48
19050.0,200,-900.0,0.0,BU,16348600.0,41471300.0,False,0.0,13:36:48
19050.0,200,-900.0,0.0,BU,16348400.0,41471300.0,False,50.0,13:36:48
19000.0,3000,-950.0,0.0,SD,16348200.0,41471300.0,False,-50.0,13:36:48
19050.0,500,-900.0,0.0,BU,16348200.0,41468300.0,False,0.0,13:36:48
19050.0,100,-900.0,0.0,BU,16347700.0,41468300.0,False,0.0,13:36:47
19050.0,500,-900.0,0.0,BU,16347600.0,41468300.0,False,0.0,13:36:46
19050.0,300,-900.0,0.0,BU,16347100.0,41468300.0,False,0.0,13:36:45
19050.0,200,-900.0,0.0,BU,16346800.0,41468300.0,False,0.0,13:36:44
19050.0,2700,-900.0,0.0,BU,16346600.0,41468300.0,False,50.0,13:36:44
19000.0,1500,-950.0,0.0,SD,16343900.0,41468300.0,False,-50.0,13:36:44
19050.0,3000,-900.0,0.0,BU,16343900.0,41466800.0,False,0.0,13:36:43
19050.0,1000,-900.0,0.0,BU,16340900.0,41466800.0,False,0.0,13:36:42
19050.0,1400,-900.0,0.0,BU,16339900.0,41466800.0,False,50.0,13:36:42
19000.0,6000,-950.0,0.0,SD,16338500.0,41466800.0,False,0.0,13:36:41
19000.0,5500,-950.0,0.0,SD,16338500.0,41460800.0,False,0.0,13:36:41
19000.0,14000,-950.0,0.0,SD,16338500.0,41455300.0,True,-50.0,13:36:39
19050.0,200,-900.0,0.0,BU,16338500.0,41441300.0,False,50.0,13:36:39
19000.0,100,-950.0,0.0,SD,16338300.0,41441300.0,False,-50.0,13:36:38
19050.0,600,-900.0,0.0,BU,16338300.0,41441200.0,False,0.0,13:36:36
19050.0,500,-900.0,0.0,BU,16337700.0,41441200.0,False,0.0,13:36:35
19050.0,100,-900.0,0.0,BU,16337200.0,41441200.0,False,50.0,13:36:35
19000.0,100,-950.0,0.0,SD,16337100.0,41441200.0,False,0.0,13:36:35
19000.0,200,-950.0,0.0,SD,16337100.0,41441100.0,False,0.0,13:36:34
19000.0,100,-950.0,0.0,SD,16337100.0,41440900.0,False,-50.0,13:36:30
19050.0,500,-900.0,0.0,BU,16337100.0,41440800.0,False,50.0,13:36:29
19000.0,1000,-950.0,0.0,BU,16336600.0,41440800.0,False,0.0,13:36:27
19000.0,100,-950.0,0.0,BU,16335600.0,41440800.0,False,0.0,13:36:27
19000.0,3000,-950.0,0.0,BU,16335500.0,41440800.0,False,0.0,13:36:27
19000.0,100,-950.0,0.0,BU,16332500.0,41440800.0,False,0.0,13:36:27
19000.0,100,-950.0,0.0,BU,16332400.0,41440800.0,False,0.0,13:36:27
19000.0,1300,-950.0,0.0,BU,16332300.0,41440800.0,False,0.0,13:36:27
19000.0,200,-950.0,0.0,BU,16331000.0,41440800.0,False,0.0,13:36:27
19000.0,100,-950.0,0.0,BU,16330800.0,41440800.0,False,0.0,13:36:27
19000.0,800,-950.0,0.0,BU,16330700.0,41440800.0,False,0.0,13:36:27
19000.0,2000,-950.0,0.0,BU,16329900.0,41440800.0,False,0.0,13:36:27
19000.0,1000,-950.0,0.0,BU,16327900.0,41440800.0,False,0.0,13:36:27
19000.0,500,-950.0,0.0,BU,16326900.0,41440800.0,False,0.0,13:36:27
19000.0,100,-950.0,0.0,BU,16326400.0,41440800.0,False,0.0,13:36:27
19000.0,2000,-950.0,0.0,BU,16326300.0,41440800.0,False,0.0,13:36:27
19000.0,700,-950.0,0.0,BU,16324300.0,41440800.0,False,0.0,13:36:27
19000.0,5000,-950.0,0.0,BU,16323600.0,41440800.0,False,0.0,13:36:27
19000.0,2000,-950.0,0.0,BU,16318600.0,41440800.0,False,0.0,13:36:27
19000.0,200,-950.0,0.0,BU,16316600.0,41440800.0,False,0.0,13:36:27
19000.0,100,-950.0,0.0,BU,16316400.0,41440800.0,False,0.0,13:36:27
19000.0,12100,-950.0,0.0,BU,16316300.0,41440800.0,True,0.0,13:36:27
19000.0,10000,-950.0,0.0,BU,16304200.0,41440800.0,False,0.0,13:36:27
19000.0,100,-950.0,0.0,BU,16294200.0,41440800.0,False,0.0,13:36:27
19000.0,2000,-950.0,0.0,BU,16294100.0,41440800.0,False,0.0,13:36:27
19000.0,500,-950.0,0.0,BU,16292100.0,41440800.0,False,0.0,13:36:27
19000.0,1000,-950.0,0.0,BU,16291600.0,41440800.0,False,0.0,13:36:27
19000.0,100,-950.0,0.0,BU,16290600.0,41440800.0,False,0.0,13:36:27
19000.0,3000,-950.0,0.0,BU,16290500.0,41440800.0,False,0.0,13:36:27
19000.0,1000,-950.0,0.0,BU,16287500.0,41440800.0,False,0.0,13:36:27
19000.0,600,-950.0,0.0,BU,16286500.0,41440800.0,False,0.0,13:36:27
19000.0,1000,-950.0,0.0,BU,16285900.0,41440800.0,False,0.0,13:36:27
19000.0,1000,-950.0,0.0,BU,16284900.0,41440800.0,False,0.0,13:36:27
19000.0,1000,-950.0,0.0,BU,16283900.0,41440800.0,False,0.0,13:36:27
19000.0,200,-950.0,0.0,BU,16282900.0,41440800.0,False,0.0,13:36:27
19000.0,2000,-950.0,0.0,BU,16282700.0,41440800.0,False,0.0,13:36:27
19000.0,100,-950.0,0.0,BU,16280700.0,41440800.0,False,0.0,13:36:27
19000.0,2600,-950.0,0.0,BU,16280600.0,41440800.0,False,0.0,13:36:27
19000.0,300,-950.0,0.0,BU,16278000.0,41440800.0,False,0.0,13:36:27
19000.0,100,-950.0,0.0,BU,16277700.0,41440800.0,False,0.0,13:36:27
19000.0,2500,-950.0,0.0,BU,16277600.0,41440800.0,False,0.0,13:36:27
19000.0,200,-950.0,0.0,BU,16275100.0,41440800.0,False,0.0,13:36:27
19000.0,1000,-950.0,0.0,BU,16274900.0,41440800.0,False,0.0,13:36:27
19000.0,14100,-950.0,0.0,BU,16273900.0,41440800.0,True,0.0,13:36:27
19000.0,100,-950.0,0.0,BU,16259800.0,41440800.0,False,0.0,13:36:27
19000.0,500,-950.0,0.0,BU,16259700.0,41440800.0,False,0.0,13:36:27
19000.0,300,-950.0,0.0,BU,16259200.0,41440800.0,False,0.0,13:36:27
19000.0,15000,-950.0,0.0,BU,16258900.0,41440800.0,True,0.0,13:36:27
19000.0,500,-950.0,0.0,BU,16243900.0,41440800.0,False,0.0,13:36:27
19000.0,10800,-950.0,0.0,BU,16243400.0,41440800.0,True,0.0,13:36:27
19000.0,1500,-950.0,0.0,BU,16232600.0,41440800.0,False,0.0,13:36:27
19000.0,500,-950.0,0.0,BU,16231100.0,41440800.0,False,0.0,13:36:27
19000.0,500,-950.0,0.0,BU,16230600.0,41440800.0,False,0.0,13:36:27
19000.0,500,-950.0,0.0,BU,16230100.0,41440800.0,False,0.0,13:36:27
19000.0,1000,-950.0,0.0,BU,16229600.0,41440800.0,False,0.0,13:36:27
19000.0,100,-950.0,0.0,BU,16228600.0,41440800.0,False,0.0,13:36:27
19000.0,1000,-950.0,0.0,BU,16228500.0,41440800.0,False,0.0,13:36:27
19000.0,500,-950.0,0.0,BU,16227500.0,41440800.0,False,0.0,13:36:27
19000.0,1000,-950.0,0.0,BU,16227000.0,41440800.0,False,0.0,13:36:27
19000.0,1000,-950.0,0.0,BU,16226000.0,41440800.0,False,0.0,13:36:27
19000.0,1500,-950.0,0.0,BU,16225000.0,41440800.0,False,0.0,13:36:27
19000.0,100,-950.0,0.0,BU,16223500.0,41440800.0,False,0.0,13:36:27
19000.0,2600,-950.0,0.0,BU,16223400.0,41440800.0,False,0.0,13:36:27
19000.0,1000,-950.0,0.0,BU,16220800.0,41440800.0,False,0.0,13:36:27
19000.0,500,-950.0,0.0,BU,16219800.0,41440800.0,False,0.0,13:36:27
19000.0,1500,-950.0,0.0,BU,16219300.0,41440800.0,False,0.0,13:36:27
19000.0,1000,-950.0,0.0,BU,16217800.0,41440800.0,False,0.0,13:36:27
19000.0,1000,-950.0,0.0,BU,16216800.0,41440800.0,False,0.0,13:36:27
19000.0,2400,-950.0,0.0,BU,16215800.0,41440800.0,False,0.0,13:36:27
19000.0,3000,-950.0,0.0,BU,16213400.0,41440800.0,False,0.0,13:36:26
19000.0,300,-950.0,0.0,BU,16210400.0,41440800.0,False,0.0,13:36:26
19000.0,9300,-950.0,0.0,BU,16210100.0,41440800.0,False,0.0,13:36:26
19000.0,700,-950.0,0.0,BU,16200800.0,41440800.0,False,0.0,13:36:26
19000.0,1100,-950.0,0.0,BU,16200100.0,41440800.0,False,0.0,13:36:26
19000.0,1200,-950.0,0.0,BU,16199000.0,41440800.0,False,0.0,13:36:26
19000.0,1000,-950.0,0.0,BU,16197800.0,41440800.0,False,0.0,13:36:26
19000.0,2000,-950.0,0.0,BU,16196800.0,41440800.0,False,0.0,13:36:26
19000.0,1000,-950.0,0.0,BU,16194800.0,41440800.0,False,0.0,13:36:26
19000.0,1000,-950.0,0.0,BU,16193800.0,41440800.0,False,0.0,13:36:26
19000.0,10800,-950.0,0.0,BU,16192800.0,41440800.0,True,0.0,13:36:26
19000.0,1100,-950.0,0.0,BU,16182000.0,41440800.0,False,0.0,13:36:26
19000.0,100,-950.0,0.0,BU,16180900.0,41440800.0,False,0.0,13:36:26
19000.0,1000,-950.0,0.0,BU,16180800.0,41440800.0,False,0.0,13:36:26
19000.0,2000,-950.0,0.0,BU,16179800.0,41440800.0,False,0.0,13:36:26
19000.0,5000,-950.0,0.0,BU,16177800.0,41440800.0,False,0.0,13:36:26
19000.0,400,-950.0,0.0,BU,16172800.0,41440800.0,False,0.0,13:36:26
19000.0,500,-950.0,0.0,BU,16172400.0,41440800.0,False,0.0,13:36:25
19000.0,100,-950.0,0.0,BU,16171900.0,41440800.0,False,0.0,13:36:25
19000.0,200,-950.0,0.0,BU,16171800.0,41440800.0,False,0.0,13:36:24
19000.0,200,-950.0,0.0,BU,16171600.0,41440800.0,False,0.0,13:36:24
19000.0,100,-950.0,0.0,BU,16171400.0,41440800.0,False,0.0,13:36:24
19000.0,1000,-950.0,0.0,BU,16171300.0,41440800.0,False,0.0,13:36:24
19000.0,1000,-950.0,0.0,BU,16170300.0,41440800.0,False,0.0,13:36:23
19000.0,100,-950.0,0.0,BU,16169300.0,41440800.0,False,0.0,13:36:23
19000.0,100,-950.0,0.0,BU,16169200.0,41440800.0,False,50.0,13:36:23
18950.0,500,-1000.0,-0.1,SD,16169100.0,41440800.0,False,-50.0,13:36:23
19000.0,2500,-950.0,0.0,BU,16169100.0,41440300.0,False,0.0,13:36:22
19000.0,400,-950.0,0.0,BU,16166600.0,41440300.0,False,0.0,13:36:22
19000.0,6400,-950.0,0.0,BU,16166200.0,41440300.0,False,0.0,13:36:22
19000.0,1600,-950.0,0.0,BU,16159800.0,41440300.0,False,0.0,13:36:22
19000.0,400,-950.0,0.0,BU,16158200.0,41440300.0,False,0.0,13:36:22
19000.0,600,-950.0,0.0,BU,16157800.0,41440300.0,False,0.0,13:36:22
19000.0,400,-950.0,0.0,BU,16157200.0,41440300.0,False,0.0,13:36:22
19000.0,100,-950.0,0.0,BU,16156800.0,41440300.0,False,0.0,13:36:21
19000.0,400,-950.0,0.0,BU,16156700.0,41440300.0,False,0.0,13:36:21
19000.0,200,-950.0,0.0,BU,16156300.0,41440300.0,False,0.0,13:36:21
19000.0,100,-950.0,0.0,BU,16156100.0,41440300.0,False,0.0,13:36:19
19000.0,200,-950.0,0.0,BU,16156000.0,41440300.0,False,0.0,13:36:19
19000.0,200,-950.0,0.0,BU,16155800.0,41440300.0,False,0.0,13:36:19
19000.0,300,-950.0,0.0,BU,16155600.0,41440300.0,False,0.0,13:36:19
19000.0,500,-950.0,0.0,BU,16155300.0,41440300.0,False,0.0,13:36:19
19000.0,1000,-950.0,0.0,BU,16154800.0,41440300.0,False,0.0,13:36:19
19000.0,100,-950.0,0.0,BU,16153800.0,41440300.0,False,0.0,13:36:18
19000.0,300,-950.0,0.0,BU,16153700.0,41440300.0,False,0.0,13:36:18
19000.0,400,-950.0,0.0,BU,16153400.0,41440300.0,False,0.0,13:36:18
19000.0,2000,-950.0,0.0,BU,16153000.0,41440300.0,False,0.0,13:36:17
19000.0,400,-950.0,0.0,BU,16151000.0,41440300.0,False,0.0,13:36:17
19000.0,100,-950.0,0.0,BU,16150600.0,41440300.0,False,0.0,13:36:17
19000.0,500,-950.0,0.0,BU,16150500.0,41440300.0,False,0.0,13:36:17
19000.0,1000,-950.0,0.0,BU,16150000.0,41440300.0,False,0.0,13:36:17
19000.0,500,-950.0,0.0,BU,16149000.0,41440300.0,False,0.0,13:36:16
19000.0,400,-950.0,0.0,BU,16148500.0,41440300.0,False,0.0,13:36:16
19000.0,1400,-950.0,0.0,BU,16148100.0,41440300.0,False,0.0,13:36:16
19000.0,1000,-950.0,0.0,BU,16146700.0,41440300.0,False,0.0,13:36:16
19000.0,500,-950.0,0.0,BU,16145700.0,41440300.0,False,0.0,13:36:16
19000.0,500,-950.0,0.0,BU,16145200.0,41440300.0,False,0.0,13:36:16
19000.0,200,-950.0,0.0,BU,16144700.0,41440300.0,False,0.0,13:36:16
19000.0,300,-950.0,0.0,BU,16144500.0,41440300.0,False,0.0,13:36:16
19000.0,700,-950.0,0.0,BU,16144200.0,41440300.0,False,0.0,13:36:16
19000.0,200,-950.0,0.0,BU,16143500.0,41440300.0,False,0.0,13:36:16
19000.0,3000,-950.0,0.0,BU,16143300.0,41440300.0,False,0.0,13:36:16
19000.0,500,-950.0,0.0,BU,16140300.0,41440300.0,False,0.0,13:36:16
19000.0,1000,-950.0,0.0,BU,16139800.0,41440300.0,False,0.0,13:36:16
19000.0,100,-950.0,0.0,BU,16138800.0,41440300.0,False,0.0,13:36:16
19000.0,400,-950.0,0.0,BU,16138700.0,41440300.0,False,0.0,13:36:16
19000.0,800,-950.0,0.0,BU,16138300.0,41440300.0,False,0.0,13:36:16
19000.0,800,-950.0,0.0,BU,16137500.0,41440300.0,False,0.0,13:36:16
19000.0,500,-950.0,0.0,BU,16136700.0,41440300.0,False,0.0,13:36:16
19000.0,1000,-950.0,0.0,BU,16136200.0,41440300.0,False,0.0,13:36:16
19000.0,200,-950.0,0.0,BU,16135200.0,41440300.0,False,0.0,13:36:16
19000.0,1000,-950.0,0.0,BU,16135000.0,41440300.0,False,0.0,13:36:16
19000.0,4700,-950.0,0.0,BU,16134000.0,41440300.0,False,0.0,13:36:16
19000.0,100,-950.0,0.0,BU,16129300.0,41440300.0,False,0.0,13:36:16
19000.0,600,-950.0,0.0,BU,16129200.0,41440300.0,False,0.0,13:36:16
19000.0,300,-950.0,0.0,BU,16128600.0,41440300.0,False,0.0,13:36:16
19000.0,100,-950.0,0.0,BU,16128300.0,41440300.0,False,0.0,13:36:16
19000.0,100,-950.0,0.0,BU,16128200.0,41440300.0,False,0.0,13:36:16
19000.0,700,-950.0,0.0,BU,16128100.0,41440300.0,False,0.0,13:36:16
19000.0,200,-950.0,0.0,BU,16127400.0,41440300.0,False,0.0,13:36:16
19000.0,300,-950.0,0.0,BU,16127200.0,41440300.0,False,0.0,13:36:15
19000.0,100,-950.0,0.0,BU,16126900.0,41440300.0,False,0.0,13:36:15
19000.0,2000,-950.0,0.0,BU,16126800.0,41440300.0,False,0.0,13:36:15
19000.0,500,-950.0,0.0,BU,16124800.0,41440300.0,False,0.0,13:36:15
19000.0,2400,-950.0,0.0,BU,16124300.0,41440300.0,False,0.0,13:36:15
19000.0,1000,-950.0,0.0,BU,16121900.0,41440300.0,False,0.0,13:36:15
19000.0,300,-950.0,0.0,BU,16120900.0,41440300.0,False,0.0,13:36:15
19000.0,400,-950.0,0.0,BU,16120600.0,41440300.0,False,0.0,13:36:15
19000.0,900,-950.0,0.0,BU,16120200.0,41440300.0,False,0.0,13:36:14
19000.0,100,-950.0,0.0,BU,16119300.0,41440300.0,False,0.0,13:36:14
19000.0,400,-950.0,0.0,BU,16119200.0,41440300.0,False,0.0,13:36:13
19000.0,100,-950.0,0.0,BU,16118800.0,41440300.0,False,0.0,13:36:13
19000.0,100,-950.0,0.0,BU,16118700.0,41440300.0,False,0.0,13:36:13
19000.0,100,-950.0,0.0,BU,16118600.0,41440300.0,False,0.0,13:36:12
19000.0,200,-950.0,0.0,BU,16118500.0,41440300.0,False,0.0,13:36:12
19000.0,200,-950.0,0.0,BU,16118300.0,41440300.0,False,0.0,13:36:11
19000.0,2000,-950.0,0.0,BU,16118100.0,41440300.0,False,0.0,13:36:11
19000.0,200,-950.0,0.0,BU,16116100.0,41440300.0,False,0.0,13:36:11
19000.0,600,-950.0,0.0,BU,16115900.0,41440300.0,False,0.0,13:36:11
19000.0,400,-950.0,0.0,BU,16115300.0,41440300.0,False,0.0,13:36:11
19000.0,1600,-950.0,0.0,BU,16114900.0,41440300.0,False,0.0,13:36:11
19000.0,200,-950.0,0.0,BU,16113300.0,41440300.0,False,50.0,13:36:10
18950.0,300,-1000.0,-0.1,SD,16113100.0,41440300.0,False,-50.0,13:36:09
19000.0,2000,-950.0,0.0,BU,16113100.0,41440000.0,False,0.0,13:36:08
19000.0,300,-950.0,0.0,BU,16111100.0,41440000.0,False,0.0,13:36:08
19000.0,1000,-950.0,0.0,BU,16110800.0,41440000.0,False,0.0,13:36:08
19000.0,4500,-950.0,0.0,BU,16109800.0,41440000.0,False,0.0,13:36:08
19000.0,1000,-950.0,0.0,BU,16105300.0,41440000.0,False,0.0,13:36:08
19000.0,500,-950.0,0.0,BU,16104300.0,41440000.0,False,0.0,13:36:08
19000.0,100,-950.0,0.0,BU,16103800.0,41440000.0,False,0.0,13:36:07
19000.0,1000,-950.0,0.0,BU,16103700.0,41440000.0,False,0.0,13:36:07
19000.0,900,-950.0,0.0,BU,16102700.0,41440000.0,False,0.0,13:36:07
19000.0,200,-950.0,0.0,BU,16101800.0,41440000.0,False,0.0,13:36:07
19000.0,300,-950.0,0.0,BU,16101600.0,41440000.0,False,0.0,13:36:06
19000.0,100,-950.0,0.0,BU,16101300.0,41440000.0,False,0.0,13:36:05
19000.0,200,-950.0,0.0,BU,16101200.0,41440000.0,False,0.0,13:36:04
19000.0,1000,-950.0,0.0,BU,16101000.0,41440000.0,False,0.0,13:36:04
19000.0,1300,-950.0,0.0,BU,16100000.0,41440000.0,False,0.0,13:36:04
19000.0,1200,-950.0,0.0,BU,16098700.0,41440000.0,False,50.0,13:36:04
18950.0,2000,-1000.0,-0.1,SD,16097500.0,41440000.0,False,-50.0,13:36:03
19000.0,200,-950.0,0.0,BU,16097500.0,41438000.0,False,0.0,13:36:02
19000.0,800,-950.0,0.0,BU,16097300.0,41438000.0,False,0.0,13:36:02
19000.0,2000,-950.0,0.0,BU,16096500.0,41438000.0,False,0.0,13:36:02
19000.0,3000,-950.0,0.0,BU,16094500.0,41438000.0,False,0.0,13:36:02
19000.0,4000,-950.0,0.0,BU,16091500.0,41438000.0,False,0.0,13:36:02
19000.0,4000,-950.0,0.0,BU,16087500.0,41438000.0,False,0.0,13:36:02
19000.0,100,-950.0,0.0,BU,16083500.0,41438000.0,False,0.0,13:36:02
19000.0,1000,-950.0,0.0,BU,16083400.0,41438000.0,False,0.0,13:36:02
19000.0,500,-950.0,0.0,BU,16082400.0,41438000.0,False,50.0,13:36:01
18950.0,400,-1000.0,-0.1,SD,16081900.0,41438000.0,False,-50.0,13:36:01
19000.0,400,-950.0,0.0,BU,16081900.0,41437600.0,False,0.0,13:36:01
19000.0,100,-950.0,0.0,BU,16081500.0,41437600.0,False,50.0,13:36:01
18950.0,200,-1000.0,-0.1,SD,16081400.0,41437600.0,False,-50.0,13:36:00
19000.0,800,-950.0,0.0,BU,16081400.0,41437400.0,False,0.0,13:35:59
19000.0,400,-950.0,0.0,BU,16080600.0,41437400.0,False,0.0,13:35:59
19000.0,400,-950.0,0.0,BU,16080200.0,41437400.0,False,0.0,13:35:59
19000.0,1500,-950.0,0.0,BU,16079800.0,41437400.0,False,0.0,13:35:59
19000.0,700,-950.0,0.0,BU,16078300.0,41437400.0,False,0.0,13:35:59
19000.0,10300,-950.0,0.0,BU,16077600.0,41437400.0,False,0.0,13:35:59
19000.0,1200,-950.0,0.0,BU,16067300.0,41437400.0,False,0.0,13:35:59
19000.0,200,-950.0,0.0,BU,16066100.0,41437400.0,False,50.0,13:35:59
18950.0,100,-1000.0,-0.1,SD,16065900.0,41437400.0,False,-50.0,13:35:58
19000.0,8600,-950.0,0.0,BU,16065900.0,41437300.0,False,0.0,13:35:58
19000.0,2500,-950.0,0.0,BU,16057300.0,41437300.0,False,0.0,13:35:58
19000.0,300,-950.0,0.0,BU,16054800.0,41437300.0,False,0.0,13:35:58
19000.0,1000,-950.0,0.0,BU,16054500.0,41437300.0,False,0.0,13:35:58
19000.0,500,-950.0,0.0,BU,16053500.0,41437300.0,False,0.0,13:35:58
19000.0,1200,-950.0,0.0,BU,16053000.0,41437300.0,False,0.0,13:35:57
19000.0,5000,-950.0,0.0,BU,16051800.0,41437300.0,False,0.0,13:35:57
19000.0,4800,-950.0,0.0,BU,16046800.0,41437300.0,False,0.0,13:35:57
19000.0,1000,-950.0,0.0,BU,16042000.0,41437300.0,False,0.0,13:35:57
19000.0,700,-950.0,0.0,BU,16041000.0,41437300.0,False,0.0,13:35:57
19000.0,1000,-950.0,0.0,BU,16040300.0,41437300.0,False,0.0,13:35:57
19000.0,600,-950.0,0.0,BU,16039300.0,41437300.0,False,0.0,13:35:57
19000.0,600,-950.0,0.0,BU,16038700.0,41437300.0,False,0.0,13:35:57
19000.0,1000,-950.0,0.0,BU,16038100.0,41437300.0,False,0.0,13:35:57
19000.0,600,-950.0,0.0,BU,16037100.0,41437300.0,False,0.0,13:35:57
19000.0,100,-950.0,0.0,BU,16036500.0,41437300.0,False,0.0,13:35:57
19000.0,900,-950.0,0.0,BU,16036400.0,41437300.0,False,0.0,13:35:57
19000.0,700,-950.0,0.0,BU,16035500.0,41437300.0,False,0.0,13:35:57
19000.0,1000,-950.0,0.0,BU,16034800.0,41437300.0,False,0.0,13:35:57
19000.0,500,-950.0,0.0,BU,16033800.0,41437300.0,False,0.0,13:35:57
19000.0,100,-950.0,0.0,BU,16033300.0,41437300.0,False,0.0,13:35:57
19000.0,500,-950.0,0.0,BU,16033200.0,41437300.0,False,0.0,13:35:57
19000.0,1000,-950.0,0.0,BU,16032700.0,41437300.0,False,0.0,13:35:57
19000.0,100,-950.0,0.0,BU,16031700.0,41437300.0,False,0.0,13:35:57
19000.0,1600,-950.0,0.0,BU,16031600.0,41437300.0,False,0.0,13:35:57
19000.0,1000,-950.0,0.0,BU,16030000.0,41437300.0,False,0.0,13:35:57
19000.0,1000,-950.0,0.0,BU,16029000.0,41437300.0,False,0.0,13:35:57
19000.0,100,-950.0,0.0,BU,16028000.0,41437300.0,False,0.0,13:35:57
19000.0,3000,-950.0,0.0,BU,16027900.0,41437300.0,False,0.0,13:35:57
19000.0,400,-950.0,0.0,BU,16024900.0,41437300.0,False,0.0,13:35:57
19000.0,100,-950.0,0.0,BU,16024500.0,41437300.0,False,0.0,13:35:57
19000.0,1000,-950.0,0.0,BU,16024400.0,41437300.0,False,0.0,13:35:57
19000.0,200,-950.0,0.0,BU,16023400.0,41437300.0,False,0.0,13:35:57
19000.0,1000,-950.0,0.0,BU,16023200.0,41437300.0,False,0.0,13:35:57
19000.0,3000,-950.0,0.0,BU,16022200.0,41437300.0,False,0.0,13:35:57
19000.0,100,-950.0,0.0,BU,16019200.0,41437300.0,False,0.0,13:35:57
19000.0,1000,-950.0,0.0,BU,16019100.0,41437300.0,False,0.0,13:35:57
19000.0,1000,-950.0,0.0,BU,16018100.0,41437300.0,False,0.0,13:35:57
19000.0,1000,-950.0,0.0,BU,16017100.0,41437300.0,False,0.0,13:35:57
19000.0,700,-950.0,0.0,BU,16016100.0,41437300.0,False,0.0,13:35:57
19000.0,1500,-950.0,0.0,BU,16015400.0,41437300.0,False,0.0,13:35:57
19000.0,3500,-950.0,0.0,BU,16013900.0,41437300.0,False,0.0,13:35:57
19000.0,1000,-950.0,0.0,BU,16010400.0,41437300.0,False,0.0,13:35:57
19000.0,500,-950.0,0.0,BU,16009400.0,41437300.0,False,0.0,13:35:57
19000.0,500,-950.0,0.0,BU,16008900.0,41437300.0,False,0.0,13:35:57
19000.0,1000,-950.0,0.0,BU,16008400.0,41437300.0,False,0.0,13:35:57
19000.0,100,-950.0,0.0,BU,16007400.0,41437300.0,False,0.0,13:35:57
19000.0,5000,-950.0,0.0,BU,16007300.0,41437300.0,False,0.0,13:35:57
19000.0,500,-950.0,0.0,BU,16002300.0,41437300.0,False,0.0,13:35:57
19000.0,200,-950.0,0.0,BU,16001800.0,41437300.0,False,0.0,13:35:57
19000.0,500,-950.0,0.0,BU,16001600.0,41437300.0,False,0.0,13:35:57
19000.0,200,-950.0,0.0,BU,16001100.0,41437300.0,False,0.0,13:35:57
19000.0,1400,-950.0,0.0,BU,16000900.0,41437300.0,False,0.0,13:35:57
19000.0,1000,-950.0,0.0,BU,15999500.0,41437300.0,False,0.0,13:35:57
19000.0,100,-950.0,0.0,BU,15998500.0,41437300.0,False,0.0,13:35:57
19000.0,1000,-950.0,0.0,BU,15998400.0,41437300.0,False,0.0,13:35:57
19000.0,100,-950.0,0.0,BU,15997400.0,41437300.0,False,0.0,13:35:57
19000.0,400,-950.0,0.0,BU,15997300.0,41437300.0,False,0.0,13:35:57
19000.0,1000,-950.0,0.0,BU,15996900.0,41437300.0,False,0.0,13:35:57
19000.0,300,-950.0,0.0,BU,15995900.0,41437300.0,False,0.0,13:35:57
19000.0,3000,-950.0,0.0,BU,15995600.0,41437300.0,False,0.0,13:35:57
19000.0,8000,-950.0,0.0,BU,15992600.0,41437300.0,False,0.0,13:35:57
19000.0,3700,-950.0,0.0,BU,15984600.0,41437300.0,False,0.0,13:35:57
19000.0,400,-950.0,0.0,BU,15980900.0,41437300.0,False,50.0,13:35:55
18950.0,200,-1000.0,-0.1,SD,15980500.0,41437300.0,False,-50.0,13:35:53
19000.0,100,-950.0,0.0,BU,15980500.0,41437100.0,False,50.0,13:35:51
18950.0,300,-1000.0,-0.1,SD,15980400.0,41437100.0,False,0.0,13:35:48
18950.0,50000,-1000.0,-0.1,SD,15980400.0,41436800.0,True,0.0,13:35:47
18950.0,200,-1000.0,-0.1,SD,15980400.0,41386800.0,False,0.0,13:35:44
18950.0,3300,-1000.0,-0.1,SD,15980400.0,41386600.0,False,0.0,13:35:44
18950.0,3200,-1000.0,-0.1,SD,15980400.0,41383300.0,False,-50.0,13:35:44
19000.0,800,-950.0,0.0,BU,15980400.0,41380100.0,False,0.0,13:35:43
19000.0,100,-950.0,0.0,BU,15979600.0,41380100.0,False,0.0,13:35:43
19000.0,5000,-950.0,0.0,BU,15979500.0,41380100.0,False,0.0,13:35:43
19000.0,100,-950.0,0.0,BU,15974500.0,41380100.0,False,0.0,13:35:43
19000.0,8000,-950.0,0.0,BU,15974400.0,41380100.0,False,50.0,13:35:43
18950.0,1700,-1000.0,-0.1,SD,15966400.0,41380100.0,False,0.0,13:35:42
18950.0,3000,-1000.0,-0.1,SD,15966400.0,41378400.0,False,0.0,13:35:42
18950.0,5000,-1000.0,-0.1,SD,15966400.0,41375400.0,False,0.0,13:35:42
18950.0,500,-1000.0,-0.1,BU,15966400.0,41370400.0,False,0.0,13:35:41
18950.0,1400,-1000.0,-0.1,BU,15965900.0,41370400.0,False,0.0,13:35:41
18950.0,700,-1000.0,-0.1,BU,15964500.0,41370400.0,False,0.0,13:35:41
18950.0,2500,-1000.0,-0.1,BU,15963800.0,41370400.0,False,0.0,13:35:41
18950.0,500,-1000.0,-0.1,BU,15961300.0,41370400.0,False,0.0,13:35:41
18950.0,20000,-1000.0,-0.1,BU,15960800.0,41370400.0,True,0.0,13:35:41
18950.0,2000,-1000.0,-0.1,BU,15940800.0,41370400.0,False,0.0,13:35:41
18950.0,1000,-1000.0,-0.1,BU,15938800.0,41370400.0,False,0.0,13:35:41
18950.0,200,-1000.0,-0.1,BU,15937800.0,41370400.0,False,0.0,13:35:41
18950.0,200,-1000.0,-0.1,BU,15937600.0,41370400.0,False,0.0,13:35:41
18950.0,2000,-1000.0,-0.1,BU,15937400.0,41370400.0,False,0.0,13:35:41
18950.0,100,-1000.0,-0.1,BU,15935400.0,41370400.0,False,0.0,13:35:41
18950.0,100,-1000.0,-0.1,BU,15935300.0,41370400.0,False,0.0,13:35:41
18950.0,200,-1000.0,-0.1,BU,15935200.0,41370400.0,False,0.0,13:35:41
18950.0,1900,-1000.0,-0.1,BU,15935000.0,41370400.0,False,0.0,13:35:41
18950.0,2000,-1000.0,-0.1,BU,15933100.0,41370400.0,False,0.0,13:35:41
18950.0,500,-1000.0,-0.1,BU,15931100.0,41370400.0,False,0.0,13:35:41
18950.0,1000,-1000.0,-0.1,BU,15930600.0,41370400.0,False,0.0,13:35:41
18950.0,100,-1000.0,-0.1,BU,15929600.0,41370400.0,False,0.0,13:35:41
18950.0,500,-1000.0,-0.1,BU,15929500.0,41370400.0,False,0.0,13:35:41
18950.0,1500,-1000.0,-0.1,BU,15929000.0,41370400.0,False,0.0,13:35:41
18950.0,1000,-1000.0,-0.1,BU,15927500.0,41370400.0,False,0.0,13:35:41
18950.0,1500,-1000.0,-0.1,BU,15926500.0,41370400.0,False,0.0,13:35:41
18950.0,17100,-1000.0,-0.1,BU,15925000.0,41370400.0,True,50.0,13:35:41
18900.0,300,-1050.0,-0.1,SD,15907900.0,41370400.0,False,-50.0,13:35:41
18950.0,1000,-1000.0,-0.1,BU,15907900.0,41370100.0,False,0.0,13:35:38
18950.0,600,-1000.0,-0.1,BU,15906900.0,41370100.0,False,0.0,13:35:37
18950.0,100,-1000.0,-0.1,BU,15906300.0,41370100.0,False,50.0,13:35:36
18900.0,100,-1050.0,-0.1,SD,15906200.0,41370100.0,False,-50.0,13:35:34
18950.0,1000,-1000.0,-0.1,BU,15906200.0,41370000.0,False,50.0,13:35:33
18900.0,2000,-1050.0,-0.1,SD,15905200.0,41370000.0,False,-50.0,13:35:33
18950.0,200,-1000.0,-0.1,BU,15905200.0,41368000.0,False,0.0,13:35:33
18950.0,100,-1000.0,-0.1,BU,15905000.0,41368000.0,False,0.0,13:35:33
18950.0,700,-1000.0,-0.1,BU,15904900.0,41368000.0,False,50.0,13:35:33
18900.0,200,-1050.0,-0.1,SD,15904200.0,41368000.0,False,-50.0,13:35:31
18950.0,300,-1000.0,-0.1,BU,15904200.0,41367800.0,False,0.0,13:35:28
18950.0,700,-1000.0,-0.1,BU,15903900.0,41367800.0,False,50.0,13:35:28
18900.0,200,-1050.0,-0.1,SD,15903200.0,41367800.0,False,0.0,13:35:28
18900.0,100,-1050.0,-0.1,SD,15903200.0,41367600.0,False,0.0,13:35:28
18900.0,700,-1050.0,-0.1,SD,15903200.0,41367500.0,False,0.0,13:35:26
18900.0,100,-1050.0,-0.1,SD,15903200.0,41366800.0,False,0.0,13:35:26
18900.0,1000,-1050.0,-0.1,SD,15903200.0,41366700.0,False,0.0,13:35:26
18900.0,100,-1050.0,-0.1,SD,15903200.0,41365700.0,False,0.0,13:35:26
18900.0,100,-1050.0,-0.1,SD,15903200.0,41365600.0,False,50.0,13:35:26
18850.0,1000,-1100.0,-0.1,SD,15903200.0,41365500.0,False,0.0,13:35:24
18850.0,2000,-1100.0,-0.1,SD,15903200.0,41364500.0,False,0.0,13:35:24
18850.0,3400,-1100.0,-0.1,SD,15903200.0,41362500.0,False,-50.0,13:35:24
18900.0,2000,-1050.0,-0.1,SD,15903200.0,41359100.0,False,0.0,13:35:24
18900.0,8400,-1050.0,-0.1,SD,15903200.0,41357100.0,False,0.0,13:35:24
18900.0,1300,-1050.0,-0.1,BU,15903200.0,41348700.0,False,0.0,13:35:23
18900.0,3000,-1050.0,-0.1,BU,15901900.0,41348700.0,False,0.0,13:35:23
18900.0,500,-1050.0,-0.1,BU,15898900.0,41348700.0,False,0.0,13:35:23
18900.0,100,-1050.0,-0.1,BU,15898400.0,41348700.0,False,0.0,13:35:23
18900.0,5000,-1050.0,-0.1,BU,15898300.0,41348700.0,False,0.0,13:35:23
18900.0,500,-1050.0,-0.1,BU,15893300.0,41348700.0,False,0.0,13:35:23
18900.0,5000,-1050.0,-0.1,BU,15892800.0,41348700.0,False,0.0,13:35:23
18900.0,6000,-1050.0,-0.1,BU,15887800.0,41348700.0,False,0.0,13:35:23
18900.0,600,-1050.0,-0.1,BU,15881800.0,41348700.0,False,0.0,13:35:23
18900.0,100,-1050.0,-0.1,BU,15881200.0,41348700.0,False,0.0,13:35:23
18900.0,1000,-1050.0,-0.1,BU,15881100.0,41348700.0,False,0.0,13:35:23
18900.0,2100,-1050.0,-0.1,BU,15880100.0,41348700.0,False,0.0,13:35:23
18900.0,100,-1050.0,-0.1,BU,15878000.0,41348700.0,False,0.0,13:35:23
18900.0,6300,-1050.0,-0.1,BU,15877900.0,41348700.0,False,0.0,13:35:23
18900.0,2000,-1050.0,-0.1,BU,15871600.0,41348700.0,False,0.0,13:35:23
18900.0,3700,-1050.0,-0.1,BU,15869600.0,41348700.0,False,0.0,13:35:23
18900.0,100,-1050.0,-0.1,BU,15865900.0,41348700.0,False,0.0,13:35:23
18900.0,500,-1050.0,-0.1,BU,15865800.0,41348700.0,False,0.0,13:35:23
18900.0,100,-1050.0,-0.1,BU,15865300.0,41348700.0,False,0.0,13:35:23
18900.0,1800,-1050.0,-0.1,BU,15865200.0,41348700.0,False,0.0,13:35:23
18900.0,500,-1050.0,-0.1,BU,15863400.0,41348700.0,False,0.0,13:35:23
18900.0,300,-1050.0,-0.1,BU,15862900.0,41348700.0,False,0.0,13:35:23
18900.0,2700,-1050.0,-0.1,BU,15862600.0,41348700.0,False,0.0,13:35:22
18900.0,5000,-1050.0,-0.1,BU,15859900.0,41348700.0,False,0.0,13:35:22
18900.0,2300,-1050.0,-0.1,BU,15854900.0,41348700.0,False,0.0,13:35:22
18900.0,2700,-1050.0,-0.1,BU,15852600.0,41348700.0,False,0.0,13:35:22
18900.0,1000,-1050.0,-0.1,BU,15849900.0,41348700.0,False,0.0,13:35:22
18900.0,1700,-1050.0,-0.1,BU,15848900.0,41348700.0,False,0.0,13:35:22
18900.0,500,-1050.0,-0.1,BU,15847200.0,41348700.0,False,0.0,13:35:22
18900.0,100,-1050.0,-0.1,BU,15846700.0,41348700.0,False,0.0,13:35:21
18900.0,100,-1050.0,-0.1,BU,15846600.0,41348700.0,False,0.0,13:35:21
18900.0,600,-1050.0,-0.1,BU,15846500.0,41348700.0,False,0.0,13:35:20
18900.0,100,-1050.0,-0.1,BU,15845900.0,41348700.0,False,0.0,13:35:19
18900.0,500,-1050.0,-0.1,BU,15845800.0,41348700.0,False,0.0,13:35:19
18900.0,100,-1050.0,-0.1,BU,15845300.0,41348700.0,False,0.0,13:35:18
18900.0,500,-1050.0,-0.1,BU,15845200.0,41348700.0,False,0.0,13:35:18
18900.0,300,-1050.0,-0.1,BU,15844700.0,41348700.0,False,0.0,13:35:18
18900.0,500,-1050.0,-0.1,BU,15844400.0,41348700.0,False,50.0,13:35:17
18850.0,100,-1100.0,-0.1,SD,15843900.0,41348700.0,False,0.0,13:35:17
18850.0,200,-1100.0,-0.1,SD,15843900.0,41348600.0,False,-50.0,13:35:16
18900.0,100,-1050.0,-0.1,BU,15843900.0,41348400.0,False,0.0,13:35:16
18900.0,700,-1050.0,-0.1,BU,15843800.0,41348400.0,False,0.0,13:35:16
18900.0,100,-1050.0,-0.1,BU,15843100.0,41348400.0,False,0.0,13:35:16
18900.0,300,-1050.0,-0.1,BU,15843000.0,41348400.0,False,0.0,13:35:14
18900.0,200,-1050.0,-0.1,BU,15842700.0,41348400.0,False,0.0,13:35:14
18900.0,200,-1050.0,-0.1,BU,15842500.0,41348400.0,False,0.0,13:35:14
18900.0,100,-1050.0,-0.1,BU,15842300.0,41348400.0,False,0.0,13:35:13
18900.0,1000,-1050.0,-0.1,BU,15842200.0,41348400.0,False,0.0,13:35:13
18900.0,1000,-1050.0,-0.1,BU,15841200.0,41348400.0,False,0.0,13:35:13
18900.0,100,-1050.0,-0.1,BU,15840200.0,41348400.0,False,0.0,13:35:12
18900.0,1000,-1050.0,-0.1,BU,15840100.0,41348400.0,False,0.0,13:35:11
18900.0,5000,-1050.0,-0.1,BU,15839100.0,41348400.0,False,0.0,13:35:11
18900.0,100,-1050.0,-0.1,BU,15834100.0,41348400.0,False,0.0,13:35:11
18900.0,3000,-1050.0,-0.1,BU,15834000.0,41348400.0,False,0.0,13:35:11
18900.0,1000,-1050.0,-0.1,BU,15831000.0,41348400.0,False,0.0,13:35:10
18900.0,500,-1050.0,-0.1,BU,15830000.0,41348400.0,False,0.0,13:35:09
18900.0,500,-1050.0,-0.1,BU,15829500.0,41348400.0,False,0.0,13:35:08
18900.0,1000,-1050.0,-0.1,BU,15829000.0,41348400.0,False,0.0,13:35:07
18900.0,100,-1050.0,-0.1,BU,15828000.0,41348400.0,False,0.0,13:35:05
18900.0,2900,-1050.0,-0.1,BU,15827900.0,41348400.0,False,0.0,13:35:05
18900.0,1100,-1050.0,-0.1,BU,15825000.0,41348400.0,False,0.0,13:35:04
18900.0,2000,-1050.0,-0.1,BU,15823900.0,41348400.0,False,0.0,13:35:04
18900.0,900,-1050.0,-0.1,BU,15821900.0,41348400.0,False,0.0,13:35:04
18900.0,100,-1050.0,-0.1,BU,15821000.0,41348400.0,False,50.0,13:35:03
18850.0,500,-1100.0,-0.1,SD,15820900.0,41348400.0,False,0.0,13:35:01
18850.0,2000,-1100.0,-0.1,SD,15820900.0,41347900.0,False,0.0,13:35:00
18850.0,18000,-1100.0,-0.1,SD,15820900.0,41345900.0,True,-50.0,13:35:00
18900.0,1000,-1050.0,-0.1,BU,15820900.0,41327900.0,False,50.0,13:35:00
18850.0,300,-1100.0,-0.1,SD,15819900.0,41327900.0,False,0.0,13:34:58
18850.0,500,-1100.0,-0.1,SD,15819900.0,41327600.0,False,0.0,13:34:58
18850.0,300,-1100.0,-0.1,BU,15819900.0,41327100.0,False,0.0,13:34:58
18850.0,200,-1100.0,-0.1,BU,15819600.0,41327100.0,False,0.0,13:34:58
18850.0,3400,-1100.0,-0.1,BU,15819400.0,41327100.0,False,0.0,13:34:58
18850.0,1000,-1100.0,-0.1,BU,15816000.0,41327100.0,False,0.0,13:34:58
18850.0,200,-1100.0,-0.1,BU,15815000.0,41327100.0,False,0.0,13:34:58
18850.0,300,-1100.0,-0.1,BU,15814800.0,41327100.0,False,0.0,13:34:58
18850.0,100,-1100.0,-0.1,BU,15814500.0,41327100.0,False,0.0,13:34:58
18850.0,700,-1100.0,-0.1,BU,15814400.0,41327100.0,False,0.0,13:34:58
18850.0,1000,-1100.0,-0.1,BU,15813700.0,41327100.0,False,0.0,13:34:58
18850.0,500,-1100.0,-0.1,BU,15812700.0,41327100.0,False,0.0,13:34:58
18850.0,1000,-1100.0,-0.1,BU,15812200.0,41327100.0,False,0.0,13:34:58
18850.0,200,-1100.0,-0.1,BU,15811200.0,41327100.0,False,0.0,13:34:58
18850.0,1000,-1100.0,-0.1,BU,15811000.0,41327100.0,False,0.0,13:34:58
18850.0,100,-1100.0,-0.1,BU,15810000.0,41327100.0,False,0.0,13:34:58
18850.0,300,-1100.0,-0.1,BU,15809900.0,41327100.0,False,0.0,13:34:58
18850.0,100,-1100.0,-0.1,BU,15809600.0,41327100.0,False,0.0,13:34:57
18850.0,400,-1100.0,-0.1,BU,15809500.0,41327100.0,False,0.0,13:34:57
18850.0,200,-1100.0,-0.1,BU,15809100.0,41327100.0,False,0.0,13:34:57
18850.0,1000,-1100.0,-0.1,BU,15808900.0,41327100.0,False,50.0,13:34:56
18800.0,200,-1150.0,-0.1,SD,15807900.0,41327100.0,False,-50.0,13:34:56
18850.0,1000,-1100.0,-0.1,BU,15807900.0,41326900.0,False,0.0,13:34:55
18850.0,800,-1100.0,-0.1,BU,15806900.0,41326900.0,False,0.0,13:34:55
18850.0,4000,-1100.0,-0.1,BU,15806100.0,41326900.0,False,0.0,13:34:55
18850.0,300,-1100.0,-0.1,BU,15802100.0,41326900.0,False,0.0,13:34:55
18850.0,500,-1100.0,-0.1,BU,15801800.0,41326900.0,False,0.0,13:34:55
18850.0,3400,-1100.0,-0.1,BU,15801300.0,41326900.0,False,0.0,13:34:55
18850.0,8000,-1100.0,-0.1,BU,15797900.0,41326900.0,False,0.0,13:34:54
18850.0,1500,-1100.0,-0.1,BU,15789900.0,41326900.0,False,0.0,13:34:54
18850.0,7100,-1100.0,-0.1,BU,15788400.0,41326900.0,False,0.0,13:34:54
18850.0,100,-1100.0,-0.1,BU,15781300.0,41326900.0,False,0.0,13:34:54
18850.0,1000,-1100.0,-0.1,BU,15781200.0,41326900.0,False,0.0,13:34:54
18850.0,1800,-1100.0,-0.1,BU,15780200.0,41326900.0,False,0.0,13:34:54
18850.0,100,-1100.0,-0.1,BU,15778400.0,41326900.0,False,50.0,13:34:53
18800.0,400,-1150.0,-0.1,SD,15778300.0,41326900.0,False,-50.0,13:34:46
18850.0,100,-1100.0,-0.1,BU,15778300.0,41326500.0,False,0.0,13:34:43
18850.0,100,-1100.0,-0.1,BU,15778200.0,41326500.0,False,50.0,13:34:43
18800.0,1300,-1150.0,-0.1,BU,15778100.0,41326500.0,False,0.0,13:34:43
18800.0,1500,-1150.0,-0.1,BU,15776800.0,41326500.0,False,0.0,13:34:43
18800.0,2000,-1150.0,-0.1,BU,15775300.0,41326500.0,False,0.0,13:34:43
18800.0,400,-1150.0,-0.1,BU,15773300.0,41326500.0,False,0.0,13:34:43
18800.0,300,-1150.0,-0.1,BU,15772900.0,41326500.0,False,0.0,13:34:43
18800.0,10000,-1150.0,-0.1,BU,15772600.0,41326500.0,False,0.0,13:34:43
18800.0,1000,-1150.0,-0.1,BU,15762600.0,41326500.0,False,0.0,13:34:43
18800.0,1100,-1150.0,-0.1,BU,15761600.0,41326500.0,False,0.0,13:34:43
18800.0,700,-1150.0,-0.1,BU,15760500.0,41326500.0,False,0.0,13:34:43
18800.0,300,-1150.0,-0.1,BU,15759800.0,41326500.0,False,0.0,13:34:43
18800.0,3000,-1150.0,-0.1,BU,15759500.0,41326500.0,False,0.0,13:34:43
18800.0,2000,-1150.0,-0.1,BU,15756500.0,41326500.0,False,0.0,13:34:43
18800.0,100,-1150.0,-0.1,BU,15754500.0,41326500.0,False,0.0,13:34:43
18800.0,200,-1150.0,-0.1,BU,15754400.0,41326500.0,False,0.0,13:34:43
18800.0,1000,-1150.0,-0.1,BU,15754200.0,41326500.0,False,0.0,13:34:43
18800.0,20000,-1150.0,-0.1,BU,15753200.0,41326500.0,True,0.0,13:34:43
18800.0,300,-1150.0,-0.1,BU,15733200.0,41326500.0,False,0.0,13:34:43
18800.0,1000,-1150.0,-0.1,BU,15732900.0,41326500.0,False,0.0,13:34:43
18800.0,500,-1150.0,-0.1,BU,15731900.0,41326500.0,False,0.0,13:34:43
18800.0,500,-1150.0,-0.1,BU,15731400.0,41326500.0,False,0.0,13:34:43
18800.0,100,-1150.0,-0.1,BU,15730900.0,41326500.0,False,0.0,13:34:43
18800.0,100,-1150.0,-0.1,BU,15730800.0,41326500.0,False,0.0,13:34:43
18800.0,1000,-1150.0,-0.1,BU,15730700.0,41326500.0,False,0.0,13:34:43
18800.0,1300,-1150.0,-0.1,BU,15729700.0,41326500.0,False,0.0,13:34:42
18800.0,200,-1150.0,-0.1,BU,15728400.0,41326500.0,False,0.0,13:34:42
18800.0,300,-1150.0,-0.1,BU,15728200.0,41326500.0,False,0.0,13:34:42
18800.0,200,-1150.0,-0.1,BU,15727900.0,41326500.0,False,0.0,13:34:42
18800.0,300,-1150.0,-0.1,BU,15727700.0,41326500.0,False,0.0,13:34:42
18800.0,10000,-1150.0,-0.1,BU,15727400.0,41326500.0,False,0.0,13:34:42
18800.0,1000,-1150.0,-0.1,BU,15717400.0,41326500.0,False,0.0,13:34:42
18800.0,100,-1150.0,-0.1,BU,15716400.0,41326500.0,False,0.0,13:34:41
18800.0,100,-1150.0,-0.1,BU,15716300.0,41326500.0,False,0.0,13:34:41
18800.0,400,-1150.0,-0.1,BU,15716200.0,41326500.0,False,0.0,13:34:41
18800.0,1600,-1150.0,-0.1,BU,15715800.0,41326500.0,False,0.0,13:34:41
18800.0,100,-1150.0,-0.1,BU,15714200.0,41326500.0,False,0.0,13:34:41
18800.0,100,-1150.0,-0.1,BU,15714100.0,41326500.0,False,0.0,13:34:41
18800.0,1200,-1150.0,-0.1,BU,15714000.0,41326500.0,False,0.0,13:34:41
18800.0,500,-1150.0,-0.1,BU,15712800.0,41326500.0,False,0.0,13:34:40
18800.0,100,-1150.0,-0.1,BU,15712300.0,41326500.0,False,0.0,13:34:40
18800.0,3200,-1150.0,-0.1,BU,15712200.0,41326500.0,False,0.0,13:34:40
18800.0,500,-1150.0,-0.1,BU,15709000.0,41326500.0,False,0.0,13:34:40
18800.0,1200,-1150.0,-0.1,BU,15708500.0,41326500.0,False,0.0,13:34:40
18800.0,1000,-1150.0,-0.1,BU,15707300.0,41326500.0,False,0.0,13:34:40
18800.0,1000,-1150.0,-0.1,BU,15706300.0,41326500.0,False,0.0,13:34:40
18800.0,2000,-1150.0,-0.1,BU,15705300.0,41326500.0,False,0.0,13:34:40
18800.0,1400,-1150.0,-0.1,BU,15703300.0,41326500.0,False,0.0,13:34:40
18800.0,500,-1150.0,-0.1,BU,15701900.0,41326500.0,False,0.0,13:34:39
18800.0,600,-1150.0,-0.1,BU,15701400.0,41326500.0,False,0.0,13:34:39
18800.0,300,-1150.0,-0.1,BU,15700800.0,41326500.0,False,0.0,13:34:39
18800.0,300,-1150.0,-0.1,BU,15700500.0,41326500.0,False,0.0,13:34:38
18800.0,100,-1150.0,-0.1,BU,15700200.0,41326500.0,False,0.0,13:34:37
18800.0,1000,-1150.0,-0.1,BU,15700100.0,41326500.0,False,0.0,13:34:37
18800.0,4000,-1150.0,-0.1,BU,15699100.0,41326500.0,False,0.0,13:34:36
18800.0,200,-1150.0,-0.1,BU,15695100.0,41326500.0,False,0.0,13:34:36
18800.0,100,-1150.0,-0.1,BU,15694900.0,41326500.0,False,0.0,13:34:36
18800.0,300,-1150.0,-0.1,BU,15694800.0,41326500.0,False,0.0,13:34:36
18800.0,200,-1150.0,-0.1,BU,15694500.0,41326500.0,False,0.0,13:34:36
18800.0,100,-1150.0,-0.1,BU,15694300.0,41326500.0,False,0.0,13:34:36
18800.0,100,-1150.0,-0.1,BU,15694200.0,41326500.0,False,0.0,13:34:36
18800.0,2500,-1150.0,-0.1,BU,15694100.0,41326500.0,False,0.0,13:34:35
18800.0,100,-1150.0,-0.1,BU,15691600.0,41326500.0,False,50.0,13:34:35
18750.0,1000,-1200.0,-0.1,SD,15691500.0,41326500.0,False,-50.0,13:34:35
18800.0,2000,-1150.0,-0.1,BU,15691500.0,41325500.0,False,0.0,13:34:34
18800.0,500,-1150.0,-0.1,BU,15689500.0,41325500.0,False,0.0,13:34:34
18800.0,800,-1150.0,-0.1,BU,15689000.0,41325500.0,False,0.0,13:34:34
18800.0,2000,-1150.0,-0.1,BU,15688200.0,41325500.0,False,0.0,13:34:34
18800.0,1800,-1150.0,-0.1,BU,15686200.0,41325500.0,False,0.0,13:34:34
18800.0,2600,-1150.0,-0.1,BU,15684400.0,41325500.0,False,0.0,13:34:33
18800.0,1000,-1150.0,-0.1,BU,15681800.0,41325500.0,False,0.0,13:34:33
18800.0,100,-1150.0,-0.1,BU,15680800.0,41325500.0,False,0.0,13:34:33
18800.0,1000,-1150.0,-0.1,BU,15680700.0,41325500.0,False,0.0,13:34:33
18800.0,1500,-1150.0,-0.1,BU,15679700.0,41325500.0,False,0.0,13:34:33
18800.0,5300,-1150.0,-0.1,BU,15678200.0,41325500.0,False,0.0,13:34:33
18800.0,300,-1150.0,-0.1,BU,15672900.0,41325500.0,False,0.0,13:34:33
18800.0,5600,-1150.0,-0.1,BU,15672600.0,41325500.0,False,0.0,13:34:33
18800.0,1000,-1150.0,-0.1,BU,15667000.0,41325500.0,False,0.0,13:34:33
18800.0,20000,-1150.0,-0.1,BU,15666000.0,41325500.0,True,0.0,13:34:33
18800.0,5300,-1150.0,-0.1,BU,15646000.0,41325500.0,False,0.0,13:34:33
18800.0,100,-1150.0,-0.1,BU,15640700.0,41325500.0,False,0.0,13:34:33
18800.0,3800,-1150.0,-0.1,BU,15640600.0,41325500.0,False,0.0,13:34:33
18800.0,100,-1150.0,-0.1,BU,15636800.0,41325500.0,False,0.0,13:34:33
18800.0,100,-1150.0,-0.1,BU,15636700.0,41325500.0,False,0.0,13:34:33
18800.0,8800,-1150.0,-0.1,BU,15636600.0,41325500.0,False,0.0,13:34:33
18800.0,200,-1150.0,-0.1,BU,15627800.0,41325500.0,False,0.0,13:34:33
18800.0,500,-1150.0,-0.1,BU,15627600.0,41325500.0,False,0.0,13:34:33
18800.0,500,-1150.0,-0.1,BU,15627100.0,41325500.0,False,0.0,13:34:32
18800.0,2000,-1150.0,-0.1,BU,15626600.0,41325500.0,False,0.0,13:34:32
18800.0,5000,-1150.0,-0.1,BU,15624600.0,41325500.0,False,0.0,13:34:32
18800.0,5000,-1150.0,-0.1,BU,15619600.0,41325500.0,False,0.0,13:34:32
18800.0,100,-1150.0,-0.1,BU,15614600.0,41325500.0,False,0.0,13:34:32
18800.0,8400,-1150.0,-0.1,BU,15614500.0,41325500.0,False,0.0,13:34:32
18800.0,100,-1150.0,-0.1,BU,15606100.0,41325500.0,False,0.0,13:34:31
18800.0,300,-1150.0,-0.1,BU,15606000.0,41325500.0,False,50.0,13:34:31
18750.0,35500,-1200.0,-0.1,SD,15605700.0,41325500.0,True,0.0,13:34:31
18750.0,500,-1200.0,-0.1,SD,15605700.0,41290000.0,False,0.0,13:34:31
18750.0,800,-1200.0,-0.1,SD,15605700.0,41289500.0,False,0.0,13:34:31
18750.0,1000,-1200.0,-0.1,SD,15605700.0,41288700.0,False,0.0,13:34:31
18750.0,100,-1200.0,-0.1,SD,15605700.0,41287700.0,False,0.0,13:34:31
18750.0,500,-1200.0,-0.1,SD,15605700.0,41287600.0,False,0.0,13:34:31
18750.0,1800,-1200.0,-0.1,SD,15605700.0,41287100.0,False,0.0,13:34:31
18750.0,800,-1200.0,-0.1,SD,15605700.0,41285300.0,False,0.0,13:34:31
18750.0,500,-1200.0,-0.1,SD,15605700.0,41284500.0,False,0.0,13:34:31
18750.0,1000,-1200.0,-0.1,SD,15605700.0,41284000.0,False,0.0,13:34:31
18750.0,4800,-1200.0,-0.1,SD,15605700.0,41283000.0,False,-50.0,13:34:31
18800.0,1200,-1150.0,-0.1,BU,15605700.0,41278200.0,False,0.0,13:34:29
18800.0,1800,-1150.0,-0.1,BU,15604500.0,41278200.0,False,0.0,13:34:29
18800.0,14500,-1150.0,-0.1,BU,15602700.0,41278200.0,True,0.0,13:34:29
18800.0,300,-1150.0,-0.1,BU,15588200.0,41278200.0,False,0.0,13:34:28
18800.0,200,-1150.0,-0.1,BU,15587900.0,41278200.0,False,0.0,13:34:27
18800.0,100,-1150.0,-0.1,BU,15587700.0,41278200.0,False,0.0,13:34:25
18800.0,2500,-1150.0,-0.1,BU,15587600.0,41278200.0,False,0.0,13:34:25
18800.0,600,-1150.0,-0.1,BU,15585100.0,41278200.0,False,0.0,13:34:25
18800.0,600,-1150.0,-0.1,BU,15584500.0,41278200.0,False,0.0,13:34:25
18800.0,2000,-1150.0,-0.1,BU,15583900.0,41278200.0,False,50.0,13:34:25
18750.0,200,-1200.0,-0.1,SD,15581900.0,41278200.0,False,0.0,13:34:24
18750.0,1000,-1200.0,-0.1,SD,15581900.0,41278000.0,False,0.0,13:34:24
18750.0,800,-1200.0,-0.1,SD,15581900.0,41277000.0,False,-50.0,13:34:24
18800.0,100,-1150.0,-0.1,BU,15581900.0,41276200.0,False,0.0,13:34:24
18800.0,500,-1150.0,-0.1,BU,15581800.0,41276200.0,False,0.0,13:34:23
18800.0,100,-1150.0,-0.1,BU,15581300.0,41276200.0,False,0.0,13:34:23
18800.0,200,-1150.0,-0.1,BU,15581200.0,41276200.0,False,0.0,13:34:23
18800.0,500,-1150.0,-0.1,BU,15581000.0,41276200.0,False,0.0,13:34:23
18800.0,100,-1150.0,-0.1,BU,15580500.0,41276200.0,False,0.0,13:34:23
18800.0,100,-1150.0,-0.1,BU,15580400.0,41276200.0,False,50.0,13:34:23
18750.0,200,-1200.0,-0.1,SD,15580300.0,41276200.0,False,-50.0,13:34:21
18800.0,1900,-1150.0,-0.1,BU,15580300.0,41276000.0,False,0.0,13:34:21
18800.0,800,-1150.0,-0.1,BU,15578400.0,41276000.0,False,0.0,13:34:21
18800.0,7300,-1150.0,-0.1,BU,15577600.0,41276000.0,False,0.0,13:34:21
18800.0,500,-1150.0,-0.1,BU,15570300.0,41276000.0,False,0.0,13:34:21
18800.0,100,-1150.0,-0.1,BU,15569800.0,41276000.0,False,0.0,13:34:20
18800.0,500,-1150.0,-0.1,BU,15569700.0,41276000.0,False,0.0,13:34:20
18800.0,400,-1150.0,-0.1,BU,15569200.0,41276000.0,False,0.0,13:34:19
18800.0,500,-1150.0,-0.1,BU,15568800.0,41276000.0,False,0.0,13:34:19
18800.0,400,-1150.0,-0.1,BU,15568300.0,41276000.0,False,50.0,13:34:18
18750.0,200,-1200.0,-0.1,SD,15567900.0,41276000.0,False,0.0,13:34:18
18750.0,200,-1200.0,-0.1,SD,15567900.0,41275800.0,False,0.0,13:34:18
18750.0,200,-1200.0,-0.1,SD,15567900.0,41275600.0,False,-50.0,13:34:18
18800.0,20000,-1150.0,-0.1,BU,15567900.0,41275400.0,True,0.0,13:34:18
18800.0,300,-1150.0,-0.1,BU,15547900.0,41275400.0,False,0.0,13:34:18
18800.0,100,-1150.0,-0.1,BU,15547600.0,41275400.0,False,0.0,13:34:18
18800.0,300,-1150.0,-0.1,BU,15547500.0,41275400.0,False,0.0,13:34:18
18800.0,300,-1150.0,-0.1,BU,15547200.0,41275400.0,False,0.0,13:34:18
18800.0,200,-1150.0,-0.1,BU,15546900.0,41275400.0,False,0.0,13:34:17
18800.0,100,-1150.0,-0.1,BU,15546700.0,41275400.0,False,0.0,13:34:17
18800.0,100,-1150.0,-0.1,BU,15546600.0,41275400.0,False,0.0,13:34:16
18800.0,200,-1150.0,-0.1,BU,15546500.0,41275400.0,False,0.0,13:34:16
18800.0,100,-1150.0,-0.1,BU,15546300.0,41275400.0,False,0.0,13:34:16
18800.0,800,-1150.0,-0.1,BU,15546200.0,41275400.0,False,0.0,13:34:15
18800.0,1000,-1150.0,-0.1,BU,15545400.0,41275400.0,False,50.0,13:34:14
18750.0,800,-1200.0,-0.1,SD,15544400.0,41275400.0,False,0.0,13:34:13
18750.0,200,-1200.0,-0.1,SD,15544400.0,41274600.0,False,-50.0,13:34:13
18800.0,8000,-1150.0,-0.1,BU,15544400.0,41274400.0,False,50.0,13:34:12
18750.0,1000,-1200.0,-0.1,SD,15536400.0,41274400.0,False,-50.0,13:34:12
18800.0,100,-1150.0,-0.1,BU,15536400.0,41273400.0,False,0.0,13:34:11
18800.0,1000,-1150.0,-0.1,BU,15536300.0,41273400.0,False,0.0,13:34:11
18800.0,1000,-1150.0,-0.1,BU,15535300.0,41273400.0,False,0.0,13:34:11
18800.0,2000,-1150.0,-0.1,BU,15534300.0,41273400.0,False,50.0,13:34:10
18750.0,700,-1200.0,-0.1,SD,15532300.0,41273400.0,False,0.0,13:34:10
18750.0,3200,-1200.0,-0.1,SD,15532300.0,41272700.0,False,-50.0,13:34:10
18800.0,400,-1150.0,-0.1,BU,15532300.0,41269500.0,False,0.0,13:34:08
18800.0,100,-1150.0,-0.1,BU,15531900.0,41269500.0,False,0.0,13:34:07
18800.0,400,-1150.0,-0.1,BU,15531800.0,41269500.0,False,0.0,13:34:06
18800.0,400,-1150.0,-0.1,BU,15531400.0,41269500.0,False,50.0,13:34:05
18750.0,100,-1200.0,-0.1,SD,15531000.0,41269500.0,False,-50.0,13:34:04
18800.0,200,-1150.0,-0.1,BU,15531000.0,41269400.0,False,0.0,13:34:04
18800.0,200,-1150.0,-0.1,BU,15530800.0,41269400.0,False,50.0,13:34:04
18750.0,100,-1200.0,-0.1,SD,15530600.0,41269400.0,False,-50.0,13:34:03
18800.0,100,-1150.0,-0.1,BU,15530600.0,41269300.0,False,50.0,13:34:02
18750.0,100,-1200.0,-0.1,SD,15530500.0,41269300.0,False,0.0,13:34:02
18750.0,1500,-1200.0,-0.1,SD,15530500.0,41269200.0,False,0.0,13:34:02
18750.0,200,-1200.0,-0.1,SD,15530500.0,41267700.0,False,0.0,13:34:02
18750.0,900,-1200.0,-0.1,SD,15530500.0,41267500.0,False,0.0,13:34:02
18750.0,100,-1200.0,-0.1,SD,15530500.0,41266600.0,False,0.0,13:34:02
18750.0,200,-1200.0,-0.1,SD,15530500.0,41266500.0,False,0.0,13:34:02
18750.0,1300,-1200.0,-0.1,SD,15530500.0,41266300.0,False,0.0,13:34:01
18750.0,200,-1200.0,-0.1,SD,15530500.0,41265000.0,False,0.0,13:34:01
18750.0,500,-1200.0,-0.1,SD,15530500.0,41264800.0,False,-50.0,13:34:01
18800.0,1000,-1150.0,-0.1,BU,15530500.0,41264300.0,False,0.0,13:33:59
18800.0,100,-1150.0,-0.1,BU,15529500.0,41264300.0,False,0.0,13:33:59
18800.0,500,-1150.0,-0.1,BU,15529400.0,41264300.0,False,0.0,13:33:59
18800.0,3300,-1150.0,-0.1,BU,15528900.0,41264300.0,False,0.0,13:33:59
18800.0,200,-1150.0,-0.1,BU,15525600.0,41264300.0,False,50.0,13:33:58
18750.0,1000,-1200.0,-0.1,SD,15525400.0,41264300.0,False,0.0,13:33:56
18750.0,100,-1200.0,-0.1,SD,15525400.0,41263300.0,False,-50.0,13:33:56
18800.0,2000,-1150.0,-0.1,BU,15525400.0,41263200.0,False,0.0,13:33:56
18800.0,200,-1150.0,-0.1,BU,15523400.0,41263200.0,False,0.0,13:33:55
18800.0,200,-1150.0,-0.1,BU,15523200.0,41263200.0,False,0.0,13:33:55
18800.0,5000,-1150.0,-0.1,BU,15523000.0,41263200.0,False,50.0,13:33:54
18750.0,2000,-1200.0,-0.1,SD,15518000.0,41263200.0,False,0.0,13:33:54
18750.0,1000,-1200.0,-0.1,SD,15518000.0,41261200.0,False,-50.0,13:33:52
18800.0,1000,-1150.0,-0.1,BU,15518000.0,41260200.0,False,50.0,13:33:51
18750.0,5000,-1200.0,-0.1,SD,15517000.0,41260200.0,False,0.0,13:33:51
18750.0,300,-1200.0,-0.1,SD,15517000.0,41255200.0,False,0.0,13:33:49
18750.0,100,-1200.0,-0.1,SD,15517000.0,41254900.0,False,0.0,13:33:42
18750.0,100,-1200.0,-0.1,SD,15517000.0,41254800.0,False,0.0,13:33:42
18750.0,100,-1200.0,-0.1,SD,15517000.0,41254700.0,False,0.0,13:33:42
18750.0,2100,-1200.0,-0.1,SD,15517000.0,41254600.0,False,0.0,13:33:40
18750.0,2700,-1200.0,-0.1,SD,15517000.0,41252500.0,False,0.0,13:33:39
18750.0,3000,-1200.0,-0.1,SD,15517000.0,41249800.0,False,0.0,13:33:39
18750.0,200,-1200.0,-0.1,SD,15517000.0,41246800.0,False,0.0,13:33:36
18750.0,1800,-1200.0,-0.1,SD,15517000.0,41246600.0,False,0.0,13:33:36
18750.0,200,-1200.0,-0.1,SD,15517000.0,41244800.0,False,0.0,13:33:35
18750.0,800,-1200.0,-0.1,SD,15517000.0,41244600.0,False,0.0,13:33:35
18750.0,1200,-1200.0,-0.1,SD,15517000.0,41243800.0,False,0.0,13:33:35
18750.0,500,-1200.0,-0.1,SD,15517000.0,41242600.0,False,0.0,13:33:35
18750.0,300,-1200.0,-0.1,SD,15517000.0,41242100.0,False,0.0,13:33:35
18750.0,4300,-1200.0,-0.1,SD,15517000.0,41241800.0,False,0.0,13:33:35
18750.0,200,-1200.0,-0.1,BU,15517000.0,41237500.0,False,0.0,13:33:35
18750.0,100,-1200.0,-0.1,BU,15516800.0,41237500.0,False,0.0,13:33:35
18750.0,500,-1200.0,-0.1,BU,15516700.0,41237500.0,False,0.0,13:33:34
18750.0,500,-1200.0,-0.1,BU,15516200.0,41237500.0,False,0.0,13:33:34
18750.0,400,-1200.0,-0.1,BU,15515700.0,41237500.0,False,0.0,13:33:33
18750.0,500,-1200.0,-0.1,BU,15515300.0,41237500.0,False,0.0,13:33:33
18750.0,100,-1200.0,-0.1,BU,15514800.0,41237500.0,False,0.0,13:33:33
18750.0,1000,-1200.0,-0.1,BU,15514700.0,41237500.0,False,0.0,13:33:33
18750.0,500,-1200.0,-0.1,BU,15513700.0,41237500.0,False,0.0,13:33:33
18750.0,1000,-1200.0,-0.1,BU,15513200.0,41237500.0,False,50.0,13:33:32
18700.0,2800,-1250.0,-0.1,SD,15512200.0,41237500.0,False,0.0,13:33:32
18700.0,200,-1250.0,-0.1,SD,15512200.0,41234700.0,False,-50.0,13:33:32
18750.0,100,-1200.0,-0.1,BU,15512200.0,41234500.0,False,0.0,13:33:30
18750.0,100,-1200.0,-0.1,BU,15512100.0,41234500.0,False,0.0,13:33:30
18750.0,100,-1200.0,-0.1,BU,15512000.0,41234500.0,False,0.0,13:33:30
18750.0,1000,-1200.0,-0.1,BU,15511900.0,41234500.0,False,0.0,13:33:30
18750.0,100,-1200.0,-0.1,BU,15510900.0,41234500.0,False,0.0,13:33:30
18750.0,5900,-1200.0,-0.1,BU,15510800.0,41234500.0,False,0.0,13:33:30
18750.0,100,-1200.0,-0.1,BU,15504900.0,41234500.0,False,0.0,13:33:29
18750.0,500,-1200.0,-0.1,BU,15504800.0,41234500.0,False,0.0,13:33:27
18750.0,3500,-1200.0,-0.1,BU,15504300.0,41234500.0,False,0.0,13:33:27
18750.0,15500,-1200.0,-0.1,BU,15500800.0,41234500.0,True,0.0,13:33:27
18750.0,300,-1200.0,-0.1,BU,15485300.0,41234500.0,False,0.0,13:33:27
18750.0,100,-1200.0,-0.1,BU,15485000.0,41234500.0,False,0.0,13:33:26
18750.0,500,-1200.0,-0.1,BU,15484900.0,41234500.0,False,50.0,13:33:26
18700.0,100,-1250.0,-0.1,SD,15484400.0,41234500.0,False,0.0,13:33:26
18700.0,700,-1250.0,-0.1,SD,15484400.0,41234400.0,False,0.0,13:33:26
18700.0,200,-1250.0,-0.1,SD,15484400.0,41233700.0,False,-50.0,13:33:26
18750.0,5000,-1200.0,-0.1,BU,15484400.0,41233500.0,False,0.0,13:33:26
18750.0,300,-1200.0,-0.1,BU,15479400.0,41233500.0,False,0.0,13:33:25
18750.0,500,-1200.0,-0.1,BU,15479100.0,41233500.0,False,0.0,13:33:25
18750.0,200,-1200.0,-0.1,BU,15478600.0,41233500.0,False,0.0,13:33:24
18750.0,100,-1200.0,-0.1,BU,15478400.0,41233500.0,False,0.0,13:33:24
18750.0,5000,-1200.0,-0.1,BU,15478300.0,41233500.0,False,0.0,13:33:23
18750.0,200,-1200.0,-0.1,BU,15473300.0,41233500.0,False,0.0,13:33:22
18750.0,200,-1200.0,-0.1,BU,15473100.0,41233500.0,False,0.0,13:33:22
18750.0,1000,-1200.0,-0.1,BU,15472900.0,41233500.0,False,0.0,13:33:22
18750.0,200,-1200.0,-0.1,BU,15471900.0,41233500.0,False,50.0,13:33:21
18700.0,100,-1250.0,-0.1,SD,15471700.0,41233500.0,False,0.0,13:33:21
18700.0,200,-1250.0,-0.1,SD,15471700.0,41233400.0,False,-50.0,13:33:21
18750.0,5000,-1200.0,-0.1,BU,15471700.0,41233200.0,False,0.0,13:33:21
18750.0,6500,-1200.0,-0.1,BU,15466700.0,41233200.0,False,0.0,13:33:20
18750.0,2000,-1200.0,-0.1,BU,15460200.0,41233200.0,False,0.0,13:33:20
18750.0,1000,-1200.0,-0.1,BU,15458200.0,41233200.0,False,0.0,13:33:19
18750.0,1000,-1200.0,-0.1,BU,15457200.0,41233200.0,False,0.0,13:33:19
18750.0,500,-1200.0,-0.1,BU,15456200.0,41233200.0,False,0.0,13:33:19
18750.0,500,-1200.0,-0.1,BU,15455700.0,41233200.0,False,0.0,13:33:18
18750.0,100,-1200.0,-0.1,BU,15455200.0,41233200.0,False,0.0,13:33:18
18750.0,400,-1200.0,-0.1,BU,15455100.0,41233200.0,False,0.0,13:33:18
18750.0,1000,-1200.0,-0.1,BU,15454700.0,41233200.0,False,0.0,13:33:18
18750.0,500,-1200.0,-0.1,BU,15453700.0,41233200.0,False,0.0,13:33:16
18750.0,100,-1200.0,-0.1,BU,15453200.0,41233200.0,False,0.0,13:33:16
18750.0,1800,-1200.0,-0.1,BU,15453100.0,41233200.0,False,0.0,13:33:14
18750.0,2300,-1200.0,-0.1,BU,15451300.0,41233200.0,False,0.0,13:33:14
18750.0,200,-1200.0,-0.1,BU,15449000.0,41233200.0,False,0.0,13:33:13
18750.0,1500,-1200.0,-0.1,BU,15448800.0,41233200.0,False,0.0,13:33:13
18750.0,1000,-1200.0,-0.1,BU,15447300.0,41233200.0,False,0.0,13:33:12
18750.0,500,-1200.0,-0.1,BU,15446300.0,41233200.0,False,0.0,13:33:12
18750.0,700,-1200.0,-0.1,BU,15445800.0,41233200.0,False,0.0,13:33:12
18750.0,9300,-1200.0,-0.1,BU,15445100.0,41233200.0,False,-50.0,13:33:12
18800.0,500,-1150.0,-0.1,BU,15435800.0,41233200.0,False,0.0,13:33:11
18800.0,100,-1150.0,-0.1,BU,15435300.0,41233200.0,False,50.0,13:33:11
18750.0,1000,-1200.0,-0.1,SD,15435200.0,41233200.0,False,0.0,13:33:10
18750.0,5000,-1200.0,-0.1,SD,15435200.0,41232200.0,False,0.0,13:33:10
18750.0,2000,-1200.0,-0.1,SD,15435200.0,41227200.0,False,0.0,13:33:10
18750.0,2000,-1200.0,-0.1,SD,15435200.0,41225200.0,False,0.0,13:33:10
18750.0,100,-1200.0,-0.1,SD,15435200.0,41223200.0,False,0.0,13:33:10
18750.0,200,-1200.0,-0.1,SD,15435200.0,41223100.0,False,0.0,13:33:10
18750.0,400,-1200.0,-0.1,SD,15435200.0,41222900.0,False,0.0,13:33:10
18750.0,100,-1200.0,-0.1,BU,15435200.0,41222500.0,False,50.0,13:33:09
18700.0,1400,-1250.0,-0.1,SD,15435100.0,41222500.0,False,-50.0,13:33:09
18750.0,500,-1200.0,-0.1,BU,15435100.0,41221100.0,False,0.0,13:33:09
18750.0,200,-1200.0,-0.1,BU,15434600.0,41221100.0,False,0.0,13:33:09
18750.0,100,-1200.0,-0.1,BU,15434400.0,41221100.0,False,0.0,13:33:09
18750.0,700,-1200.0,-0.1,BU,15434300.0,41221100.0,False,0.0,13:33:07
18750.0,1000,-1200.0,-0.1,BU,15433600.0,41221100.0,False,0.0,13:33:06
18750.0,500,-1200.0,-0.1,BU,15432600.0,41221100.0,False,0.0,13:33:06
18750.0,7500,-1200.0,-0.1,BU,15432100.0,41221100.0,False,0.0,13:33:06
18750.0,200,-1200.0,-0.1,BU,15424600.0,41221100.0,False,0.0,13:33:06
18750.0,100,-1200.0,-0.1,BU,15424400.0,41221100.0,False,50.0,13:33:06
18700.0,1000,-1250.0,-0.1,SD,15424300.0,41221100.0,False,0.0,13:33:06
18700.0,100,-1250.0,-0.1,SD,15424300.0,41220100.0,False,-50.0,13:33:06
18750.0,500,-1200.0,-0.1,BU,15424300.0,41220000.0,False,0.0,13:33:04
18750.0,100,-1200.0,-0.1,BU,15423800.0,41220000.0,False,0.0,13:33:04
18750.0,300,-1200.0,-0.1,BU,15423700.0,41220000.0,False,0.0,13:33:03
18750.0,200,-1200.0,-0.1,BU,15423400.0,41220000.0,False,0.0,13:33:03
18750.0,200,-1200.0,-0.1,BU,15423200.0,41220000.0,False,0.0,13:33:03
18750.0,1000,-1200.0,-0.1,BU,15423000.0,41220000.0,False,0.0,13:33:03
18750.0,100,-1200.0,-0.1,BU,15422000.0,41220000.0,False,0.0,13:33:03
18750.0,200,-1200.0,-0.1,BU,15421900.0,41220000.0,False,0.0,13:33:03
18750.0,800,-1200.0,-0.1,BU,15421700.0,41220000.0,False,0.0,13:33:01
18750.0,200,-1200.0,-0.1,BU,15420900.0,41220000.0,False,0.0,13:33:01
18750.0,300,-1200.0,-0.1,BU,15420700.0,41220000.0,False,0.0,13:33:01
18750.0,500,-1200.0,-0.1,BU,15420400.0,41220000.0,False,50.0,13:32:57
18700.0,1300,-1250.0,-0.1,SD,15419900.0,41220000.0,False,0.0,13:32:56
18700.0,800,-1250.0,-0.1,SD,15419900.0,41218700.0,False,0.0,13:32:56
18700.0,100,-1250.0,-0.1,SD,15419900.0,41217900.0,False,0.0,13:32:56
18700.0,100,-1250.0,-0.1,SD,15419900.0,41217800.0,False,0.0,13:32:56
18700.0,700,-1250.0,-0.1,SD,15419900.0,41217700.0,False,-50.0,13:32:56
18750.0,200,-1200.0,-0.1,BU,15419900.0,41217000.0,False,0.0,13:32:56
18750.0,100,-1200.0,-0.1,BU,15419700.0,41217000.0,False,0.0,13:32:54
18750.0,400,-1200.0,-0.1,BU,15419600.0,41217000.0,False,0.0,13:32:54
18750.0,100,-1200.0,-0.1,BU,15419200.0,41217000.0,False,0.0,13:32:54
18750.0,2000,-1200.0,-0.1,BU,15419100.0,41217000.0,False,0.0,13:32:53
18750.0,1000,-1200.0,-0.1,BU,15417100.0,41217000.0,False,50.0,13:32:51
18700.0,100,-1250.0,-0.1,SD,15416100.0,41217000.0,False,-50.0,13:32:51
18750.0,200,-1200.0,-0.1,BU,15416100.0,41216900.0,False,50.0,13:32:49
18700.0,200,-1250.0,-0.1,SD,15415900.0,41216900.0,False,-50.0,13:32:49
18750.0,300,-1200.0,-0.1,BU,15415900.0,41216700.0,False,100.0,13:32:48
18650.0,8400,-1300.0,-0.1,SD,15415600.0,41216700.0,False,-50.0,13:32:47
18700.0,100,-1250.0,-0.1,SD,15415600.0,41208300.0,False,0.0,13:32:47
18700.0,2000,-1250.0,-0.1,SD,15415600.0,41208200.0,False,0.0,13:32:47
18700.0,2000,-1250.0,-0.1,SD,15415600.0,41206200.0,False,0.0,13:32:47
18700.0,400,-1250.0,-0.1,SD,15415600.0,41204200.0,False,0.0,13:32:47
18700.0,200,-1250.0,-0.1,SD,15415600.0,41203800.0,False,0.0,13:32:47
18700.0,300,-1250.0,-0.1,SD,15415600.0,41203600.0,False,0.0,13:32:47
18700.0,100,-1250.0,-0.1,SD,15415600.0,41203300.0,False,0.0,13:32:47
18700.0,10000,-1250.0,-0.1,SD,15415600.0,41203200.0,False,0.0,13:32:47
18700.0,500,-1250.0,-0.1,SD,15415600.0,41193200.0,False,0.0,13:32:47
18700.0,1000,-1250.0,-0.1,SD,15415600.0,41192700.0,False,0.0,13:32:47
18700.0,2000,-1250.0,-0.1,SD,15415600.0,41191700.0,False,0.0,13:32:46
18700.0,200,-1250.0,-0.1,SD,15415600.0,41189700.0,False,0.0,13:32:46
18700.0,1000,-1250.0,-0.1,SD,15415600.0,41189500.0,False,0.0,13:32:46
18700.0,2300,-1250.0,-0.1,SD,15415600.0,41188500.0,False,0.0,13:32:46
18700.0,2000,-1250.0,-0.1,SD,15415600.0,41186200.0,False,0.0,13:32:46
18700.0,700,-1250.0,-0.1,SD,15415600.0,41184200.0,False,0.0,13:32:44
18700.0,300,-1250.0,-0.1,SD,15415600.0,41183500.0,False,0.0,13:32:44
18700.0,2200,-1250.0,-0.1,SD,15415600.0,41183200.0,False,0.0,13:32:44
18700.0,200,-1250.0,-0.1,SD,15415600.0,41181000.0,False,0.0,13:32:44
18700.0,100,-1250.0,-0.1,SD,15415600.0,41180800.0,False,-50.0,13:32:44
18750.0,500,-1200.0,-0.1,BU,15415600.0,41180700.0,False,0.0,13:32:44
18750.0,100,-1200.0,-0.1,BU,15415100.0,41180700.0,False,50.0,13:32:42
18700.0,400,-1250.0,-0.1,SD,15415000.0,41180700.0,False,0.0,13:32:41
18700.0,1400,-1250.0,-0.1,SD,15415000.0,41180300.0,False,-50.0,13:32:41
18750.0,200,-1200.0,-0.1,BU,15415000.0,41178900.0,False,50.0,13:32:41
18700.0,200,-1250.0,-0.1,SD,15414800.0,41178900.0,False,0.0,13:32:41
18700.0,100,-1250.0,-0.1,SD,15414800.0,41178700.0,False,0.0,13:32:40
18700.0,2300,-1250.0,-0.1,SD,15414800.0,41178600.0,False,0.0,13:32:40
18700.0,500,-1250.0,-0.1,BU,15414800.0,41176300.0,False,0.0,13:32:40
18700.0,1500,-1250.0,-0.1,BU,15414300.0,41176300.0,False,0.0,13:32:40
18700.0,500,-1250.0,-0.1,BU,15412800.0,41176300.0,False,0.0,13:32:40
18700.0,2000,-1250.0,-0.1,BU,15412300.0,41176300.0,False,0.0,13:32:39
18700.0,500,-1250.0,-0.1,BU,15410300.0,41176300.0,False,0.0,13:32:39
18700.0,500,-1250.0,-0.1,BU,15409800.0,41176300.0,False,0.0,13:32:39
18700.0,100,-1250.0,-0.1,BU,15409300.0,41176300.0,False,0.0,13:32:39
18700.0,200,-1250.0,-0.1,BU,15409200.0,41176300.0,False,0.0,13:32:38
18700.0,200,-1250.0,-0.1,BU,15409000.0,41176300.0,False,0.0,13:32:38
18700.0,300,-1250.0,-0.1,BU,15408800.0,41176300.0,False,0.0,13:32:38
18700.0,500,-1250.0,-0.1,BU,15408500.0,41176300.0,False,0.0,13:32:38
18700.0,1000,-1250.0,-0.1,BU,15408000.0,41176300.0,False,0.0,13:32:38
18700.0,100,-1250.0,-0.1,BU,15407000.0,41176300.0,False,0.0,13:32:38
18700.0,700,-1250.0,-0.1,BU,15406900.0,41176300.0,False,0.0,13:32:38
18700.0,200,-1250.0,-0.1,BU,15406200.0,41176300.0,False,0.0,13:32:38
18700.0,300,-1250.0,-0.1,BU,15406000.0,41176300.0,False,0.0,13:32:37
18700.0,200,-1250.0,-0.1,BU,15405700.0,41176300.0,False,0.0,13:32:37
18700.0,2500,-1250.0,-0.1,BU,15405500.0,41176300.0,False,0.0,13:32:37
18700.0,3600,-1250.0,-0.1,BU,15403000.0,41176300.0,False,0.0,13:32:37
18700.0,100,-1250.0,-0.1,BU,15399400.0,41176300.0,False,0.0,13:32:36
18700.0,500,-1250.0,-0.1,BU,15399300.0,41176300.0,False,0.0,13:32:36
18700.0,200,-1250.0,-0.1,BU,15398800.0,41176300.0,False,0.0,13:32:36
18700.0,100,-1250.0,-0.1,BU,15398600.0,41176300.0,False,0.0,13:32:35
18700.0,100,-1250.0,-0.1,BU,15398500.0,41176300.0,False,0.0,13:32:35
18700.0,500,-1250.0,-0.1,BU,15398400.0,41176300.0,False,0.0,13:32:35
18700.0,100,-1250.0,-0.1,BU,15397900.0,41176300.0,False,0.0,13:32:34
18700.0,200,-1250.0,-0.1,BU,15397800.0,41176300.0,False,0.0,13:32:34
18700.0,500,-1250.0,-0.1,BU,15397600.0,41176300.0,False,0.0,13:32:34
18700.0,300,-1250.0,-0.1,BU,15397100.0,41176300.0,False,0.0,13:32:34
18700.0,1000,-1250.0,-0.1,BU,15396800.0,41176300.0,False,0.0,13:32:34
18700.0,200,-1250.0,-0.1,BU,15395800.0,41176300.0,False,0.0,13:32:34
18700.0,1000,-1250.0,-0.1,BU,15395600.0,41176300.0,False,0.0,13:32:34
18700.0,500,-1250.0,-0.1,BU,15394600.0,41176300.0,False,0.0,13:32:34
18700.0,1000,-1250.0,-0.1,BU,15394100.0,41176300.0,False,0.0,13:32:34
18700.0,6500,-1250.0,-0.1,BU,15393100.0,41176300.0,False,0.0,13:32:34
18700.0,1300,-1250.0,-0.1,BU,15386600.0,41176300.0,False,0.0,13:32:34
18700.0,200,-1250.0,-0.1,BU,15385300.0,41176300.0,False,0.0,13:32:34
18700.0,100,-1250.0,-0.1,BU,15385100.0,41176300.0,False,0.0,13:32:34
18700.0,3000,-1250.0,-0.1,BU,15385000.0,41176300.0,False,0.0,13:32:33
18700.0,500,-1250.0,-0.1,BU,15382000.0,41176300.0,False,0.0,13:32:33
18700.0,200,-1250.0,-0.1,BU,15381500.0,41176300.0,False,0.0,13:32:32
18700.0,1000,-1250.0,-0.1,BU,15381300.0,41176300.0,False,0.0,13:32:32
18700.0,1000,-1250.0,-0.1,BU,15380300.0,41176300.0,False,0.0,13:32:32
18700.0,30000,-1250.0,-0.1,BU,15379300.0,41176300.0,True,0.0,13:32:31
18700.0,500,-1250.0,-0.1,BU,15349300.0,41176300.0,False,0.0,13:32:31
18700.0,1000,-1250.0,-0.1,BU,15348800.0,41176300.0,False,0.0,13:32:31
18700.0,300,-1250.0,-0.1,BU,15347800.0,41176300.0,False,0.0,13:32:31
18700.0,1000,-1250.0,-0.1,BU,15347500.0,41176300.0,False,0.0,13:32:30
18700.0,100,-1250.0,-0.1,BU,15346500.0,41176300.0,False,0.0,13:32:30
18700.0,600,-1250.0,-0.1,BU,15346400.0,41176300.0,False,0.0,13:32:29
18700.0,5500,-1250.0,-0.1,BU,15345800.0,41176300.0,False,50.0,13:32:29
18650.0,600,-1300.0,-0.1,SD,15340300.0,41176300.0,False,0.0,13:32:29
18650.0,100,-1300.0,-0.1,SD,15340300.0,41175700.0,False,0.0,13:32:29
18650.0,500,-1300.0,-0.1,SD,15340300.0,41175600.0,False,0.0,13:32:29
18650.0,200,-1300.0,-0.1,SD,15340300.0,41175100.0,False,0.0,13:32:29
18650.0,200,-1300.0,-0.1,SD,15340300.0,41174900.0,False,0.0,13:32:29
18650.0,100,-1300.0,-0.1,SD,15340300.0,41174700.0,False,0.0,13:32:29
18650.0,100,-1300.0,-0.1,SD,15340300.0,41174600.0,False,0.0,13:32:29
18650.0,500,-1300.0,-0.1,SD,15340300.0,41174500.0,False,0.0,13:32:29
18650.0,200,-1300.0,-0.1,SD,15340300.0,41174000.0,False,-50.0,13:32:29
18700.0,2500,-1250.0,-0.1,BU,15340300.0,41173800.0,False,0.0,13:32:29
18700.0,600,-1250.0,-0.1,BU,15337800.0,41173800.0,False,0.0,13:32:29
18700.0,5000,-1250.0,-0.1,BU,15337200.0,41173800.0,False,0.0,13:32:29
18700.0,500,-1250.0,-0.1,BU,15332200.0,41173800.0,False,0.0,13:32:28
18700.0,200,-1250.0,-0.1,BU,15331700.0,41173800.0,False,50.0,13:32:28
18650.0,4500,-1300.0,-0.1,SD,15331500.0,41173800.0,False,-50.0,13:32:27
18700.0,100,-1250.0,-0.1,BU,15331500.0,41169300.0,False,0.0,13:32:27
18700.0,100,-1250.0,-0.1,BU,15331400.0,41169300.0,False,0.0,13:32:27
18700.0,1000,-1250.0,-0.1,BU,15331300.0,41169300.0,False,0.0,13:32:27
18700.0,100,-1250.0,-0.1,BU,15330300.0,41169300.0,False,50.0,13:32:27
18650.0,400,-1300.0,-0.1,SD,15330200.0,41169300.0,False,-50.0,13:32:27
18700.0,200,-1250.0,-0.1,BU,15330200.0,41168900.0,False,50.0,13:32:26
18650.0,700,-1300.0,-0.1,SD,15330000.0,41168900.0,False,0.0,13:32:26
18650.0,500,-1300.0,-0.1,SD,15330000.0,41168200.0,False,0.0,13:32:26
18650.0,800,-1300.0,-0.1,SD,15330000.0,41167700.0,False,0.0,13:32:26
18650.0,3000,-1300.0,-0.1,SD,15330000.0,41166900.0,False,-50.0,13:32:26
18700.0,800,-1250.0,-0.1,BU,15330000.0,41163900.0,False,0.0,13:32:25
18700.0,200,-1250.0,-0.1,BU,15329200.0,41163900.0,False,0.0,13:32:25
18700.0,2000,-1250.0,-0.1,BU,15329000.0,41163900.0,False,0.0,13:32:25
18700.0,500,-1250.0,-0.1,BU,15327000.0,41163900.0,False,0.0,13:32:25
18700.0,100,-1250.0,-0.1,BU,15326500.0,41163900.0,False,0.0,13:32:25
18700.0,100,-1250.0,-0.1,BU,15326400.0,41163900.0,False,0.0,13:32:24
18700.0,400,-1250.0,-0.1,BU,15326300.0,41163900.0,False,0.0,13:32:24
18700.0,300,-1250.0,-0.1,BU,15325900.0,41163900.0,False,0.0,13:32:24
18700.0,500,-1250.0,-0.1,BU,15325600.0,41163900.0,False,0.0,13:32:24
18700.0,2300,-1250.0,-0.1,BU,15325100.0,41163900.0,False,0.0,13:32:23
18700.0,7000,-1250.0,-0.1,BU,15322800.0,41163900.0,False,0.0,13:32:23
18700.0,400,-1250.0,-0.1,BU,15315800.0,41163900.0,False,0.0,13:32:23
18700.0,300,-1250.0,-0.1,BU,15315400.0,41163900.0,False,0.0,13:32:23
18700.0,5400,-1250.0,-0.1,BU,15315100.0,41163900.0,False,0.0,13:32:23
18700.0,200,-1250.0,-0.1,BU,15309700.0,41163900.0,False,0.0,13:32:23
18700.0,2000,-1250.0,-0.1,BU,15309500.0,41163900.0,False,0.0,13:32:23
18700.0,200,-1250.0,-0.1,BU,15307500.0,41163900.0,False,0.0,13:32:22
18700.0,1000,-1250.0,-0.1,BU,15307300.0,41163900.0,False,0.0,13:32:22
18700.0,11000,-1250.0,-0.1,BU,15306300.0,41163900.0,True,0.0,13:32:22
18700.0,100,-1250.0,-0.1,BU,15295300.0,41163900.0,False,50.0,13:32:21
18650.0,200,-1300.0,-0.1,SD,15295200.0,41163900.0,False,0.0,13:32:21
18650.0,2300,-1300.0,-0.1,SD,15295200.0,41163700.0,False,-50.0,13:32:21
18700.0,1000,-1250.0,-0.1,BU,15295200.0,41161400.0,False,0.0,13:32:21
18700.0,1000,-1250.0,-0.1,BU,15294200.0,41161400.0,False,0.0,13:32:21
18700.0,400,-1250.0,-0.1,BU,15293200.0,41161400.0,False,0.0,13:32:20
18700.0,1000,-1250.0,-0.1,BU,15292800.0,41161400.0,False,0.0,13:32:20
18700.0,100,-1250.0,-0.1,BU,15291800.0,41161400.0,False,0.0,13:32:20
18700.0,1000,-1250.0,-0.1,BU,15291700.0,41161400.0,False,0.0,13:32:20
18700.0,4000,-1250.0,-0.1,BU,15290700.0,41161400.0,False,0.0,13:32:20
18700.0,100,-1250.0,-0.1,BU,15286700.0,41161400.0,False,0.0,13:32:20
18700.0,100,-1250.0,-0.1,BU,15286600.0,41161400.0,False,0.0,13:32:19
18700.0,200,-1250.0,-0.1,BU,15286500.0,41161400.0,False,0.0,13:32:19
18700.0,4500,-1250.0,-0.1,BU,15286300.0,41161400.0,False,0.0,13:32:18
18700.0,1500,-1250.0,-0.1,BU,15281800.0,41161400.0,False,0.0,13:32:17
18700.0,500,-1250.0,-0.1,BU,15280300.0,41161400.0,False,0.0,13:32:17
18700.0,2000,-1250.0,-0.1,BU,15279800.0,41161400.0,False,0.0,13:32:17
18700.0,1000,-1250.0,-0.1,BU,15277800.0,41161400.0,False,0.0,13:32:16
18700.0,200,-1250.0,-0.1,BU,15276800.0,41161400.0,False,0.0,13:32:15
18700.0,100,-1250.0,-0.1,BU,15276600.0,41161400.0,False,0.0,13:32:15
18700.0,4000,-1250.0,-0.1,BU,15276500.0,41161400.0,False,0.0,13:32:15
18700.0,200,-1250.0,-0.1,BU,15272500.0,41161400.0,False,0.0,13:32:14
18700.0,100,-1250.0,-0.1,BU,15272300.0,41161400.0,False,0.0,13:32:14
18700.0,3000,-1250.0,-0.1,BU,15272200.0,41161400.0,False,0.0,13:32:14
18700.0,200,-1250.0,-0.1,BU,15269200.0,41161400.0,False,0.0,13:32:13
18700.0,1000,-1250.0,-0.1,BU,15269000.0,41161400.0,False,0.0,13:32:13
18700.0,100,-1250.0,-0.1,BU,15268000.0,41161400.0,False,0.0,13:32:13
18700.0,100,-1250.0,-0.1,BU,15267900.0,41161400.0,False,0.0,13:32:13
18700.0,100,-1250.0,-0.1,BU,15267800.0,41161400.0,False,0.0,13:32:13
18700.0,10000,-1250.0,-0.1,BU,15267700.0,41161400.0,False,0.0,13:32:12
18700.0,200,-1250.0,-0.1,BU,15257700.0,41161400.0,False,0.0,13:32:12
18700.0,400,-1250.0,-0.1,BU,15257500.0,41161400.0,False,0.0,13:32:12
18700.0,5000,-1250.0,-0.1,BU,15257100.0,41161400.0,False,0.0,13:32:12
18700.0,100,-1250.0,-0.1,BU,15252100.0,41161400.0,False,0.0,13:32:12
18700.0,900,-1250.0,-0.1,BU,15252000.0,41161400.0,False,0.0,13:32:12
18700.0,100,-1250.0,-0.1,BU,15251100.0,41161400.0,False,0.0,13:32:11
18700.0,1000,-1250.0,-0.1,BU,15251000.0,41161400.0,False,50.0,13:32:11
18650.0,1000,-1300.0,-0.1,SD,15250000.0,41161400.0,False,-50.0,13:32:11
18700.0,1000,-1250.0,-0.1,BU,15250000.0,41160400.0,False,0.0,13:32:11
18700.0,500,-1250.0,-0.1,BU,15249000.0,41160400.0,False,0.0,13:32:10
18700.0,500,-1250.0,-0.1,BU,15248500.0,41160400.0,False,0.0,13:32:10
18700.0,600,-1250.0,-0.1,BU,15248000.0,41160400.0,False,0.0,13:32:09
18700.0,1000,-1250.0,-0.1,BU,15247400.0,41160400.0,False,0.0,13:32:09
18700.0,900,-1250.0,-0.1,BU,15246400.0,41160400.0,False,0.0,13:32:09
18700.0,1000,-1250.0,-0.1,BU,15245500.0,41160400.0,False,0.0,13:32:09
18700.0,200,-1250.0,-0.1,BU,15244500.0,41160400.0,False,0.0,13:32:08
18700.0,500,-1250.0,-0.1,BU,15244300.0,41160400.0,False,0.0,13:32:08
18700.0,30000,-1250.0,-0.1,BU,15243800.0,41160400.0,True,0.0,13:32:07
18700.0,300,-1250.0,-0.1,BU,15213800.0,41160400.0,False,0.0,13:32:07
18700.0,2000,-1250.0,-0.1,BU,15213500.0,41160400.0,False,0.0,13:32:06
18700.0,100,-1250.0,-0.1,BU,15211500.0,41160400.0,False,0.0,13:32:06
18700.0,100,-1250.0,-0.1,BU,15211400.0,41160400.0,False,0.0,13:32:05
18700.0,200,-1250.0,-0.1,BU,15211300.0,41160400.0,False,0.0,13:32:05
18700.0,2000,-1250.0,-0.1,BU,15211100.0,41160400.0,False,0.0,13:32:05
18700.0,1000,-1250.0,-0.1,BU,15209100.0,41160400.0,False,0.0,13:32:05
18700.0,100,-1250.0,-0.1,BU,15208100.0,41160400.0,False,0.0,13:32:04
18700.0,2500,-1250.0,-0.1,BU,15208000.0,41160400.0,False,0.0,13:32:04
18700.0,1000,-1250.0,-0.1,BU,15205500.0,41160400.0,False,0.0,13:32:03
18700.0,3000,-1250.0,-0.1,BU,15204500.0,41160400.0,False,0.0,13:32:03
18700.0,1000,-1250.0,-0.1,BU,15201500.0,41160400.0,False,0.0,13:32:02
18700.0,100,-1250.0,-0.1,BU,15200500.0,41160400.0,False,0.0,13:32:02
18700.0,5000,-1250.0,-0.1,BU,15200400.0,41160400.0,False,0.0,13:32:02
18700.0,1000,-1250.0,-0.1,BU,15195400.0,41160400.0,False,0.0,13:32:02
18700.0,100,-1250.0,-0.1,BU,15194400.0,41160400.0,False,0.0,13:32:02
18700.0,10000,-1250.0,-0.1,BU,15194300.0,41160400.0,False,0.0,13:32:02
18700.0,5000,-1250.0,-0.1,SD,15184300.0,41160400.0,False,0.0,13:32:02
18700.0,100,-1250.0,-0.1,SD,15184300.0,41155400.0,False,0.0,13:32:02
18700.0,200,-1250.0,-0.1,SD,15184300.0,41155300.0,False,0.0,13:32:02
18700.0,100,-1250.0,-0.1,SD,15184300.0,41155100.0,False,0.0,13:32:01
18700.0,100,-1250.0,-0.1,SD,15184300.0,41155000.0,False,0.0,13:32:01
18700.0,500,-1250.0,-0.1,SD,15184300.0,41154900.0,False,0.0,13:32:01
18700.0,5000,-1250.0,-0.1,SD,15184300.0,41154400.0,False,0.0,13:32:01
18700.0,2000,-1250.0,-0.1,SD,15184300.0,41149400.0,False,0.0,13:32:01
18700.0,10000,-1250.0,-0.1,SD,15184300.0,41147400.0,False,0.0,13:32:01
18700.0,100,-1250.0,-0.1,SD,15184300.0,41137400.0,False,0.0,13:32:01
18700.0,1400,-1250.0,-0.1,SD,15184300.0,41137300.0,False,0.0,13:32:01
18700.0,1000,-1250.0,-0.1,SD,15184300.0,41135900.0,False,0.0,13:32:01
18700.0,100,-1250.0,-0.1,SD,15184300.0,41134900.0,False,0.0,13:32:01
18700.0,3100,-1250.0,-0.1,SD,15184300.0,41134800.0,False,0.0,13:32:01
18700.0,3000,-1250.0,-0.1,SD,15184300.0,41131700.0,False,0.0,13:32:01
18700.0,400,-1250.0,-0.1,SD,15184300.0,41128700.0,False,0.0,13:32:01
18700.0,3800,-1250.0,-0.1,SD,15184300.0,41128300.0,False,0.0,13:32:01
18700.0,100,-1250.0,-0.1,SD,15184300.0,41124500.0,False,0.0,13:32:01
18700.0,400,-1250.0,-0.1,SD,15184300.0,41124400.0,False,0.0,13:32:01
18700.0,1000,-1250.0,-0.1,SD,15184300.0,41124000.0,False,0.0,13:32:01
18700.0,700,-1250.0,-0.1,SD,15184300.0,41123000.0,False,0.0,13:32:01
18700.0,3000,-1250.0,-0.1,SD,15184300.0,41122300.0,False,0.0,13:32:01
18700.0,100,-1250.0,-0.1,SD,15184300.0,41119300.0,False,0.0,13:32:01
18700.0,500,-1250.0,-0.1,SD,15184300.0,41119200.0,False,0.0,13:32:01
18700.0,100,-1250.0,-0.1,SD,15184300.0,41118700.0,False,0.0,13:32:01
18700.0,100,-1250.0,-0.1,SD,15184300.0,41118600.0,False,0.0,13:32:01
18700.0,700,-1250.0,-0.1,SD,15184300.0,41118500.0,False,0.0,13:32:01
18700.0,100,-1250.0,-0.1,SD,15184300.0,41117800.0,False,0.0,13:32:01
18700.0,700,-1250.0,-0.1,SD,15184300.0,41117700.0,False,0.0,13:32:01
18700.0,100,-1250.0,-0.1,SD,15184300.0,41117000.0,False,0.0,13:32:01
18700.0,600,-1250.0,-0.1,SD,15184300.0,41116900.0,False,0.0,13:32:01
18700.0,1000,-1250.0,-0.1,SD,15184300.0,41116300.0,False,0.0,13:32:01
18700.0,200,-1250.0,-0.1,SD,15184300.0,41115300.0,False,0.0,13:32:01
18700.0,1000,-1250.0,-0.1,SD,15184300.0,41115100.0,False,0.0,13:32:01
18700.0,500,-1250.0,-0.1,SD,15184300.0,41114100.0,False,0.0,13:32:01
18700.0,200,-1250.0,-0.1,SD,15184300.0,41113600.0,False,0.0,13:32:01
18700.0,100,-1250.0,-0.1,SD,15184300.0,41113400.0,False,0.0,13:32:01
18700.0,1000,-1250.0,-0.1,SD,15184300.0,41113300.0,False,0.0,13:32:01
18700.0,1000,-1250.0,-0.1,SD,15184300.0,41112300.0,False,0.0,13:32:01
18700.0,1600,-1250.0,-0.1,SD,15184300.0,41111300.0,False,0.0,13:32:01
18700.0,2000,-1250.0,-0.1,SD,15184300.0,41109700.0,False,0.0,13:32:01
18700.0,1000,-1250.0,-0.1,SD,15184300.0,41107700.0,False,0.0,13:32:01
18700.0,1000,-1250.0,-0.1,SD,15184300.0,41106700.0,False,0.0,13:32:01
18700.0,500,-1250.0,-0.1,SD,15184300.0,41105700.0,False,0.0,13:32:01
18700.0,100,-1250.0,-0.1,SD,15184300.0,41105200.0,False,0.0,13:32:01
18700.0,2900,-1250.0,-0.1,SD,15184300.0,41105100.0,False,0.0,13:32:01
18700.0,200,-1250.0,-0.1,SD,15184300.0,41102200.0,False,0.0,13:32:01
18700.0,300,-1250.0,-0.1,SD,15184300.0,41102000.0,False,0.0,13:32:01
18700.0,1700,-1250.0,-0.1,SD,15184300.0,41101700.0,False,0.0,13:32:01
18700.0,100,-1250.0,-0.1,SD,15184300.0,41100000.0,False,0.0,13:32:01
18700.0,300,-1250.0,-0.1,SD,15184300.0,41099900.0,False,0.0,13:32:01
18700.0,1600,-1250.0,-0.1,SD,15184300.0,41099600.0,False,0.0,13:32:01
18700.0,1000,-1250.0,-0.1,SD,15184300.0,41098000.0,False,0.0,13:32:01
18700.0,1000,-1250.0,-0.1,SD,15184300.0,41097000.0,False,0.0,13:32:01
18700.0,10000,-1250.0,-0.1,SD,15184300.0,41096000.0,False,0.0,13:32:01
18700.0,500,-1250.0,-0.1,SD,15184300.0,41086000.0,False,0.0,13:32:01
18700.0,300,-1250.0,-0.1,SD,15184300.0,41085500.0,False,0.0,13:32:01
18700.0,5000,-1250.0,-0.1,SD,15184300.0,41085200.0,False,0.0,13:32:01
18700.0,600,-1250.0,-0.1,SD,15184300.0,41080200.0,False,0.0,13:32:01
18700.0,300,-1250.0,-0.1,SD,15184300.0,41079600.0,False,0.0,13:32:01
18700.0,500,-1250.0,-0.1,SD,15184300.0,41079300.0,False,0.0,13:32:01
18700.0,300,-1250.0,-0.1,SD,15184300.0,41078800.0,False,0.0,13:32:01
18700.0,20000,-1250.0,-0.1,SD,15184300.0,41078500.0,True,0.0,13:32:01
18700.0,200,-1250.0,-0.1,SD,15184300.0,41058500.0,False,0.0,13:32:01
18700.0,600,-1250.0,-0.1,SD,15184300.0,41058300.0,False,0.0,13:32:01
18700.0,100,-1250.0,-0.1,SD,15184300.0,41057700.0,False,0.0,13:32:01
18700.0,900,-1250.0,-0.1,SD,15184300.0,41057600.0,False,0.0,13:32:01
18700.0,100,-1250.0,-0.1,SD,15184300.0,41056700.0,False,0.0,13:32:01
18700.0,300,-1250.0,-0.1,SD,15184300.0,41056600.0,False,0.0,13:32:01
18700.0,1500,-1250.0,-0.1,SD,15184300.0,41056300.0,False,0.0,13:32:01
18700.0,500,-1250.0,-0.1,SD,15184300.0,41054800.0,False,0.0,13:32:01
18700.0,3000,-1250.0,-0.1,SD,15184300.0,41054300.0,False,0.0,13:32:01
18700.0,500,-1250.0,-0.1,SD,15184300.0,41051300.0,False,0.0,13:32:01
18700.0,100,-1250.0,-0.1,SD,15184300.0,41050800.0,False,0.0,13:32:01
18700.0,20000,-1250.0,-0.1,SD,15184300.0,41050700.0,True,0.0,13:32:01
18700.0,500,-1250.0,-0.1,SD,15184300.0,41030700.0,False,0.0,13:32:01
18700.0,300,-1250.0,-0.1,SD,15184300.0,41030200.0,False,0.0,13:32:01
18700.0,100,-1250.0,-0.1,SD,15184300.0,41029900.0,False,0.0,13:32:01
18700.0,3300,-1250.0,-0.1,SD,15184300.0,41029800.0,False,0.0,13:32:01
18700.0,1000,-1250.0,-0.1,SD,15184300.0,41026500.0,False,0.0,13:32:01
18700.0,500,-1250.0,-0.1,SD,15184300.0,41025500.0,False,0.0,13:32:01
18700.0,1000,-1250.0,-0.1,SD,15184300.0,41025000.0,False,0.0,13:32:01
18700.0,1000,-1250.0,-0.1,SD,15184300.0,41024000.0,False,0.0,13:32:01
18700.0,100,-1250.0,-0.1,SD,15184300.0,41023000.0,False,0.0,13:32:01
18700.0,200,-1250.0,-0.1,SD,15184300.0,41022900.0,False,0.0,13:32:01
18700.0,200,-1250.0,-0.1,SD,15184300.0,41022700.0,False,0.0,13:32:01
18700.0,100,-1250.0,-0.1,SD,15184300.0,41022500.0,False,0.0,13:32:01
18700.0,1500,-1250.0,-0.1,SD,15184300.0,41022400.0,False,0.0,13:32:01
18700.0,600,-1250.0,-0.1,SD,15184300.0,41020900.0,False,0.0,13:32:01
18700.0,200,-1250.0,-0.1,SD,15184300.0,41020300.0,False,0.0,13:32:01
18700.0,2200,-1250.0,-0.1,SD,15184300.0,41020100.0,False,0.0,13:32:01
18700.0,400,-1250.0,-0.1,SD,15184300.0,41017900.0,False,0.0,13:32:01
18700.0,1500,-1250.0,-0.1,SD,15184300.0,41017500.0,False,0.0,13:32:01
18700.0,700,-1250.0,-0.1,SD,15184300.0,41016000.0,False,0.0,13:32:01
18700.0,1000,-1250.0,-0.1,SD,15184300.0,41015300.0,False,0.0,13:32:01
18700.0,2400,-1250.0,-0.1,SD,15184300.0,41014300.0,False,0.0,13:32:01
18700.0,100,-1250.0,-0.1,SD,15184300.0,41011900.0,False,0.0,13:32:01
18700.0,200,-1250.0,-0.1,SD,15184300.0,41011800.0,False,0.0,13:32:01
18700.0,1000,-1250.0,-0.1,SD,15184300.0,41011600.0,False,0.0,13:32:01
18700.0,100,-1250.0,-0.1,SD,15184300.0,41010600.0,False,0.0,13:32:01
18700.0,300,-1250.0,-0.1,SD,15184300.0,41010500.0,False,0.0,13:32:01
18700.0,100,-1250.0,-0.1,SD,15184300.0,41010200.0,False,0.0,13:32:01
18700.0,300,-1250.0,-0.1,SD,15184300.0,41010100.0,False,0.0,13:32:01
18700.0,3400,-1250.0,-0.1,SD,15184300.0,41009800.0,False,-50.0,13:32:01
18750.0,100,-1200.0,-0.1,BU,15184300.0,41006400.0,False,0.0,13:32:01
18750.0,500,-1200.0,-0.1,BU,15184200.0,41006400.0,False,50.0,13:32:00
18700.0,100,-1250.0,-0.1,SD,15183700.0,41006400.0,False,-50.0,13:32:00
18750.0,300,-1200.0,-0.1,BU,15183700.0,41006300.0,False,0.0,13:32:00
18750.0,500,-1200.0,-0.1,BU,15183400.0,41006300.0,False,0.0,13:32:00
18750.0,800,-1200.0,-0.1,BU,15182900.0,41006300.0,False,0.0,13:32:00
18750.0,800,-1200.0,-0.1,BU,15182100.0,41006300.0,False,0.0,13:31:59
18750.0,2000,-1200.0,-0.1,BU,15181300.0,41006300.0,False,50.0,13:31:59
18700.0,500,-1250.0,-0.1,SD,15179300.0,41006300.0,False,-50.0,13:31:58
18750.0,1000,-1200.0,-0.1,BU,15179300.0,41005800.0,False,0.0,13:31:58
18750.0,500,-1200.0,-0.1,BU,15178300.0,41005800.0,False,0.0,13:31:58
18750.0,500,-1200.0,-0.1,BU,15177800.0,41005800.0,False,0.0,13:31:58
18750.0,800,-1200.0,-0.1,BU,15177300.0,41005800.0,False,0.0,13:31:57
18750.0,300,-1200.0,-0.1,SD,15176500.0,41005800.0,False,-50.0,13:31:57
18800.0,600,-1150.0,-0.1,BU,15176500.0,41005500.0,False,50.0,13:31:57
18750.0,200,-1200.0,-0.1,SD,15175900.0,41005500.0,False,0.0,13:31:57
18750.0,100,-1200.0,-0.1,SD,15175900.0,41005300.0,False,-50.0,13:31:56
18800.0,700,-1150.0,-0.1,BU,15175900.0,41005200.0,False,0.0,13:31:55
18800.0,1000,-1150.0,-0.1,BU,15175200.0,41005200.0,False,0.0,13:31:54
18800.0,2000,-1150.0,-0.1,BU,15174200.0,41005200.0,False,0.0,13:31:54
18800.0,700,-1150.0,-0.1,BU,15172200.0,41005200.0,False,50.0,13:31:54
18750.0,500,-1200.0,-0.1,BU,15171500.0,41005200.0,False,0.0,13:31:54
18750.0,200,-1200.0,-0.1,BU,15171000.0,41005200.0,False,0.0,13:31:53
18750.0,400,-1200.0,-0.1,BU,15170800.0,41005200.0,False,0.0,13:31:53
18750.0,100,-1200.0,-0.1,BU,15170400.0,41005200.0,False,0.0,13:31:53
18750.0,500,-1200.0,-0.1,BU,15170300.0,41005200.0,False,0.0,13:31:53
18750.0,300,-1200.0,-0.1,BU,15169800.0,41005200.0,False,-50.0,13:31:53
18800.0,1000,-1150.0,-0.1,BU,15169500.0,41005200.0,False,0.0,13:31:51
18800.0,800,-1150.0,-0.1,BU,15168500.0,41005200.0,False,0.0,13:31:51
18800.0,2000,-1150.0,-0.1,BU,15167700.0,41005200.0,False,0.0,13:31:51
18800.0,100,-1150.0,-0.1,BU,15165700.0,41005200.0,False,100.0,13:31:50
18700.0,1000,-1250.0,-0.1,SD,15165600.0,41005200.0,False,0.0,13:31:49
18700.0,400,-1250.0,-0.1,SD,15165600.0,41004200.0,False,0.0,13:31:49
18700.0,1000,-1250.0,-0.1,SD,15165600.0,41003800.0,False,0.0,13:31:49
18700.0,100,-1250.0,-0.1,SD,15165600.0,41002800.0,False,0.0,13:31:49
18700.0,1000,-1250.0,-0.1,SD,15165600.0,41002700.0,False,0.0,13:31:49
18700.0,5000,-1250.0,-0.1,SD,15165600.0,41001700.0,False,0.0,13:31:49
18700.0,600,-1250.0,-0.1,SD,15165600.0,40996700.0,False,0.0,13:31:49
18700.0,200,-1250.0,-0.1,SD,15165600.0,40996100.0,False,0.0,13:31:49
18700.0,200,-1250.0,-0.1,SD,15165600.0,40995900.0,False,0.0,13:31:49
18700.0,200,-1250.0,-0.1,SD,15165600.0,40995700.0,False,0.0,13:31:49
18700.0,1000,-1250.0,-0.1,SD,15165600.0,40995500.0,False,0.0,13:31:49
18700.0,400,-1250.0,-0.1,SD,15165600.0,40994500.0,False,0.0,13:31:49
18700.0,200,-1250.0,-0.1,SD,15165600.0,40994100.0,False,0.0,13:31:49
18700.0,2000,-1250.0,-0.1,SD,15165600.0,40993900.0,False,0.0,13:31:49
18700.0,1000,-1250.0,-0.1,SD,15165600.0,40991900.0,False,0.0,13:31:49
18700.0,100,-1250.0,-0.1,SD,15165600.0,40990900.0,False,0.0,13:31:49
18700.0,10000,-1250.0,-0.1,SD,15165600.0,40990800.0,False,0.0,13:31:49
18700.0,500,-1250.0,-0.1,SD,15165600.0,40980800.0,False,0.0,13:31:49
18700.0,200,-1250.0,-0.1,SD,15165600.0,40980300.0,False,0.0,13:31:49
18700.0,1000,-1250.0,-0.1,SD,15165600.0,40980100.0,False,0.0,13:31:49
18700.0,500,-1250.0,-0.1,SD,15165600.0,40979100.0,False,0.0,13:31:49
18700.0,100,-1250.0,-0.1,SD,15165600.0,40978600.0,False,0.0,13:31:49
18700.0,1000,-1250.0,-0.1,SD,15165600.0,40978500.0,False,0.0,13:31:49
18700.0,1000,-1250.0,-0.1,SD,15165600.0,40977500.0,False,0.0,13:31:49
18700.0,200,-1250.0,-0.1,SD,15165600.0,40976500.0,False,0.0,13:31:49
18700.0,800,-1250.0,-0.1,SD,15165600.0,40976300.0,False,0.0,13:31:49
18700.0,1000,-1250.0,-0.1,SD,15165600.0,40975500.0,False,0.0,13:31:49
18700.0,1000,-1250.0,-0.1,SD,15165600.0,40974500.0,False,0.0,13:31:49
18700.0,500,-1250.0,-0.1,SD,15165600.0,40973500.0,False,0.0,13:31:49
18700.0,300,-1250.0,-0.1,SD,15165600.0,40973000.0,False,0.0,13:31:49
18700.0,800,-1250.0,-0.1,SD,15165600.0,40972700.0,False,0.0,13:31:49
18700.0,500,-1250.0,-0.1,SD,15165600.0,40971900.0,False,0.0,13:31:49
18700.0,1000,-1250.0,-0.1,SD,15165600.0,40971400.0,False,0.0,13:31:49
18700.0,100,-1250.0,-0.1,SD,15165600.0,40970400.0,False,0.0,13:31:49
18700.0,500,-1250.0,-0.1,SD,15165600.0,40970300.0,False,0.0,13:31:49
18700.0,100,-1250.0,-0.1,SD,15165600.0,40969800.0,False,0.0,13:31:49
18700.0,2000,-1250.0,-0.1,SD,15165600.0,40969700.0,False,0.0,13:31:49
18700.0,300,-1250.0,-0.1,SD,15165600.0,40967700.0,False,0.0,13:31:49
18700.0,500,-1250.0,-0.1,SD,15165600.0,40967400.0,False,0.0,13:31:49
18700.0,300,-1250.0,-0.1,SD,15165600.0,40966900.0,False,0.0,13:31:49
18700.0,4000,-1250.0,-0.1,SD,15165600.0,40966600.0,False,0.0,13:31:49
18700.0,1000,-1250.0,-0.1,SD,15165600.0,40962600.0,False,0.0,13:31:49
18700.0,300,-1250.0,-0.1,SD,15165600.0,40961600.0,False,0.0,13:31:49
18700.0,30000,-1250.0,-0.1,SD,15165600.0,40961300.0,True,0.0,13:31:49
18700.0,200,-1250.0,-0.1,SD,15165600.0,40931300.0,False,0.0,13:31:49
18700.0,1500,-1250.0,-0.1,SD,15165600.0,40931100.0,False,0.0,13:31:49
18700.0,5000,-1250.0,-0.1,SD,15165600.0,40929600.0,False,0.0,13:31:49
18700.0,100,-1250.0,-0.1,SD,15165600.0,40924600.0,False,0.0,13:31:49
18700.0,10000,-1250.0,-0.1,SD,15165600.0,40924500.0,False,0.0,13:31:49
18700.0,500,-1250.0,-0.1,SD,15165600.0,40914500.0,False,0.0,13:31:49
18700.0,100,-1250.0,-0.1,SD,15165600.0,40914000.0,False,0.0,13:31:49
18700.0,1000,-1250.0,-0.1,SD,15165600.0,40913900.0,False,0.0,13:31:49
18700.0,300,-1250.0,-0.1,SD,15165600.0,40912900.0,False,0.0,13:31:49
18700.0,500,-1250.0,-0.1,SD,15165600.0,40912600.0,False,0.0,13:31:49
18700.0,200,-1250.0,-0.1,SD,15165600.0,40912100.0,False,0.0,13:31:49
18700.0,1000,-1250.0,-0.1,SD,15165600.0,40911900.0,False,0.0,13:31:49
18700.0,500,-1250.0,-0.1,SD,15165600.0,40910900.0,False,0.0,13:31:49
18700.0,20000,-1250.0,-0.1,SD,15165600.0,40910400.0,True,0.0,13:31:49
18700.0,4000,-1250.0,-0.1,SD,15165600.0,40890400.0,False,0.0,13:31:49
18700.0,10000,-1250.0,-0.1,SD,15165600.0,40886400.0,False,0.0,13:31:49
18700.0,400,-1250.0,-0.1,SD,15165600.0,40876400.0,False,0.0,13:31:49
18700.0,1000,-1250.0,-0.1,SD,15165600.0,40876000.0,False,0.0,13:31:49
18700.0,1200,-1250.0,-0.1,SD,15165600.0,40875000.0,False,0.0,13:31:49
18700.0,1600,-1250.0,-0.1,SD,15165600.0,40873800.0,False,0.0,13:31:49
18700.0,300,-1250.0,-0.1,SD,15165600.0,40872200.0,False,0.0,13:31:49
18700.0,2000,-1250.0,-0.1,SD,15165600.0,40871900.0,False,0.0,13:31:49
18700.0,3000,-1250.0,-0.1,SD,15165600.0,40869900.0,False,0.0,13:31:49
18700.0,5000,-1250.0,-0.1,SD,15165600.0,40866900.0,False,0.0,13:31:49
18700.0,1000,-1250.0,-0.1,SD,15165600.0,40861900.0,False,0.0,13:31:49
18700.0,1000,-1250.0,-0.1,SD,15165600.0,40860900.0,False,0.0,13:31:49
18700.0,1000,-1250.0,-0.1,SD,15165600.0,40859900.0,False,0.0,13:31:49
18700.0,2000,-1250.0,-0.1,SD,15165600.0,40858900.0,False,0.0,13:31:49
18700.0,1000,-1250.0,-0.1,SD,15165600.0,40856900.0,False,0.0,13:31:49
18700.0,200,-1250.0,-0.1,SD,15165600.0,40855900.0,False,0.0,13:31:49
18700.0,100,-1250.0,-0.1,SD,15165600.0,40855700.0,False,0.0,13:31:49
18700.0,800,-1250.0,-0.1,SD,15165600.0,40855600.0,False,0.0,13:31:49
18700.0,1000,-1250.0,-0.1,SD,15165600.0,40854800.0,False,0.0,13:31:49
18700.0,600,-1250.0,-0.1,SD,15165600.0,40853800.0,False,0.0,13:31:49
18700.0,1000,-1250.0,-0.1,SD,15165600.0,40853200.0,False,0.0,13:31:49
18700.0,2000,-1250.0,-0.1,SD,15165600.0,40852200.0,False,0.0,13:31:49
18700.0,500,-1250.0,-0.1,SD,15165600.0,40850200.0,False,0.0,13:31:49
18700.0,600,-1250.0,-0.1,SD,15165600.0,40849700.0,False,0.0,13:31:49
18700.0,600,-1250.0,-0.1,SD,15165600.0,40849100.0,False,0.0,13:31:49
18700.0,700,-1250.0,-0.1,SD,15165600.0,40848500.0,False,-50.0,13:31:49
18750.0,1900,-1200.0,-0.1,SD,15165600.0,40847800.0,False,0.0,13:31:49
18750.0,100,-1200.0,-0.1,SD,15165600.0,40845900.0,False,0.0,13:31:49
18750.0,1000,-1200.0,-0.1,SD,15165600.0,40845800.0,False,0.0,13:31:49
18750.0,20000,-1200.0,-0.1,SD,15165600.0,40844800.0,True,0.0,13:31:49
18750.0,500,-1200.0,-0.1,SD,15165600.0,40824800.0,False,0.0,13:31:49
18750.0,300,-1200.0,-0.1,SD,15165600.0,40824300.0,False,0.0,13:31:49
18750.0,600,-1200.0,-0.1,SD,15165600.0,40824000.0,False,0.0,13:31:49
18750.0,1000,-1200.0,-0.1,SD,15165600.0,40823400.0,False,0.0,13:31:49
18750.0,2000,-1200.0,-0.1,SD,15165600.0,40822400.0,False,0.0,13:31:49
18750.0,1500,-1200.0,-0.1,SD,15165600.0,40820400.0,False,0.0,13:31:49
18750.0,500,-1200.0,-0.1,SD,15165600.0,40818900.0,False,0.0,13:31:49
18750.0,54000,-1200.0,-0.1,SD,15165600.0,40818400.0,True,0.0,13:31:49
18750.0,3000,-1200.0,-0.1,SD,15165600.0,40764400.0,False,0.0,13:31:49
18750.0,200,-1200.0,-0.1,SD,15165600.0,40761400.0,False,0.0,13:31:49
18750.0,200,-1200.0,-0.1,SD,15165600.0,40761200.0,False,0.0,13:31:49
18750.0,300,-1200.0,-0.1,SD,15165600.0,40761000.0,False,0.0,13:31:49
18750.0,2000,-1200.0,-0.1,SD,15165600.0,40760700.0,False,0.0,13:31:49
18750.0,100,-1200.0,-0.1,SD,15165600.0,40758700.0,False,0.0,13:31:49
18750.0,1000,-1200.0,-0.1,SD,15165600.0,40758600.0,False,0.0,13:31:49
18750.0,200,-1200.0,-0.1,SD,15165600.0,40757600.0,False,0.0,13:31:49
18750.0,2000,-1200.0,-0.1,SD,15165600.0,40757400.0,False,0.0,13:31:49
18750.0,500,-1200.0,-0.1,SD,15165600.0,40755400.0,False,0.0,13:31:49
18750.0,1000,-1200.0,-0.1,SD,15165600.0,40754900.0,False,0.0,13:31:49
18750.0,100,-1200.0,-0.1,SD,15165600.0,40753900.0,False,0.0,13:31:49
18750.0,900,-1200.0,-0.1,SD,15165600.0,40753800.0,False,0.0,13:31:49
18750.0,500,-1200.0,-0.1,SD,15165600.0,40752900.0,False,0.0,13:31:49
18750.0,400,-1200.0,-0.1,SD,15165600.0,40752400.0,False,0.0,13:31:49
18750.0,200,-1200.0,-0.1,SD,15165600.0,40752000.0,False,0.0,13:31:49
18750.0,1000,-1200.0,-0.1,SD,15165600.0,40751800.0,False,0.0,13:31:49
18750.0,300,-1200.0,-0.1,SD,15165600.0,40750800.0,False,0.0,13:31:49
18750.0,500,-1200.0,-0.1,SD,15165600.0,40750500.0,False,0.0,13:31:49
18750.0,200,-1200.0,-0.1,SD,15165600.0,40750000.0,False,0.0,13:31:49
18750.0,300,-1200.0,-0.1,SD,15165600.0,40749800.0,False,0.0,13:31:49
18750.0,100,-1200.0,-0.1,SD,15165600.0,40749500.0,False,0.0,13:31:49
18750.0,1000,-1200.0,-0.1,SD,15165600.0,40749400.0,False,0.0,13:31:49
18750.0,500,-1200.0,-0.1,SD,15165600.0,40748400.0,False,0.0,13:31:49
18750.0,100,-1200.0,-0.1,SD,15165600.0,40747900.0,False,0.0,13:31:49
18750.0,2000,-1200.0,-0.1,SD,15165600.0,40747800.0,False,0.0,13:31:49
18750.0,26000,-1200.0,-0.1,SD,15165600.0,40745800.0,True,0.0,13:31:49
18750.0,100,-1200.0,-0.1,SD,15165600.0,40719800.0,False,0.0,13:31:49
18750.0,5000,-1200.0,-0.1,SD,15165600.0,40719700.0,False,0.0,13:31:49
18750.0,100,-1200.0,-0.1,SD,15165600.0,40714700.0,False,0.0,13:31:49
18750.0,1000,-1200.0,-0.1,SD,15165600.0,40714600.0,False,0.0,13:31:49
18750.0,1000,-1200.0,-0.1,SD,15165600.0,40713600.0,False,0.0,13:31:49
18750.0,600,-1200.0,-0.1,SD,15165600.0,40712600.0,False,0.0,13:31:49
18750.0,100,-1200.0,-0.1,SD,15165600.0,40712000.0,False,0.0,13:31:49
18750.0,500,-1200.0,-0.1,SD,15165600.0,40711900.0,False,0.0,13:31:49
18750.0,100,-1200.0,-0.1,SD,15165600.0,40711400.0,False,0.0,13:31:49
18750.0,100,-1200.0,-0.1,SD,15165600.0,40711300.0,False,0.0,13:31:49
18750.0,100,-1200.0,-0.1,SD,15165600.0,40711200.0,False,0.0,13:31:49
18750.0,2000,-1200.0,-0.1,SD,15165600.0,40711100.0,False,0.0,13:31:49
18750.0,500,-1200.0,-0.1,SD,15165600.0,40709100.0,False,0.0,13:31:49
18750.0,1000,-1200.0,-0.1,SD,15165600.0,40708600.0,False,0.0,13:31:49
18750.0,400,-1200.0,-0.1,SD,15165600.0,40707600.0,False,0.0,13:31:49
18750.0,2000,-1200.0,-0.1,SD,15165600.0,40707200.0,False,-50.0,13:31:49
18800.0,600,-1150.0,-0.1,BU,15165600.0,40705200.0,False,0.0,13:31:49
18800.0,200,-1150.0,-0.1,BU,15165000.0,40705200.0,False,0.0,13:31:48
18800.0,1200,-1150.0,-0.1,BU,15164800.0,40705200.0,False,0.0,13:31:47
18800.0,1000,-1150.0,-0.1,BU,15163600.0,40705200.0,False,0.0,13:31:47
18800.0,500,-1150.0,-0.1,BU,15162600.0,40705200.0,False,0.0,13:31:47
18800.0,500,-1150.0,-0.1,BU,15162100.0,40705200.0,False,0.0,13:31:47
18800.0,1000,-1150.0,-0.1,BU,15161600.0,40705200.0,False,0.0,13:31:43
18800.0,1000,-1150.0,-0.1,BU,15160600.0,40705200.0,False,0.0,13:31:43
18800.0,800,-1150.0,-0.1,BU,15159600.0,40705200.0,False,0.0,13:31:43
18800.0,100,-1150.0,-0.1,BU,15158800.0,40705200.0,False,0.0,13:31:43
18800.0,100,-1150.0,-0.1,BU,15158700.0,40705200.0,False,0.0,13:31:43
18800.0,1000,-1150.0,-0.1,BU,15158600.0,40705200.0,False,0.0,13:31:43
18800.0,400,-1150.0,-0.1,BU,15157600.0,40705200.0,False,0.0,13:31:43
18800.0,500,-1150.0,-0.1,BU,15157200.0,40705200.0,False,0.0,13:31:42
18800.0,500,-1150.0,-0.1,BU,15156700.0,40705200.0,False,50.0,13:31:42
18750.0,300,-1200.0,-0.1,SD,15156200.0,40705200.0,False,-50.0,13:31:42
18800.0,100,-1150.0,-0.1,BU,15156200.0,40704900.0,False,0.0,13:31:41
18800.0,2400,-1150.0,-0.1,BU,15156100.0,40704900.0,False,0.0,13:31:39
18800.0,100,-1150.0,-0.1,BU,15153700.0,40704900.0,False,0.0,13:31:39
18800.0,1300,-1150.0,-0.1,BU,15153600.0,40704900.0,False,0.0,13:31:39
18800.0,1000,-1150.0,-0.1,BU,15152300.0,40704900.0,False,0.0,13:31:39
18800.0,9200,-1150.0,-0.1,BU,15151300.0,40704900.0,False,50.0,13:31:39
18750.0,700,-1200.0,-0.1,SD,15142100.0,40704900.0,False,0.0,13:31:39
18750.0,500,-1200.0,-0.1,SD,15142100.0,40704200.0,False,0.0,13:31:39
18750.0,800,-1200.0,-0.1,SD,15142100.0,40703700.0,False,-50.0,13:31:39
18800.0,300,-1150.0,-0.1,BU,15142100.0,40702900.0,False,0.0,13:31:38
18800.0,100,-1150.0,-0.1,BU,15141800.0,40702900.0,False,0.0,13:31:37
18800.0,100,-1150.0,-0.1,BU,15141700.0,40702900.0,False,0.0,13:31:37
18800.0,400,-1150.0,-0.1,BU,15141600.0,40702900.0,False,0.0,13:31:37
18800.0,200,-1150.0,-0.1,BU,15141200.0,40702900.0,False,0.0,13:31:37
18800.0,300,-1150.0,-0.1,BU,15141000.0,40702900.0,False,0.0,13:31:37
18800.0,600,-1150.0,-0.1,BU,15140700.0,40702900.0,False,0.0,13:31:37
18800.0,300,-1150.0,-0.1,BU,15140100.0,40702900.0,False,50.0,13:31:37
18750.0,200,-1200.0,-0.1,SD,15139800.0,40702900.0,False,0.0,13:31:37
18750.0,500,-1200.0,-0.1,SD,15139800.0,40702700.0,False,0.0,13:31:37
18750.0,300,-1200.0,-0.1,SD,15139800.0,40702200.0,False,-50.0,13:31:37
18800.0,700,-1150.0,-0.1,BU,15139800.0,40701900.0,False,0.0,13:31:37
18800.0,200,-1150.0,-0.1,BU,15139100.0,40701900.0,False,0.0,13:31:37
18800.0,100,-1150.0,-0.1,BU,15138900.0,40701900.0,False,0.0,13:31:37
18800.0,100,-1150.0,-0.1,BU,15138800.0,40701900.0,False,0.0,13:31:37
18800.0,2000,-1150.0,-0.1,BU,15138700.0,40701900.0,False,0.0,13:31:36
18800.0,100,-1150.0,-0.1,BU,15136700.0,40701900.0,False,0.0,13:31:36
18800.0,200,-1150.0,-0.1,BU,15136600.0,40701900.0,False,0.0,13:31:36
18800.0,400,-1150.0,-0.1,BU,15136400.0,40701900.0,False,50.0,13:31:36
18750.0,2400,-1200.0,-0.1,SD,15136000.0,40701900.0,False,-50.0,13:31:35
18800.0,100,-1150.0,-0.1,BU,15136000.0,40699500.0,False,50.0,13:31:35
18750.0,3000,-1200.0,-0.1,SD,15135900.0,40699500.0,False,-50.0,13:31:34
18800.0,200,-1150.0,-0.1,BU,15135900.0,40696500.0,False,50.0,13:31:34
18750.0,4300,-1200.0,-0.1,SD,15135700.0,40696500.0,False,0.0,13:31:33
18750.0,100,-1200.0,-0.1,SD,15135700.0,40692200.0,False,0.0,13:31:33
18750.0,5100,-1200.0,-0.1,SD,15135700.0,40692100.0,False,-50.0,13:31:33
18800.0,200,-1150.0,-0.1,BU,15135700.0,40687000.0,False,0.0,13:31:31
18800.0,2000,-1150.0,-0.1,BU,15135500.0,40687000.0,False,0.0,13:31:31
18800.0,400,-1150.0,-0.1,BU,15133500.0,40687000.0,False,50.0,13:31:30
18750.0,100,-1200.0,-0.1,SD,15133100.0,40687000.0,False,0.0,13:31:27
18750.0,300,-1200.0,-0.1,SD,15133100.0,40686900.0,False,-50.0,13:31:26
18800.0,5100,-1150.0,-0.1,BU,15133100.0,40686600.0,False,0.0,13:31:24
18800.0,700,-1150.0,-0.1,BU,15128000.0,40686600.0,False,50.0,13:31:24
18750.0,1000,-1200.0,-0.1,SD,15127300.0,40686600.0,False,0.0,13:31:24
18750.0,500,-1200.0,-0.1,SD,15127300.0,40685600.0,False,0.0,13:31:21
18750.0,2000,-1200.0,-0.1,SD,15127300.0,40685100.0,False,-50.0,13:31:21
18800.0,300,-1150.0,-0.1,BU,15127300.0,40683100.0,False,50.0,13:31:21
18750.0,200,-1200.0,-0.1,SD,15127000.0,40683100.0,False,0.0,13:31:21
18750.0,1000,-1200.0,-0.1,SD,15127000.0,40682900.0,False,0.0,13:31:20
18750.0,100,-1200.0,-0.1,SD,15127000.0,40681900.0,False,0.0,13:31:20
18750.0,2000,-1200.0,-0.1,BU,15127000.0,40681800.0,False,0.0,13:31:18
18750.0,200,-1200.0,-0.1,BU,15125000.0,40681800.0,False,0.0,13:31:18
18750.0,100,-1200.0,-0.1,BU,15124800.0,40681800.0,False,0.0,13:31:18
18750.0,300,-1200.0,-0.1,BU,15124700.0,40681800.0,False,0.0,13:31:18
18750.0,100,-1200.0,-0.1,BU,15124400.0,40681800.0,False,0.0,13:31:18
18750.0,1600,-1200.0,-0.1,BU,15124300.0,40681800.0,False,0.0,13:31:18
18750.0,1000,-1200.0,-0.1,BU,15122700.0,40681800.0,False,0.0,13:31:18
18750.0,500,-1200.0,-0.1,BU,15121700.0,40681800.0,False,0.0,13:31:18
18750.0,8000,-1200.0,-0.1,BU,15121200.0,40681800.0,False,0.0,13:31:18
18750.0,500,-1200.0,-0.1,BU,15113200.0,40681800.0,False,0.0,13:31:18
18750.0,100,-1200.0,-0.1,BU,15112700.0,40681800.0,False,0.0,13:31:18
18750.0,10000,-1200.0,-0.1,BU,15112600.0,40681800.0,False,0.0,13:31:18
18750.0,400,-1200.0,-0.1,BU,15102600.0,40681800.0,False,0.0,13:31:17
18750.0,400,-1200.0,-0.1,BU,15102200.0,40681800.0,False,0.0,13:31:17
18750.0,500,-1200.0,-0.1,BU,15101800.0,40681800.0,False,0.0,13:31:17
18750.0,7000,-1200.0,-0.1,BU,15101300.0,40681800.0,False,0.0,13:31:17
18750.0,7000,-1200.0,-0.1,BU,15094300.0,40681800.0,False,50.0,13:31:17
18700.0,100,-1250.0,-0.1,SD,15087300.0,40681800.0,False,0.0,13:31:17
18700.0,200,-1250.0,-0.1,SD,15087300.0,40681700.0,False,0.0,13:31:17
18700.0,900,-1250.0,-0.1,SD,15087300.0,40681500.0,False,-50.0,13:31:17
18750.0,500,-1200.0,-0.1,BU,15087300.0,40680600.0,False,0.0,13:31:17
18750.0,2500,-1200.0,-0.1,BU,15086800.0,40680600.0,False,0.0,13:31:16
18750.0,1000,-1200.0,-0.1,BU,15084300.0,40680600.0,False,0.0,13:31:16
18750.0,500,-1200.0,-0.1,BU,15083300.0,40680600.0,False,0.0,13:31:16
18750.0,6000,-1200.0,-0.1,BU,15082800.0,40680600.0,False,0.0,13:31:16
18750.0,1000,-1200.0,-0.1,BU,15076800.0,40680600.0,False,50.0,13:31:15
18700.0,200,-1250.0,-0.1,SD,15075800.0,40680600.0,False,0.0,13:31:14
18700.0,100,-1250.0,-0.1,SD,15075800.0,40680400.0,False,0.0,13:31:14
18700.0,700,-1250.0,-0.1,SD,15075800.0,40680300.0,False,-50.0,13:31:14
18750.0,1800,-1200.0,-0.1,BU,15075800.0,40679600.0,False,0.0,13:31:13
18750.0,300,-1200.0,-0.1,BU,15074000.0,40679600.0,False,0.0,13:31:12
18750.0,400,-1200.0,-0.1,BU,15073700.0,40679600.0,False,0.0,13:31:12
18750.0,500,-1200.0,-0.1,BU,15073300.0,40679600.0,False,0.0,13:31:12
18750.0,200,-1200.0,-0.1,BU,15072800.0,40679600.0,False,50.0,13:31:12
18700.0,1000,-1250.0,-0.1,SD,15072600.0,40679600.0,False,-50.0,13:31:12
18750.0,600,-1200.0,-0.1,BU,15072600.0,40678600.0,False,50.0,13:31:12
18700.0,100,-1250.0,-0.1,SD,15072000.0,40678600.0,False,-50.0,13:31:12
18750.0,400,-1200.0,-0.1,BU,15072000.0,40678500.0,False,50.0,13:31:11
18700.0,200,-1250.0,-0.1,SD,15071600.0,40678500.0,False,0.0,13:31:10
18700.0,2000,-1250.0,-0.1,SD,15071600.0,40678300.0,False,0.0,13:31:10
18700.0,2000,-1250.0,-0.1,SD,15071600.0,40676300.0,False,0.0,13:31:10
18700.0,2500,-1250.0,-0.1,SD,15071600.0,40674300.0,False,-50.0,13:31:10
18750.0,1300,-1200.0,-0.1,BU,15071600.0,40671800.0,False,0.0,13:31:10
18750.0,2000,-1200.0,-0.1,BU,15070300.0,40671800.0,False,0.0,13:31:10
18750.0,300,-1200.0,-0.1,BU,15068300.0,40671800.0,False,0.0,13:31:10
18750.0,100,-1200.0,-0.1,BU,15068000.0,40671800.0,False,0.0,13:31:10
18750.0,1200,-1200.0,-0.1,BU,15067900.0,40671800.0,False,0.0,13:31:10
18750.0,200,-1200.0,-0.1,BU,15066700.0,40671800.0,False,50.0,13:31:10
18700.0,500,-1250.0,-0.1,SD,15066500.0,40671800.0,False,0.0,13:31:09
18700.0,300,-1250.0,-0.1,SD,15066500.0,40671300.0,False,-50.0,13:31:09
18750.0,1000,-1200.0,-0.1,BU,15066500.0,40671000.0,False,0.0,13:31:09
18750.0,2600,-1200.0,-0.1,BU,15065500.0,40671000.0,False,0.0,13:31:08
18750.0,800,-1200.0,-0.1,BU,15062900.0,40671000.0,False,0.0,13:31:08
18750.0,600,-1200.0,-0.1,BU,15062100.0,40671000.0,False,50.0,13:31:08
18700.0,500,-1250.0,-0.1,SD,15061500.0,40671000.0,False,0.0,13:31:07
18700.0,800,-1250.0,-0.1,SD,15061500.0,40670500.0,False,0.0,13:31:07
18700.0,200,-1250.0,-0.1,SD,15061500.0,40669700.0,False,0.0,13:31:07
18700.0,1200,-1250.0,-0.1,SD,15061500.0,40669500.0,False,0.0,13:31:05
18700.0,800,-1250.0,-0.1,SD,15061500.0,40668300.0,False,-50.0,13:31:05
18750.0,100,-1200.0,-0.1,BU,15061500.0,40667500.0,False,50.0,13:31:05
18700.0,100,-1250.0,-0.1,SD,15061400.0,40667500.0,False,0.0,13:31:05
18700.0,3500,-1250.0,-0.1,SD,15061400.0,40667400.0,False,0.0,13:31:04
18700.0,400,-1250.0,-0.1,SD,15061400.0,40663900.0,False,0.0,13:31:04
18700.0,100,-1250.0,-0.1,SD,15061400.0,40663500.0,False,0.0,13:31:04
18700.0,300,-1250.0,-0.1,SD,15061400.0,40663400.0,False,0.0,13:31:04
18700.0,500,-1250.0,-0.1,SD,15061400.0,40663100.0,False,0.0,13:31:04
18700.0,300,-1250.0,-0.1,SD,15061400.0,40662600.0,False,0.0,13:31:04
18700.0,1000,-1250.0,-0.1,SD,15061400.0,40662300.0,False,0.0,13:31:04
18700.0,100,-1250.0,-0.1,SD,15061400.0,40661300.0,False,0.0,13:31:04
18700.0,100,-1250.0,-0.1,SD,15061400.0,40661200.0,False,0.0,13:31:04
18700.0,1000,-1250.0,-0.1,SD,15061400.0,40661100.0,False,0.0,13:31:04
18700.0,1000,-1250.0,-0.1,SD,15061400.0,40660100.0,False,0.0,13:31:04
18700.0,100,-1250.0,-0.1,SD,15061400.0,40659100.0,False,0.0,13:31:04
18700.0,100,-1250.0,-0.1,SD,15061400.0,40659000.0,False,0.0,13:31:04
18700.0,100,-1250.0,-0.1,SD,15061400.0,40658900.0,False,0.0,13:31:04
18700.0,900,-1250.0,-0.1,SD,15061400.0,40658800.0,False,0.0,13:31:02
18700.0,2600,-1250.0,-0.1,SD,15061400.0,40657900.0,False,0.0,13:31:02
18700.0,12500,-1250.0,-0.1,SD,15061400.0,40655300.0,True,0.0,13:31:02
18700.0,12000,-1250.0,-0.1,SD,15061400.0,40642800.0,True,0.0,13:31:02
18700.0,500,-1250.0,-0.1,SD,15061400.0,40630800.0,False,0.0,13:31:02
18700.0,100,-1250.0,-0.1,SD,15061400.0,40630300.0,False,0.0,13:31:00
18700.0,500,-1250.0,-0.1,SD,15061400.0,40630200.0,False,0.0,13:31:00
18700.0,1200,-1250.0,-0.1,SD,15061400.0,40629700.0,False,0.0,13:30:59
18700.0,1000,-1250.0,-0.1,SD,15061400.0,40628500.0,False,0.0,13:30:59
18700.0,2200,-1250.0,-0.1,SD,15061400.0,40627500.0,False,0.0,13:30:58
18700.0,3000,-1250.0,-0.1,SD,15061400.0,40625300.0,False,0.0,13:30:58
18700.0,900,-1250.0,-0.1,SD,15061400.0,40622300.0,False,0.0,13:30:58
18700.0,11400,-1250.0,-0.1,SD,15061400.0,40621400.0,True,0.0,13:30:58
18700.0,4000,-1250.0,-0.1,SD,15061400.0,40610000.0,False,0.0,13:30:57
18700.0,500,-1250.0,-0.1,SD,15061400.0,40606000.0,False,-50.0,13:30:55
18750.0,100,-1200.0,-0.1,BU,15061400.0,40605500.0,False,50.0,13:30:55
18700.0,100,-1250.0,-0.1,SD,15061300.0,40605500.0,False,0.0,13:30:55
18700.0,3000,-1250.0,-0.1,SD,15061300.0,40605400.0,False,0.0,13:30:54
18700.0,300,-1250.0,-0.1,SD,15061300.0,40602400.0,False,0.0,13:30:53
18700.0,5000,-1250.0,-0.1,BU,15061300.0,40602100.0,False,0.0,13:30:52
18700.0,700,-1250.0,-0.1,BU,15056300.0,40602100.0,False,0.0,13:30:52
18700.0,20000,-1250.0,-0.1,SD,15055600.0,40602100.0,True,0.0,13:30:51
18700.0,3000,-1250.0,-0.1,SD,15055600.0,40582100.0,False,0.0,13:30:51
18700.0,1900,-1250.0,-0.1,SD,15055600.0,40579100.0,False,0.0,13:30:51
18700.0,100,-1250.0,-0.1,SD,15055600.0,40577200.0,False,0.0,13:30:51
18700.0,1000,-1250.0,-0.1,SD,15055600.0,40577100.0,False,0.0,13:30:51
18700.0,100,-1250.0,-0.1,SD,15055600.0,40576100.0,False,0.0,13:30:51
18700.0,1800,-1250.0,-0.1,SD,15055600.0,40576000.0,False,0.0,13:30:51
18700.0,600,-1250.0,-0.1,SD,15055600.0,40574200.0,False,0.0,13:30:51
18700.0,2000,-1250.0,-0.1,SD,15055600.0,40573600.0,False,0.0,13:30:51
18700.0,100,-1250.0,-0.1,SD,15055600.0,40571600.0,False,0.0,13:30:51
18700.0,1000,-1250.0,-0.1,SD,15055600.0,40571500.0,False,0.0,13:30:51
18700.0,2000,-1250.0,-0.1,SD,15055600.0,40570500.0,False,0.0,13:30:51
18700.0,4000,-1250.0,-0.1,SD,15055600.0,40568500.0,False,0.0,13:30:51
18700.0,5000,-1250.0,-0.1,SD,15055600.0,40564500.0,False,0.0,13:30:51
18700.0,1000,-1250.0,-0.1,SD,15055600.0,40559500.0,False,0.0,13:30:51
18700.0,5000,-1250.0,-0.1,SD,15055600.0,40558500.0,False,0.0,13:30:51
18700.0,700,-1250.0,-0.1,SD,15055600.0,40553500.0,False,-50.0,13:30:51
18750.0,100,-1200.0,-0.1,BU,15055600.0,40552800.0,False,50.0,13:30:51
18700.0,300,-1250.0,-0.1,SD,15055500.0,40552800.0,False,0.0,13:30:51
18700.0,100,-1250.0,-0.1,SD,15055500.0,40552500.0,False,0.0,13:30:51
18700.0,1200,-1250.0,-0.1,SD,15055500.0,40552400.0,False,0.0,13:30:51
18700.0,200,-1250.0,-0.1,SD,15055500.0,40551200.0,False,0.0,13:30:51
18700.0,200,-1250.0,-0.1,SD,15055500.0,40551000.0,False,0.0,13:30:50
18700.0,200,-1250.0,-0.1,SD,15055500.0,40550800.0,False,0.0,13:30:50
18700.0,1000,-1250.0,-0.1,SD,15055500.0,40550600.0,False,0.0,13:30:49
18700.0,900,-1250.0,-0.1,SD,15055500.0,40549600.0,False,0.0,13:30:48
18700.0,1100,-1250.0,-0.1,SD,15055500.0,40548700.0,False,0.0,13:30:48
18700.0,1900,-1250.0,-0.1,SD,15055500.0,40547600.0,False,0.0,13:30:48
18700.0,100,-1250.0,-0.1,SD,15055500.0,40545700.0,False,0.0,13:30:48
18700.0,100,-1250.0,-0.1,SD,15055500.0,40545600.0,False,0.0,13:30:47
18700.0,1200,-1250.0,-0.1,SD,15055500.0,40545500.0,False,0.0,13:30:47
18700.0,100,-1250.0,-0.1,SD,15055500.0,40544300.0,False,0.0,13:30:47
18700.0,1000,-1250.0,-0.1,SD,15055500.0,40544200.0,False,0.0,13:30:47
18700.0,200,-1250.0,-0.1,SD,15055500.0,40543200.0,False,0.0,13:30:47
18700.0,100,-1250.0,-0.1,SD,15055500.0,40543000.0,False,0.0,13:30:47
18700.0,500,-1250.0,-0.1,SD,15055500.0,40542900.0,False,0.0,13:30:47
18700.0,200,-1250.0,-0.1,SD,15055500.0,40542400.0,False,0.0,13:30:47
18700.0,11600,-1250.0,-0.1,SD,15055500.0,40542200.0,True,0.0,13:30:47
18700.0,200,-1250.0,-0.1,SD,15055500.0,40530600.0,False,0.0,13:30:46
18700.0,2600,-1250.0,-0.1,SD,15055500.0,40530400.0,False,0.0,13:30:45
18700.0,33100,-1250.0,-0.1,SD,15055500.0,40527800.0,True,0.0,13:30:44
18700.0,1000,-1250.0,-0.1,BU,15055500.0,40494700.0,False,0.0,13:30:43
18700.0,1800,-1250.0,-0.1,BU,15054500.0,40494700.0,False,0.0,13:30:43
18700.0,400,-1250.0,-0.1,BU,15052700.0,40494700.0,False,0.0,13:30:43
18700.0,100,-1250.0,-0.1,BU,15052300.0,40494700.0,False,0.0,13:30:43
18700.0,1000,-1250.0,-0.1,BU,15052200.0,40494700.0,False,0.0,13:30:43
18700.0,100,-1250.0,-0.1,BU,15051200.0,40494700.0,False,0.0,13:30:43
18700.0,2200,-1250.0,-0.1,BU,15051100.0,40494700.0,False,0.0,13:30:43
18700.0,1000,-1250.0,-0.1,BU,15048900.0,40494700.0,False,0.0,13:30:43
18700.0,1000,-1250.0,-0.1,BU,15047900.0,40494700.0,False,0.0,13:30:43
18700.0,500,-1250.0,-0.1,BU,15046900.0,40494700.0,False,0.0,13:30:43
18700.0,7500,-1250.0,-0.1,BU,15046400.0,40494700.0,False,0.0,13:30:43
18700.0,100,-1250.0,-0.1,BU,15038900.0,40494700.0,False,0.0,13:30:43
18700.0,500,-1250.0,-0.1,BU,15038800.0,40494700.0,False,0.0,13:30:43
18700.0,35300,-1250.0,-0.1,BU,15038300.0,40494700.0,True,0.0,13:30:43
18700.0,100,-1250.0,-0.1,BU,15003000.0,40494700.0,False,50.0,13:30:43
18650.0,200,-1300.0,-0.1,SD,15002900.0,40494700.0,False,-50.0,13:30:42
18700.0,10000,-1250.0,-0.1,BU,15002900.0,40494500.0,False,0.0,13:30:42
18700.0,800,-1250.0,-0.1,BU,14992900.0,40494500.0,False,0.0,13:30:42
18700.0,400,-1250.0,-0.1,BU,14992100.0,40494500.0,False,0.0,13:30:42
18700.0,1000,-1250.0,-0.1,BU,14991700.0,40494500.0,False,0.0,13:30:42
18700.0,100,-1250.0,-0.1,BU,14990700.0,40494500.0,False,0.0,13:30:41
18700.0,6300,-1250.0,-0.1,BU,14990600.0,40494500.0,False,0.0,13:30:41
18700.0,100,-1250.0,-0.1,BU,14984300.0,40494500.0,False,0.0,13:30:41
18700.0,300,-1250.0,-0.1,BU,14984200.0,40494500.0,False,0.0,13:30:41
18700.0,5000,-1250.0,-0.1,BU,14983900.0,40494500.0,False,0.0,13:30:41
18700.0,8300,-1250.0,-0.1,BU,14978900.0,40494500.0,False,0.0,13:30:41
18700.0,100,-1250.0,-0.1,BU,14970600.0,40494500.0,False,0.0,13:30:41
18700.0,100,-1250.0,-0.1,BU,14970500.0,40494500.0,False,0.0,13:30:41
18700.0,100,-1250.0,-0.1,BU,14970400.0,40494500.0,False,0.0,13:30:41
18700.0,300,-1250.0,-0.1,BU,14970300.0,40494500.0,False,0.0,13:30:41
18700.0,200,-1250.0,-0.1,BU,14970000.0,40494500.0,False,0.0,13:30:40
18700.0,100,-1250.0,-0.1,BU,14969800.0,40494500.0,False,0.0,13:30:40
18700.0,300,-1250.0,-0.1,BU,14969700.0,40494500.0,False,0.0,13:30:39
18700.0,200,-1250.0,-0.1,BU,14969400.0,40494500.0,False,0.0,13:30:39
18700.0,1000,-1250.0,-0.1,BU,14969200.0,40494500.0,False,0.0,13:30:39
18700.0,100,-1250.0,-0.1,BU,14968200.0,40494500.0,False,0.0,13:30:38
18700.0,400,-1250.0,-0.1,BU,14968100.0,40494500.0,False,0.0,13:30:38
18700.0,300,-1250.0,-0.1,BU,14967700.0,40494500.0,False,0.0,13:30:38
18700.0,2000,-1250.0,-0.1,BU,14967400.0,40494500.0,False,0.0,13:30:38
18700.0,1000,-1250.0,-0.1,BU,14965400.0,40494500.0,False,0.0,13:30:38
18700.0,300,-1250.0,-0.1,BU,14964400.0,40494500.0,False,0.0,13:30:37
18700.0,2000,-1250.0,-0.1,BU,14964100.0,40494500.0,False,0.0,13:30:37
18700.0,100,-1250.0,-0.1,BU,14962100.0,40494500.0,False,0.0,13:30:37
18700.0,2000,-1250.0,-0.1,BU,14962000.0,40494500.0,False,0.0,13:30:37
18700.0,1000,-1250.0,-0.1,BU,14960000.0,40494500.0,False,50.0,13:30:37
18650.0,100,-1300.0,-0.1,SD,14959000.0,40494500.0,False,-50.0,13:30:37
18700.0,100,-1250.0,-0.1,BU,14959000.0,40494400.0,False,0.0,13:30:36
18700.0,500,-1250.0,-0.1,BU,14958900.0,40494400.0,False,0.0,13:30:36
18700.0,100,-1250.0,-0.1,BU,14958400.0,40494400.0,False,0.0,13:30:36
18700.0,300,-1250.0,-0.1,BU,14958300.0,40494400.0,False,0.0,13:30:36
18700.0,700,-1250.0,-0.1,BU,14958000.0,40494400.0,False,0.0,13:30:36
18700.0,300,-1250.0,-0.1,BU,14957300.0,40494400.0,False,0.0,13:30:36
18700.0,100,-1250.0,-0.1,BU,14957000.0,40494400.0,False,0.0,13:30:36
18700.0,100,-1250.0,-0.1,BU,14956900.0,40494400.0,False,0.0,13:30:35
18700.0,500,-1250.0,-0.1,BU,14956800.0,40494400.0,False,0.0,13:30:35
18700.0,200,-1250.0,-0.1,BU,14956300.0,40494400.0,False,0.0,13:30:35
18700.0,4300,-1250.0,-0.1,BU,14956100.0,40494400.0,False,0.0,13:30:35
18700.0,100,-1250.0,-0.1,BU,14951800.0,40494400.0,False,0.0,13:30:35
18700.0,100,-1250.0,-0.1,BU,14951700.0,40494400.0,False,0.0,13:30:34
18700.0,600,-1250.0,-0.1,BU,14951600.0,40494400.0,False,0.0,13:30:34
18700.0,100,-1250.0,-0.1,BU,14951000.0,40494400.0,False,0.0,13:30:34
18700.0,1000,-1250.0,-0.1,BU,14950900.0,40494400.0,False,0.0,13:30:34
18700.0,600,-1250.0,-0.1,BU,14949900.0,40494400.0,False,0.0,13:30:34
18700.0,2700,-1250.0,-0.1,BU,14949300.0,40494400.0,False,0.0,13:30:34
18700.0,200,-1250.0,-0.1,BU,14946600.0,40494400.0,False,0.0,13:30:34
18700.0,2000,-1250.0,-0.1,BU,14946400.0,40494400.0,False,0.0,13:30:34
18700.0,3000,-1250.0,-0.1,BU,14944400.0,40494400.0,False,0.0,13:30:34
18700.0,11100,-1250.0,-0.1,BU,14941400.0,40494400.0,True,0.0,13:30:34
18700.0,100,-1250.0,-0.1,BU,14930300.0,40494400.0,False,0.0,13:30:34
18700.0,1000,-1250.0,-0.1,BU,14930200.0,40494400.0,False,0.0,13:30:34
18700.0,10000,-1250.0,-0.1,BU,14929200.0,40494400.0,False,0.0,13:30:33
18700.0,500,-1250.0,-0.1,BU,14919200.0,40494400.0,False,0.0,13:30:33
18700.0,13900,-1250.0,-0.1,BU,14918700.0,40494400.0,True,0.0,13:30:32
18700.0,1000,-1250.0,-0.1,BU,14904800.0,40494400.0,False,0.0,13:30:32
18700.0,400,-1250.0,-0.1,BU,14903800.0,40494400.0,False,0.0,13:30:32
18700.0,1000,-1250.0,-0.1,BU,14903400.0,40494400.0,False,0.0,13:30:32
18700.0,10000,-1250.0,-0.1,BU,14902400.0,40494400.0,False,0.0,13:30:31
18700.0,300,-1250.0,-0.1,BU,14892400.0,40494400.0,False,0.0,13:30:31
18700.0,200,-1250.0,-0.1,BU,14892100.0,40494400.0,False,0.0,13:30:31
18700.0,1000,-1250.0,-0.1,BU,14891900.0,40494400.0,False,0.0,13:30:31
18700.0,400,-1250.0,-0.1,BU,14890900.0,40494400.0,False,0.0,13:30:30
18700.0,13000,-1250.0,-0.1,BU,14890500.0,40494400.0,True,0.0,13:30:30
18700.0,300,-1250.0,-0.1,BU,14877500.0,40494400.0,False,0.0,13:30:30
18700.0,100,-1250.0,-0.1,BU,14877200.0,40494400.0,False,0.0,13:30:30
18700.0,5000,-1250.0,-0.1,BU,14877100.0,40494400.0,False,0.0,13:30:30
18700.0,100,-1250.0,-0.1,BU,14872100.0,40494400.0,False,50.0,13:30:30
18650.0,300,-1300.0,-0.1,SD,14872000.0,40494400.0,False,-50.0,13:30:30
18700.0,700,-1250.0,-0.1,BU,14872000.0,40494100.0,False,50.0,13:30:30
18650.0,400,-1300.0,-0.1,SD,14871300.0,40494100.0,False,-50.0,13:30:29
18700.0,10000,-1250.0,-0.1,BU,14871300.0,40493700.0,False,0.0,13:30:29
18700.0,100,-1250.0,-0.1,BU,14861300.0,40493700.0,False,0.0,13:30:29
18700.0,500,-1250.0,-0.1,BU,14861200.0,40493700.0,False,0.0,13:30:27
18700.0,2000,-1250.0,-0.1,BU,14860700.0,40493700.0,False,0.0,13:30:27
18700.0,100,-1250.0,-0.1,BU,14858700.0,40493700.0,False,0.0,13:30:27
18700.0,500,-1250.0,-0.1,BU,14858600.0,40493700.0,False,0.0,13:30:26
18700.0,200,-1250.0,-0.1,BU,14858100.0,40493700.0,False,50.0,13:30:26
18650.0,500,-1300.0,-0.1,SD,14857900.0,40493700.0,False,-50.0,13:30:26
18700.0,500,-1250.0,-0.1,BU,14857900.0,40493200.0,False,0.0,13:30:26
18700.0,4900,-1250.0,-0.1,BU,14857400.0,40493200.0,False,0.0,13:30:25
18700.0,5000,-1250.0,-0.1,BU,14852500.0,40493200.0,False,0.0,13:30:23
18700.0,3200,-1250.0,-0.1,BU,14847500.0,40493200.0,False,0.0,13:30:23
18700.0,100,-1250.0,-0.1,BU,14844300.0,40493200.0,False,0.0,13:30:23
18700.0,100,-1250.0,-0.1,BU,14844200.0,40493200.0,False,0.0,13:30:23
18700.0,100,-1250.0,-0.1,BU,14844100.0,40493200.0,False,0.0,13:30:22
18700.0,1400,-1250.0,-0.1,BU,14844000.0,40493200.0,False,50.0,13:30:22
18650.0,200,-1300.0,-0.1,SD,14842600.0,40493200.0,False,-50.0,13:30:22
18700.0,200,-1250.0,-0.1,BU,14842600.0,40493000.0,False,50.0,13:30:22
18650.0,1000,-1300.0,-0.1,SD,14842400.0,40493000.0,False,0.0,13:30:21
18650.0,2900,-1300.0,-0.1,SD,14842400.0,40492000.0,False,0.0,13:30:21
18650.0,500,-1300.0,-0.1,SD,14842400.0,40489100.0,False,0.0,13:30:21
18650.0,10000,-1300.0,-0.1,SD,14842400.0,40488600.0,False,0.0,13:30:21
18650.0,600,-1300.0,-0.1,SD,14842400.0,40478600.0,False,-50.0,13:30:21
18700.0,400,-1250.0,-0.1,BU,14842400.0,40478000.0,False,0.0,13:30:21
18700.0,600,-1250.0,-0.1,BU,14842000.0,40478000.0,False,0.0,13:30:21
18700.0,400,-1250.0,-0.1,BU,14841400.0,40478000.0,False,0.0,13:30:21
18700.0,100,-1250.0,-0.1,BU,14841000.0,40478000.0,False,0.0,13:30:21
18700.0,200,-1250.0,-0.1,BU,14840900.0,40478000.0,False,0.0,13:30:21
18700.0,200,-1250.0,-0.1,BU,14840700.0,40478000.0,False,0.0,13:30:21
18700.0,1600,-1250.0,-0.1,BU,14840500.0,40478000.0,False,0.0,13:30:21
18700.0,400,-1250.0,-0.1,BU,14838900.0,40478000.0,False,0.0,13:30:21
18700.0,1000,-1250.0,-0.1,BU,14838500.0,40478000.0,False,0.0,13:30:18
18700.0,1000,-1250.0,-0.1,BU,14837500.0,40478000.0,False,0.0,13:30:18
18700.0,500,-1250.0,-0.1,BU,14836500.0,40478000.0,False,50.0,13:30:18
18650.0,9400,-1300.0,-0.1,SD,14836000.0,40478000.0,False,0.0,13:30:17
18650.0,15000,-1300.0,-0.1,SD,14836000.0,40468600.0,True,0.0,13:30:17
18650.0,500,-1300.0,-0.1,SD,14836000.0,40453600.0,False,0.0,13:30:17
18650.0,2000,-1300.0,-0.1,SD,14836000.0,40453100.0,False,0.0,13:30:17
18650.0,3000,-1300.0,-0.1,SD,14836000.0,40451100.0,False,0.0,13:30:17
18650.0,1400,-1300.0,-0.1,SD,14836000.0,40448100.0,False,0.0,13:30:17
18650.0,1600,-1300.0,-0.1,SD,14836000.0,40446700.0,False,0.0,13:30:17
18650.0,2000,-1300.0,-0.1,SD,14836000.0,40445100.0,False,0.0,13:30:17
18650.0,1000,-1300.0,-0.1,SD,14836000.0,40443100.0,False,0.0,13:30:17
18650.0,900,-1300.0,-0.1,SD,14836000.0,40442100.0,False,0.0,13:30:17
18650.0,200,-1300.0,-0.1,SD,14836000.0,40441200.0,False,0.0,13:30:17
18650.0,100,-1300.0,-0.1,SD,14836000.0,40441000.0,False,0.0,13:30:17
18650.0,1000,-1300.0,-0.1,SD,14836000.0,40440900.0,False,0.0,13:30:17
18650.0,2000,-1300.0,-0.1,SD,14836000.0,40439900.0,False,0.0,13:30:17
18650.0,100,-1300.0,-0.1,SD,14836000.0,40437900.0,False,0.0,13:30:17
18650.0,5000,-1300.0,-0.1,SD,14836000.0,40437800.0,False,0.0,13:30:17
18650.0,100,-1300.0,-0.1,SD,14836000.0,40432800.0,False,0.0,13:30:17
18650.0,100,-1300.0,-0.1,SD,14836000.0,40432700.0,False,0.0,13:30:17
18650.0,2500,-1300.0,-0.1,SD,14836000.0,40432600.0,False,0.0,13:30:17
18650.0,500,-1300.0,-0.1,SD,14836000.0,40430100.0,False,0.0,13:30:17
18650.0,500,-1300.0,-0.1,SD,14836000.0,40429600.0,False,0.0,13:30:17
18650.0,1000,-1300.0,-0.1,SD,14836000.0,40429100.0,False,0.0,13:30:17
18650.0,100,-1300.0,-0.1,SD,14836000.0,40428100.0,False,-50.0,13:30:17
18700.0,5000,-1250.0,-0.1,BU,14836000.0,40428000.0,False,0.0,13:30:17
18700.0,600,-1250.0,-0.1,BU,14831000.0,40428000.0,False,0.0,13:30:17
18700.0,1000,-1250.0,-0.1,BU,14830400.0,40428000.0,False,0.0,13:30:17
18700.0,100,-1250.0,-0.1,BU,14829400.0,40428000.0,False,0.0,13:30:17
18700.0,300,-1250.0,-0.1,BU,14829300.0,40428000.0,False,0.0,13:30:16
18700.0,200,-1250.0,-0.1,BU,14829000.0,40428000.0,False,0.0,13:30:16
18700.0,2000,-1250.0,-0.1,BU,14828800.0,40428000.0,False,0.0,13:30:16
18700.0,1100,-1250.0,-0.1,BU,14826800.0,40428000.0,False,0.0,13:30:15
18700.0,100,-1250.0,-0.1,BU,14825700.0,40428000.0,False,0.0,13:30:15
18700.0,1000,-1250.0,-0.1,BU,14825600.0,40428000.0,False,0.0,13:30:15
18700.0,800,-1250.0,-0.1,BU,14824600.0,40428000.0,False,50.0,13:30:15
18650.0,400,-1300.0,-0.1,SD,14823800.0,40428000.0,False,0.0,13:30:14
18650.0,100,-1300.0,-0.1,SD,14823800.0,40427600.0,False,0.0,13:30:14
18650.0,1000,-1300.0,-0.1,SD,14823800.0,40427500.0,False,0.0,13:30:14
18650.0,500,-1300.0,-0.1,SD,14823800.0,40426500.0,False,0.0,13:30:14
18650.0,100,-1300.0,-0.1,SD,14823800.0,40426000.0,False,0.0,13:30:14
18650.0,1000,-1300.0,-0.1,SD,14823800.0,40425900.0,False,0.0,13:30:14
18650.0,1000,-1300.0,-0.1,SD,14823800.0,40424900.0,False,0.0,13:30:14
18650.0,700,-1300.0,-0.1,SD,14823800.0,40423900.0,False,-50.0,13:30:14
18700.0,500,-1250.0,-0.1,BU,14823800.0,40423200.0,False,0.0,13:30:14
18700.0,1000,-1250.0,-0.1,BU,14823300.0,40423200.0,False,0.0,13:30:14
18700.0,100,-1250.0,-0.1,BU,14822300.0,40423200.0,False,0.0,13:30:14
18700.0,200,-1250.0,-0.1,BU,14822200.0,40423200.0,False,0.0,13:30:14
18700.0,100,-1250.0,-0.1,BU,14822000.0,40423200.0,False,0.0,13:30:14
18700.0,800,-1250.0,-0.1,BU,14821900.0,40423200.0,False,0.0,13:30:14
18700.0,100,-1250.0,-0.1,BU,14821100.0,40423200.0,False,50.0,13:30:14
18650.0,300,-1300.0,-0.1,SD,14821000.0,40423200.0,False,-50.0,13:30:14
18700.0,200,-1250.0,-0.1,BU,14821000.0,40422900.0,False,0.0,13:30:13
18700.0,100,-1250.0,-0.1,BU,14820800.0,40422900.0,False,0.0,13:30:13
18700.0,200,-1250.0,-0.1,BU,14820700.0,40422900.0,False,0.0,13:30:13
18700.0,300,-1250.0,-0.1,BU,14820500.0,40422900.0,False,0.0,13:30:13
18700.0,100,-1250.0,-0.1,BU,14820200.0,40422900.0,False,0.0,13:30:13
18700.0,100,-1250.0,-0.1,BU,14820100.0,40422900.0,False,0.0,13:30:12
18700.0,300,-1250.0,-0.1,BU,14820000.0,40422900.0,False,0.0,13:30:12
18700.0,1300,-1250.0,-0.1,BU,14819700.0,40422900.0,False,0.0,13:30:12
18700.0,300,-1250.0,-0.1,BU,14818400.0,40422900.0,False,0.0,13:30:12
18700.0,700,-1250.0,-0.1,BU,14818100.0,40422900.0,False,0.0,13:30:12
18700.0,700,-1250.0,-0.1,BU,14817400.0,40422900.0,False,0.0,13:30:12
18700.0,100,-1250.0,-0.1,BU,14816700.0,40422900.0,False,0.0,13:30:12
18700.0,2200,-1250.0,-0.1,BU,14816600.0,40422900.0,False,0.0,13:30:12
18700.0,500,-1250.0,-0.1,BU,14814400.0,40422900.0,False,0.0,13:30:11
18700.0,1000,-1250.0,-0.1,BU,14813900.0,40422900.0,False,0.0,13:30:10
18700.0,2000,-1250.0,-0.1,BU,14812900.0,40422900.0,False,0.0,13:30:09
18700.0,200,-1250.0,-0.1,BU,14810900.0,40422900.0,False,0.0,13:30:09
18700.0,4100,-1250.0,-0.1,BU,14810700.0,40422900.0,False,0.0,13:30:09
18700.0,1000,-1250.0,-0.1,BU,14806600.0,40422900.0,False,0.0,13:30:09
18700.0,400,-1250.0,-0.1,BU,14805600.0,40422900.0,False,0.0,13:30:09
18700.0,700,-1250.0,-0.1,BU,14805200.0,40422900.0,False,0.0,13:30:09
18700.0,2000,-1250.0,-0.1,BU,14804500.0,40422900.0,False,0.0,13:30:09
18700.0,5000,-1250.0,-0.1,BU,14802500.0,40422900.0,False,0.0,13:30:09
18700.0,500,-1250.0,-0.1,BU,14797500.0,40422900.0,False,0.0,13:30:09
18700.0,100,-1250.0,-0.1,BU,14797000.0,40422900.0,False,0.0,13:30:09
18700.0,400,-1250.0,-0.1,BU,14796900.0,40422900.0,False,0.0,13:30:09
18700.0,100,-1250.0,-0.1,BU,14796500.0,40422900.0,False,0.0,13:30:09
18700.0,1700,-1250.0,-0.1,BU,14796400.0,40422900.0,False,0.0,13:30:08
18700.0,100,-1250.0,-0.1,BU,14794700.0,40422900.0,False,0.0,13:30:08
18700.0,100,-1250.0,-0.1,BU,14794600.0,40422900.0,False,0.0,13:30:07
18700.0,500,-1250.0,-0.1,BU,14794500.0,40422900.0,False,0.0,13:30:07
18700.0,500,-1250.0,-0.1,BU,14794000.0,40422900.0,False,0.0,13:30:07
18700.0,2000,-1250.0,-0.1,BU,14793500.0,40422900.0,False,50.0,13:30:07
18650.0,400,-1300.0,-0.1,SD,14791500.0,40422900.0,False,0.0,13:30:07
18650.0,100,-1300.0,-0.1,SD,14791500.0,40422500.0,False,-50.0,13:30:07
18700.0,1000,-1250.0,-0.1,BU,14791500.0,40422400.0,False,0.0,13:30:07
18700.0,9000,-1250.0,-0.1,BU,14790500.0,40422400.0,False,0.0,13:30:06
18700.0,200,-1250.0,-0.1,BU,14781500.0,40422400.0,False,0.0,13:30:05
18700.0,10000,-1250.0,-0.1,BU,14781300.0,40422400.0,False,50.0,13:30:05
18650.0,100,-1300.0,-0.1,SD,14771300.0,40422400.0,False,0.0,13:30:05
18650.0,200,-1300.0,-0.1,SD,14771300.0,40422300.0,False,0.0,13:30:05
18650.0,500,-1300.0,-0.1,SD,14771300.0,40422100.0,False,-50.0,13:30:05
18700.0,200,-1250.0,-0.1,BU,14771300.0,40421600.0,False,0.0,13:30:05
18700.0,700,-1250.0,-0.1,BU,14771100.0,40421600.0,False,0.0,13:30:05
18700.0,10000,-1250.0,-0.1,BU,14770400.0,40421600.0,False,0.0,13:30:05
18700.0,500,-1250.0,-0.1,BU,14760400.0,40421600.0,False,0.0,13:30:05
18700.0,500,-1250.0,-0.1,BU,14759900.0,40421600.0,False,0.0,13:30:03
18700.0,2000,-1250.0,-0.1,BU,14759400.0,40421600.0,False,50.0,13:30:03
18650.0,500,-1300.0,-0.1,SD,14757400.0,40421600.0,False,0.0,13:30:02
18650.0,500,-1300.0,-0.1,SD,14757400.0,40421100.0,False,-50.0,13:30:02
18700.0,100,-1250.0,-0.1,BU,14757400.0,40420600.0,False,0.0,13:30:02
18700.0,100,-1250.0,-0.1,BU,14757300.0,40420600.0,False,50.0,13:30:02
18650.0,400,-1300.0,-0.1,SD,14757200.0,40420600.0,False,0.0,13:30:02
18650.0,100,-1300.0,-0.1,SD,14757200.0,40420200.0,False,0.0,13:30:01
18650.0,300,-1300.0,-0.1,SD,14757200.0,40420100.0,False,0.0,13:30:01
18650.0,2000,-1300.0,-0.1,SD,14757200.0,40419800.0,False,0.0,13:30:01
18650.0,300,-1300.0,-0.1,SD,14757200.0,40417800.0,False,0.0,13:30:01
18650.0,100,-1300.0,-0.1,SD,14757200.0,40417500.0,False,0.0,13:30:01
18650.0,2300,-1300.0,-0.1,SD,14757200.0,40417400.0,False,0.0,13:30:01
18650.0,500,-1300.0,-0.1,SD,14757200.0,40415100.0,False,0.0,13:30:01
18650.0,1900,-1300.0,-0.1,SD,14757200.0,40414600.0,False,-50.0,13:30:00
18700.0,1000,-1250.0,-0.1,BU,14757200.0,40412700.0,False,0.0,13:30:00
18700.0,50000,-1250.0,-0.1,BU,14756200.0,40412700.0,True,0.0,13:30:00
18700.0,1600,-1250.0,-0.1,BU,14706200.0,40412700.0,False,0.0,13:29:59
18700.0,100,-1250.0,-0.1,BU,14704600.0,40412700.0,False,0.0,13:29:58
18700.0,1100,-1250.0,-0.1,BU,14704500.0,40412700.0,False,50.0,13:29:58
18650.0,1500,-1300.0,-0.1,SD,14703400.0,40412700.0,False,-50.0,13:29:57
18700.0,1100,-1250.0,-0.1,BU,14703400.0,40411200.0,False,0.0,13:29:57
18700.0,5000,-1250.0,-0.1,BU,14702300.0,40411200.0,False,0.0,13:29:56
18700.0,700,-1250.0,-0.1,BU,14697300.0,40411200.0,False,0.0,13:29:56
18700.0,100,-1250.0,-0.1,BU,14696600.0,40411200.0,False,0.0,13:29:56
18700.0,200,-1250.0,-0.1,BU,14696500.0,40411200.0,False,0.0,13:29:55
18700.0,300,-1250.0,-0.1,BU,14696300.0,40411200.0,False,0.0,13:29:55
18700.0,100,-1250.0,-0.1,BU,14696000.0,40411200.0,False,0.0,13:29:55
18700.0,600,-1250.0,-0.1,BU,14695900.0,40411200.0,False,0.0,13:29:55
18700.0,300,-1250.0,-0.1,BU,14695300.0,40411200.0,False,50.0,13:29:55
18650.0,1700,-1300.0,-0.1,SD,14695000.0,40411200.0,False,0.0,13:29:55
18650.0,28300,-1300.0,-0.1,SD,14695000.0,40409500.0,True,-50.0,13:29:55
18700.0,5000,-1250.0,-0.1,BU,14695000.0,40381200.0,False,0.0,13:29:54
18700.0,200,-1250.0,-0.1,BU,14690000.0,40381200.0,False,0.0,13:29:54
18700.0,3500,-1250.0,-0.1,BU,14689800.0,40381200.0,False,0.0,13:29:54
18700.0,3500,-1250.0,-0.1,BU,14686300.0,40381200.0,False,0.0,13:29:54
18700.0,50000,-1250.0,-0.1,BU,14682800.0,40381200.0,True,0.0,13:29:52
18700.0,500,-1250.0,-0.1,BU,14632800.0,40381200.0,False,0.0,13:29:52
18700.0,3500,-1250.0,-0.1,BU,14632300.0,40381200.0,False,0.0,13:29:52
18700.0,200,-1250.0,-0.1,BU,14628800.0,40381200.0,False,50.0,13:29:51
18650.0,100,-1300.0,-0.1,SD,14628600.0,40381200.0,False,-50.0,13:29:51
18700.0,3000,-1250.0,-0.1,BU,14628600.0,40381100.0,False,0.0,13:29:51
18700.0,1000,-1250.0,-0.1,BU,14625600.0,40381100.0,False,0.0,13:29:51
18700.0,200,-1250.0,-0.1,BU,14624600.0,40381100.0,False,0.0,13:29:50
18700.0,3000,-1250.0,-0.1,BU,14624400.0,40381100.0,False,0.0,13:29:49
18700.0,400,-1250.0,-0.1,BU,14621400.0,40381100.0,False,0.0,13:29:48
18700.0,500,-1250.0,-0.1,BU,14621000.0,40381100.0,False,0.0,13:29:47
18700.0,700,-1250.0,-0.1,BU,14620500.0,40381100.0,False,50.0,13:29:46
18650.0,500,-1300.0,-0.1,SD,14619800.0,40381100.0,False,-50.0,13:29:46
18700.0,100,-1250.0,-0.1,BU,14619800.0,40380600.0,False,50.0,13:29:46
18650.0,1000,-1300.0,-0.1,SD,14619700.0,40380600.0,False,-50.0,13:29:44
18700.0,300,-1250.0,-0.1,BU,14619700.0,40379600.0,False,0.0,13:29:44
18700.0,300,-1250.0,-0.1,BU,14619400.0,40379600.0,False,0.0,13:29:43
18700.0,1000,-1250.0,-0.1,BU,14619100.0,40379600.0,False,0.0,13:29:43
18700.0,100,-1250.0,-0.1,BU,14618100.0,40379600.0,False,0.0,13:29:42
18700.0,1000,-1250.0,-0.1,BU,14618000.0,40379600.0,False,0.0,13:29:42
18700.0,100,-1250.0,-0.1,BU,14617000.0,40379600.0,False,0.0,13:29:42
18700.0,2000,-1250.0,-0.1,BU,14616900.0,40379600.0,False,0.0,13:29:41
18700.0,500,-1250.0,-0.1,BU,14614900.0,40379600.0,False,0.0,13:29:40
18700.0,1000,-1250.0,-0.1,BU,14614400.0,40379600.0,False,0.0,13:29:40
18700.0,2000,-1250.0,-0.1,BU,14613400.0,40379600.0,False,0.0,13:29:40
18700.0,500,-1250.0,-0.1,BU,14611400.0,40379600.0,False,0.0,13:29:40
18700.0,200,-1250.0,-0.1,BU,14610900.0,40379600.0,False,0.0,13:29:40
18700.0,200,-1250.0,-0.1,BU,14610700.0,40379600.0,False,0.0,13:29:40
18700.0,1000,-1250.0,-0.1,SD,14610500.0,40379600.0,False,0.0,13:29:40
18700.0,500,-1250.0,-0.1,SD,14610500.0,40378600.0,False,0.0,13:29:40
18700.0,100,-1250.0,-0.1,SD,14610500.0,40378100.0,False,0.0,13:29:40
18700.0,1000,-1250.0,-0.1,SD,14610500.0,40378000.0,False,0.0,13:29:40
18700.0,11500,-1250.0,-0.1,SD,14610500.0,40377000.0,True,0.0,13:29:40
18700.0,1200,-1250.0,-0.1,SD,14610500.0,40365500.0,False,0.0,13:29:37
18700.0,5000,-1250.0,-0.1,BU,14610500.0,40364300.0,False,0.0,13:29:36
18700.0,200,-1250.0,-0.1,BU,14605500.0,40364300.0,False,0.0,13:29:36
18700.0,200,-1250.0,-0.1,BU,14605300.0,40364300.0,False,0.0,13:29:36
18700.0,500,-1250.0,-0.1,BU,14605100.0,40364300.0,False,0.0,13:29:36
18700.0,200,-1250.0,-0.1,BU,14604600.0,40364300.0,False,0.0,13:29:36
18700.0,500,-1250.0,-0.1,BU,14604400.0,40364300.0,False,0.0,13:29:36
18700.0,30700,-1250.0,-0.1,BU,14603900.0,40364300.0,True,50.0,13:29:36
18650.0,100,-1300.0,-0.1,SD,14573200.0,40364300.0,False,-50.0,13:29:35
18700.0,10000,-1250.0,-0.1,BU,14573200.0,40364200.0,False,0.0,13:29:35
18700.0,300,-1250.0,-0.1,BU,14563200.0,40364200.0,False,50.0,13:29:35
18650.0,500,-1300.0,-0.1,SD,14562900.0,40364200.0,False,-50.0,13:29:34
18700.0,3000,-1250.0,-0.1,BU,14562900.0,40363700.0,False,0.0,13:29:34
18700.0,6400,-1250.0,-0.1,BU,14559900.0,40363700.0,False,50.0,13:29:33
18650.0,100,-1300.0,-0.1,SD,14553500.0,40363700.0,False,0.0,13:29:33
18650.0,1400,-1300.0,-0.1,SD,14553500.0,40363600.0,False,-50.0,13:29:33
18700.0,500,-1250.0,-0.1,BU,14553500.0,40362200.0,False,0.0,13:29:33
18700.0,1000,-1250.0,-0.1,BU,14553000.0,40362200.0,False,50.0,13:29:33
18650.0,800,-1300.0,-0.1,SD,14552000.0,40362200.0,False,0.0,13:29:33
18650.0,200,-1300.0,-0.1,SD,14552000.0,40361400.0,False,-50.0,13:29:33
18700.0,500,-1250.0,-0.1,BU,14552000.0,40361200.0,False,0.0,13:29:33
18700.0,100,-1250.0,-0.1,BU,14551500.0,40361200.0,False,0.0,13:29:32
18700.0,100,-1250.0,-0.1,BU,14551400.0,40361200.0,False,0.0,13:29:32
18700.0,200,-1250.0,-0.1,SD,14551300.0,40361200.0,False,0.0,13:29:31
18700.0,2000,-1250.0,-0.1,SD,14551300.0,40361000.0,False,0.0,13:29:31
18700.0,500,-1250.0,-0.1,SD,14551300.0,40359000.0,False,0.0,13:29:31
18700.0,500,-1250.0,-0.1,SD,14551300.0,40358500.0,False,0.0,13:29:31
18700.0,10000,-1250.0,-0.1,SD,14551300.0,40358000.0,False,0.0,13:29:31
18700.0,400,-1250.0,-0.1,SD,14551300.0,40348000.0,False,0.0,13:29:31
18700.0,2000,-1250.0,-0.1,SD,14551300.0,40347600.0,False,0.0,13:29:31
18700.0,500,-1250.0,-0.1,SD,14551300.0,40345600.0,False,0.0,13:29:31
18700.0,1800,-1250.0,-0.1,SD,14551300.0,40345100.0,False,0.0,13:29:31
18700.0,1000,-1250.0,-0.1,SD,14551300.0,40343300.0,False,0.0,13:29:31
18700.0,44500,-1250.0,-0.1,SD,14551300.0,40342300.0,True,0.0,13:29:31
18700.0,1000,-1250.0,-0.1,SD,14551300.0,40297800.0,False,0.0,13:29:31
18700.0,2000,-1250.0,-0.1,SD,14551300.0,40296800.0,False,0.0,13:29:31
18700.0,1000,-1250.0,-0.1,SD,14551300.0,40294800.0,False,-50.0,13:29:31
18750.0,100,-1200.0,-0.1,BU,14551300.0,40293800.0,False,0.0,13:29:31
18750.0,100,-1200.0,-0.1,BU,14551200.0,40293800.0,False,50.0,13:29:31
18700.0,100,-1250.0,-0.1,SD,14551100.0,40293800.0,False,0.0,13:29:30
18700.0,10000,-1250.0,-0.1,SD,14551100.0,40293700.0,False,-50.0,13:29:30
18750.0,1900,-1200.0,-0.1,BU,14551100.0,40283700.0,False,0.0,13:29:29
18750.0,800,-1200.0,-0.1,BU,14549200.0,40283700.0,False,50.0,13:29:29
18700.0,800,-1250.0,-0.1,SD,14548400.0,40283700.0,False,0.0,13:29:29
18700.0,2500,-1250.0,-0.1,SD,14548400.0,40282900.0,False,0.0,13:29:29
18700.0,10000,-1250.0,-0.1,SD,14548400.0,40280400.0,False,-50.0,13:29:28
18750.0,1200,-1200.0,-0.1,BU,14548400.0,40270400.0,False,0.0,13:29:28
18750.0,1500,-1200.0,-0.1,BU,14547200.0,40270400.0,False,50.0,13:29:28
18700.0,14500,-1250.0,-0.1,SD,14545700.0,40270400.0,True,0.0,13:29:28
18700.0,500,-1250.0,-0.1,SD,14545700.0,40255900.0,False,0.0,13:29:27
18700.0,1800,-1250.0,-0.1,SD,14545700.0,40255400.0,False,0.0,13:29:27
18700.0,300,-1250.0,-0.1,SD,14545700.0,40253600.0,False,0.0,13:29:26
18700.0,3000,-1250.0,-0.1,SD,14545700.0,40253300.0,False,0.0,13:29:25
18700.0,500,-1250.0,-0.1,SD,14545700.0,40250300.0,False,0.0,13:29:25
18700.0,10000,-1250.0,-0.1,SD,14545700.0,40249800.0,False,0.0,13:29:24
18700.0,21600,-1250.0,-0.1,SD,14545700.0,40239800.0,True,50.0,13:29:24
18650.0,39900,-1300.0,-0.1,BU,14545700.0,40218200.0,True,0.0,13:29:23
18650.0,800,-1300.0,-0.1,BU,14505800.0,40218200.0,False,0.0,13:29:23
18650.0,100,-1300.0,-0.1,BU,14505000.0,40218200.0,False,0.0,13:29:23
18650.0,700,-1300.0,-0.1,SD,14504900.0,40218200.0,False,0.0,13:29:23
18650.0,100,-1300.0,-0.1,SD,14504900.0,40217500.0,False,0.0,13:29:23
18650.0,5000,-1300.0,-0.1,SD,14504900.0,40217400.0,False,0.0,13:29:23
18650.0,2000,-1300.0,-0.1,SD,14504900.0,40212400.0,False,0.0,13:29:23
18650.0,500,-1300.0,-0.1,SD,14504900.0,40210400.0,False,0.0,13:29:23
18650.0,1000,-1300.0,-0.1,SD,14504900.0,40209900.0,False,0.0,13:29:23
18650.0,500,-1300.0,-0.1,SD,14504900.0,40208900.0,False,0.0,13:29:23
18650.0,1300,-1300.0,-0.1,SD,14504900.0,40208400.0,False,0.0,13:29:23
18650.0,100,-1300.0,-0.1,SD,14504900.0,40207100.0,False,0.0,13:29:23
18650.0,100,-1300.0,-0.1,SD,14504900.0,40207000.0,False,0.0,13:29:23
18650.0,500,-1300.0,-0.1,SD,14504900.0,40206900.0,False,0.0,13:29:23
18650.0,100,-1300.0,-0.1,SD,14504900.0,40206400.0,False,0.0,13:29:23
18650.0,10000,-1300.0,-0.1,SD,14504900.0,40206300.0,False,0.0,13:29:23
18650.0,500,-1300.0,-0.1,SD,14504900.0,40196300.0,False,0.0,13:29:23
18650.0,9000,-1300.0,-0.1,SD,14504900.0,40195800.0,False,0.0,13:29:23
18650.0,1000,-1300.0,-0.1,SD,14504900.0,40186800.0,False,0.0,13:29:23
18650.0,100,-1300.0,-0.1,SD,14504900.0,40185800.0,False,0.0,13:29:23
18650.0,100,-1300.0,-0.1,SD,14504900.0,40185700.0,False,0.0,13:29:23
18650.0,200,-1300.0,-0.1,SD,14504900.0,40185600.0,False,0.0,13:29:23
18650.0,500,-1300.0,-0.1,SD,14504900.0,40185400.0,False,0.0,13:29:23
18650.0,5000,-1300.0,-0.1,SD,14504900.0,40184900.0,False,0.0,13:29:23
18650.0,900,-1300.0,-0.1,SD,14504900.0,40179900.0,False,0.0,13:29:23
18650.0,23900,-1300.0,-0.1,SD,14504900.0,40179000.0,True,0.0,13:29:23
18650.0,4000,-1300.0,-0.1,SD,14504900.0,40155100.0,False,0.0,13:29:23
18650.0,200,-1300.0,-0.1,SD,14504900.0,40151100.0,False,0.0,13:29:23
18650.0,100,-1300.0,-0.1,SD,14504900.0,40150900.0,False,0.0,13:29:23
18650.0,1800,-1300.0,-0.1,SD,14504900.0,40150800.0,False,0.0,13:29:23
18650.0,500,-1300.0,-0.1,SD,14504900.0,40149000.0,False,0.0,13:29:23
18650.0,7000,-1300.0,-0.1,SD,14504900.0,40148500.0,False,0.0,13:29:23
18650.0,100,-1300.0,-0.1,SD,14504900.0,40141500.0,False,0.0,13:29:23
18650.0,100,-1300.0,-0.1,SD,14504900.0,40141400.0,False,0.0,13:29:23
18650.0,400,-1300.0,-0.1,SD,14504900.0,40141300.0,False,0.0,13:29:23
18650.0,300,-1300.0,-0.1,SD,14504900.0,40140900.0,False,0.0,13:29:23
18650.0,5000,-1300.0,-0.1,SD,14504900.0,40140600.0,False,0.0,13:29:23
18650.0,100,-1300.0,-0.1,SD,14504900.0,40135600.0,False,0.0,13:29:23
18650.0,400,-1300.0,-0.1,SD,14504900.0,40135500.0,False,0.0,13:29:23
18650.0,2000,-1300.0,-0.1,SD,14504900.0,40135100.0,False,0.0,13:29:23
18650.0,200,-1300.0,-0.1,SD,14504900.0,40133100.0,False,0.0,13:29:23
18650.0,500,-1300.0,-0.1,SD,14504900.0,40132900.0,False,0.0,13:29:23
18650.0,100,-1300.0,-0.1,SD,14504900.0,40132400.0,False,0.0,13:29:23
18650.0,100,-1300.0,-0.1,SD,14504900.0,40132300.0,False,0.0,13:29:23
18650.0,1000,-1300.0,-0.1,SD,14504900.0,40132200.0,False,0.0,13:29:23
18650.0,300,-1300.0,-0.1,SD,14504900.0,40131200.0,False,0.0,13:29:23
18650.0,1000,-1300.0,-0.1,SD,14504900.0,40130900.0,False,0.0,13:29:23
18650.0,300,-1300.0,-0.1,SD,14504900.0,40129900.0,False,0.0,13:29:23
18650.0,2000,-1300.0,-0.1,SD,14504900.0,40129600.0,False,0.0,13:29:23
18650.0,1000,-1300.0,-0.1,SD,14504900.0,40127600.0,False,0.0,13:29:23
18650.0,300,-1300.0,-0.1,SD,14504900.0,40126600.0,False,0.0,13:29:23
18650.0,1000,-1300.0,-0.1,SD,14504900.0,40126300.0,False,0.0,13:29:23
18650.0,2600,-1300.0,-0.1,SD,14504900.0,40125300.0,False,0.0,13:29:23
18650.0,300,-1300.0,-0.1,SD,14504900.0,40122700.0,False,0.0,13:29:23
18650.0,3100,-1300.0,-0.1,SD,14504900.0,40122400.0,False,0.0,13:29:23
18650.0,2000,-1300.0,-0.1,SD,14504900.0,40119300.0,False,0.0,13:29:23
18650.0,1000,-1300.0,-0.1,SD,14504900.0,40117300.0,False,0.0,13:29:23
18650.0,1000,-1300.0,-0.1,SD,14504900.0,40116300.0,False,0.0,13:29:23
18650.0,200,-1300.0,-0.1,SD,14504900.0,40115300.0,False,0.0,13:29:23
18650.0,1000,-1300.0,-0.1,SD,14504900.0,40115100.0,False,0.0,13:29:23
18650.0,100,-1300.0,-0.1,SD,14504900.0,40114100.0,False,0.0,13:29:23
18650.0,1000,-1300.0,-0.1,SD,14504900.0,40114000.0,False,0.0,13:29:23
18650.0,200,-1300.0,-0.1,SD,14504900.0,40113000.0,False,0.0,13:29:23
18650.0,500,-1300.0,-0.1,SD,14504900.0,40112800.0,False,0.0,13:29:23
18650.0,100,-1300.0,-0.1,SD,14504900.0,40112300.0,False,0.0,13:29:23
18650.0,1000,-1300.0,-0.1,SD,14504900.0,40112200.0,False,0.0,13:29:23
18650.0,100,-1300.0,-0.1,SD,14504900.0,40111200.0,False,0.0,13:29:23
18650.0,37000,-1300.0,-0.1,SD,14504900.0,40111100.0,True,0.0,13:29:23
18650.0,5000,-1300.0,-0.1,SD,14504900.0,40074100.0,False,0.0,13:29:23
18650.0,200,-1300.0,-0.1,SD,14504900.0,40069100.0,False,0.0,13:29:23
18650.0,500,-1300.0,-0.1,SD,14504900.0,40068900.0,False,0.0,13:29:23
18650.0,300,-1300.0,-0.1,SD,14504900.0,40068400.0,False,0.0,13:29:23
18650.0,1000,-1300.0,-0.1,SD,14504900.0,40068100.0,False,0.0,13:29:23
18650.0,3000,-1300.0,-0.1,SD,14504900.0,40067100.0,False,0.0,13:29:23
18650.0,2000,-1300.0,-0.1,SD,14504900.0,40064100.0,False,0.0,13:29:23
18650.0,300,-1300.0,-0.1,SD,14504900.0,40062100.0,False,0.0,13:29:23
18650.0,1600,-1300.0,-0.1,SD,14504900.0,40061800.0,False,0.0,13:29:23
18650.0,100,-1300.0,-0.1,SD,14504900.0,40060200.0,False,0.0,13:29:23
18650.0,1000,-1300.0,-0.1,SD,14504900.0,40060100.0,False,0.0,13:29:23
18650.0,1000,-1300.0,-0.1,SD,14504900.0,40059100.0,False,0.0,13:29:23
18650.0,500,-1300.0,-0.1,SD,14504900.0,40058100.0,False,0.0,13:29:23
18650.0,1000,-1300.0,-0.1,SD,14504900.0,40057600.0,False,0.0,13:29:23
18650.0,600,-1300.0,-0.1,SD,14504900.0,40056600.0,False,0.0,13:29:23
18650.0,100,-1300.0,-0.1,SD,14504900.0,40056000.0,False,0.0,13:29:23
18650.0,300,-1300.0,-0.1,SD,14504900.0,40055900.0,False,0.0,13:29:23
18650.0,100,-1300.0,-0.1,SD,14504900.0,40055600.0,False,0.0,13:29:23
18650.0,2000,-1300.0,-0.1,SD,14504900.0,40055500.0,False,0.0,13:29:23
18650.0,6000,-1300.0,-0.1,SD,14504900.0,40053500.0,False,0.0,13:29:23
18650.0,50000,-1300.0,-0.1,SD,14504900.0,40047500.0,True,0.0,13:29:23
18650.0,200,-1300.0,-0.1,SD,14504900.0,39997500.0,False,0.0,13:29:23
18650.0,1000,-1300.0,-0.1,SD,14504900.0,39997300.0,False,0.0,13:29:23
18650.0,2300,-1300.0,-0.1,SD,14504900.0,39996300.0,False,0.0,13:29:23
18650.0,100,-1300.0,-0.1,SD,14504900.0,39994000.0,False,0.0,13:29:23
18650.0,200,-1300.0,-0.1,SD,14504900.0,39993900.0,False,0.0,13:29:23
18650.0,500,-1300.0,-0.1,SD,14504900.0,39993700.0,False,0.0,13:29:23
18650.0,300,-1300.0,-0.1,SD,14504900.0,39993200.0,False,0.0,13:29:23
18650.0,4600,-1300.0,-0.1,SD,14504900.0,39992900.0,False,0.0,13:29:23
18650.0,2200,-1300.0,-0.1,SD,14504900.0,39988300.0,False,0.0,13:29:23
18650.0,2000,-1300.0,-0.1,SD,14504900.0,39986100.0,False,0.0,13:29:23
18650.0,3000,-1300.0,-0.1,SD,14504900.0,39984100.0,False,0.0,13:29:23
18650.0,500,-1300.0,-0.1,SD,14504900.0,39981100.0,False,0.0,13:29:23
18650.0,600,-1300.0,-0.1,SD,14504900.0,39980600.0,False,0.0,13:29:23
18650.0,100,-1300.0,-0.1,SD,14504900.0,39980000.0,False,0.0,13:29:23
18650.0,300,-1300.0,-0.1,SD,14504900.0,39979900.0,False,0.0,13:29:23
18650.0,1000,-1300.0,-0.1,SD,14504900.0,39979600.0,False,0.0,13:29:23
18650.0,300,-1300.0,-0.1,SD,14504900.0,39978600.0,False,0.0,13:29:23
18650.0,1500,-1300.0,-0.1,SD,14504900.0,39978300.0,False,0.0,13:29:23
18650.0,7000,-1300.0,-0.1,SD,14504900.0,39976800.0,False,0.0,13:29:23
18650.0,300,-1300.0,-0.1,SD,14504900.0,39969800.0,False,0.0,13:29:23
18650.0,500,-1300.0,-0.1,SD,14504900.0,39969500.0,False,0.0,13:29:23
18650.0,1500,-1300.0,-0.1,SD,14504900.0,39969000.0,False,0.0,13:29:23
18650.0,1000,-1300.0,-0.1,SD,14504900.0,39967500.0,False,0.0,13:29:23
18650.0,300,-1300.0,-0.1,SD,14504900.0,39966500.0,False,0.0,13:29:23
18650.0,700,-1300.0,-0.1,SD,14504900.0,39966200.0,False,0.0,13:29:23
18650.0,3000,-1300.0,-0.1,SD,14504900.0,39965500.0,False,0.0,13:29:23
18650.0,100,-1300.0,-0.1,SD,14504900.0,39962500.0,False,-50.0,13:29:23
18700.0,3400,-1250.0,-0.1,SD,14504900.0,39962400.0,False,0.0,13:29:23
18700.0,1000,-1250.0,-0.1,BU,14504900.0,39959000.0,False,0.0,13:29:22
18700.0,600,-1250.0,-0.1,BU,14503900.0,39959000.0,False,50.0,13:29:22
18650.0,100,-1300.0,-0.1,SD,14503300.0,39959000.0,False,-50.0,13:29:22
18700.0,1000,-1250.0,-0.1,BU,14503300.0,39958900.0,False,0.0,13:29:22
18700.0,100,-1250.0,-0.1,BU,14502300.0,39958900.0,False,50.0,13:29:21
18650.0,400,-1300.0,-0.1,SD,14502200.0,39958900.0,False,0.0,13:29:21
18650.0,500,-1300.0,-0.1,SD,14502200.0,39958500.0,False,0.0,13:29:21
18650.0,1000,-1300.0,-0.1,SD,14502200.0,39958000.0,False,0.0,13:29:21
18650.0,100,-1300.0,-0.1,SD,14502200.0,39957000.0,False,0.0,13:29:21
18650.0,9500,-1300.0,-0.1,SD,14502200.0,39956900.0,False,0.0,13:29:21
18650.0,1100,-1300.0,-0.1,SD,14502200.0,39947400.0,False,0.0,13:29:21
18650.0,300,-1300.0,-0.1,SD,14502200.0,39946300.0,False,0.0,13:29:21
18650.0,3700,-1300.0,-0.1,SD,14502200.0,39946000.0,False,0.0,13:29:21
18650.0,1000,-1300.0,-0.1,SD,14502200.0,39942300.0,False,0.0,13:29:21
18650.0,1000,-1300.0,-0.1,SD,14502200.0,39941300.0,False,0.0,13:29:21
18650.0,100,-1300.0,-0.1,SD,14502200.0,39940300.0,False,0.0,13:29:21
18650.0,1900,-1300.0,-0.1,SD,14502200.0,39940200.0,False,0.0,13:29:21
18650.0,20000,-1300.0,-0.1,SD,14502200.0,39938300.0,True,0.0,13:29:21
18650.0,2000,-1300.0,-0.1,SD,14502200.0,39918300.0,False,0.0,13:29:21
18650.0,500,-1300.0,-0.1,SD,14502200.0,39916300.0,False,0.0,13:29:21
18650.0,500,-1300.0,-0.1,SD,14502200.0,39915800.0,False,0.0,13:29:21
18650.0,1000,-1300.0,-0.1,SD,14502200.0,39915300.0,False,0.0,13:29:21
18650.0,100,-1300.0,-0.1,SD,14502200.0,39914300.0,False,0.0,13:29:21
18650.0,1500,-1300.0,-0.1,SD,14502200.0,39914200.0,False,0.0,13:29:21
18650.0,200,-1300.0,-0.1,SD,14502200.0,39912700.0,False,0.0,13:29:21
18650.0,5000,-1300.0,-0.1,SD,14502200.0,39912500.0,False,0.0,13:29:21
18650.0,1400,-1300.0,-0.1,SD,14502200.0,39907500.0,False,0.0,13:29:21
18650.0,10000,-1300.0,-0.1,SD,14502200.0,39906100.0,False,0.0,13:29:21
18650.0,200,-1300.0,-0.1,SD,14502200.0,39896100.0,False,0.0,13:29:21
18650.0,5000,-1300.0,-0.1,SD,14502200.0,39895900.0,False,0.0,13:29:21
18650.0,1000,-1300.0,-0.1,SD,14502200.0,39890900.0,False,0.0,13:29:21
18650.0,500,-1300.0,-0.1,SD,14502200.0,39889900.0,False,0.0,13:29:21
18650.0,100,-1300.0,-0.1,SD,14502200.0,39889400.0,False,0.0,13:29:21
18650.0,200,-1300.0,-0.1,SD,14502200.0,39889300.0,False,0.0,13:29:21
18650.0,100,-1300.0,-0.1,SD,14502200.0,39889100.0,False,0.0,13:29:21
18650.0,100,-1300.0,-0.1,SD,14502200.0,39889000.0,False,0.0,13:29:21
18650.0,2000,-1300.0,-0.1,SD,14502200.0,39888900.0,False,0.0,13:29:21
18650.0,1000,-1300.0,-0.1,SD,14502200.0,39886900.0,False,0.0,13:29:21
18650.0,1000,-1300.0,-0.1,SD,14502200.0,39885900.0,False,0.0,13:29:21
18650.0,5000,-1300.0,-0.1,SD,14502200.0,39884900.0,False,0.0,13:29:21
18650.0,2000,-1300.0,-0.1,SD,14502200.0,39879900.0,False,0.0,13:29:21
18650.0,100,-1300.0,-0.1,SD,14502200.0,39877900.0,False,0.0,13:29:21
18650.0,1000,-1300.0,-0.1,SD,14502200.0,39877800.0,False,0.0,13:29:21
18650.0,2000,-1300.0,-0.1,SD,14502200.0,39876800.0,False,0.0,13:29:21
18650.0,500,-1300.0,-0.1,SD,14502200.0,39874800.0,False,0.0,13:29:21
18650.0,500,-1300.0,-0.1,SD,14502200.0,39874300.0,False,0.0,13:29:21
18650.0,2700,-1300.0,-0.1,SD,14502200.0,39873800.0,False,0.0,13:29:21
18650.0,2500,-1300.0,-0.1,SD,14502200.0,39871100.0,False,0.0,13:29:21
18650.0,100,-1300.0,-0.1,SD,14502200.0,39868600.0,False,0.0,13:29:21
18650.0,7000,-1300.0,-0.1,SD,14502200.0,39868500.0,False,0.0,13:29:21
18650.0,800,-1300.0,-0.1,SD,14502200.0,39861500.0,False,0.0,13:29:21
18650.0,3000,-1300.0,-0.1,SD,14502200.0,39860700.0,False,0.0,13:29:21
18650.0,300,-1300.0,-0.1,SD,14502200.0,39857700.0,False,0.0,13:29:21
18650.0,500,-1300.0,-0.1,SD,14502200.0,39857400.0,False,0.0,13:29:21
18650.0,100,-1300.0,-0.1,SD,14502200.0,39856900.0,False,0.0,13:29:21
18650.0,2000,-1300.0,-0.1,SD,14502200.0,39856800.0,False,0.0,13:29:21
18650.0,1000,-1300.0,-0.1,SD,14502200.0,39854800.0,False,0.0,13:29:21
18650.0,100,-1300.0,-0.1,SD,14502200.0,39853800.0,False,0.0,13:29:21
18650.0,800,-1300.0,-0.1,SD,14502200.0,39853700.0,False,0.0,13:29:21
18650.0,300,-1300.0,-0.1,SD,14502200.0,39852900.0,False,0.0,13:29:21
18650.0,23700,-1300.0,-0.1,SD,14502200.0,39852600.0,True,-50.0,13:29:21
18700.0,100,-1250.0,-0.1,BU,14502200.0,39828900.0,False,0.0,13:29:21
18700.0,200,-1250.0,-0.1,BU,14502100.0,39828900.0,False,0.0,13:29:21
18700.0,500,-1250.0,-0.1,BU,14501900.0,39828900.0,False,0.0,13:29:21
18700.0,500,-1250.0,-0.1,BU,14501400.0,39828900.0,False,0.0,13:29:21
18700.0,500,-1250.0,-0.1,BU,14500900.0,39828900.0,False,0.0,13:29:20
18700.0,1000,-1250.0,-0.1,BU,14500400.0,39828900.0,False,0.0,13:29:20
18700.0,500,-1250.0,-0.1,BU,14499400.0,39828900.0,False,50.0,13:29:20
18650.0,1000,-1300.0,-0.1,SD,14498900.0,39828900.0,False,0.0,13:29:20
18650.0,1300,-1300.0,-0.1,SD,14498900.0,39827900.0,False,-50.0,13:29:20
18700.0,500,-1250.0,-0.1,BU,14498900.0,39826600.0,False,0.0,13:29:19
18700.0,100,-1250.0,-0.1,BU,14498400.0,39826600.0,False,0.0,13:29:18
18700.0,500,-1250.0,-0.1,BU,14498300.0,39826600.0,False,0.0,13:29:18
18700.0,500,-1250.0,-0.1,BU,14497800.0,39826600.0,False,0.0,13:29:18
18700.0,1000,-1250.0,-0.1,BU,14497300.0,39826600.0,False,0.0,13:29:18
18700.0,500,-1250.0,-0.1,BU,14496300.0,39826600.0,False,0.0,13:29:18
18700.0,200,-1250.0,-0.1,BU,14495800.0,39826600.0,False,0.0,13:29:18
18700.0,1000,-1250.0,-0.1,BU,14495600.0,39826600.0,False,0.0,13:29:18
18700.0,500,-1250.0,-0.1,BU,14494600.0,39826600.0,False,0.0,13:29:18
18700.0,3000,-1250.0,-0.1,BU,14494100.0,39826600.0,False,0.0,13:29:18
18700.0,100,-1250.0,-0.1,BU,14491100.0,39826600.0,False,0.0,13:29:18
18700.0,100,-1250.0,-0.1,BU,14491000.0,39826600.0,False,0.0,13:29:18
18700.0,100,-1250.0,-0.1,BU,14490900.0,39826600.0,False,0.0,13:29:18
18700.0,1400,-1250.0,-0.1,BU,14490800.0,39826600.0,False,0.0,13:29:18
18700.0,2000,-1250.0,-0.1,BU,14489400.0,39826600.0,False,0.0,13:29:18
18700.0,5000,-1250.0,-0.1,BU,14487400.0,39826600.0,False,0.0,13:29:18
18700.0,1000,-1250.0,-0.1,BU,14482400.0,39826600.0,False,0.0,13:29:18
18700.0,600,-1250.0,-0.1,BU,14481400.0,39826600.0,False,0.0,13:29:18
18700.0,16900,-1250.0,-0.1,BU,14480800.0,39826600.0,True,0.0,13:29:18
18700.0,700,-1250.0,-0.1,BU,14463900.0,39826600.0,False,0.0,13:29:18
18700.0,7000,-1250.0,-0.1,BU,14463200.0,39826600.0,False,0.0,13:29:18
18700.0,1000,-1250.0,-0.1,BU,14456200.0,39826600.0,False,0.0,13:29:18
18700.0,6700,-1250.0,-0.1,BU,14455200.0,39826600.0,False,0.0,13:29:18
18700.0,100,-1250.0,-0.1,BU,14448500.0,39826600.0,False,0.0,13:29:18
18700.0,1000,-1250.0,-0.1,BU,14448400.0,39826600.0,False,0.0,13:29:18
18700.0,2000,-1250.0,-0.1,BU,14447400.0,39826600.0,False,0.0,13:29:18
18700.0,500,-1250.0,-0.1,BU,14445400.0,39826600.0,False,0.0,13:29:18
18700.0,500,-1250.0,-0.1,BU,14444900.0,39826600.0,False,0.0,13:29:18
18700.0,3000,-1250.0,-0.1,BU,14444400.0,39826600.0,False,0.0,13:29:18
18700.0,2000,-1250.0,-0.1,BU,14441400.0,39826600.0,False,0.0,13:29:18
18700.0,3000,-1250.0,-0.1,BU,14439400.0,39826600.0,False,0.0,13:29:18
18700.0,200,-1250.0,-0.1,BU,14436400.0,39826600.0,False,0.0,13:29:18
18700.0,10000,-1250.0,-0.1,BU,14436200.0,39826600.0,False,0.0,13:29:18
18700.0,1400,-1250.0,-0.1,BU,14426200.0,39826600.0,False,0.0,13:29:18
18700.0,5000,-1250.0,-0.1,BU,14424800.0,39826600.0,False,0.0,13:29:18
18700.0,2000,-1250.0,-0.1,BU,14419800.0,39826600.0,False,0.0,13:29:18
18700.0,700,-1250.0,-0.1,BU,14417800.0,39826600.0,False,0.0,13:29:18
18700.0,400,-1250.0,-0.1,BU,14417100.0,39826600.0,False,0.0,13:29:18
18700.0,500,-1250.0,-0.1,BU,14416700.0,39826600.0,False,0.0,13:29:18
18700.0,19900,-1250.0,-0.1,BU,14416200.0,39826600.0,True,50.0,13:29:18
18650.0,100,-1300.0,-0.1,SD,14396300.0,39826600.0,False,-50.0,13:29:17
18700.0,100,-1250.0,-0.1,BU,14396300.0,39826500.0,False,50.0,13:29:17
18650.0,10000,-1300.0,-0.1,SD,14396200.0,39826500.0,False,0.0,13:29:15
18650.0,1500,-1300.0,-0.1,SD,14396200.0,39816500.0,False,-50.0,13:29:15
18700.0,600,-1250.0,-0.1,BU,14396200.0,39815000.0,False,0.0,13:29:15
18700.0,1300,-1250.0,-0.1,BU,14395600.0,39815000.0,False,50.0,13:29:14
18650.0,200,-1300.0,-0.1,SD,14394300.0,39815000.0,False,-50.0,13:29:14
18700.0,2000,-1250.0,-0.1,BU,14394300.0,39814800.0,False,0.0,13:29:12
18700.0,700,-1250.0,-0.1,BU,14392300.0,39814800.0,False,0.0,13:29:12
18700.0,1000,-1250.0,-0.1,BU,14391600.0,39814800.0,False,0.0,13:29:11
18700.0,500,-1250.0,-0.1,BU,14390600.0,39814800.0,False,50.0,13:29:10
18650.0,100,-1300.0,-0.1,SD,14390100.0,39814800.0,False,0.0,13:29:10
18650.0,12100,-1300.0,-0.1,SD,14390100.0,39814700.0,True,0.0,13:29:09
18650.0,5000,-1300.0,-0.1,SD,14390100.0,39802600.0,False,0.0,13:29:08
18650.0,400,-1300.0,-0.1,SD,14390100.0,39797600.0,False,0.0,13:29:08
18650.0,100,-1300.0,-0.1,SD,14390100.0,39797200.0,False,0.0,13:29:08
18650.0,200,-1300.0,-0.1,SD,14390100.0,39797100.0,False,0.0,13:29:08
18650.0,500,-1300.0,-0.1,SD,14390100.0,39796900.0,False,0.0,13:29:08
18650.0,400,-1300.0,-0.1,SD,14390100.0,39796400.0,False,0.0,13:29:08
18650.0,100,-1300.0,-0.1,SD,14390100.0,39796000.0,False,0.0,13:29:08
18650.0,100,-1300.0,-0.1,SD,14390100.0,39795900.0,False,0.0,13:29:08
18650.0,300,-1300.0,-0.1,SD,14390100.0,39795800.0,False,0.0,13:29:08
18650.0,1000,-1300.0,-0.1,SD,14390100.0,39795500.0,False,0.0,13:29:08
18650.0,300,-1300.0,-0.1,SD,14390100.0,39794500.0,False,0.0,13:29:08
18650.0,1000,-1300.0,-0.1,SD,14390100.0,39794200.0,False,0.0,13:29:08
18650.0,400,-1300.0,-0.1,SD,14390100.0,39793200.0,False,0.0,13:29:08
18650.0,500,-1300.0,-0.1,SD,14390100.0,39792800.0,False,0.0,13:29:08
18650.0,100,-1300.0,-0.1,SD,14390100.0,39792300.0,False,0.0,13:29:08
18650.0,15000,-1300.0,-0.1,SD,14390100.0,39792200.0,True,0.0,13:29:08
18650.0,100,-1300.0,-0.1,SD,14390100.0,39777200.0,False,0.0,13:29:08
18650.0,1000,-1300.0,-0.1,SD,14390100.0,39777100.0,False,0.0,13:29:08
18650.0,5000,-1300.0,-0.1,SD,14390100.0,39776100.0,False,0.0,13:29:08
18650.0,200,-1300.0,-0.1,SD,14390100.0,39771100.0,False,0.0,13:29:08
18650.0,5000,-1300.0,-0.1,SD,14390100.0,39770900.0,False,0.0,13:29:08
18650.0,600,-1300.0,-0.1,SD,14390100.0,39765900.0,False,0.0,13:29:08
18650.0,5000,-1300.0,-0.1,SD,14390100.0,39765300.0,False,0.0,13:29:08
18650.0,300,-1300.0,-0.1,SD,14390100.0,39760300.0,False,0.0,13:29:08
18650.0,400,-1300.0,-0.1,SD,14390100.0,39760000.0,False,0.0,13:29:08
18650.0,500,-1300.0,-0.1,SD,14390100.0,39759600.0,False,0.0,13:29:08
18650.0,1000,-1300.0,-0.1,SD,14390100.0,39759100.0,False,0.0,13:29:08
18650.0,500,-1300.0,-0.1,SD,14390100.0,39758100.0,False,0.0,13:29:08
18650.0,200,-1300.0,-0.1,SD,14390100.0,39757600.0,False,0.0,13:29:08
18650.0,1000,-1300.0,-0.1,SD,14390100.0,39757400.0,False,0.0,13:29:08
18650.0,1000,-1300.0,-0.1,SD,14390100.0,39756400.0,False,0.0,13:29:08
18650.0,500,-1300.0,-0.1,SD,14390100.0,39755400.0,False,0.0,13:29:08
18650.0,2000,-1300.0,-0.1,SD,14390100.0,39754900.0,False,0.0,13:29:08
18650.0,2000,-1300.0,-0.1,SD,14390100.0,39752900.0,False,0.0,13:29:08
18650.0,200,-1300.0,-0.1,SD,14390100.0,39750900.0,False,0.0,13:29:08
18650.0,100,-1300.0,-0.1,SD,14390100.0,39750700.0,False,0.0,13:29:08
18650.0,18700,-1300.0,-0.1,SD,14390100.0,39750600.0,True,0.0,13:29:08
18650.0,100,-1300.0,-0.1,SD,14390100.0,39731900.0,False,0.0,13:29:08
18650.0,100,-1300.0,-0.1,SD,14390100.0,39731800.0,False,0.0,13:29:08
18650.0,1000,-1300.0,-0.1,SD,14390100.0,39731700.0,False,0.0,13:29:08
18650.0,500,-1300.0,-0.1,SD,14390100.0,39730700.0,False,0.0,13:29:08
18650.0,100,-1300.0,-0.1,SD,14390100.0,39730200.0,False,0.0,13:29:08
18650.0,1400,-1300.0,-0.1,SD,14390100.0,39730100.0,False,0.0,13:29:08
18650.0,500,-1300.0,-0.1,SD,14390100.0,39728700.0,False,0.0,13:29:08
18650.0,2000,-1300.0,-0.1,SD,14390100.0,39728200.0,False,0.0,13:29:08
18650.0,5900,-1300.0,-0.1,SD,14390100.0,39726200.0,False,0.0,13:29:08
18650.0,2000,-1300.0,-0.1,SD,14390100.0,39720300.0,False,0.0,13:29:08
18650.0,300,-1300.0,-0.1,SD,14390100.0,39718300.0,False,0.0,13:29:08
18650.0,100,-1300.0,-0.1,SD,14390100.0,39718000.0,False,0.0,13:29:08
18650.0,100,-1300.0,-0.1,SD,14390100.0,39717900.0,False,0.0,13:29:08
18650.0,100,-1300.0,-0.1,SD,14390100.0,39717800.0,False,0.0,13:29:08
18650.0,1000,-1300.0,-0.1,SD,14390100.0,39717700.0,False,0.0,13:29:08
18650.0,2000,-1300.0,-0.1,SD,14390100.0,39716700.0,False,-50.0,13:29:08
18700.0,4600,-1250.0,-0.1,BU,14390100.0,39714700.0,False,50.0,13:29:07
18650.0,5000,-1300.0,-0.1,SD,14385500.0,39714700.0,False,-50.0,13:29:07
18700.0,1000,-1250.0,-0.1,BU,14385500.0,39709700.0,False,50.0,13:29:07
18650.0,4900,-1300.0,-0.1,SD,14384500.0,39709700.0,False,-50.0,13:29:05
18700.0,1700,-1250.0,-0.1,BU,14384500.0,39704800.0,False,0.0,13:29:04
18700.0,5000,-1250.0,-0.1,BU,14382800.0,39704800.0,False,0.0,13:29:03
18700.0,300,-1250.0,-0.1,BU,14377800.0,39704800.0,False,50.0,13:29:03
18650.0,1300,-1300.0,-0.1,SD,14377500.0,39704800.0,False,-50.0,13:29:02
18700.0,100,-1250.0,-0.1,BU,14377500.0,39703500.0,False,0.0,13:29:02
18700.0,300,-1250.0,-0.1,BU,14377400.0,39703500.0,False,50.0,13:29:02
18650.0,200,-1300.0,-0.1,SD,14377100.0,39703500.0,False,-50.0,13:29:01
18700.0,200,-1250.0,-0.1,BU,14377100.0,39703300.0,False,50.0,13:29:01
18650.0,1600,-1300.0,-0.1,SD,14376900.0,39703300.0,False,0.0,13:29:00
18650.0,4400,-1300.0,-0.1,SD,14376900.0,39701700.0,False,-50.0,13:29:00
18700.0,300,-1250.0,-0.1,BU,14376900.0,39697300.0,False,50.0,13:29:00
18650.0,65600,-1300.0,-0.1,SD,14376600.0,39697300.0,True,0.0,13:29:00
18650.0,2000,-1300.0,-0.1,SD,14376600.0,39631700.0,False,0.0,13:29:00
18650.0,200,-1300.0,-0.1,SD,14376600.0,39629700.0,False,0.0,13:29:00
18650.0,200,-1300.0,-0.1,SD,14376600.0,39629500.0,False,0.0,13:29:00
18650.0,500,-1300.0,-0.1,SD,14376600.0,39629300.0,False,0.0,13:29:00
18650.0,1000,-1300.0,-0.1,SD,14376600.0,39628800.0,False,0.0,13:29:00
18650.0,200,-1300.0,-0.1,SD,14376600.0,39627800.0,False,0.0,13:29:00
18650.0,500,-1300.0,-0.1,SD,14376600.0,39627600.0,False,0.0,13:29:00
18650.0,500,-1300.0,-0.1,SD,14376600.0,39627100.0,False,0.0,13:29:00
18650.0,2500,-1300.0,-0.1,SD,14376600.0,39626600.0,False,0.0,13:29:00
18650.0,1000,-1300.0,-0.1,SD,14376600.0,39624100.0,False,0.0,13:29:00
18650.0,100,-1300.0,-0.1,SD,14376600.0,39623100.0,False,0.0,13:29:00
18650.0,5000,-1300.0,-0.1,SD,14376600.0,39623000.0,False,0.0,13:29:00
18650.0,1000,-1300.0,-0.1,SD,14376600.0,39618000.0,False,0.0,13:29:00
18650.0,100,-1300.0,-0.1,SD,14376600.0,39617000.0,False,0.0,13:29:00
18650.0,200,-1300.0,-0.1,SD,14376600.0,39616900.0,False,0.0,13:29:00
18650.0,1000,-1300.0,-0.1,SD,14376600.0,39616700.0,False,0.0,13:29:00
18650.0,400,-1300.0,-0.1,SD,14376600.0,39615700.0,False,0.0,13:29:00
18650.0,100,-1300.0,-0.1,SD,14376600.0,39615300.0,False,0.0,13:29:00
18650.0,15000,-1300.0,-0.1,SD,14376600.0,39615200.0,True,0.0,13:29:00
18650.0,1000,-1300.0,-0.1,SD,14376600.0,39600200.0,False,0.0,13:29:00
18650.0,200,-1300.0,-0.1,SD,14376600.0,39599200.0,False,0.0,13:28:59
18650.0,300,-1300.0,-0.1,SD,14376600.0,39599000.0,False,0.0,13:28:59
18650.0,1000,-1300.0,-0.1,SD,14376600.0,39598700.0,False,0.0,13:28:59
18650.0,100,-1300.0,-0.1,SD,14376600.0,39597700.0,False,0.0,13:28:59
18650.0,1200,-1300.0,-0.1,SD,14376600.0,39597600.0,False,0.0,13:28:59
18650.0,500,-1300.0,-0.1,SD,14376600.0,39596400.0,False,0.0,13:28:59
18650.0,100,-1300.0,-0.1,SD,14376600.0,39595900.0,False,0.0,13:28:59
18650.0,600,-1300.0,-0.1,SD,14376600.0,39595800.0,False,0.0,13:28:59
18650.0,2000,-1300.0,-0.1,SD,14376600.0,39595200.0,False,0.0,13:28:59
18650.0,1000,-1300.0,-0.1,SD,14376600.0,39593200.0,False,0.0,13:28:59
18650.0,2000,-1300.0,-0.1,SD,14376600.0,39592200.0,False,0.0,13:28:59
18650.0,1100,-1300.0,-0.1,SD,14376600.0,39590200.0,False,0.0,13:28:59
18650.0,500,-1300.0,-0.1,SD,14376600.0,39589100.0,False,0.0,13:28:59
18650.0,5000,-1300.0,-0.1,SD,14376600.0,39588600.0,False,0.0,13:28:59
18650.0,100,-1300.0,-0.1,SD,14376600.0,39583600.0,False,0.0,13:28:59
18650.0,5000,-1300.0,-0.1,SD,14376600.0,39583500.0,False,0.0,13:28:59
18650.0,200,-1300.0,-0.1,SD,14376600.0,39578500.0,False,0.0,13:28:59
18650.0,10000,-1300.0,-0.1,SD,14376600.0,39578300.0,False,0.0,13:28:59
18650.0,500,-1300.0,-0.1,SD,14376600.0,39568300.0,False,0.0,13:28:59
18650.0,1000,-1300.0,-0.1,SD,14376600.0,39567800.0,False,0.0,13:28:59
18650.0,2000,-1300.0,-0.1,SD,14376600.0,39566800.0,False,0.0,13:28:59
18650.0,300,-1300.0,-0.1,SD,14376600.0,39564800.0,False,0.0,13:28:59
18650.0,3000,-1300.0,-0.1,SD,14376600.0,39564500.0,False,0.0,13:28:59
18650.0,500,-1300.0,-0.1,SD,14376600.0,39561500.0,False,0.0,13:28:59
18650.0,100,-1300.0,-0.1,SD,14376600.0,39561000.0,False,0.0,13:28:59
18650.0,100,-1300.0,-0.1,SD,14376600.0,39560900.0,False,0.0,13:28:59
18650.0,8000,-1300.0,-0.1,SD,14376600.0,39560800.0,False,0.0,13:28:59
18650.0,200,-1300.0,-0.1,SD,14376600.0,39552800.0,False,0.0,13:28:59
18650.0,2700,-1300.0,-0.1,SD,14376600.0,39552600.0,False,0.0,13:28:59
18650.0,1000,-1300.0,-0.1,SD,14376600.0,39549900.0,False,0.0,13:28:59
18650.0,1000,-1300.0,-0.1,SD,14376600.0,39548900.0,False,0.0,13:28:59
18650.0,100,-1300.0,-0.1,SD,14376600.0,39547900.0,False,0.0,13:28:59
18650.0,500,-1300.0,-0.1,SD,14376600.0,39547800.0,False,0.0,13:28:59
18650.0,4500,-1300.0,-0.1,SD,14376600.0,39547300.0,False,0.0,13:28:59
18650.0,5500,-1300.0,-0.1,SD,14376600.0,39542800.0,False,-50.0,13:28:59
18700.0,300,-1250.0,-0.1,BU,14376600.0,39537300.0,False,0.0,13:28:58
18700.0,3700,-1250.0,-0.1,BU,14376300.0,39537300.0,False,0.0,13:28:58
18700.0,800,-1250.0,-0.1,BU,14372600.0,39537300.0,False,50.0,13:28:58
18650.0,500,-1300.0,-0.1,SD,14371800.0,39537300.0,False,-50.0,13:28:57
18700.0,10000,-1250.0,-0.1,BU,14371800.0,39536800.0,False,0.0,13:28:56
18700.0,300,-1250.0,-0.1,BU,14361800.0,39536800.0,False,50.0,13:28:56
18650.0,500,-1300.0,-0.1,SD,14361500.0,39536800.0,False,0.0,13:28:54
18650.0,3500,-1300.0,-0.1,SD,14361500.0,39536300.0,False,0.0,13:28:54
18650.0,1000,-1300.0,-0.1,SD,14361500.0,39532800.0,False,0.0,13:28:54
18650.0,1900,-1300.0,-0.1,SD,14361500.0,39531800.0,False,0.0,13:28:54
18650.0,500,-1300.0,-0.1,SD,14361500.0,39529900.0,False,0.0,13:28:54
18650.0,3200,-1300.0,-0.1,SD,14361500.0,39529400.0,False,-50.0,13:28:54
18700.0,1100,-1250.0,-0.1,BU,14361500.0,39526200.0,False,50.0,13:28:53
18650.0,500,-1300.0,-0.1,SD,14360400.0,39526200.0,False,-50.0,13:28:53
18700.0,4200,-1250.0,-0.1,BU,14360400.0,39525700.0,False,0.0,13:28:51
18700.0,2000,-1250.0,-0.1,BU,14356200.0,39525700.0,False,0.0,13:28:51
18700.0,200,-1250.0,-0.1,BU,14354200.0,39525700.0,False,0.0,13:28:51
18700.0,1600,-1250.0,-0.1,BU,14354000.0,39525700.0,False,0.0,13:28:51
18700.0,100,-1250.0,-0.1,BU,14352400.0,39525700.0,False,50.0,13:28:49
18650.0,500,-1300.0,-0.1,SD,14352300.0,39525700.0,False,0.0,13:28:48
18650.0,3300,-1300.0,-0.1,SD,14352300.0,39525200.0,False,0.0,13:28:48
18650.0,200,-1300.0,-0.1,SD,14352300.0,39521900.0,False,0.0,13:28:48
18650.0,15800,-1300.0,-0.1,SD,14352300.0,39521700.0,True,0.0,13:28:48
18650.0,5000,-1300.0,-0.1,SD,14352300.0,39505900.0,False,0.0,13:28:48
18650.0,200,-1300.0,-0.1,SD,14352300.0,39500900.0,False,0.0,13:28:48
18650.0,200,-1300.0,-0.1,SD,14352300.0,39500700.0,False,0.0,13:28:48
18650.0,200,-1300.0,-0.1,SD,14352300.0,39500500.0,False,0.0,13:28:48
18650.0,1000,-1300.0,-0.1,SD,14352300.0,39500300.0,False,0.0,13:28:48
18650.0,300,-1300.0,-0.1,SD,14352300.0,39499300.0,False,0.0,13:28:48
18650.0,100,-1300.0,-0.1,SD,14352300.0,39499000.0,False,0.0,13:28:48
18650.0,3000,-1300.0,-0.1,SD,14352300.0,39498900.0,False,0.0,13:28:48
18650.0,400,-1300.0,-0.1,SD,14352300.0,39495900.0,False,0.0,13:28:48
18650.0,200,-1300.0,-0.1,SD,14352300.0,39495500.0,False,0.0,13:28:48
18650.0,100,-1300.0,-0.1,SD,14352300.0,39495300.0,False,0.0,13:28:48
18650.0,4300,-1300.0,-0.1,SD,14352300.0,39495200.0,False,0.0,13:28:47
18650.0,100,-1300.0,-0.1,SD,14352300.0,39490900.0,False,0.0,13:28:47
18650.0,500,-1300.0,-0.1,SD,14352300.0,39490800.0,False,0.0,13:28:47
18650.0,5000,-1300.0,-0.1,SD,14352300.0,39490300.0,False,0.0,13:28:47
18650.0,500,-1300.0,-0.1,SD,14352300.0,39485300.0,False,0.0,13:28:47
18650.0,1000,-1300.0,-0.1,SD,14352300.0,39484800.0,False,0.0,13:28:47
18650.0,400,-1300.0,-0.1,SD,14352300.0,39483800.0,False,0.0,13:28:47
18650.0,500,-1300.0,-0.1,SD,14352300.0,39483400.0,False,0.0,13:28:47
18650.0,100,-1300.0,-0.1,SD,14352300.0,39482900.0,False,0.0,13:28:47
18650.0,1000,-1300.0,-0.1,SD,14352300.0,39482800.0,False,0.0,13:28:47
18650.0,100,-1300.0,-0.1,SD,14352300.0,39481800.0,False,0.0,13:28:47
18650.0,26500,-1300.0,-0.1,SD,14352300.0,39481700.0,True,0.0,13:28:47
18650.0,1000,-1300.0,-0.1,SD,14352300.0,39455200.0,False,0.0,13:28:45
18650.0,1000,-1300.0,-0.1,SD,14352300.0,39454200.0,False,0.0,13:28:45
18650.0,500,-1300.0,-0.1,SD,14352300.0,39453200.0,False,0.0,13:28:45
18650.0,6500,-1300.0,-0.1,SD,14352300.0,39452700.0,False,0.0,13:28:45
18650.0,500,-1300.0,-0.1,SD,14352300.0,39446200.0,False,0.0,13:28:45
18650.0,300,-1300.0,-0.1,SD,14352300.0,39445700.0,False,0.0,13:28:45
18650.0,1000,-1300.0,-0.1,SD,14352300.0,39445400.0,False,0.0,13:28:45
18650.0,1000,-1300.0,-0.1,SD,14352300.0,39444400.0,False,0.0,13:28:45
18650.0,200,-1300.0,-0.1,SD,14352300.0,39443400.0,False,-50.0,13:28:45
18700.0,5000,-1250.0,-0.1,BU,14352300.0,39443200.0,False,50.0,13:28:44
18650.0,1000,-1300.0,-0.1,SD,14347300.0,39443200.0,False,0.0,13:28:44
18650.0,1000,-1300.0,-0.1,SD,14347300.0,39442200.0,False,0.0,13:28:44
18650.0,500,-1300.0,-0.1,SD,14347300.0,39441200.0,False,0.0,13:28:44
18650.0,1000,-1300.0,-0.1,SD,14347300.0,39440700.0,False,-50.0,13:28:44
18700.0,400,-1250.0,-0.1,BU,14347300.0,39439700.0,False,0.0,13:28:43
18700.0,100,-1250.0,-0.1,BU,14346900.0,39439700.0,False,50.0,13:28:43
18650.0,500,-1300.0,-0.1,SD,14346800.0,39439700.0,False,0.0,13:28:40
18650.0,1500,-1300.0,-0.1,SD,14346800.0,39439200.0,False,0.0,13:28:40
18650.0,500,-1300.0,-0.1,SD,14346800.0,39437700.0,False,0.0,13:28:40
18650.0,2900,-1300.0,-0.1,SD,14346800.0,39437200.0,False,0.0,13:28:40
18650.0,100,-1300.0,-0.1,SD,14346800.0,39434300.0,False,0.0,13:28:40
18650.0,6000,-1300.0,-0.1,SD,14346800.0,39434200.0,False,0.0,13:28:39
18650.0,200,-1300.0,-0.1,SD,14346800.0,39428200.0,False,0.0,13:28:39
18650.0,2300,-1300.0,-0.1,SD,14346800.0,39428000.0,False,0.0,13:28:39
18650.0,500,-1300.0,-0.1,SD,14346800.0,39425700.0,False,0.0,13:28:39
18650.0,100,-1300.0,-0.1,SD,14346800.0,39425200.0,False,0.0,13:28:39
18650.0,800,-1300.0,-0.1,SD,14346800.0,39425100.0,False,0.0,13:28:39
18650.0,1000,-1300.0,-0.1,SD,14346800.0,39424300.0,False,0.0,13:28:39
18650.0,300,-1300.0,-0.1,SD,14346800.0,39423300.0,False,0.0,13:28:39
18650.0,800,-1300.0,-0.1,SD,14346800.0,39423000.0,False,0.0,13:28:39
18650.0,1000,-1300.0,-0.1,SD,14346800.0,39422200.0,False,0.0,13:28:39
18650.0,100,-1300.0,-0.1,SD,14346800.0,39421200.0,False,0.0,13:28:38
18650.0,900,-1300.0,-0.1,SD,14346800.0,39421100.0,False,0.0,13:28:38
18650.0,800,-1300.0,-0.1,SD,14346800.0,39420200.0,False,0.0,13:28:38
18650.0,1200,-1300.0,-0.1,SD,14346800.0,39419400.0,False,-50.0,13:28:37
18700.0,2500,-1250.0,-0.1,BU,14346800.0,39418200.0,False,50.0,13:28:36
18650.0,2100,-1300.0,-0.1,SD,14344300.0,39418200.0,False,0.0,13:28:36
18650.0,1000,-1300.0,-0.1,SD,14344300.0,39416100.0,False,0.0,13:28:36
18650.0,100,-1300.0,-0.1,SD,14344300.0,39415100.0,False,0.0,13:28:36
18650.0,1000,-1300.0,-0.1,SD,14344300.0,39415000.0,False,0.0,13:28:36
18650.0,100,-1300.0,-0.1,SD,14344300.0,39414000.0,False,0.0,13:28:36
18650.0,200,-1300.0,-0.1,SD,14344300.0,39413900.0,False,0.0,13:28:36
18650.0,10000,-1300.0,-0.1,SD,14344300.0,39413700.0,False,0.0,13:28:36
18650.0,500,-1300.0,-0.1,SD,14344300.0,39403700.0,False,0.0,13:28:36
18650.0,4000,-1300.0,-0.1,SD,14344300.0,39403200.0,False,0.0,13:28:36
18650.0,400,-1300.0,-0.1,SD,14344300.0,39399200.0,False,0.0,13:28:36
18650.0,500,-1300.0,-0.1,SD,14344300.0,39398800.0,False,0.0,13:28:36
18650.0,100,-1300.0,-0.1,SD,14344300.0,39398300.0,False,0.0,13:28:36
18650.0,10000,-1300.0,-0.1,SD,14344300.0,39398200.0,False,0.0,13:28:36
18650.0,1000,-1300.0,-0.1,SD,14344300.0,39388200.0,False,0.0,13:28:36
18650.0,200,-1300.0,-0.1,SD,14344300.0,39387200.0,False,0.0,13:28:36
18650.0,400,-1300.0,-0.1,SD,14344300.0,39387000.0,False,0.0,13:28:36
18650.0,100,-1300.0,-0.1,SD,14344300.0,39386600.0,False,0.0,13:28:36
18650.0,1000,-1300.0,-0.1,SD,14344300.0,39386500.0,False,0.0,13:28:36
18650.0,2000,-1300.0,-0.1,SD,14344300.0,39385500.0,False,0.0,13:28:36
18650.0,100,-1300.0,-0.1,SD,14344300.0,39383500.0,False,0.0,13:28:36
18650.0,400,-1300.0,-0.1,SD,14344300.0,39383400.0,False,0.0,13:28:36
18650.0,3000,-1300.0,-0.1,SD,14344300.0,39383000.0,False,0.0,13:28:36
18650.0,10000,-1300.0,-0.1,SD,14344300.0,39380000.0,False,0.0,13:28:36
18650.0,100,-1300.0,-0.1,SD,14344300.0,39370000.0,False,0.0,13:28:36
18650.0,500,-1300.0,-0.1,SD,14344300.0,39369900.0,False,0.0,13:28:36
18650.0,1200,-1300.0,-0.1,SD,14344300.0,39369400.0,False,0.0,13:28:36
18650.0,6000,-1300.0,-0.1,SD,14344300.0,39368200.0,False,-50.0,13:28:36
18700.0,200,-1250.0,-0.1,BU,14344300.0,39362200.0,False,50.0,13:28:35
18650.0,2000,-1300.0,-0.1,SD,14344100.0,39362200.0,False,0.0,13:28:35
18650.0,100,-1300.0,-0.1,SD,14344100.0,39360200.0,False,0.0,13:28:33
18650.0,900,-1300.0,-0.1,SD,14344100.0,39360100.0,False,0.0,13:28:33
18650.0,1000,-1300.0,-0.1,SD,14344100.0,39359200.0,False,0.0,13:28:33
18650.0,4500,-1300.0,-0.1,SD,14344100.0,39358200.0,False,-50.0,13:28:31
18700.0,100,-1250.0,-0.1,BU,14344100.0,39353700.0,False,50.0,13:28:30
18650.0,3300,-1300.0,-0.1,SD,14344000.0,39353700.0,False,0.0,13:28:30
18650.0,500,-1300.0,-0.1,SD,14344000.0,39350400.0,False,0.0,13:28:30
18650.0,1000,-1300.0,-0.1,SD,14344000.0,39349900.0,False,0.0,13:28:30
18650.0,500,-1300.0,-0.1,SD,14344000.0,39348900.0,False,0.0,13:28:30
18650.0,1000,-1300.0,-0.1,SD,14344000.0,39348400.0,False,0.0,13:28:30
18650.0,10700,-1300.0,-0.1,SD,14344000.0,39347400.0,False,0.0,13:28:30
18650.0,700,-1300.0,-0.1,SD,14344000.0,39336700.0,False,0.0,13:28:30
18650.0,500,-1300.0,-0.1,SD,14344000.0,39336000.0,False,0.0,13:28:30
18650.0,400,-1300.0,-0.1,SD,14344000.0,39335500.0,False,0.0,13:28:30
18650.0,300,-1300.0,-0.1,SD,14344000.0,39335100.0,False,0.0,13:28:30
18650.0,41100,-1300.0,-0.1,SD,14344000.0,39334800.0,True,0.0,13:28:30
18650.0,400,-1300.0,-0.1,SD,14344000.0,39293700.0,False,0.0,13:28:30
18650.0,500,-1300.0,-0.1,SD,14344000.0,39293300.0,False,0.0,13:28:29
18650.0,7400,-1300.0,-0.1,SD,14344000.0,39292800.0,False,0.0,13:28:29
18650.0,600,-1300.0,-0.1,SD,14344000.0,39285400.0,False,0.0,13:28:29
18650.0,200,-1300.0,-0.1,SD,14344000.0,39284800.0,False,0.0,13:28:29
18650.0,300,-1300.0,-0.1,BU,14344000.0,39284600.0,False,0.0,13:28:28
18650.0,200,-1300.0,-0.1,BU,14343700.0,39284600.0,False,0.0,13:28:28
18650.0,500,-1300.0,-0.1,BU,14343500.0,39284600.0,False,0.0,13:28:28
18650.0,5000,-1300.0,-0.1,BU,14343000.0,39284600.0,False,0.0,13:28:28
18650.0,3800,-1300.0,-0.1,BU,14338000.0,39284600.0,False,50.0,13:28:28
18600.0,500,-1350.0,-0.1,SD,14334200.0,39284600.0,False,-50.0,13:28:28
18650.0,100,-1300.0,-0.1,BU,14334200.0,39284100.0,False,0.0,13:28:28
18650.0,1100,-1300.0,-0.1,BU,14334100.0,39284100.0,False,0.0,13:28:27
18650.0,200,-1300.0,-0.1,BU,14333000.0,39284100.0,False,50.0,13:28:27
18600.0,100,-1350.0,-0.1,SD,14332800.0,39284100.0,False,-50.0,13:28:27
18650.0,300,-1300.0,-0.1,BU,14332800.0,39284000.0,False,0.0,13:28:27
18650.0,100,-1300.0,-0.1,BU,14332500.0,39284000.0,False,0.0,13:28:27
18650.0,100,-1300.0,-0.1,BU,14332400.0,39284000.0,False,0.0,13:28:27
18650.0,1000,-1300.0,-0.1,BU,14332300.0,39284000.0,False,0.0,13:28:27
18650.0,500,-1300.0,-0.1,BU,14331300.0,39284000.0,False,0.0,13:28:27
18650.0,100,-1300.0,-0.1,BU,14330800.0,39284000.0,False,0.0,13:28:26
18650.0,500,-1300.0,-0.1,BU,14330700.0,39284000.0,False,50.0,13:28:26
18600.0,100,-1350.0,-0.1,SD,14330200.0,39284000.0,False,0.0,13:28:26
18600.0,1200,-1350.0,-0.1,SD,14330200.0,39283900.0,False,-50.0,13:28:26
18650.0,500,-1300.0,-0.1,BU,14330200.0,39282700.0,False,0.0,13:28:26
18650.0,200,-1300.0,-0.1,BU,14329700.0,39282700.0,False,50.0,13:28:26
18600.0,3800,-1350.0,-0.1,SD,14329500.0,39282700.0,False,0.0,13:28:26
18600.0,1000,-1350.0,-0.1,SD,14329500.0,39278900.0,False,0.0,13:28:26
18600.0,200,-1350.0,-0.1,SD,14329500.0,39277900.0,False,-50.0,13:28:26
18650.0,16500,-1300.0,-0.1,BU,14329500.0,39277700.0,True,0.0,13:28:26
18650.0,3500,-1300.0,-0.1,BU,14313000.0,39277700.0,False,0.0,13:28:26
18650.0,200,-1300.0,-0.1,BU,14309500.0,39277700.0,False,0.0,13:28:25
18650.0,100,-1300.0,-0.1,BU,14309300.0,39277700.0,False,0.0,13:28:25
18650.0,2500,-1300.0,-0.1,BU,14309200.0,39277700.0,False,0.0,13:28:25
18650.0,500,-1300.0,-0.1,BU,14306700.0,39277700.0,False,0.0,13:28:25
18650.0,3100,-1300.0,-0.1,BU,14306200.0,39277700.0,False,0.0,13:28:25
18650.0,1500,-1300.0,-0.1,BU,14303100.0,39277700.0,False,0.0,13:28:25
18650.0,4300,-1300.0,-0.1,BU,14301600.0,39277700.0,False,0.0,13:28:25
18650.0,1000,-1300.0,-0.1,BU,14297300.0,39277700.0,False,50.0,13:28:25
18600.0,300,-1350.0,-0.1,SD,14296300.0,39277700.0,False,0.0,13:28:25
18600.0,2000,-1350.0,-0.1,SD,14296300.0,39277400.0,False,0.0,13:28:25
18600.0,100,-1350.0,-0.1,SD,14296300.0,39275400.0,False,0.0,13:28:25
18600.0,1400,-1350.0,-0.1,SD,14296300.0,39275300.0,False,0.0,13:28:25
18600.0,1000,-1350.0,-0.1,SD,14296300.0,39273900.0,False,0.0,13:28:25
18600.0,200,-1350.0,-0.1,SD,14296300.0,39272900.0,False,0.0,13:28:25
18600.0,100,-1350.0,-0.1,SD,14296300.0,39272700.0,False,0.0,13:28:25
18600.0,500,-1350.0,-0.1,SD,14296300.0,39272600.0,False,0.0,13:28:25
18600.0,100,-1350.0,-0.1,SD,14296300.0,39272100.0,False,0.0,13:28:25
18600.0,5300,-1350.0,-0.1,SD,14296300.0,39272000.0,False,-50.0,13:28:25
18650.0,10000,-1300.0,-0.1,BU,14296300.0,39266700.0,False,0.0,13:28:25
18650.0,200,-1300.0,-0.1,BU,14286300.0,39266700.0,False,0.0,13:28:25
18650.0,300,-1300.0,-0.1,BU,14286100.0,39266700.0,False,0.0,13:28:25
18650.0,500,-1300.0,-0.1,BU,14285800.0,39266700.0,False,0.0,13:28:25
18650.0,500,-1300.0,-0.1,BU,14285300.0,39266700.0,False,0.0,13:28:25
18650.0,13700,-1300.0,-0.1,BU,14284800.0,39266700.0,True,0.0,13:28:25
18650.0,200,-1300.0,-0.1,BU,14271100.0,39266700.0,False,0.0,13:28:25
18650.0,400,-1300.0,-0.1,BU,14270900.0,39266700.0,False,0.0,13:28:25
18650.0,300,-1300.0,-0.1,BU,14270500.0,39266700.0,False,0.0,13:28:25
18650.0,1000,-1300.0,-0.1,BU,14270200.0,39266700.0,False,0.0,13:28:25
18650.0,200,-1300.0,-0.1,BU,14269200.0,39266700.0,False,0.0,13:28:25
18650.0,100,-1300.0,-0.1,BU,14269000.0,39266700.0,False,0.0,13:28:25
18650.0,400,-1300.0,-0.1,BU,14268900.0,39266700.0,False,0.0,13:28:25
18650.0,200,-1300.0,-0.1,BU,14268500.0,39266700.0,False,0.0,13:28:25
18650.0,100,-1300.0,-0.1,BU,14268300.0,39266700.0,False,0.0,13:28:25
18650.0,1000,-1300.0,-0.1,BU,14268200.0,39266700.0,False,0.0,13:28:25
18650.0,3500,-1300.0,-0.1,BU,14267200.0,39266700.0,False,0.0,13:28:25
18650.0,100,-1300.0,-0.1,BU,14263700.0,39266700.0,False,0.0,13:28:25
18650.0,100,-1300.0,-0.1,BU,14263600.0,39266700.0,False,0.0,13:28:25
18650.0,2000,-1300.0,-0.1,BU,14263500.0,39266700.0,False,0.0,13:28:25
18650.0,1200,-1300.0,-0.1,BU,14261500.0,39266700.0,False,0.0,13:28:25
18650.0,300,-1300.0,-0.1,BU,14260300.0,39266700.0,False,0.0,13:28:24
18650.0,700,-1300.0,-0.1,BU,14260000.0,39266700.0,False,0.0,13:28:24
18650.0,500,-1300.0,-0.1,BU,14259300.0,39266700.0,False,0.0,13:28:24
18650.0,900,-1300.0,-0.1,BU,14258800.0,39266700.0,False,0.0,13:28:24
18650.0,800,-1300.0,-0.1,BU,14257900.0,39266700.0,False,0.0,13:28:24
18650.0,100,-1300.0,-0.1,BU,14257100.0,39266700.0,False,0.0,13:28:23
18650.0,5000,-1300.0,-0.1,BU,14257000.0,39266700.0,False,0.0,13:28:23
18650.0,200,-1300.0,-0.1,BU,14252000.0,39266700.0,False,0.0,13:28:23
18650.0,200,-1300.0,-0.1,BU,14251800.0,39266700.0,False,0.0,13:28:23
18650.0,2000,-1300.0,-0.1,BU,14251600.0,39266700.0,False,0.0,13:28:23
18650.0,500,-1300.0,-0.1,BU,14249600.0,39266700.0,False,0.0,13:28:22
18650.0,700,-1300.0,-0.1,BU,14249100.0,39266700.0,False,0.0,13:28:22
18650.0,3000,-1300.0,-0.1,BU,14248400.0,39266700.0,False,0.0,13:28:22
18650.0,100,-1300.0,-0.1,BU,14245400.0,39266700.0,False,0.0,13:28:22
18650.0,5000,-1300.0,-0.1,BU,14245300.0,39266700.0,False,0.0,13:28:22
18650.0,2300,-1300.0,-0.1,BU,14240300.0,39266700.0,False,0.0,13:28:22
18650.0,5000,-1300.0,-0.1,BU,14238000.0,39266700.0,False,0.0,13:28:22
18650.0,10000,-1300.0,-0.1,BU,14233000.0,39266700.0,False,0.0,13:28:22
18650.0,800,-1300.0,-0.1,BU,14223000.0,39266700.0,False,0.0,13:28:22
18650.0,400,-1300.0,-0.1,BU,14222200.0,39266700.0,False,0.0,13:28:22
18650.0,500,-1300.0,-0.1,BU,14221800.0,39266700.0,False,0.0,13:28:22
18650.0,500,-1300.0,-0.1,BU,14221300.0,39266700.0,False,0.0,13:28:22
18650.0,500,-1300.0,-0.1,BU,14220800.0,39266700.0,False,0.0,13:28:22
18650.0,30000,-1300.0,-0.1,BU,14220300.0,39266700.0,True,0.0,13:28:22
18650.0,7000,-1300.0,-0.1,BU,14190300.0,39266700.0,False,0.0,13:28:22
18650.0,8000,-1300.0,-0.1,BU,14183300.0,39266700.0,False,50.0,13:28:22
18600.0,400,-1350.0,-0.1,SD,14175300.0,39266700.0,False,-50.0,13:28:22
18650.0,200,-1300.0,-0.1,BU,14175300.0,39266300.0,False,50.0,13:28:21
18600.0,4300,-1350.0,-0.1,SD,14175100.0,39266300.0,False,0.0,13:28:21
18600.0,100,-1350.0,-0.1,SD,14175100.0,39262000.0,False,0.0,13:28:21
18600.0,500,-1350.0,-0.1,SD,14175100.0,39261900.0,False,0.0,13:28:21
18600.0,100,-1350.0,-0.1,SD,14175100.0,39261400.0,False,0.0,13:28:21
18600.0,600,-1350.0,-0.1,SD,14175100.0,39261300.0,False,-50.0,13:28:21
18650.0,500,-1300.0,-0.1,BU,14175100.0,39260700.0,False,0.0,13:28:21
18650.0,2000,-1300.0,-0.1,BU,14174600.0,39260700.0,False,50.0,13:28:21
18600.0,400,-1350.0,-0.1,SD,14172600.0,39260700.0,False,0.0,13:28:21
18600.0,500,-1350.0,-0.1,SD,14172600.0,39260300.0,False,0.0,13:28:21
18600.0,1500,-1350.0,-0.1,SD,14172600.0,39259800.0,False,0.0,13:28:21
18600.0,2000,-1350.0,-0.1,SD,14172600.0,39258300.0,False,0.0,13:28:21
18600.0,2300,-1350.0,-0.1,SD,14172600.0,39256300.0,False,0.0,13:28:21
18600.0,100,-1350.0,-0.1,SD,14172600.0,39254000.0,False,0.0,13:28:21
18600.0,1000,-1350.0,-0.1,SD,14172600.0,39253900.0,False,0.0,13:28:21
18600.0,3000,-1350.0,-0.1,SD,14172600.0,39252900.0,False,0.0,13:28:21
18600.0,100,-1350.0,-0.1,SD,14172600.0,39249900.0,False,0.0,13:28:21
18600.0,500,-1350.0,-0.1,SD,14172600.0,39249800.0,False,0.0,13:28:21
18600.0,300,-1350.0,-0.1,SD,14172600.0,39249300.0,False,0.0,13:28:21
18600.0,1700,-1350.0,-0.1,SD,14172600.0,39249000.0,False,0.0,13:28:21
18600.0,2500,-1350.0,-0.1,SD,14172600.0,39247300.0,False,0.0,13:28:21
18600.0,100,-1350.0,-0.1,SD,14172600.0,39244800.0,False,0.0,13:28:21
18600.0,6000,-1350.0,-0.1,SD,14172600.0,39244700.0,False,-50.0,13:28:21
18650.0,200,-1300.0,-0.1,BU,14172600.0,39238700.0,False,0.0,13:28:21
18650.0,2000,-1300.0,-0.1,BU,14172400.0,39238700.0,False,0.0,13:28:21
18650.0,1000,-1300.0,-0.1,BU,14170400.0,39238700.0,False,0.0,13:28:20
18650.0,8100,-1300.0,-0.1,BU,14169400.0,39238700.0,False,0.0,13:28:20
18650.0,12200,-1300.0,-0.1,BU,14161300.0,39238700.0,True,0.0,13:28:20
18650.0,600,-1300.0,-0.1,BU,14149100.0,39238700.0,False,0.0,13:28:20
18650.0,300,-1300.0,-0.1,BU,14148500.0,39238700.0,False,0.0,13:28:19
18650.0,1800,-1300.0,-0.1,BU,14148200.0,39238700.0,False,0.0,13:28:19
18650.0,1000,-1300.0,-0.1,BU,14146400.0,39238700.0,False,0.0,13:28:19
18650.0,200,-1300.0,-0.1,BU,14145400.0,39238700.0,False,50.0,13:28:19
18600.0,300,-1350.0,-0.1,SD,14145200.0,39238700.0,False,-50.0,13:28:18
18650.0,500,-1300.0,-0.1,BU,14145200.0,39238400.0,False,0.0,13:28:18
18650.0,3000,-1300.0,-0.1,BU,14144700.0,39238400.0,False,0.0,13:28:18
18650.0,1800,-1300.0,-0.1,BU,14141700.0,39238400.0,False,0.0,13:28:18
18650.0,1000,-1300.0,-0.1,BU,14139900.0,39238400.0,False,0.0,13:28:18
18650.0,10000,-1300.0,-0.1,BU,14138900.0,39238400.0,False,0.0,13:28:18
18650.0,1000,-1300.0,-0.1,BU,14128900.0,39238400.0,False,0.0,13:28:17
18650.0,5000,-1300.0,-0.1,BU,14127900.0,39238400.0,False,0.0,13:28:17
18650.0,100,-1300.0,-0.1,BU,14122900.0,39238400.0,False,50.0,13:28:17
18600.0,100,-1350.0,-0.1,SD,14122800.0,39238400.0,False,-50.0,13:28:17
18650.0,100,-1300.0,-0.1,BU,14122800.0,39238300.0,False,50.0,13:28:17
18600.0,100,-1350.0,-0.1,SD,14122700.0,39238300.0,False,0.0,13:28:17
18600.0,300,-1350.0,-0.1,SD,14122700.0,39238200.0,False,-50.0,13:28:16
18650.0,100,-1300.0,-0.1,BU,14122700.0,39237900.0,False,0.0,13:28:16
18650.0,100,-1300.0,-0.1,BU,14122600.0,39237900.0,False,0.0,13:28:16
18650.0,9000,-1300.0,-0.1,BU,14122500.0,39237900.0,False,0.0,13:28:16
18650.0,100,-1300.0,-0.1,BU,14113500.0,39237900.0,False,0.0,13:28:16
18650.0,100,-1300.0,-0.1,BU,14113400.0,39237900.0,False,0.0,13:28:15
18650.0,100,-1300.0,-0.1,BU,14113300.0,39237900.0,False,0.0,13:28:15
18650.0,4800,-1300.0,-0.1,BU,14113200.0,39237900.0,False,0.0,13:28:15
18650.0,1000,-1300.0,-0.1,BU,14108400.0,39237900.0,False,0.0,13:28:14
18650.0,100,-1300.0,-0.1,BU,14107400.0,39237900.0,False,50.0,13:28:14
18600.0,2000,-1350.0,-0.1,SD,14107300.0,39237900.0,False,-50.0,13:28:14
18650.0,500,-1300.0,-0.1,BU,14107300.0,39235900.0,False,50.0,13:28:14
18600.0,1200,-1350.0,-0.1,SD,14106800.0,39235900.0,False,0.0,13:28:14
18600.0,5000,-1350.0,-0.1,SD,14106800.0,39234700.0,False,0.0,13:28:14
18600.0,700,-1350.0,-0.1,SD,14106800.0,39229700.0,False,0.0,13:28:14
18600.0,100,-1350.0,-0.1,SD,14106800.0,39229000.0,False,0.0,13:28:14
18600.0,100,-1350.0,-0.1,SD,14106800.0,39228900.0,False,0.0,13:28:14
18600.0,1000,-1350.0,-0.1,SD,14106800.0,39228800.0,False,0.0,13:28:14
18600.0,300,-1350.0,-0.1,SD,14106800.0,39227800.0,False,0.0,13:28:14
18600.0,100,-1350.0,-0.1,SD,14106800.0,39227500.0,False,0.0,13:28:14
18600.0,100,-1350.0,-0.1,SD,14106800.0,39227400.0,False,0.0,13:28:14
18600.0,200,-1350.0,-0.1,SD,14106800.0,39227300.0,False,0.0,13:28:14
18600.0,600,-1350.0,-0.1,SD,14106800.0,39227100.0,False,0.0,13:28:14
18600.0,3000,-1350.0,-0.1,SD,14106800.0,39226500.0,False,0.0,13:28:14
18600.0,1000,-1350.0,-0.1,SD,14106800.0,39223500.0,False,0.0,13:28:14
18600.0,50000,-1350.0,-0.1,SD,14106800.0,39222500.0,True,0.0,13:28:14
18600.0,5000,-1350.0,-0.1,SD,14106800.0,39172500.0,False,0.0,13:28:14
18600.0,31600,-1350.0,-0.1,SD,14106800.0,39167500.0,True,-50.0,13:28:14
18650.0,100,-1300.0,-0.1,BU,14106800.0,39135900.0,False,50.0,13:28:14
18600.0,10000,-1350.0,-0.1,SD,14106700.0,39135900.0,False,0.0,13:28:14
18600.0,100,-1350.0,-0.1,SD,14106700.0,39125900.0,False,0.0,13:28:14
18600.0,58300,-1350.0,-0.1,SD,14106700.0,39125800.0,True,0.0,13:28:13
18600.0,200,-1350.0,-0.1,SD,14106700.0,39067500.0,False,0.0,13:28:13
18600.0,1000,-1350.0,-0.1,SD,14106700.0,39067300.0,False,0.0,13:28:13
18600.0,200,-1350.0,-0.1,SD,14106700.0,39066300.0,False,0.0,13:28:13
18600.0,4000,-1350.0,-0.1,SD,14106700.0,39066100.0,False,0.0,13:28:13
18600.0,200,-1350.0,-0.1,SD,14106700.0,39062100.0,False,0.0,13:28:13
18600.0,1000,-1350.0,-0.1,SD,14106700.0,39061900.0,False,0.0,13:28:13
18600.0,2000,-1350.0,-0.1,SD,14106700.0,39060900.0,False,0.0,13:28:13
18600.0,500,-1350.0,-0.1,SD,14106700.0,39058900.0,False,0.0,13:28:13
18600.0,200,-1350.0,-0.1,SD,14106700.0,39058400.0,False,0.0,13:28:13
18600.0,1000,-1350.0,-0.1,SD,14106700.0,39058200.0,False,0.0,13:28:13
18600.0,100,-1350.0,-0.1,SD,14106700.0,39057200.0,False,0.0,13:28:13
18600.0,4000,-1350.0,-0.1,SD,14106700.0,39057100.0,False,0.0,13:28:13
18600.0,100,-1350.0,-0.1,SD,14106700.0,39053100.0,False,0.0,13:28:13
18600.0,1000,-1350.0,-0.1,SD,14106700.0,39053000.0,False,0.0,13:28:13
18600.0,200,-1350.0,-0.1,SD,14106700.0,39052000.0,False,0.0,13:28:13
18600.0,600,-1350.0,-0.1,SD,14106700.0,39051800.0,False,0.0,13:28:13
18600.0,300,-1350.0,-0.1,SD,14106700.0,39051200.0,False,0.0,13:28:13
18600.0,1000,-1350.0,-0.1,SD,14106700.0,39050900.0,False,0.0,13:28:13
18600.0,3000,-1350.0,-0.1,SD,14106700.0,39049900.0,False,0.0,13:28:13
18600.0,100,-1350.0,-0.1,SD,14106700.0,39046900.0,False,0.0,13:28:13
18600.0,300,-1350.0,-0.1,SD,14106700.0,39046800.0,False,0.0,13:28:13
18600.0,5000,-1350.0,-0.1,SD,14106700.0,39046500.0,False,0.0,13:28:13
18600.0,50000,-1350.0,-0.1,SD,14106700.0,39041500.0,True,0.0,13:28:13
18600.0,300,-1350.0,-0.1,SD,14106700.0,38991500.0,False,0.0,13:28:13
18600.0,200,-1350.0,-0.1,SD,14106700.0,38991200.0,False,0.0,13:28:13
18600.0,2000,-1350.0,-0.1,SD,14106700.0,38991000.0,False,0.0,13:28:13
18600.0,5000,-1350.0,-0.1,SD,14106700.0,38989000.0,False,0.0,13:28:13
18600.0,200,-1350.0,-0.1,SD,14106700.0,38984000.0,False,0.0,13:28:13
18600.0,300,-1350.0,-0.1,SD,14106700.0,38983800.0,False,0.0,13:28:13
18600.0,1000,-1350.0,-0.1,SD,14106700.0,38983500.0,False,0.0,13:28:13
18600.0,2000,-1350.0,-0.1,SD,14106700.0,38982500.0,False,0.0,13:28:13
18600.0,10000,-1350.0,-0.1,SD,14106700.0,38980500.0,False,0.0,13:28:13
18600.0,10000,-1350.0,-0.1,SD,14106700.0,38970500.0,False,0.0,13:28:13
18600.0,1000,-1350.0,-0.1,SD,14106700.0,38960500.0,False,0.0,13:28:13
18600.0,500,-1350.0,-0.1,SD,14106700.0,38959500.0,False,0.0,13:28:13
18600.0,100,-1350.0,-0.1,SD,14106700.0,38959000.0,False,0.0,13:28:13
18600.0,200,-1350.0,-0.1,SD,14106700.0,38958900.0,False,0.0,13:28:13
18600.0,1000,-1350.0,-0.1,SD,14106700.0,38958700.0,False,0.0,13:28:13
18600.0,100,-1350.0,-0.1,SD,14106700.0,38957700.0,False,0.0,13:28:13
18600.0,200,-1350.0,-0.1,SD,14106700.0,38957600.0,False,0.0,13:28:13
18600.0,3000,-1350.0,-0.1,SD,14106700.0,38957400.0,False,0.0,13:28:13
18600.0,300,-1350.0,-0.1,SD,14106700.0,38954400.0,False,0.0,13:28:13
18600.0,500,-1350.0,-0.1,SD,14106700.0,38954100.0,False,0.0,13:28:13
18600.0,300,-1350.0,-0.1,SD,14106700.0,38953600.0,False,0.0,13:28:13
18600.0,1000,-1350.0,-0.1,SD,14106700.0,38953300.0,False,0.0,13:28:13
18600.0,1000,-1350.0,-0.1,SD,14106700.0,38952300.0,False,0.0,13:28:13
18600.0,2000,-1350.0,-0.1,SD,14106700.0,38951300.0,False,0.0,13:28:13
18600.0,1000,-1350.0,-0.1,SD,14106700.0,38949300.0,False,0.0,13:28:13
18600.0,100,-1350.0,-0.1,SD,14106700.0,38948300.0,False,0.0,13:28:13
18600.0,200,-1350.0,-0.1,SD,14106700.0,38948200.0,False,0.0,13:28:13
18600.0,100,-1350.0,-0.1,SD,14106700.0,38948000.0,False,0.0,13:28:13
18600.0,2000,-1350.0,-0.1,SD,14106700.0,38947900.0,False,0.0,13:28:13
18600.0,2000,-1350.0,-0.1,SD,14106700.0,38945900.0,False,0.0,13:28:13
18600.0,200,-1350.0,-0.1,SD,14106700.0,38943900.0,False,0.0,13:28:13
18600.0,100,-1350.0,-0.1,SD,14106700.0,38943700.0,False,0.0,13:28:13
18600.0,300,-1350.0,-0.1,SD,14106700.0,38943600.0,False,0.0,13:28:13
18600.0,200,-1350.0,-0.1,SD,14106700.0,38943300.0,False,0.0,13:28:13
18600.0,1000,-1350.0,-0.1,SD,14106700.0,38943100.0,False,0.0,13:28:13
18600.0,2000,-1350.0,-0.1,SD,14106700.0,38942100.0,False,0.0,13:28:13
18600.0,2000,-1350.0,-0.1,SD,14106700.0,38940100.0,False,0.0,13:28:13
18600.0,3000,-1350.0,-0.1,SD,14106700.0,38938100.0,False,0.0,13:28:13
18600.0,100,-1350.0,-0.1,SD,14106700.0,38935100.0,False,0.0,13:28:13
18600.0,500,-1350.0,-0.1,SD,14106700.0,38935000.0,False,0.0,13:28:13
18600.0,1000,-1350.0,-0.1,SD,14106700.0,38934500.0,False,0.0,13:28:13
18600.0,1000,-1350.0,-0.1,SD,14106700.0,38933500.0,False,0.0,13:28:13
18600.0,200,-1350.0,-0.1,SD,14106700.0,38932500.0,False,0.0,13:28:13
18600.0,500,-1350.0,-0.1,SD,14106700.0,38932300.0,False,0.0,13:28:13
18600.0,200,-1350.0,-0.1,SD,14106700.0,38931800.0,False,0.0,13:28:13
18600.0,5000,-1350.0,-0.1,SD,14106700.0,38931600.0,False,0.0,13:28:13
18600.0,200,-1350.0,-0.1,SD,14106700.0,38926600.0,False,0.0,13:28:13
18600.0,300,-1350.0,-0.1,SD,14106700.0,38926400.0,False,0.0,13:28:13
18600.0,5000,-1350.0,-0.1,SD,14106700.0,38926100.0,False,0.0,13:28:13
18600.0,200,-1350.0,-0.1,SD,14106700.0,38921100.0,False,0.0,13:28:13
18600.0,1000,-1350.0,-0.1,SD,14106700.0,38920900.0,False,0.0,13:28:13
18600.0,300,-1350.0,-0.1,SD,14106700.0,38919900.0,False,0.0,13:28:13
18600.0,10000,-1350.0,-0.1,SD,14106700.0,38919600.0,False,0.0,13:28:13
18600.0,100,-1350.0,-0.1,SD,14106700.0,38909600.0,False,0.0,13:28:13
18600.0,100,-1350.0,-0.1,SD,14106700.0,38909500.0,False,0.0,13:28:13
18600.0,500,-1350.0,-0.1,SD,14106700.0,38909400.0,False,0.0,13:28:13
18600.0,3000,-1350.0,-0.1,SD,14106700.0,38908900.0,False,0.0,13:28:13
18600.0,1000,-1350.0,-0.1,SD,14106700.0,38905900.0,False,0.0,13:28:13
18600.0,2000,-1350.0,-0.1,SD,14106700.0,38904900.0,False,0.0,13:28:13
18600.0,2100,-1350.0,-0.1,SD,14106700.0,38902900.0,False,0.0,13:28:13
18600.0,100,-1350.0,-0.1,SD,14106700.0,38900800.0,False,0.0,13:28:13
18600.0,1000,-1350.0,-0.1,SD,14106700.0,38900700.0,False,0.0,13:28:13
18600.0,200,-1350.0,-0.1,SD,14106700.0,38899700.0,False,0.0,13:28:13
18600.0,1000,-1350.0,-0.1,SD,14106700.0,38899500.0,False,0.0,13:28:13
18600.0,1000,-1350.0,-0.1,SD,14106700.0,38898500.0,False,0.0,13:28:13
18600.0,500,-1350.0,-0.1,SD,14106700.0,38897500.0,False,0.0,13:28:13
18600.0,1000,-1350.0,-0.1,SD,14106700.0,38897000.0,False,0.0,13:28:13
18600.0,100,-1350.0,-0.1,SD,14106700.0,38896000.0,False,0.0,13:28:13
18600.0,1000,-1350.0,-0.1,SD,14106700.0,38895900.0,False,0.0,13:28:13
18600.0,3500,-1350.0,-0.1,SD,14106700.0,38894900.0,False,0.0,13:28:13
18600.0,2000,-1350.0,-0.1,SD,14106700.0,38891400.0,False,0.0,13:28:13
18600.0,100,-1350.0,-0.1,SD,14106700.0,38889400.0,False,0.0,13:28:13
18600.0,500,-1350.0,-0.1,SD,14106700.0,38889300.0,False,0.0,13:28:13
18600.0,200,-1350.0,-0.1,SD,14106700.0,38888800.0,False,0.0,13:28:13
18600.0,600,-1350.0,-0.1,SD,14106700.0,38888600.0,False,0.0,13:28:13
18600.0,200,-1350.0,-0.1,SD,14106700.0,38888000.0,False,0.0,13:28:13
18600.0,500,-1350.0,-0.1,SD,14106700.0,38887800.0,False,0.0,13:28:13
18600.0,1000,-1350.0,-0.1,SD,14106700.0,38887300.0,False,0.0,13:28:13
18600.0,300,-1350.0,-0.1,SD,14106700.0,38886300.0,False,0.0,13:28:13
18600.0,2000,-1350.0,-0.1,SD,14106700.0,38886000.0,False,0.0,13:28:13
18600.0,1000,-1350.0,-0.1,SD,14106700.0,38884000.0,False,0.0,13:28:13
18600.0,5000,-1350.0,-0.1,SD,14106700.0,38883000.0,False,0.0,13:28:13
18600.0,15000,-1350.0,-0.1,SD,14106700.0,38878000.0,True,0.0,13:28:13
18600.0,100,-1350.0,-0.1,SD,14106700.0,38863000.0,False,0.0,13:28:13
18600.0,2000,-1350.0,-0.1,SD,14106700.0,38862900.0,False,0.0,13:28:13
18600.0,400,-1350.0,-0.1,SD,14106700.0,38860900.0,False,0.0,13:28:13
18600.0,3000,-1350.0,-0.1,SD,14106700.0,38860500.0,False,0.0,13:28:13
18600.0,1000,-1350.0,-0.1,SD,14106700.0,38857500.0,False,0.0,13:28:13
18600.0,100,-1350.0,-0.1,SD,14106700.0,38856500.0,False,0.0,13:28:13
18600.0,100,-1350.0,-0.1,SD,14106700.0,38856400.0,False,0.0,13:28:13
18600.0,100,-1350.0,-0.1,SD,14106700.0,38856300.0,False,0.0,13:28:13
18600.0,200,-1350.0,-0.1,SD,14106700.0,38856200.0,False,0.0,13:28:13
18600.0,200,-1350.0,-0.1,SD,14106700.0,38856000.0,False,-50.0,13:28:13
18650.0,10000,-1300.0,-0.1,BU,14106700.0,38855800.0,False,0.0,13:28:13
18650.0,100,-1300.0,-0.1,BU,14096700.0,38855800.0,False,0.0,13:28:12
18650.0,300,-1300.0,-0.1,BU,14096600.0,38855800.0,False,0.0,13:28:12
18650.0,200,-1300.0,-0.1,BU,14096300.0,38855800.0,False,0.0,13:28:12
18650.0,400,-1300.0,-0.1,BU,14096100.0,38855800.0,False,0.0,13:28:12
18650.0,1600,-1300.0,-0.1,BU,14095700.0,38855800.0,False,0.0,13:28:12
18650.0,400,-1300.0,-0.1,BU,14094100.0,38855800.0,False,0.0,13:28:12
18650.0,600,-1300.0,-0.1,BU,14093700.0,38855800.0,False,0.0,13:28:12
18650.0,100,-1300.0,-0.1,BU,14093100.0,38855800.0,False,0.0,13:28:12
18650.0,9300,-1300.0,-0.1,BU,14093000.0,38855800.0,False,0.0,13:28:12
18650.0,800,-1300.0,-0.1,BU,14083700.0,38855800.0,False,50.0,13:28:12
18600.0,200,-1350.0,-0.1,SD,14082900.0,38855800.0,False,-50.0,13:28:12
18650.0,2000,-1300.0,-0.1,BU,14082900.0,38855600.0,False,0.0,13:28:11
18650.0,1000,-1300.0,-0.1,BU,14080900.0,38855600.0,False,0.0,13:28:11
18650.0,1000,-1300.0,-0.1,BU,14079900.0,38855600.0,False,0.0,13:28:11
18650.0,5200,-1300.0,-0.1,BU,14078900.0,38855600.0,False,0.0,13:28:10
18650.0,500,-1300.0,-0.1,BU,14073700.0,38855600.0,False,0.0,13:28:10
18650.0,4300,-1300.0,-0.1,BU,14073200.0,38855600.0,False,0.0,13:28:10
18650.0,300,-1300.0,-0.1,BU,14068900.0,38855600.0,False,0.0,13:28:10
18650.0,6900,-1300.0,-0.1,BU,14068600.0,38855600.0,False,0.0,13:28:10
18650.0,100,-1300.0,-0.1,BU,14061700.0,38855600.0,False,50.0,13:28:10
18600.0,600,-1350.0,-0.1,SD,14061600.0,38855600.0,False,0.0,13:28:10
18600.0,100,-1350.0,-0.1,SD,14061600.0,38855000.0,False,0.0,13:28:10
18600.0,1000,-1350.0,-0.1,SD,14061600.0,38854900.0,False,-50.0,13:28:10
18650.0,300,-1300.0,-0.1,BU,14061600.0,38853900.0,False,0.0,13:28:09
18650.0,1000,-1300.0,-0.1,BU,14061300.0,38853900.0,False,0.0,13:28:09
18650.0,200,-1300.0,-0.1,BU,14060300.0,38853900.0,False,0.0,13:28:09
18650.0,1000,-1300.0,-0.1,BU,14060100.0,38853900.0,False,0.0,13:28:08
18650.0,300,-1300.0,-0.1,BU,14059100.0,38853900.0,False,0.0,13:28:07
18650.0,2500,-1300.0,-0.1,BU,14058800.0,38853900.0,False,50.0,13:28:07
18600.0,800,-1350.0,-0.1,SD,14056300.0,38853900.0,False,0.0,13:28:07
18600.0,100,-1350.0,-0.1,SD,14056300.0,38853100.0,False,0.0,13:28:07
18600.0,100,-1350.0,-0.1,SD,14056300.0,38853000.0,False,0.0,13:28:07
18600.0,100,-1350.0,-0.1,SD,14056300.0,38852900.0,False,-50.0,13:28:07
18650.0,1000,-1300.0,-0.1,BU,14056300.0,38852800.0,False,50.0,13:28:07
18600.0,10000,-1350.0,-0.1,SD,14055300.0,38852800.0,False,-50.0,13:28:06
18650.0,400,-1300.0,-0.1,BU,14055300.0,38842800.0,False,50.0,13:28:06
18600.0,1400,-1350.0,-0.1,SD,14054900.0,38842800.0,False,0.0,13:28:06
18600.0,100,-1350.0,-0.1,SD,14054900.0,38841400.0,False,-50.0,13:28:06
18650.0,3000,-1300.0,-0.1,BU,14054900.0,38841300.0,False,50.0,13:28:06
18600.0,100,-1350.0,-0.1,SD,14051900.0,38841300.0,False,0.0,13:28:06
18600.0,200,-1350.0,-0.1,SD,14051900.0,38841200.0,False,0.0,13:28:06
18600.0,400,-1350.0,-0.1,SD,14051900.0,38841000.0,False,0.0,13:28:06
18600.0,500,-1350.0,-0.1,SD,14051900.0,38840600.0,False,0.0,13:28:06
18600.0,600,-1350.0,-0.1,SD,14051900.0,38840100.0,False,0.0,13:28:06
18600.0,600,-1350.0,-0.1,SD,14051900.0,38839500.0,False,0.0,13:28:06
18600.0,3500,-1350.0,-0.1,SD,14051900.0,38838900.0,False,0.0,13:28:06
18600.0,1000,-1350.0,-0.1,SD,14051900.0,38835400.0,False,0.0,13:28:06
18600.0,100,-1350.0,-0.1,SD,14051900.0,38834400.0,False,0.0,13:28:06
18600.0,5000,-1350.0,-0.1,SD,14051900.0,38834300.0,False,0.0,13:28:06
18600.0,100,-1350.0,-0.1,SD,14051900.0,38829300.0,False,0.0,13:28:06
18600.0,1700,-1350.0,-0.1,SD,14051900.0,38829200.0,False,0.0,13:28:06
18600.0,100,-1350.0,-0.1,SD,14051900.0,38827500.0,False,0.0,13:28:06
18600.0,1000,-1350.0,-0.1,SD,14051900.0,38827400.0,False,0.0,13:28:06
18600.0,500,-1350.0,-0.1,SD,14051900.0,38826400.0,False,0.0,13:28:06
18600.0,2000,-1350.0,-0.1,SD,14051900.0,38825900.0,False,0.0,13:28:06
18600.0,2000,-1350.0,-0.1,SD,14051900.0,38823900.0,False,0.0,13:28:06
18600.0,100,-1350.0,-0.1,SD,14051900.0,38821900.0,False,0.0,13:28:06
18600.0,100,-1350.0,-0.1,SD,14051900.0,38821800.0,False,0.0,13:28:06
18600.0,500,-1350.0,-0.1,SD,14051900.0,38821700.0,False,0.0,13:28:06
18600.0,10000,-1350.0,-0.1,SD,14051900.0,38821200.0,False,0.0,13:28:06
18600.0,1000,-1350.0,-0.1,SD,14051900.0,38811200.0,False,0.0,13:28:06
18600.0,1000,-1350.0,-0.1,SD,14051900.0,38810200.0,False,0.0,13:28:06
18600.0,200,-1350.0,-0.1,SD,14051900.0,38809200.0,False,0.0,13:28:06
18600.0,5000,-1350.0,-0.1,SD,14051900.0,38809000.0,False,0.0,13:28:06
18600.0,200,-1350.0,-0.1,SD,14051900.0,38804000.0,False,0.0,13:28:06
18600.0,100,-1350.0,-0.1,SD,14051900.0,38803800.0,False,0.0,13:28:06
18600.0,900,-1350.0,-0.1,SD,14051900.0,38803700.0,False,-50.0,13:28:06
18650.0,3000,-1300.0,-0.1,BU,14051900.0,38802800.0,False,0.0,13:28:06
18650.0,100,-1300.0,-0.1,BU,14048900.0,38802800.0,False,0.0,13:28:06
18650.0,7400,-1300.0,-0.1,BU,14048800.0,38802800.0,False,0.0,13:28:06
18650.0,500,-1300.0,-0.1,BU,14041400.0,38802800.0,False,0.0,13:28:06
18650.0,5000,-1300.0,-0.1,BU,14040900.0,38802800.0,False,0.0,13:28:06
18650.0,1000,-1300.0,-0.1,BU,14035900.0,38802800.0,False,0.0,13:28:06
18650.0,500,-1300.0,-0.1,BU,14034900.0,38802800.0,False,0.0,13:28:06
18650.0,100,-1300.0,-0.1,BU,14034400.0,38802800.0,False,0.0,13:28:06
18650.0,200,-1300.0,-0.1,BU,14034300.0,38802800.0,False,0.0,13:28:06
18650.0,1000,-1300.0,-0.1,BU,14034100.0,38802800.0,False,0.0,13:28:05
18650.0,1000,-1300.0,-0.1,BU,14033100.0,38802800.0,False,0.0,13:28:05
18650.0,100,-1300.0,-0.1,BU,14032100.0,38802800.0,False,0.0,13:28:05
18650.0,600,-1300.0,-0.1,BU,14032000.0,38802800.0,False,0.0,13:28:05
18650.0,700,-1300.0,-0.1,BU,14031400.0,38802800.0,False,0.0,13:28:05
18650.0,200,-1300.0,-0.1,BU,14030700.0,38802800.0,False,0.0,13:28:05
18650.0,500,-1300.0,-0.1,BU,14030500.0,38802800.0,False,0.0,13:28:05
18650.0,500,-1300.0,-0.1,BU,14030000.0,38802800.0,False,0.0,13:28:05
18650.0,100,-1300.0,-0.1,BU,14029500.0,38802800.0,False,0.0,13:28:05
18650.0,10000,-1300.0,-0.1,BU,14029400.0,38802800.0,False,0.0,13:28:05
18650.0,500,-1300.0,-0.1,BU,14019400.0,38802800.0,False,0.0,13:28:05
18650.0,600,-1300.0,-0.1,BU,14018900.0,38802800.0,False,0.0,13:28:04
18650.0,400,-1300.0,-0.1,BU,14018300.0,38802800.0,False,0.0,13:28:04
18650.0,200,-1300.0,-0.1,BU,14017900.0,38802800.0,False,0.0,13:28:04
18650.0,4000,-1300.0,-0.1,BU,14017700.0,38802800.0,False,0.0,13:28:04
18650.0,400,-1300.0,-0.1,BU,14013700.0,38802800.0,False,0.0,13:28:03
18650.0,300,-1300.0,-0.1,BU,14013300.0,38802800.0,False,50.0,13:28:03
18600.0,96500,-1350.0,-0.1,SD,14013000.0,38802800.0,True,0.0,13:28:03
18600.0,3500,-1350.0,-0.1,SD,14013000.0,38706300.0,False,-50.0,13:28:03
18650.0,1000,-1300.0,-0.1,BU,14013000.0,38702800.0,False,0.0,13:28:03
18650.0,300,-1300.0,-0.1,BU,14012000.0,38702800.0,False,0.0,13:28:03
18650.0,10000,-1300.0,-0.1,BU,14011700.0,38702800.0,False,0.0,13:28:02
18650.0,600,-1300.0,-0.1,BU,14001700.0,38702800.0,False,0.0,13:28:02
18650.0,1000,-1300.0,-0.1,BU,14001100.0,38702800.0,False,0.0,13:28:02
18650.0,200,-1300.0,-0.1,BU,14000100.0,38702800.0,False,0.0,13:28:02
18650.0,500,-1300.0,-0.1,BU,13999900.0,38702800.0,False,0.0,13:28:02
18650.0,200,-1300.0,-0.1,BU,13999400.0,38702800.0,False,0.0,13:28:02
18650.0,1200,-1300.0,-0.1,BU,13999200.0,38702800.0,False,0.0,13:28:02
18650.0,200,-1300.0,-0.1,BU,13998000.0,38702800.0,False,0.0,13:28:02
18650.0,6300,-1300.0,-0.1,BU,13997800.0,38702800.0,False,0.0,13:28:01
18650.0,8000,-1300.0,-0.1,BU,13991500.0,38702800.0,False,0.0,13:28:01
18650.0,5000,-1300.0,-0.1,BU,13983500.0,38702800.0,False,50.0,13:28:01
18600.0,8000,-1350.0,-0.1,SD,13978500.0,38702800.0,False,-50.0,13:28:01
18650.0,2000,-1300.0,-0.1,BU,13978500.0,38694800.0,False,0.0,13:28:01
18650.0,5000,-1300.0,-0.1,BU,13976500.0,38694800.0,False,0.0,13:28:01
18650.0,500,-1300.0,-0.1,BU,13971500.0,38694800.0,False,0.0,13:28:01
18650.0,5000,-1300.0,-0.1,BU,13971000.0,38694800.0,False,0.0,13:28:00
18650.0,500,-1300.0,-0.1,BU,13966000.0,38694800.0,False,0.0,13:28:00
18650.0,1000,-1300.0,-0.1,BU,13965500.0,38694800.0,False,0.0,13:28:00
18650.0,500,-1300.0,-0.1,BU,13964500.0,38694800.0,False,0.0,13:27:59
18650.0,6000,-1300.0,-0.1,BU,13964000.0,38694800.0,False,50.0,13:27:59
18600.0,2900,-1350.0,-0.1,SD,13958000.0,38694800.0,False,-50.0,13:27:58
18650.0,1000,-1300.0,-0.1,BU,13958000.0,38691900.0,False,0.0,13:27:58
18650.0,200,-1300.0,-0.1,BU,13957000.0,38691900.0,False,0.0,13:27:58
18650.0,1400,-1300.0,-0.1,BU,13956800.0,38691900.0,False,0.0,13:27:58
18650.0,100,-1300.0,-0.1,BU,13955400.0,38691900.0,False,0.0,13:27:58
18650.0,3000,-1300.0,-0.1,BU,13955300.0,38691900.0,False,0.0,13:27:57
18650.0,200,-1300.0,-0.1,BU,13952300.0,38691900.0,False,0.0,13:27:57
18650.0,8500,-1300.0,-0.1,BU,13952100.0,38691900.0,False,0.0,13:27:57
18650.0,1000,-1300.0,-0.1,BU,13943600.0,38691900.0,False,0.0,13:27:57
18650.0,100,-1300.0,-0.1,BU,13942600.0,38691900.0,False,0.0,13:27:57
18650.0,1000,-1300.0,-0.1,BU,13942500.0,38691900.0,False,0.0,13:27:57
18650.0,300,-1300.0,-0.1,BU,13941500.0,38691900.0,False,0.0,13:27:57
18650.0,1000,-1300.0,-0.1,BU,13941200.0,38691900.0,False,0.0,13:27:57
18650.0,400,-1300.0,-0.1,BU,13940200.0,38691900.0,False,0.0,13:27:56
18650.0,100,-1300.0,-0.1,BU,13939800.0,38691900.0,False,0.0,13:27:55
18650.0,1000,-1300.0,-0.1,BU,13939700.0,38691900.0,False,50.0,13:27:55
18600.0,300,-1350.0,-0.1,SD,13938700.0,38691900.0,False,-50.0,13:27:55
18650.0,10000,-1300.0,-0.1,BU,13938700.0,38691600.0,False,0.0,13:27:55
18650.0,150000,-1300.0,-0.1,BU,13928700.0,38691600.0,True,0.0,13:27:54
18650.0,500,-1300.0,-0.1,BU,13778700.0,38691600.0,False,0.0,13:27:54
18650.0,300,-1300.0,-0.1,BU,13778200.0,38691600.0,False,0.0,13:27:54
18650.0,500,-1300.0,-0.1,BU,13777900.0,38691600.0,False,0.0,13:27:54
18650.0,100,-1300.0,-0.1,BU,13777400.0,38691600.0,False,0.0,13:27:54
18650.0,700,-1300.0,-0.1,BU,13777300.0,38691600.0,False,0.0,13:27:54
18650.0,1000,-1300.0,-0.1,BU,13776600.0,38691600.0,False,0.0,13:27:53
18650.0,1000,-1300.0,-0.1,BU,13775600.0,38691600.0,False,0.0,13:27:53
18650.0,300,-1300.0,-0.1,BU,13774600.0,38691600.0,False,0.0,13:27:53
18650.0,500,-1300.0,-0.1,BU,13774300.0,38691600.0,False,50.0,13:27:53
18600.0,2000,-1350.0,-0.1,SD,13773800.0,38691600.0,False,-50.0,13:27:53
18650.0,1000,-1300.0,-0.1,BU,13773800.0,38689600.0,False,0.0,13:27:53
18650.0,10000,-1300.0,-0.1,BU,13772800.0,38689600.0,False,50.0,13:27:53
18600.0,200,-1350.0,-0.1,SD,13762800.0,38689600.0,False,-50.0,13:27:52
18650.0,500,-1300.0,-0.1,BU,13762800.0,38689400.0,False,0.0,13:27:52
18650.0,10000,-1300.0,-0.1,BU,13762300.0,38689400.0,False,0.0,13:27:52
18650.0,100,-1300.0,-0.1,BU,13752300.0,38689400.0,False,0.0,13:27:52
18650.0,300,-1300.0,-0.1,BU,13752200.0,38689400.0,False,0.0,13:27:51
18650.0,600,-1300.0,-0.1,BU,13751900.0,38689400.0,False,0.0,13:27:51
18650.0,500,-1300.0,-0.1,BU,13751300.0,38689400.0,False,0.0,13:27:51
18650.0,200,-1300.0,-0.1,BU,13750800.0,38689400.0,False,0.0,13:27:51
18650.0,5000,-1300.0,-0.1,BU,13750600.0,38689400.0,False,0.0,13:27:50
18650.0,100,-1300.0,-0.1,BU,13745600.0,38689400.0,False,0.0,13:27:50
18650.0,40000,-1300.0,-0.1,BU,13745500.0,38689400.0,True,0.0,13:27:50
18650.0,500,-1300.0,-0.1,BU,13705500.0,38689400.0,False,0.0,13:27:49
18650.0,100,-1300.0,-0.1,BU,13705000.0,38689400.0,False,0.0,13:27:49
18650.0,3000,-1300.0,-0.1,BU,13704900.0,38689400.0,False,0.0,13:27:49
18650.0,100,-1300.0,-0.1,BU,13701900.0,38689400.0,False,0.0,13:27:49
18650.0,1000,-1300.0,-0.1,BU,13701800.0,38689400.0,False,0.0,13:27:49
18650.0,5000,-1300.0,-0.1,BU,13700800.0,38689400.0,False,0.0,13:27:48
18650.0,1000,-1300.0,-0.1,BU,13695800.0,38689400.0,False,0.0,13:27:48
18650.0,5000,-1300.0,-0.1,BU,13694800.0,38689400.0,False,0.0,13:27:48
18650.0,300,-1300.0,-0.1,BU,13689800.0,38689400.0,False,0.0,13:27:48
18650.0,100,-1300.0,-0.1,BU,13689500.0,38689400.0,False,0.0,13:27:47
18650.0,100,-1300.0,-0.1,BU,13689400.0,38689400.0,False,0.0,13:27:47
18650.0,2000,-1300.0,-0.1,BU,13689300.0,38689400.0,False,0.0,13:27:47
18650.0,5000,-1300.0,-0.1,BU,13687300.0,38689400.0,False,0.0,13:27:47
18650.0,300,-1300.0,-0.1,BU,13682300.0,38689400.0,False,0.0,13:27:47
18650.0,1400,-1300.0,-0.1,BU,13682000.0,38689400.0,False,0.0,13:27:46
18650.0,500,-1300.0,-0.1,SD,13680600.0,38689400.0,False,0.0,13:27:46
18650.0,200,-1300.0,-0.1,SD,13680600.0,38688900.0,False,0.0,13:27:46
18650.0,3000,-1300.0,-0.1,SD,13680600.0,38688700.0,False,0.0,13:27:46
18650.0,100,-1300.0,-0.1,SD,13680600.0,38685700.0,False,0.0,13:27:46
18650.0,7000,-1300.0,-0.1,SD,13680600.0,38685600.0,False,0.0,13:27:46
18650.0,1000,-1300.0,-0.1,SD,13680600.0,38678600.0,False,0.0,13:27:46
18650.0,300,-1300.0,-0.1,SD,13680600.0,38677600.0,False,0.0,13:27:46
18650.0,1000,-1300.0,-0.1,SD,13680600.0,38677300.0,False,0.0,13:27:46
18650.0,200,-1300.0,-0.1,SD,13680600.0,38676300.0,False,0.0,13:27:46
18650.0,12300,-1300.0,-0.1,SD,13680600.0,38676100.0,True,0.0,13:27:46
18650.0,900,-1300.0,-0.1,SD,13680600.0,38663800.0,False,0.0,13:27:46
18650.0,5200,-1300.0,-0.1,SD,13680600.0,38662900.0,False,0.0,13:27:46
18650.0,2500,-1300.0,-0.1,SD,13680600.0,38657700.0,False,0.0,13:27:46
18650.0,3000,-1300.0,-0.1,SD,13680600.0,38655200.0,False,0.0,13:27:46
18650.0,100,-1300.0,-0.1,SD,13680600.0,38652200.0,False,0.0,13:27:46
18650.0,500,-1300.0,-0.1,SD,13680600.0,38652100.0,False,0.0,13:27:46
18650.0,2000,-1300.0,-0.1,SD,13680600.0,38651600.0,False,0.0,13:27:46
18650.0,600,-1300.0,-0.1,SD,13680600.0,38649600.0,False,0.0,13:27:46
18650.0,30000,-1300.0,-0.1,SD,13680600.0,38649000.0,True,0.0,13:27:46
18650.0,20200,-1300.0,-0.1,SD,13680600.0,38619000.0,True,-50.0,13:27:46
18700.0,5000,-1250.0,-0.1,SD,13680600.0,38598800.0,False,0.0,13:27:46
18700.0,1000,-1250.0,-0.1,SD,13680600.0,38593800.0,False,0.0,13:27:46
18700.0,300,-1250.0,-0.1,SD,13680600.0,38592800.0,False,0.0,13:27:46
18700.0,10000,-1250.0,-0.1,SD,13680600.0,38592500.0,False,0.0,13:27:46
18700.0,500,-1250.0,-0.1,SD,13680600.0,38582500.0,False,0.0,13:27:46
18700.0,100,-1250.0,-0.1,SD,13680600.0,38582000.0,False,0.0,13:27:45
18700.0,500,-1250.0,-0.1,SD,13680600.0,38581900.0,False,-50.0,13:27:45
18750.0,500,-1200.0,-0.1,BU,13680600.0,38581400.0,False,0.0,13:27:45
18750.0,500,-1200.0,-0.1,BU,13680100.0,38581400.0,False,50.0,13:27:45
18700.0,300,-1250.0,-0.1,SD,13679600.0,38581400.0,False,0.0,13:27:45
18700.0,1000,-1250.0,-0.1,SD,13679600.0,38581100.0,False,0.0,13:27:44
18700.0,3900,-1250.0,-0.1,SD,13679600.0,38580100.0,False,0.0,13:27:44
18700.0,4200,-1250.0,-0.1,SD,13679600.0,38576200.0,False,50.0,13:27:44
18650.0,1300,-1300.0,-0.1,SD,13679600.0,38572000.0,False,0.0,13:27:43
18650.0,100,-1300.0,-0.1,SD,13679600.0,38570700.0,False,0.0,13:27:43
18650.0,8400,-1300.0,-0.1,SD,13679600.0,38570600.0,False,0.0,13:27:43
18650.0,5000,-1300.0,-0.1,SD,13679600.0,38562200.0,False,-50.0,13:27:43
18700.0,1000,-1250.0,-0.1,SD,13679600.0,38557200.0,False,50.0,13:27:43
18650.0,100,-1300.0,-0.1,SD,13679600.0,38556200.0,False,0.0,13:27:43
18650.0,5000,-1300.0,-0.1,SD,13679600.0,38556100.0,False,0.0,13:27:43
18650.0,1000,-1300.0,-0.1,SD,13679600.0,38551100.0,False,0.0,13:27:43
18650.0,9000,-1300.0,-0.1,SD,13679600.0,38550100.0,False,0.0,13:27:43
18650.0,1000,-1300.0,-0.1,SD,13679600.0,38541100.0,False,0.0,13:27:43
18650.0,500,-1300.0,-0.1,SD,13679600.0,38540100.0,False,0.0,13:27:43
18650.0,6000,-1300.0,-0.1,SD,13679600.0,38539600.0,False,-50.0,13:27:43
18700.0,300,-1250.0,-0.1,SD,13679600.0,38533600.0,False,0.0,13:27:43
18700.0,1000,-1250.0,-0.1,BU,13679600.0,38533300.0,False,0.0,13:27:42
18700.0,100,-1250.0,-0.1,BU,13678600.0,38533300.0,False,0.0,13:27:42
18700.0,100,-1250.0,-0.1,BU,13678500.0,38533300.0,False,0.0,13:27:42
18700.0,300,-1250.0,-0.1,BU,13678400.0,38533300.0,False,0.0,13:27:42
18700.0,400,-1250.0,-0.1,BU,13678100.0,38533300.0,False,0.0,13:27:42
18700.0,100,-1250.0,-0.1,BU,13677700.0,38533300.0,False,0.0,13:27:42
18700.0,2000,-1250.0,-0.1,BU,13677600.0,38533300.0,False,0.0,13:27:42
18700.0,3000,-1250.0,-0.1,BU,13675600.0,38533300.0,False,0.0,13:27:42
18700.0,2100,-1250.0,-0.1,BU,13672600.0,38533300.0,False,0.0,13:27:42
18700.0,800,-1250.0,-0.1,BU,13670500.0,38533300.0,False,0.0,13:27:42
18700.0,500,-1250.0,-0.1,BU,13669700.0,38533300.0,False,0.0,13:27:42
18700.0,4100,-1250.0,-0.1,BU,13669200.0,38533300.0,False,0.0,13:27:42
18700.0,29000,-1250.0,-0.1,BU,13665100.0,38533300.0,True,0.0,13:27:42
18700.0,1000,-1250.0,-0.1,BU,13636100.0,38533300.0,False,0.0,13:27:42
18700.0,300,-1250.0,-0.1,BU,13635100.0,38533300.0,False,0.0,13:27:42
18700.0,3900,-1250.0,-0.1,BU,13634800.0,38533300.0,False,50.0,13:27:42
18650.0,200,-1300.0,-0.1,SD,13630900.0,38533300.0,False,-50.0,13:27:41
18700.0,400,-1250.0,-0.1,BU,13630900.0,38533100.0,False,0.0,13:27:41
18700.0,1800,-1250.0,-0.1,BU,13630500.0,38533100.0,False,50.0,13:27:41
18650.0,500,-1300.0,-0.1,BU,13628700.0,38533100.0,False,0.0,13:27:40
18650.0,16100,-1300.0,-0.1,BU,13628200.0,38533100.0,True,0.0,13:27:40
18650.0,500,-1300.0,-0.1,BU,13612100.0,38533100.0,False,50.0,13:27:39
18600.0,500,-1350.0,-0.1,SD,13611600.0,38533100.0,False,-50.0,13:27:39
18650.0,500,-1300.0,-0.1,BU,13611600.0,38532600.0,False,50.0,13:27:39
18600.0,300,-1350.0,-0.1,SD,13611100.0,38532600.0,False,-50.0,13:27:39
18650.0,100,-1300.0,-0.1,BU,13611100.0,38532300.0,False,0.0,13:27:39
18650.0,2000,-1300.0,-0.1,BU,13611000.0,38532300.0,False,0.0,13:27:38
18650.0,1000,-1300.0,-0.1,BU,13609000.0,38532300.0,False,0.0,13:27:38
18650.0,1500,-1300.0,-0.1,BU,13608000.0,38532300.0,False,0.0,13:27:38
18650.0,100,-1300.0,-0.1,BU,13606500.0,38532300.0,False,0.0,13:27:38
18650.0,5000,-1300.0,-0.1,BU,13606400.0,38532300.0,False,0.0,13:27:38
18650.0,1700,-1300.0,-0.1,BU,13601400.0,38532300.0,False,0.0,13:27:38
18650.0,500,-1300.0,-0.1,SD,13599700.0,38532300.0,False,0.0,13:27:37
18650.0,1500,-1300.0,-0.1,SD,13599700.0,38531800.0,False,0.0,13:27:37
18650.0,1000,-1300.0,-0.1,SD,13599700.0,38530300.0,False,0.0,13:27:37
18650.0,100,-1300.0,-0.1,SD,13599700.0,38529300.0,False,0.0,13:27:37
18650.0,500,-1300.0,-0.1,SD,13599700.0,38529200.0,False,0.0,13:27:37
18650.0,500,-1300.0,-0.1,SD,13599700.0,38528700.0,False,0.0,13:27:37
18650.0,300,-1300.0,-0.1,SD,13599700.0,38528200.0,False,0.0,13:27:37
18650.0,100,-1300.0,-0.1,SD,13599700.0,38527900.0,False,0.0,13:27:37
18650.0,100,-1300.0,-0.1,SD,13599700.0,38527800.0,False,0.0,13:27:37
18650.0,1000,-1300.0,-0.1,SD,13599700.0,38527700.0,False,0.0,13:27:37
18650.0,1000,-1300.0,-0.1,SD,13599700.0,38526700.0,False,0.0,13:27:37
18650.0,1000,-1300.0,-0.1,SD,13599700.0,38525700.0,False,0.0,13:27:37
18650.0,400,-1300.0,-0.1,SD,13599700.0,38524700.0,False,0.0,13:27:37
18650.0,31000,-1300.0,-0.1,SD,13599700.0,38524300.0,True,0.0,13:27:37
18650.0,2000,-1300.0,-0.1,SD,13599700.0,38493300.0,False,0.0,13:27:37
18650.0,100,-1300.0,-0.1,SD,13599700.0,38491300.0,False,0.0,13:27:37
18650.0,500,-1300.0,-0.1,SD,13599700.0,38491200.0,False,0.0,13:27:37
18650.0,200,-1300.0,-0.1,SD,13599700.0,38490700.0,False,0.0,13:27:37
18650.0,2000,-1300.0,-0.1,SD,13599700.0,38490500.0,False,0.0,13:27:37
18650.0,900,-1300.0,-0.1,SD,13599700.0,38488500.0,False,0.0,13:27:37
18650.0,100,-1300.0,-0.1,SD,13599700.0,38487600.0,False,-50.0,13:27:37
18700.0,2000,-1250.0,-0.1,BU,13599700.0,38487500.0,False,50.0,13:27:37
18650.0,200,-1300.0,-0.1,SD,13597700.0,38487500.0,False,0.0,13:27:37
18650.0,300,-1300.0,-0.1,SD,13597700.0,38487300.0,False,0.0,13:27:36
18650.0,2700,-1300.0,-0.1,SD,13597700.0,38487000.0,False,-50.0,13:27:36
18700.0,1900,-1250.0,-0.1,BU,13597700.0,38484300.0,False,0.0,13:27:36
18700.0,500,-1250.0,-0.1,BU,13595800.0,38484300.0,False,0.0,13:27:36
18700.0,100,-1250.0,-0.1,BU,13595300.0,38484300.0,False,0.0,13:27:36
18700.0,300,-1250.0,-0.1,BU,13595200.0,38484300.0,False,0.0,13:27:36
18700.0,300,-1250.0,-0.1,BU,13594900.0,38484300.0,False,0.0,13:27:36
18700.0,2000,-1250.0,-0.1,BU,13594600.0,38484300.0,False,0.0,13:27:36
18700.0,500,-1250.0,-0.1,BU,13592600.0,38484300.0,False,0.0,13:27:36
18700.0,4000,-1250.0,-0.1,BU,13592100.0,38484300.0,False,0.0,13:27:36
18700.0,6000,-1250.0,-0.1,BU,13588100.0,38484300.0,False,0.0,13:27:36
18700.0,9900,-1250.0,-0.1,BU,13582100.0,38484300.0,False,50.0,13:27:36
18650.0,700,-1300.0,-0.1,SD,13572200.0,38484300.0,False,0.0,13:27:36
18650.0,700,-1300.0,-0.1,SD,13572200.0,38483600.0,False,0.0,13:27:36
18650.0,1100,-1300.0,-0.1,SD,13572200.0,38482900.0,False,0.0,13:27:36
18650.0,1500,-1300.0,-0.1,SD,13572200.0,38481800.0,False,0.0,13:27:36
18650.0,1000,-1300.0,-0.1,SD,13572200.0,38480300.0,False,-50.0,13:27:35
18700.0,100,-1250.0,-0.1,BU,13572200.0,38479300.0,False,0.0,13:27:35
18700.0,300,-1250.0,-0.1,BU,13572100.0,38479300.0,False,0.0,13:27:35
18700.0,100,-1250.0,-0.1,BU,13571800.0,38479300.0,False,50.0,13:27:34
18650.0,700,-1300.0,-0.1,SD,13571700.0,38479300.0,False,0.0,13:27:34
18650.0,200,-1300.0,-0.1,SD,13571700.0,38478600.0,False,0.0,13:27:34
18650.0,1000,-1300.0,-0.1,SD,13571700.0,38478400.0,False,0.0,13:27:34
18650.0,100,-1300.0,-0.1,SD,13571700.0,38477400.0,False,0.0,13:27:34
18650.0,1000,-1300.0,-0.1,SD,13571700.0,38477300.0,False,-50.0,13:27:34
18700.0,1000,-1250.0,-0.1,BU,13571700.0,38476300.0,False,0.0,13:27:33
18700.0,300,-1250.0,-0.1,BU,13570700.0,38476300.0,False,0.0,13:27:33
18700.0,300,-1250.0,-0.1,BU,13570400.0,38476300.0,False,0.0,13:27:33
18700.0,3000,-1250.0,-0.1,BU,13570100.0,38476300.0,False,0.0,13:27:33
18700.0,200,-1250.0,-0.1,BU,13567100.0,38476300.0,False,0.0,13:27:32
18700.0,500,-1250.0,-0.1,BU,13566900.0,38476300.0,False,100.0,13:27:32
18600.0,82300,-1350.0,-0.1,SD,13566400.0,38476300.0,True,0.0,13:27:32
18600.0,2000,-1350.0,-0.1,SD,13566400.0,38394000.0,False,0.0,13:27:32
18600.0,100,-1350.0,-0.1,SD,13566400.0,38392000.0,False,0.0,13:27:32
18600.0,2000,-1350.0,-0.1,SD,13566400.0,38391900.0,False,0.0,13:27:32
18600.0,100,-1350.0,-0.1,SD,13566400.0,38389900.0,False,0.0,13:27:32
18600.0,200,-1350.0,-0.1,SD,13566400.0,38389800.0,False,0.0,13:27:32
18600.0,100,-1350.0,-0.1,SD,13566400.0,38389600.0,False,0.0,13:27:32
18600.0,1000,-1350.0,-0.1,SD,13566400.0,38389500.0,False,0.0,13:27:32
18600.0,200,-1350.0,-0.1,SD,13566400.0,38388500.0,False,0.0,13:27:32
18600.0,600,-1350.0,-0.1,SD,13566400.0,38388300.0,False,0.0,13:27:32
18600.0,100,-1350.0,-0.1,SD,13566400.0,38387700.0,False,0.0,13:27:32
18600.0,100,-1350.0,-0.1,SD,13566400.0,38387600.0,False,0.0,13:27:32
18600.0,2400,-1350.0,-0.1,SD,13566400.0,38387500.0,False,0.0,13:27:32
18600.0,400,-1350.0,-0.1,SD,13566400.0,38385100.0,False,0.0,13:27:32
18600.0,1000,-1350.0,-0.1,SD,13566400.0,38384700.0,False,0.0,13:27:32
18600.0,200,-1350.0,-0.1,SD,13566400.0,38383700.0,False,0.0,13:27:32
18600.0,2000,-1350.0,-0.1,SD,13566400.0,38383500.0,False,0.0,13:27:32
18600.0,100,-1350.0,-0.1,SD,13566400.0,38381500.0,False,0.0,13:27:32
18600.0,200,-1350.0,-0.1,SD,13566400.0,38381400.0,False,0.0,13:27:32
18600.0,200,-1350.0,-0.1,SD,13566400.0,38381200.0,False,0.0,13:27:32
18600.0,100,-1350.0,-0.1,SD,13566400.0,38381000.0,False,0.0,13:27:32
18600.0,100,-1350.0,-0.1,SD,13566400.0,38380900.0,False,0.0,13:27:32
18600.0,300,-1350.0,-0.1,SD,13566400.0,38380800.0,False,0.0,13:27:32
18600.0,1000,-1350.0,-0.1,SD,13566400.0,38380500.0,False,0.0,13:27:32
18600.0,100,-1350.0,-0.1,SD,13566400.0,38379500.0,False,0.0,13:27:32
18600.0,400,-1350.0,-0.1,SD,13566400.0,38379400.0,False,0.0,13:27:32
18600.0,5000,-1350.0,-0.1,SD,13566400.0,38379000.0,False,0.0,13:27:32
18600.0,5000,-1350.0,-0.1,SD,13566400.0,38374000.0,False,0.0,13:27:32
18600.0,1000,-1350.0,-0.1,SD,13566400.0,38369000.0,False,0.0,13:27:32
18600.0,100,-1350.0,-0.1,SD,13566400.0,38368000.0,False,0.0,13:27:32
18600.0,5000,-1350.0,-0.1,SD,13566400.0,38367900.0,False,0.0,13:27:32
18600.0,2100,-1350.0,-0.1,SD,13566400.0,38362900.0,False,0.0,13:27:32
18600.0,300,-1350.0,-0.1,SD,13566400.0,38360800.0,False,0.0,13:27:32
18600.0,1000,-1350.0,-0.1,SD,13566400.0,38360500.0,False,0.0,13:27:32
18600.0,3000,-1350.0,-0.1,SD,13566400.0,38359500.0,False,0.0,13:27:32
18600.0,5000,-1350.0,-0.1,SD,13566400.0,38356500.0,False,0.0,13:27:32
18600.0,2000,-1350.0,-0.1,SD,13566400.0,38351500.0,False,0.0,13:27:32
18600.0,500,-1350.0,-0.1,SD,13566400.0,38349500.0,False,0.0,13:27:32
18600.0,200,-1350.0,-0.1,SD,13566400.0,38349000.0,False,0.0,13:27:32
18600.0,2000,-1350.0,-0.1,SD,13566400.0,38348800.0,False,0.0,13:27:32
18600.0,200,-1350.0,-0.1,SD,13566400.0,38346800.0,False,0.0,13:27:32
18600.0,100,-1350.0,-0.1,SD,13566400.0,38346600.0,False,0.0,13:27:32
18600.0,1000,-1350.0,-0.1,SD,13566400.0,38346500.0,False,0.0,13:27:32
18600.0,1000,-1350.0,-0.1,SD,13566400.0,38345500.0,False,0.0,13:27:32
18600.0,100,-1350.0,-0.1,SD,13566400.0,38344500.0,False,0.0,13:27:32
18600.0,300,-1350.0,-0.1,SD,13566400.0,38344400.0,False,0.0,13:27:32
18600.0,3000,-1350.0,-0.1,SD,13566400.0,38344100.0,False,0.0,13:27:32
18600.0,500,-1350.0,-0.1,SD,13566400.0,38341100.0,False,0.0,13:27:32
18600.0,200,-1350.0,-0.1,SD,13566400.0,38340600.0,False,0.0,13:27:32
18600.0,2000,-1350.0,-0.1,SD,13566400.0,38340400.0,False,0.0,13:27:32
18600.0,2500,-1350.0,-0.1,SD,13566400.0,38338400.0,False,0.0,13:27:32
18600.0,1000,-1350.0,-0.1,SD,13566400.0,38335900.0,False,0.0,13:27:32
18600.0,100,-1350.0,-0.1,SD,13566400.0,38334900.0,False,0.0,13:27:32
18600.0,2000,-1350.0,-0.1,SD,13566400.0,38334800.0,False,0.0,13:27:32
18600.0,500,-1350.0,-0.1,SD,13566400.0,38332800.0,False,0.0,13:27:32
18600.0,1000,-1350.0,-0.1,SD,13566400.0,38332300.0,False,0.0,13:27:32
18600.0,2000,-1350.0,-0.1,SD,13566400.0,38331300.0,False,0.0,13:27:32
18600.0,400,-1350.0,-0.1,SD,13566400.0,38329300.0,False,0.0,13:27:32
18600.0,100,-1350.0,-0.1,SD,13566400.0,38328900.0,False,0.0,13:27:32
18600.0,200,-1350.0,-0.1,SD,13566400.0,38328800.0,False,0.0,13:27:32
18600.0,1500,-1350.0,-0.1,SD,13566400.0,38328600.0,False,0.0,13:27:32
18600.0,100,-1350.0,-0.1,SD,13566400.0,38327100.0,False,0.0,13:27:32
18600.0,100,-1350.0,-0.1,SD,13566400.0,38327000.0,False,0.0,13:27:32
18600.0,200,-1350.0,-0.1,SD,13566400.0,38326900.0,False,0.0,13:27:32
18600.0,300,-1350.0,-0.1,SD,13566400.0,38326700.0,False,0.0,13:27:32
18600.0,1000,-1350.0,-0.1,SD,13566400.0,38326400.0,False,0.0,13:27:32
18600.0,1000,-1350.0,-0.1,SD,13566400.0,38325400.0,False,0.0,13:27:32
18600.0,100,-1350.0,-0.1,SD,13566400.0,38324400.0,False,-50.0,13:27:32
18650.0,200,-1300.0,-0.1,SD,13566400.0,38324300.0,False,50.0,13:27:32
18600.0,100,-1350.0,-0.1,SD,13566400.0,38324100.0,False,-50.0,13:27:32
18650.0,1500,-1300.0,-0.1,SD,13566400.0,38324000.0,False,0.0,13:27:32
18650.0,1000,-1300.0,-0.1,SD,13566400.0,38322500.0,False,0.0,13:27:32
18650.0,100,-1300.0,-0.1,SD,13566400.0,38321500.0,False,0.0,13:27:32
18650.0,100,-1300.0,-0.1,SD,13566400.0,38321400.0,False,0.0,13:27:32
18650.0,3000,-1300.0,-0.1,SD,13566400.0,38321300.0,False,0.0,13:27:32
18650.0,1000,-1300.0,-0.1,SD,13566400.0,38318300.0,False,0.0,13:27:32
18650.0,1000,-1300.0,-0.1,SD,13566400.0,38317300.0,False,0.0,13:27:32
18650.0,3000,-1300.0,-0.1,SD,13566400.0,38316300.0,False,0.0,13:27:32
18650.0,100,-1300.0,-0.1,SD,13566400.0,38313300.0,False,0.0,13:27:32
18650.0,2000,-1300.0,-0.1,SD,13566400.0,38313200.0,False,0.0,13:27:32
18650.0,100,-1300.0,-0.1,SD,13566400.0,38311200.0,False,0.0,13:27:32
18650.0,900,-1300.0,-0.1,SD,13566400.0,38311100.0,False,0.0,13:27:32
18650.0,1000,-1300.0,-0.1,SD,13566400.0,38310200.0,False,0.0,13:27:32
18650.0,100,-1300.0,-0.1,SD,13566400.0,38309200.0,False,0.0,13:27:32
18650.0,6500,-1300.0,-0.1,SD,13566400.0,38309100.0,False,0.0,13:27:32
18650.0,1000,-1300.0,-0.1,SD,13566400.0,38302600.0,False,0.0,13:27:32
18650.0,500,-1300.0,-0.1,SD,13566400.0,38301600.0,False,0.0,13:27:32
18650.0,500,-1300.0,-0.1,SD,13566400.0,38301100.0,False,0.0,13:27:32
18650.0,200,-1300.0,-0.1,SD,13566400.0,38300600.0,False,0.0,13:27:32
18650.0,800,-1300.0,-0.1,SD,13566400.0,38300400.0,False,0.0,13:27:32
18650.0,2000,-1300.0,-0.1,SD,13566400.0,38299600.0,False,0.0,13:27:32
18650.0,3000,-1300.0,-0.1,SD,13566400.0,38297600.0,False,0.0,13:27:32
18650.0,300,-1300.0,-0.1,SD,13566400.0,38294600.0,False,0.0,13:27:32
18650.0,300,-1300.0,-0.1,SD,13566400.0,38294300.0,False,0.0,13:27:32
18650.0,2000,-1300.0,-0.1,SD,13566400.0,38294000.0,False,0.0,13:27:32
18650.0,200,-1300.0,-0.1,SD,13566400.0,38292000.0,False,0.0,13:27:32
18650.0,100,-1300.0,-0.1,SD,13566400.0,38291800.0,False,0.0,13:27:32
18650.0,300,-1300.0,-0.1,SD,13566400.0,38291700.0,False,0.0,13:27:32
18650.0,400,-1300.0,-0.1,SD,13566400.0,38291400.0,False,0.0,13:27:32
18650.0,100,-1300.0,-0.1,SD,13566400.0,38291000.0,False,0.0,13:27:32
18650.0,4300,-1300.0,-0.1,SD,13566400.0,38290900.0,False,0.0,13:27:32
18650.0,100,-1300.0,-0.1,SD,13566400.0,38286600.0,False,0.0,13:27:32
18650.0,100,-1300.0,-0.1,SD,13566400.0,38286500.0,False,0.0,13:27:32
18650.0,500,-1300.0,-0.1,SD,13566400.0,38286400.0,False,0.0,13:27:32
18650.0,500,-1300.0,-0.1,SD,13566400.0,38285900.0,False,0.0,13:27:32
18650.0,400,-1300.0,-0.1,SD,13566400.0,38285400.0,False,0.0,13:27:32
18650.0,5000,-1300.0,-0.1,SD,13566400.0,38285000.0,False,0.0,13:27:32
18650.0,500,-1300.0,-0.1,SD,13566400.0,38280000.0,False,0.0,13:27:32
18650.0,500,-1300.0,-0.1,SD,13566400.0,38279500.0,False,0.0,13:27:32
18650.0,200,-1300.0,-0.1,SD,13566400.0,38279000.0,False,0.0,13:27:32
18650.0,2000,-1300.0,-0.1,SD,13566400.0,38278800.0,False,0.0,13:27:32
18650.0,1000,-1300.0,-0.1,SD,13566400.0,38276800.0,False,0.0,13:27:32
18650.0,3000,-1300.0,-0.1,SD,13566400.0,38275800.0,False,0.0,13:27:32
18650.0,200,-1300.0,-0.1,SD,13566400.0,38272800.0,False,0.0,13:27:32
18650.0,100,-1300.0,-0.1,SD,13566400.0,38272600.0,False,0.0,13:27:32
18650.0,1000,-1300.0,-0.1,SD,13566400.0,38272500.0,False,0.0,13:27:32
18650.0,1100,-1300.0,-0.1,SD,13566400.0,38271500.0,False,0.0,13:27:32
18650.0,1000,-1300.0,-0.1,SD,13566400.0,38270400.0,False,0.0,13:27:32
18650.0,100,-1300.0,-0.1,SD,13566400.0,38269400.0,False,0.0,13:27:32
18650.0,100,-1300.0,-0.1,SD,13566400.0,38269300.0,False,0.0,13:27:32
18650.0,100,-1300.0,-0.1,SD,13566400.0,38269200.0,False,0.0,13:27:32
18650.0,200,-1300.0,-0.1,SD,13566400.0,38269100.0,False,0.0,13:27:32
18650.0,100,-1300.0,-0.1,SD,13566400.0,38268900.0,False,0.0,13:27:32
18650.0,800,-1300.0,-0.1,SD,13566400.0,38268800.0,False,0.0,13:27:32
18650.0,700,-1300.0,-0.1,SD,13566400.0,38268000.0,False,0.0,13:27:32
18650.0,100,-1300.0,-0.1,SD,13566400.0,38267300.0,False,0.0,13:27:32
18650.0,1000,-1300.0,-0.1,SD,13566400.0,38267200.0,False,0.0,13:27:32
18650.0,500,-1300.0,-0.1,SD,13566400.0,38266200.0,False,0.0,13:27:32
18650.0,2100,-1300.0,-0.1,SD,13566400.0,38265700.0,False,0.0,13:27:32
18650.0,500,-1300.0,-0.1,SD,13566400.0,38263600.0,False,0.0,13:27:32
18650.0,200,-1300.0,-0.1,SD,13566400.0,38263100.0,False,0.0,13:27:32
18650.0,300,-1300.0,-0.1,SD,13566400.0,38262900.0,False,0.0,13:27:32
18650.0,300,-1300.0,-0.1,SD,13566400.0,38262600.0,False,0.0,13:27:32
18650.0,3000,-1300.0,-0.1,SD,13566400.0,38262300.0,False,0.0,13:27:32
18650.0,100,-1300.0,-0.1,SD,13566400.0,38259300.0,False,0.0,13:27:32
18650.0,1000,-1300.0,-0.1,SD,13566400.0,38259200.0,False,0.0,13:27:32
18650.0,100,-1300.0,-0.1,SD,13566400.0,38258200.0,False,0.0,13:27:32
18650.0,5000,-1300.0,-0.1,SD,13566400.0,38258100.0,False,0.0,13:27:32
18650.0,1000,-1300.0,-0.1,SD,13566400.0,38253100.0,False,0.0,13:27:32
18650.0,7000,-1300.0,-0.1,SD,13566400.0,38252100.0,False,0.0,13:27:32
18650.0,700,-1300.0,-0.1,SD,13566400.0,38245100.0,False,0.0,13:27:32
18650.0,500,-1300.0,-0.1,SD,13566400.0,38244400.0,False,0.0,13:27:32
18650.0,500,-1300.0,-0.1,SD,13566400.0,38243900.0,False,0.0,13:27:32
18650.0,2800,-1300.0,-0.1,SD,13566400.0,38243400.0,False,0.0,13:27:32
18650.0,40000,-1300.0,-0.1,SD,13566400.0,38240600.0,True,0.0,13:27:32
18650.0,500,-1300.0,-0.1,SD,13566400.0,38200600.0,False,0.0,13:27:32
18650.0,200,-1300.0,-0.1,SD,13566400.0,38200100.0,False,0.0,13:27:32
18650.0,200,-1300.0,-0.1,SD,13566400.0,38199900.0,False,0.0,13:27:32
18650.0,3900,-1300.0,-0.1,SD,13566400.0,38199700.0,False,0.0,13:27:32
18650.0,1200,-1300.0,-0.1,SD,13566400.0,38195800.0,False,0.0,13:27:32
18650.0,500,-1300.0,-0.1,SD,13566400.0,38194600.0,False,0.0,13:27:32
18650.0,200,-1300.0,-0.1,SD,13566400.0,38194100.0,False,0.0,13:27:32
18650.0,1000,-1300.0,-0.1,SD,13566400.0,38193900.0,False,0.0,13:27:32
18650.0,600,-1300.0,-0.1,SD,13566400.0,38192900.0,False,0.0,13:27:32
18650.0,500,-1300.0,-0.1,SD,13566400.0,38192300.0,False,0.0,13:27:32
18650.0,30000,-1300.0,-0.1,SD,13566400.0,38191800.0,True,0.0,13:27:32
18650.0,500,-1300.0,-0.1,SD,13566400.0,38161800.0,False,0.0,13:27:32
18650.0,300,-1300.0,-0.1,SD,13566400.0,38161300.0,False,0.0,13:27:32
18650.0,900,-1300.0,-0.1,SD,13566400.0,38161000.0,False,0.0,13:27:32
18650.0,2000,-1300.0,-0.1,SD,13566400.0,38160100.0,False,0.0,13:27:32
18650.0,100,-1300.0,-0.1,SD,13566400.0,38158100.0,False,0.0,13:27:32
18650.0,2000,-1300.0,-0.1,SD,13566400.0,38158000.0,False,0.0,13:27:32
18650.0,100,-1300.0,-0.1,SD,13566400.0,38156000.0,False,0.0,13:27:32
18650.0,300,-1300.0,-0.1,SD,13566400.0,38155900.0,False,0.0,13:27:32
18650.0,100,-1300.0,-0.1,SD,13566400.0,38155600.0,False,0.0,13:27:32
18650.0,1200,-1300.0,-0.1,SD,13566400.0,38155500.0,False,0.0,13:27:32
18650.0,1000,-1300.0,-0.1,SD,13566400.0,38154300.0,False,0.0,13:27:32
18650.0,1000,-1300.0,-0.1,SD,13566400.0,38153300.0,False,0.0,13:27:32
18650.0,100,-1300.0,-0.1,SD,13566400.0,38152300.0,False,0.0,13:27:32
18650.0,600,-1300.0,-0.1,SD,13566400.0,38152200.0,False,0.0,13:27:32
18650.0,300,-1300.0,-0.1,SD,13566400.0,38151600.0,False,0.0,13:27:32
18650.0,2000,-1300.0,-0.1,SD,13566400.0,38151300.0,False,0.0,13:27:32
18650.0,800,-1300.0,-0.1,SD,13566400.0,38149300.0,False,0.0,13:27:32
18650.0,1000,-1300.0,-0.1,SD,13566400.0,38148500.0,False,0.0,13:27:32
18650.0,2000,-1300.0,-0.1,SD,13566400.0,38147500.0,False,0.0,13:27:32
18650.0,100,-1300.0,-0.1,SD,13566400.0,38145500.0,False,0.0,13:27:32
18650.0,1400,-1300.0,-0.1,SD,13566400.0,38145400.0,False,0.0,13:27:32
18650.0,1000,-1300.0,-0.1,SD,13566400.0,38144000.0,False,0.0,13:27:32
18650.0,8800,-1300.0,-0.1,SD,13566400.0,38143000.0,False,0.0,13:27:32
18650.0,20000,-1300.0,-0.1,SD,13566400.0,38134200.0,True,0.0,13:27:32
18650.0,1000,-1300.0,-0.1,SD,13566400.0,38114200.0,False,0.0,13:27:32
18650.0,1000,-1300.0,-0.1,SD,13566400.0,38113200.0,False,0.0,13:27:32
18650.0,100,-1300.0,-0.1,SD,13566400.0,38112200.0,False,0.0,13:27:32
18650.0,500,-1300.0,-0.1,SD,13566400.0,38112100.0,False,0.0,13:27:32
18650.0,500,-1300.0,-0.1,SD,13566400.0,38111600.0,False,0.0,13:27:32
18650.0,500,-1300.0,-0.1,SD,13566400.0,38111100.0,False,0.0,13:27:32
18650.0,5000,-1300.0,-0.1,SD,13566400.0,38110600.0,False,0.0,13:27:32
18650.0,2000,-1300.0,-0.1,SD,13566400.0,38105600.0,False,0.0,13:27:32
18650.0,100,-1300.0,-0.1,SD,13566400.0,38103600.0,False,0.0,13:27:32
18650.0,10000,-1300.0,-0.1,SD,13566400.0,38103500.0,False,0.0,13:27:32
18650.0,1000,-1300.0,-0.1,SD,13566400.0,38093500.0,False,0.0,13:27:32
18650.0,600,-1300.0,-0.1,SD,13566400.0,38092500.0,False,0.0,13:27:32
18650.0,5000,-1300.0,-0.1,SD,13566400.0,38091900.0,False,0.0,13:27:32
18650.0,1000,-1300.0,-0.1,SD,13566400.0,38086900.0,False,0.0,13:27:32
18650.0,100,-1300.0,-0.1,SD,13566400.0,38085900.0,False,0.0,13:27:32
18650.0,1000,-1300.0,-0.1,SD,13566400.0,38085800.0,False,0.0,13:27:32
18650.0,200,-1300.0,-0.1,SD,13566400.0,38084800.0,False,0.0,13:27:32
18650.0,100,-1300.0,-0.1,SD,13566400.0,38084600.0,False,0.0,13:27:32
18650.0,100,-1300.0,-0.1,SD,13566400.0,38084500.0,False,0.0,13:27:32
18650.0,100,-1300.0,-0.1,SD,13566400.0,38084400.0,False,0.0,13:27:32
18650.0,5000,-1300.0,-0.1,SD,13566400.0,38084300.0,False,0.0,13:27:32
18650.0,300,-1300.0,-0.1,SD,13566400.0,38079300.0,False,0.0,13:27:32
18650.0,2000,-1300.0,-0.1,SD,13566400.0,38079000.0,False,0.0,13:27:32
18650.0,100,-1300.0,-0.1,SD,13566400.0,38077000.0,False,0.0,13:27:32
18650.0,300,-1300.0,-0.1,SD,13566400.0,38076900.0,False,0.0,13:27:32
18650.0,500,-1300.0,-0.1,SD,13566400.0,38076600.0,False,0.0,13:27:32
18650.0,700,-1300.0,-0.1,SD,13566400.0,38076100.0,False,0.0,13:27:32
18650.0,2000,-1300.0,-0.1,SD,13566400.0,38075400.0,False,0.0,13:27:32
18650.0,1000,-1300.0,-0.1,SD,13566400.0,38073400.0,False,0.0,13:27:32
18650.0,5000,-1300.0,-0.1,SD,13566400.0,38072400.0,False,0.0,13:27:32
18650.0,100,-1300.0,-0.1,SD,13566400.0,38067400.0,False,0.0,13:27:32
18650.0,1000,-1300.0,-0.1,SD,13566400.0,38067300.0,False,0.0,13:27:32
18650.0,3000,-1300.0,-0.1,SD,13566400.0,38066300.0,False,0.0,13:27:32
18650.0,100,-1300.0,-0.1,SD,13566400.0,38063300.0,False,0.0,13:27:32
18650.0,800,-1300.0,-0.1,SD,13566400.0,38063200.0,False,0.0,13:27:32
18650.0,300,-1300.0,-0.1,SD,13566400.0,38062400.0,False,0.0,13:27:32
18650.0,300,-1300.0,-0.1,SD,13566400.0,38062100.0,False,0.0,13:27:32
18650.0,1000,-1300.0,-0.1,SD,13566400.0,38061800.0,False,0.0,13:27:32
18650.0,6000,-1300.0,-0.1,SD,13566400.0,38060800.0,False,0.0,13:27:32
18650.0,10000,-1300.0,-0.1,SD,13566400.0,38054800.0,False,0.0,13:27:32
18650.0,2500,-1300.0,-0.1,SD,13566400.0,38044800.0,False,0.0,13:27:32
18650.0,1000,-1300.0,-0.1,SD,13566400.0,38042300.0,False,0.0,13:27:32
18650.0,2000,-1300.0,-0.1,SD,13566400.0,38041300.0,False,0.0,13:27:32
18650.0,100,-1300.0,-0.1,SD,13566400.0,38039300.0,False,0.0,13:27:32
18650.0,1000,-1300.0,-0.1,SD,13566400.0,38039200.0,False,0.0,13:27:32
18650.0,1000,-1300.0,-0.1,SD,13566400.0,38038200.0,False,0.0,13:27:32
18650.0,100,-1300.0,-0.1,SD,13566400.0,38037200.0,False,0.0,13:27:32
18650.0,100,-1300.0,-0.1,SD,13566400.0,38037100.0,False,0.0,13:27:32
18650.0,500,-1300.0,-0.1,SD,13566400.0,38037000.0,False,0.0,13:27:32
18650.0,500,-1300.0,-0.1,SD,13566400.0,38036500.0,False,0.0,13:27:32
18650.0,300,-1300.0,-0.1,SD,13566400.0,38036000.0,False,0.0,13:27:32
18650.0,5000,-1300.0,-0.1,SD,13566400.0,38035700.0,False,0.0,13:27:32
18650.0,300,-1300.0,-0.1,SD,13566400.0,38030700.0,False,0.0,13:27:32
18650.0,6700,-1300.0,-0.1,SD,13566400.0,38030400.0,False,0.0,13:27:32
18650.0,300,-1300.0,-0.1,SD,13566400.0,38023700.0,False,0.0,13:27:32
18650.0,500,-1300.0,-0.1,SD,13566400.0,38023400.0,False,0.0,13:27:32
18650.0,200,-1300.0,-0.1,SD,13566400.0,38022900.0,False,0.0,13:27:32
18650.0,1000,-1300.0,-0.1,SD,13566400.0,38022700.0,False,0.0,13:27:32
18650.0,1900,-1300.0,-0.1,SD,13566400.0,38021700.0,False,0.0,13:27:32
18650.0,300,-1300.0,-0.1,SD,13566400.0,38019800.0,False,0.0,13:27:32
18650.0,100,-1300.0,-0.1,SD,13566400.0,38019500.0,False,0.0,13:27:32
18650.0,100,-1300.0,-0.1,SD,13566400.0,38019400.0,False,0.0,13:27:32
18650.0,1000,-1300.0,-0.1,SD,13566400.0,38019300.0,False,0.0,13:27:32
18650.0,300,-1300.0,-0.1,SD,13566400.0,38018300.0,False,0.0,13:27:32
18650.0,100,-1300.0,-0.1,SD,13566400.0,38018000.0,False,0.0,13:27:32
18650.0,1000,-1300.0,-0.1,SD,13566400.0,38017900.0,False,0.0,13:27:32
18650.0,200,-1300.0,-0.1,SD,13566400.0,38016900.0,False,0.0,13:27:32
18650.0,200,-1300.0,-0.1,SD,13566400.0,38016700.0,False,0.0,13:27:32
18650.0,5000,-1300.0,-0.1,SD,13566400.0,38016500.0,False,0.0,13:27:32
18650.0,300,-1300.0,-0.1,SD,13566400.0,38011500.0,False,0.0,13:27:32
18650.0,34900,-1300.0,-0.1,SD,13566400.0,38011200.0,True,-50.0,13:27:32
18700.0,100,-1250.0,-0.1,BU,13566400.0,37976300.0,False,0.0,13:27:32
18700.0,4200,-1250.0,-0.1,BU,13566300.0,37976300.0,False,0.0,13:27:31
18700.0,100,-1250.0,-0.1,BU,13562100.0,37976300.0,False,0.0,13:27:31
18700.0,500,-1250.0,-0.1,BU,13562000.0,37976300.0,False,0.0,13:27:31
18700.0,200,-1250.0,-0.1,BU,13561500.0,37976300.0,False,50.0,13:27:31
18650.0,4000,-1300.0,-0.1,SD,13561300.0,37976300.0,False,-50.0,13:27:31
18700.0,200,-1250.0,-0.1,BU,13561300.0,37972300.0,False,0.0,13:27:30
18700.0,800,-1250.0,-0.1,BU,13561100.0,37972300.0,False,50.0,13:27:30
18650.0,200,-1300.0,-0.1,SD,13560300.0,37972300.0,False,-50.0,13:27:30
18700.0,100,-1250.0,-0.1,BU,13560300.0,37972100.0,False,0.0,13:27:30
18700.0,100,-1250.0,-0.1,BU,13560200.0,37972100.0,False,0.0,13:27:30
18700.0,900,-1250.0,-0.1,BU,13560100.0,37972100.0,False,0.0,13:27:30
18700.0,100,-1250.0,-0.1,BU,13559200.0,37972100.0,False,50.0,13:27:30
18650.0,200,-1300.0,-0.1,SD,13559100.0,37972100.0,False,-50.0,13:27:30
18700.0,100,-1250.0,-0.1,BU,13559100.0,37971900.0,False,0.0,13:27:30
18700.0,900,-1250.0,-0.1,BU,13559000.0,37971900.0,False,0.0,13:27:30
18700.0,2000,-1250.0,-0.1,BU,13558100.0,37971900.0,False,0.0,13:27:30
18700.0,1000,-1250.0,-0.1,BU,13556100.0,37971900.0,False,0.0,13:27:30
18700.0,200,-1250.0,-0.1,BU,13555100.0,37971900.0,False,0.0,13:27:30
18700.0,1100,-1250.0,-0.1,BU,13554900.0,37971900.0,False,0.0,13:27:30
18700.0,200,-1250.0,-0.1,BU,13553800.0,37971900.0,False,0.0,13:27:30
18700.0,1900,-1250.0,-0.1,BU,13553600.0,37971900.0,False,0.0,13:27:30
18700.0,900,-1250.0,-0.1,BU,13551700.0,37971900.0,False,0.0,13:27:30
18700.0,2000,-1250.0,-0.1,BU,13550800.0,37971900.0,False,50.0,13:27:30
18650.0,1000,-1300.0,-0.1,SD,13548800.0,37971900.0,False,-50.0,13:27:30
18700.0,500,-1250.0,-0.1,BU,13548800.0,37970900.0,False,50.0,13:27:29
18650.0,5400,-1300.0,-0.1,SD,13548300.0,37970900.0,False,-50.0,13:27:29
18700.0,700,-1250.0,-0.1,BU,13548300.0,37965500.0,False,0.0,13:27:29
18700.0,300,-1250.0,-0.1,BU,13547600.0,37965500.0,False,0.0,13:27:29
18700.0,100,-1250.0,-0.1,BU,13547300.0,37965500.0,False,0.0,13:27:29
18700.0,100,-1250.0,-0.1,BU,13547200.0,37965500.0,False,0.0,13:27:29
18700.0,100,-1250.0,-0.1,BU,13547100.0,37965500.0,False,0.0,13:27:29
18700.0,1000,-1250.0,-0.1,BU,13547000.0,37965500.0,False,0.0,13:27:29
18700.0,3000,-1250.0,-0.1,BU,13546000.0,37965500.0,False,0.0,13:27:29
18700.0,2500,-1250.0,-0.1,BU,13543000.0,37965500.0,False,0.0,13:27:29
18700.0,2200,-1250.0,-0.1,BU,13540500.0,37965500.0,False,50.0,13:27:29
18650.0,4300,-1300.0,-0.1,SD,13538300.0,37965500.0,False,0.0,13:27:29
18650.0,15800,-1300.0,-0.1,SD,13538300.0,37961200.0,True,0.0,13:27:29
18650.0,2000,-1300.0,-0.1,SD,13538300.0,37945400.0,False,0.0,13:27:29
18650.0,700,-1300.0,-0.1,SD,13538300.0,37943400.0,False,0.0,13:27:29
18650.0,200,-1300.0,-0.1,SD,13538300.0,37942700.0,False,0.0,13:27:29
18650.0,300,-1300.0,-0.1,SD,13538300.0,37942500.0,False,0.0,13:27:29
18650.0,900,-1300.0,-0.1,SD,13538300.0,37942200.0,False,0.0,13:27:29
18650.0,50000,-1300.0,-0.1,SD,13538300.0,37941300.0,True,0.0,13:27:29
18650.0,200,-1300.0,-0.1,SD,13538300.0,37891300.0,False,0.0,13:27:29
18650.0,100,-1300.0,-0.1,SD,13538300.0,37891100.0,False,0.0,13:27:29
18650.0,5000,-1300.0,-0.1,SD,13538300.0,37891000.0,False,0.0,13:27:29
18650.0,100,-1300.0,-0.1,SD,13538300.0,37886000.0,False,0.0,13:27:29
18650.0,100,-1300.0,-0.1,SD,13538300.0,37885900.0,False,0.0,13:27:29
18650.0,100,-1300.0,-0.1,SD,13538300.0,37885800.0,False,0.0,13:27:29
18650.0,1500,-1300.0,-0.1,SD,13538300.0,37885700.0,False,0.0,13:27:29
18650.0,1700,-1300.0,-0.1,SD,13538300.0,37884200.0,False,0.0,13:27:29
18650.0,300,-1300.0,-0.1,SD,13538300.0,37882500.0,False,0.0,13:27:29
18650.0,2000,-1300.0,-0.1,SD,13538300.0,37882200.0,False,0.0,13:27:29
18650.0,500,-1300.0,-0.1,SD,13538300.0,37880200.0,False,0.0,13:27:29
18650.0,1000,-1300.0,-0.1,SD,13538300.0,37879700.0,False,0.0,13:27:29
18650.0,500,-1300.0,-0.1,SD,13538300.0,37878700.0,False,0.0,13:27:29
18650.0,100,-1300.0,-0.1,SD,13538300.0,37878200.0,False,0.0,13:27:29
18650.0,100,-1300.0,-0.1,SD,13538300.0,37878100.0,False,0.0,13:27:29
18650.0,300,-1300.0,-0.1,SD,13538300.0,37878000.0,False,0.0,13:27:29
18650.0,100,-1300.0,-0.1,SD,13538300.0,37877700.0,False,0.0,13:27:29
18650.0,500,-1300.0,-0.1,SD,13538300.0,37877600.0,False,0.0,13:27:29
18650.0,300,-1300.0,-0.1,SD,13538300.0,37877100.0,False,0.0,13:27:29
18650.0,200,-1300.0,-0.1,SD,13538300.0,37876800.0,False,0.0,13:27:29
18650.0,500,-1300.0,-0.1,SD,13538300.0,37876600.0,False,0.0,13:27:29
18650.0,400,-1300.0,-0.1,SD,13538300.0,37876100.0,False,0.0,13:27:29
18650.0,5000,-1300.0,-0.1,SD,13538300.0,37875700.0,False,0.0,13:27:29
18650.0,5200,-1300.0,-0.1,SD,13538300.0,37870700.0,False,-50.0,13:27:29
18700.0,1700,-1250.0,-0.1,BU,13538300.0,37865500.0,False,0.0,13:27:29
18700.0,300,-1250.0,-0.1,BU,13536600.0,37865500.0,False,0.0,13:27:28
18700.0,400,-1250.0,-0.1,BU,13536300.0,37865500.0,False,50.0,13:27:28
18650.0,500,-1300.0,-0.1,SD,13535900.0,37865500.0,False,-50.0,13:27:28
18700.0,7000,-1250.0,-0.1,BU,13535900.0,37865000.0,False,0.0,13:27:28
18700.0,1000,-1250.0,-0.1,BU,13528900.0,37865000.0,False,50.0,13:27:28
18650.0,300,-1300.0,-0.1,SD,13527900.0,37865000.0,False,-50.0,13:27:28
18700.0,200,-1250.0,-0.1,BU,13527900.0,37864700.0,False,0.0,13:27:28
18700.0,1100,-1250.0,-0.1,BU,13527700.0,37864700.0,False,0.0,13:27:28
18700.0,3000,-1250.0,-0.1,BU,13526600.0,37864700.0,False,0.0,13:27:28
18700.0,3900,-1250.0,-0.1,BU,13523600.0,37864700.0,False,0.0,13:27:28
18700.0,200,-1250.0,-0.1,BU,13519700.0,37864700.0,False,0.0,13:27:28
18700.0,200,-1250.0,-0.1,BU,13519500.0,37864700.0,False,0.0,13:27:28
18700.0,800,-1250.0,-0.1,BU,13519300.0,37864700.0,False,0.0,13:27:28
18700.0,100,-1250.0,-0.1,BU,13518500.0,37864700.0,False,0.0,13:27:28
18700.0,700,-1250.0,-0.1,BU,13518400.0,37864700.0,False,0.0,13:27:28
18700.0,300,-1250.0,-0.1,BU,13517700.0,37864700.0,False,0.0,13:27:27
18700.0,1000,-1250.0,-0.1,BU,13517400.0,37864700.0,False,0.0,13:27:27
18700.0,300,-1250.0,-0.1,BU,13516400.0,37864700.0,False,0.0,13:27:27
18700.0,600,-1250.0,-0.1,BU,13516100.0,37864700.0,False,0.0,13:27:27
18700.0,500,-1250.0,-0.1,BU,13515500.0,37864700.0,False,50.0,13:27:27
18650.0,200,-1300.0,-0.1,SD,13515000.0,37864700.0,False,-50.0,13:27:27
18700.0,2300,-1250.0,-0.1,BU,13515000.0,37864500.0,False,0.0,13:27:27
18700.0,1700,-1250.0,-0.1,BU,13512700.0,37864500.0,False,0.0,13:27:27
18700.0,300,-1250.0,-0.1,BU,13511000.0,37864500.0,False,0.0,13:27:27
18700.0,200,-1250.0,-0.1,BU,13510700.0,37864500.0,False,0.0,13:27:27
18700.0,3800,-1250.0,-0.1,BU,13510500.0,37864500.0,False,0.0,13:27:27
18700.0,1000,-1250.0,-0.1,BU,13506700.0,37864500.0,False,0.0,13:27:27
18700.0,100,-1250.0,-0.1,BU,13505700.0,37864500.0,False,0.0,13:27:27
18700.0,100,-1250.0,-0.1,BU,13505600.0,37864500.0,False,0.0,13:27:27
18700.0,2000,-1250.0,-0.1,BU,13505500.0,37864500.0,False,50.0,13:27:27
18650.0,13000,-1300.0,-0.1,SD,13503500.0,37864500.0,True,-50.0,13:27:27
18700.0,500,-1250.0,-0.1,BU,13503500.0,37851500.0,False,50.0,13:27:27
18650.0,8000,-1300.0,-0.1,SD,13503000.0,37851500.0,False,-50.0,13:27:25
18700.0,7000,-1250.0,-0.1,BU,13503000.0,37843500.0,False,0.0,13:27:25
18700.0,200,-1250.0,-0.1,BU,13496000.0,37843500.0,False,50.0,13:27:25
18650.0,4000,-1300.0,-0.1,SD,13495800.0,37843500.0,False,0.0,13:27:25
18650.0,118800,-1300.0,-0.1,SD,13495800.0,37839500.0,True,0.0,13:27:25
18650.0,100,-1300.0,-0.1,SD,13495800.0,37720700.0,False,0.0,13:27:25
18650.0,400,-1300.0,-0.1,SD,13495800.0,37720600.0,False,0.0,13:27:25
18650.0,1000,-1300.0,-0.1,SD,13495800.0,37720200.0,False,0.0,13:27:25
18650.0,1400,-1300.0,-0.1,SD,13495800.0,37719200.0,False,0.0,13:27:25
18650.0,100,-1300.0,-0.1,SD,13495800.0,37717800.0,False,0.0,13:27:25
18650.0,1000,-1300.0,-0.1,SD,13495800.0,37717700.0,False,0.0,13:27:25
18650.0,100,-1300.0,-0.1,SD,13495800.0,37716700.0,False,0.0,13:27:25
18650.0,1000,-1300.0,-0.1,SD,13495800.0,37716600.0,False,0.0,13:27:25
18650.0,50000,-1300.0,-0.1,SD,13495800.0,37715600.0,True,0.0,13:27:25
18650.0,500,-1300.0,-0.1,SD,13495800.0,37665600.0,False,0.0,13:27:25
18650.0,900,-1300.0,-0.1,SD,13495800.0,37665100.0,False,0.0,13:27:25
18650.0,100,-1300.0,-0.1,SD,13495800.0,37664200.0,False,0.0,13:27:25
18650.0,200,-1300.0,-0.1,SD,13495800.0,37664100.0,False,0.0,13:27:25
18650.0,9000,-1300.0,-0.1,SD,13495800.0,37663900.0,False,0.0,13:27:25
18650.0,600,-1300.0,-0.1,SD,13495800.0,37654900.0,False,0.0,13:27:25
18650.0,5000,-1300.0,-0.1,SD,13495800.0,37654300.0,False,0.0,13:27:25
18650.0,1000,-1300.0,-0.1,SD,13495800.0,37649300.0,False,0.0,13:27:25
18650.0,1300,-1300.0,-0.1,SD,13495800.0,37648300.0,False,0.0,13:27:25
18650.0,1400,-1300.0,-0.1,SD,13495800.0,37647000.0,False,0.0,13:27:25
18650.0,500,-1300.0,-0.1,SD,13495800.0,37645600.0,False,0.0,13:27:25
18650.0,200,-1300.0,-0.1,SD,13495800.0,37645100.0,False,0.0,13:27:25
18650.0,500,-1300.0,-0.1,SD,13495800.0,37644900.0,False,0.0,13:27:25
18650.0,2000,-1300.0,-0.1,SD,13495800.0,37644400.0,False,0.0,13:27:25
18650.0,700,-1300.0,-0.1,SD,13495800.0,37642400.0,False,0.0,13:27:25
18650.0,200,-1300.0,-0.1,SD,13495800.0,37641700.0,False,0.0,13:27:25
18650.0,2000,-1300.0,-0.1,SD,13495800.0,37641500.0,False,0.0,13:27:25
18650.0,5200,-1300.0,-0.1,SD,13495800.0,37639500.0,False,0.0,13:27:25
18650.0,300,-1300.0,-0.1,SD,13495800.0,37634300.0,False,0.0,13:27:25
18650.0,3000,-1300.0,-0.1,SD,13495800.0,37634000.0,False,0.0,13:27:25
18650.0,20000,-1300.0,-0.1,SD,13495800.0,37631000.0,True,0.0,13:27:25
18650.0,500,-1300.0,-0.1,SD,13495800.0,37611000.0,False,0.0,13:27:25
18650.0,10000,-1300.0,-0.1,SD,13495800.0,37610500.0,False,0.0,13:27:25
18650.0,100,-1300.0,-0.1,SD,13495800.0,37600500.0,False,0.0,13:27:25
18650.0,15000,-1300.0,-0.1,SD,13495800.0,37600400.0,True,0.0,13:27:25
18650.0,500,-1300.0,-0.1,SD,13495800.0,37585400.0,False,0.0,13:27:25
18650.0,3000,-1300.0,-0.1,SD,13495800.0,37584900.0,False,0.0,13:27:25
18650.0,1000,-1300.0,-0.1,SD,13495800.0,37581900.0,False,0.0,13:27:25
18650.0,400,-1300.0,-0.1,SD,13495800.0,37580900.0,False,0.0,13:27:25
18650.0,200,-1300.0,-0.1,SD,13495800.0,37580500.0,False,0.0,13:27:25
18650.0,1000,-1300.0,-0.1,SD,13495800.0,37580300.0,False,0.0,13:27:25
18650.0,1100,-1300.0,-0.1,SD,13495800.0,37579300.0,False,0.0,13:27:25
18650.0,300,-1300.0,-0.1,SD,13495800.0,37578200.0,False,0.0,13:27:25
18650.0,10000,-1300.0,-0.1,SD,13495800.0,37577900.0,False,0.0,13:27:25
18650.0,100,-1300.0,-0.1,SD,13495800.0,37567900.0,False,0.0,13:27:25
18650.0,100,-1300.0,-0.1,SD,13495800.0,37567800.0,False,0.0,13:27:25
18650.0,1000,-1300.0,-0.1,SD,13495800.0,37567700.0,False,0.0,13:27:25
18650.0,1000,-1300.0,-0.1,SD,13495800.0,37566700.0,False,0.0,13:27:25
18650.0,100,-1300.0,-0.1,SD,13495800.0,37565700.0,False,0.0,13:27:25
18650.0,5600,-1300.0,-0.1,SD,13495800.0,37565600.0,False,0.0,13:27:25
18650.0,1600,-1300.0,-0.1,SD,13495800.0,37560000.0,False,0.0,13:27:25
18650.0,200,-1300.0,-0.1,SD,13495800.0,37558400.0,False,0.0,13:27:25
18650.0,500,-1300.0,-0.1,SD,13495800.0,37558200.0,False,0.0,13:27:25
18650.0,1000,-1300.0,-0.1,SD,13495800.0,37557700.0,False,0.0,13:27:25
18650.0,1000,-1300.0,-0.1,SD,13495800.0,37556700.0,False,0.0,13:27:25
18650.0,2000,-1300.0,-0.1,SD,13495800.0,37555700.0,False,0.0,13:27:25
18650.0,1000,-1300.0,-0.1,SD,13495800.0,37553700.0,False,0.0,13:27:25
18650.0,1000,-1300.0,-0.1,SD,13495800.0,37552700.0,False,0.0,13:27:25
18650.0,5000,-1300.0,-0.1,SD,13495800.0,37551700.0,False,0.0,13:27:25
18650.0,300,-1300.0,-0.1,SD,13495800.0,37546700.0,False,0.0,13:27:25
18650.0,500,-1300.0,-0.1,SD,13495800.0,37546400.0,False,0.0,13:27:25
18650.0,2000,-1300.0,-0.1,SD,13495800.0,37545900.0,False,0.0,13:27:25
18650.0,200,-1300.0,-0.1,SD,13495800.0,37543900.0,False,0.0,13:27:25
18650.0,50000,-1300.0,-0.1,SD,13495800.0,37543700.0,True,0.0,13:27:25
18650.0,300,-1300.0,-0.1,SD,13495800.0,37493700.0,False,0.0,13:27:25
18650.0,500,-1300.0,-0.1,SD,13495800.0,37493400.0,False,0.0,13:27:25
18650.0,200,-1300.0,-0.1,SD,13495800.0,37492900.0,False,0.0,13:27:25
18650.0,2000,-1300.0,-0.1,SD,13495800.0,37492700.0,False,0.0,13:27:25
18650.0,100,-1300.0,-0.1,SD,13495800.0,37490700.0,False,0.0,13:27:25
18650.0,2000,-1300.0,-0.1,SD,13495800.0,37490600.0,False,0.0,13:27:25
18650.0,1700,-1300.0,-0.1,SD,13495800.0,37488600.0,False,0.0,13:27:25
18650.0,1000,-1300.0,-0.1,SD,13495800.0,37486900.0,False,0.0,13:27:25
18650.0,1900,-1300.0,-0.1,SD,13495800.0,37485900.0,False,0.0,13:27:25
18650.0,100,-1300.0,-0.1,SD,13495800.0,37484000.0,False,0.0,13:27:25
18650.0,300,-1300.0,-0.1,SD,13495800.0,37483900.0,False,0.0,13:27:25
18650.0,5000,-1300.0,-0.1,SD,13495800.0,37483600.0,False,0.0,13:27:25
18650.0,100,-1300.0,-0.1,SD,13495800.0,37478600.0,False,0.0,13:27:25
18650.0,10000,-1300.0,-0.1,SD,13495800.0,37478500.0,False,0.0,13:27:25
18650.0,3000,-1300.0,-0.1,SD,13495800.0,37468500.0,False,0.0,13:27:25
18650.0,100,-1300.0,-0.1,SD,13495800.0,37465500.0,False,0.0,13:27:25
18650.0,100,-1300.0,-0.1,SD,13495800.0,37465400.0,False,0.0,13:27:25
18650.0,100,-1300.0,-0.1,SD,13495800.0,37465300.0,False,0.0,13:27:25
18650.0,700,-1300.0,-0.1,SD,13495800.0,37465200.0,False,0.0,13:27:25
18650.0,300,-1300.0,-0.1,SD,13495800.0,37464500.0,False,0.0,13:27:25
18650.0,9000,-1300.0,-0.1,SD,13495800.0,37464200.0,False,0.0,13:27:25
18650.0,300,-1300.0,-0.1,SD,13495800.0,37455200.0,False,0.0,13:27:25
18650.0,100,-1300.0,-0.1,SD,13495800.0,37454900.0,False,0.0,13:27:25
18650.0,100,-1300.0,-0.1,SD,13495800.0,37454800.0,False,0.0,13:27:25
18650.0,1000,-1300.0,-0.1,SD,13495800.0,37454700.0,False,0.0,13:27:25
18650.0,200,-1300.0,-0.1,SD,13495800.0,37453700.0,False,0.0,13:27:25
18650.0,2000,-1300.0,-0.1,SD,13495800.0,37453500.0,False,0.0,13:27:25
18650.0,100,-1300.0,-0.1,SD,13495800.0,37451500.0,False,0.0,13:27:25
18650.0,1000,-1300.0,-0.1,SD,13495800.0,37451400.0,False,0.0,13:27:25
18650.0,500,-1300.0,-0.1,SD,13495800.0,37450400.0,False,0.0,13:27:25
18650.0,1000,-1300.0,-0.1,SD,13495800.0,37449900.0,False,0.0,13:27:25
18650.0,200,-1300.0,-0.1,SD,13495800.0,37448900.0,False,0.0,13:27:25
18650.0,100,-1300.0,-0.1,SD,13495800.0,37448700.0,False,0.0,13:27:25
18650.0,300,-1300.0,-0.1,SD,13495800.0,37448600.0,False,0.0,13:27:25
18650.0,2000,-1300.0,-0.1,SD,13495800.0,37448300.0,False,0.0,13:27:25
18650.0,300,-1300.0,-0.1,SD,13495800.0,37446300.0,False,0.0,13:27:25
18650.0,500,-1300.0,-0.1,SD,13495800.0,37446000.0,False,0.0,13:27:25
18650.0,300,-1300.0,-0.1,SD,13495800.0,37445500.0,False,0.0,13:27:25
18650.0,200,-1300.0,-0.1,SD,13495800.0,37445200.0,False,0.0,13:27:25
18650.0,1000,-1300.0,-0.1,SD,13495800.0,37445000.0,False,0.0,13:27:25
18650.0,200,-1300.0,-0.1,SD,13495800.0,37444000.0,False,0.0,13:27:25
18650.0,100,-1300.0,-0.1,SD,13495800.0,37443800.0,False,0.0,13:27:25
18650.0,10000,-1300.0,-0.1,SD,13495800.0,37443700.0,False,0.0,13:27:25
18650.0,100,-1300.0,-0.1,SD,13495800.0,37433700.0,False,0.0,13:27:25
18650.0,300,-1300.0,-0.1,SD,13495800.0,37433600.0,False,0.0,13:27:25
18650.0,100,-1300.0,-0.1,SD,13495800.0,37433300.0,False,0.0,13:27:25
18650.0,1000,-1300.0,-0.1,SD,13495800.0,37433200.0,False,0.0,13:27:25
18650.0,200,-1300.0,-0.1,SD,13495800.0,37432200.0,False,0.0,13:27:25
18650.0,900,-1300.0,-0.1,SD,13495800.0,37432000.0,False,0.0,13:27:25
18650.0,100,-1300.0,-0.1,SD,13495800.0,37431100.0,False,0.0,13:27:25
18650.0,5600,-1300.0,-0.1,SD,13495800.0,37431000.0,False,0.0,13:27:25
18650.0,200,-1300.0,-0.1,SD,13495800.0,37425400.0,False,0.0,13:27:25
18650.0,100,-1300.0,-0.1,SD,13495800.0,37425200.0,False,0.0,13:27:25
18650.0,100,-1300.0,-0.1,SD,13495800.0,37425100.0,False,0.0,13:27:25
18650.0,10000,-1300.0,-0.1,SD,13495800.0,37425000.0,False,0.0,13:27:25
18650.0,3500,-1300.0,-0.1,SD,13495800.0,37415000.0,False,0.0,13:27:25
18650.0,300,-1300.0,-0.1,SD,13495800.0,37411500.0,False,0.0,13:27:25
18650.0,500,-1300.0,-0.1,SD,13495800.0,37411200.0,False,0.0,13:27:25
18650.0,100,-1300.0,-0.1,SD,13495800.0,37410700.0,False,0.0,13:27:25
18650.0,2500,-1300.0,-0.1,SD,13495800.0,37410600.0,False,0.0,13:27:25
18650.0,200,-1300.0,-0.1,SD,13495800.0,37408100.0,False,0.0,13:27:25
18650.0,1000,-1300.0,-0.1,SD,13495800.0,37407900.0,False,0.0,13:27:25
18650.0,3000,-1300.0,-0.1,SD,13495800.0,37406900.0,False,0.0,13:27:25
18650.0,100,-1300.0,-0.1,SD,13495800.0,37403900.0,False,0.0,13:27:25
18650.0,500,-1300.0,-0.1,SD,13495800.0,37403800.0,False,0.0,13:27:25
18650.0,100,-1300.0,-0.1,SD,13495800.0,37403300.0,False,0.0,13:27:25
18650.0,100,-1300.0,-0.1,SD,13495800.0,37403200.0,False,0.0,13:27:25
18650.0,400,-1300.0,-0.1,SD,13495800.0,37403100.0,False,0.0,13:27:25
18650.0,1000,-1300.0,-0.1,SD,13495800.0,37402700.0,False,0.0,13:27:25
18650.0,100,-1300.0,-0.1,SD,13495800.0,37401700.0,False,0.0,13:27:25
18650.0,100,-1300.0,-0.1,SD,13495800.0,37401600.0,False,0.0,13:27:25
18650.0,100,-1300.0,-0.1,SD,13495800.0,37401500.0,False,0.0,13:27:25
18650.0,500,-1300.0,-0.1,SD,13495800.0,37401400.0,False,0.0,13:27:25
18650.0,3000,-1300.0,-0.1,SD,13495800.0,37400900.0,False,0.0,13:27:25
18650.0,1000,-1300.0,-0.1,SD,13495800.0,37397900.0,False,0.0,13:27:25
18650.0,9000,-1300.0,-0.1,SD,13495800.0,37396900.0,False,0.0,13:27:25
18650.0,1000,-1300.0,-0.1,SD,13495800.0,37387900.0,False,0.0,13:27:25
18650.0,2000,-1300.0,-0.1,SD,13495800.0,37386900.0,False,0.0,13:27:25
18650.0,5000,-1300.0,-0.1,SD,13495800.0,37384900.0,False,0.0,13:27:25
18650.0,1000,-1300.0,-0.1,SD,13495800.0,37379900.0,False,0.0,13:27:25
18650.0,10000,-1300.0,-0.1,SD,13495800.0,37378900.0,False,0.0,13:27:25
18650.0,100,-1300.0,-0.1,SD,13495800.0,37368900.0,False,0.0,13:27:25
18650.0,300,-1300.0,-0.1,SD,13495800.0,37368800.0,False,0.0,13:27:25
18650.0,500,-1300.0,-0.1,SD,13495800.0,37368500.0,False,0.0,13:27:25
18650.0,1000,-1300.0,-0.1,SD,13495800.0,37368000.0,False,0.0,13:27:25
18650.0,500,-1300.0,-0.1,SD,13495800.0,37367000.0,False,0.0,13:27:25
18650.0,1000,-1300.0,-0.1,SD,13495800.0,37366500.0,False,0.0,13:27:25
18650.0,1800,-1300.0,-0.1,SD,13495800.0,37365500.0,False,0.0,13:27:25
18650.0,1000,-1300.0,-0.1,SD,13495800.0,37363700.0,False,0.0,13:27:25
18650.0,500,-1300.0,-0.1,SD,13495800.0,37362700.0,False,0.0,13:27:25
18650.0,500,-1300.0,-0.1,SD,13495800.0,37362200.0,False,0.0,13:27:25
18650.0,1000,-1300.0,-0.1,SD,13495800.0,37361700.0,False,0.0,13:27:25
18650.0,1000,-1300.0,-0.1,SD,13495800.0,37360700.0,False,0.0,13:27:25
18650.0,2000,-1300.0,-0.1,SD,13495800.0,37359700.0,False,0.0,13:27:25
18650.0,2000,-1300.0,-0.1,SD,13495800.0,37357700.0,False,0.0,13:27:25
18650.0,100,-1300.0,-0.1,SD,13495800.0,37355700.0,False,0.0,13:27:25
18650.0,500,-1300.0,-0.1,SD,13495800.0,37355600.0,False,0.0,13:27:25
18650.0,1800,-1300.0,-0.1,SD,13495800.0,37355100.0,False,0.0,13:27:25
18650.0,1000,-1300.0,-0.1,SD,13495800.0,37353300.0,False,0.0,13:27:25
18650.0,500,-1300.0,-0.1,SD,13495800.0,37352300.0,False,0.0,13:27:25
18650.0,200,-1300.0,-0.1,SD,13495800.0,37351800.0,False,0.0,13:27:25
18650.0,100,-1300.0,-0.1,SD,13495800.0,37351600.0,False,0.0,13:27:25
18650.0,500,-1300.0,-0.1,SD,13495800.0,37351500.0,False,0.0,13:27:25
18650.0,3000,-1300.0,-0.1,SD,13495800.0,37351000.0,False,0.0,13:27:25
18650.0,2000,-1300.0,-0.1,SD,13495800.0,37348000.0,False,0.0,13:27:25
18650.0,500,-1300.0,-0.1,SD,13495800.0,37346000.0,False,0.0,13:27:25
18650.0,200,-1300.0,-0.1,SD,13495800.0,37345500.0,False,0.0,13:27:25
18650.0,500,-1300.0,-0.1,SD,13495800.0,37345300.0,False,0.0,13:27:25
18650.0,100,-1300.0,-0.1,SD,13495800.0,37344800.0,False,0.0,13:27:25
18650.0,2000,-1300.0,-0.1,SD,13495800.0,37344700.0,False,0.0,13:27:25
18650.0,200,-1300.0,-0.1,SD,13495800.0,37342700.0,False,0.0,13:27:25
18650.0,500,-1300.0,-0.1,SD,13495800.0,37342500.0,False,0.0,13:27:25
18650.0,500,-1300.0,-0.1,SD,13495800.0,37342000.0,False,0.0,13:27:25
18650.0,1000,-1300.0,-0.1,SD,13495800.0,37341500.0,False,0.0,13:27:25
18650.0,1000,-1300.0,-0.1,SD,13495800.0,37340500.0,False,-50.0,13:27:25
18700.0,1300,-1250.0,-0.1,BU,13495800.0,37339500.0,False,0.0,13:27:25
18700.0,3000,-1250.0,-0.1,BU,13494500.0,37339500.0,False,0.0,13:27:25
18700.0,1000,-1250.0,-0.1,BU,13491500.0,37339500.0,False,0.0,13:27:25
18700.0,300,-1250.0,-0.1,BU,13490500.0,37339500.0,False,0.0,13:27:25
18700.0,4400,-1250.0,-0.1,BU,13490200.0,37339500.0,False,0.0,13:27:25
18700.0,100,-1250.0,-0.1,BU,13485800.0,37339500.0,False,0.0,13:27:25
18700.0,5000,-1250.0,-0.1,BU,13485700.0,37339500.0,False,0.0,13:27:25
18700.0,1200,-1250.0,-0.1,BU,13480700.0,37339500.0,False,0.0,13:27:24
18700.0,5000,-1250.0,-0.1,BU,13479500.0,37339500.0,False,0.0,13:27:24
18700.0,6100,-1250.0,-0.1,BU,13474500.0,37339500.0,False,50.0,13:27:24
18650.0,200,-1300.0,-0.1,SD,13468400.0,37339500.0,False,0.0,13:27:24
18650.0,200,-1300.0,-0.1,SD,13468400.0,37339300.0,False,0.0,13:27:24
18650.0,1000,-1300.0,-0.1,SD,13468400.0,37339100.0,False,0.0,13:27:24
18650.0,700,-1300.0,-0.1,SD,13468400.0,37338100.0,False,0.0,13:27:24
18650.0,500,-1300.0,-0.1,SD,13468400.0,37337400.0,False,0.0,13:27:24
18650.0,1000,-1300.0,-0.1,SD,13468400.0,37336900.0,False,0.0,13:27:24
18650.0,100,-1300.0,-0.1,SD,13468400.0,37335900.0,False,0.0,13:27:24
18650.0,300,-1300.0,-0.1,SD,13468400.0,37335800.0,False,0.0,13:27:24
18650.0,300,-1300.0,-0.1,SD,13468400.0,37335500.0,False,0.0,13:27:24
18650.0,100,-1300.0,-0.1,SD,13468400.0,37335200.0,False,0.0,13:27:24
18650.0,3600,-1300.0,-0.1,SD,13468400.0,37335100.0,False,-50.0,13:27:24
18700.0,100,-1250.0,-0.1,BU,13468400.0,37331500.0,False,0.0,13:27:24
18700.0,2200,-1250.0,-0.1,BU,13468300.0,37331500.0,False,0.0,13:27:23
18700.0,300,-1250.0,-0.1,BU,13466100.0,37331500.0,False,0.0,13:27:23
18700.0,300,-1250.0,-0.1,BU,13465800.0,37331500.0,False,50.0,13:27:23
18650.0,100,-1300.0,-0.1,SD,13465500.0,37331500.0,False,-50.0,13:27:23
18700.0,900,-1250.0,-0.1,BU,13465500.0,37331400.0,False,0.0,13:27:23
18700.0,1600,-1250.0,-0.1,BU,13464600.0,37331400.0,False,0.0,13:27:23
18700.0,400,-1250.0,-0.1,BU,13463000.0,37331400.0,False,0.0,13:27:23
18700.0,2000,-1250.0,-0.1,BU,13462600.0,37331400.0,False,0.0,13:27:23
18700.0,200,-1250.0,-0.1,BU,13460600.0,37331400.0,False,0.0,13:27:22
18700.0,100,-1250.0,-0.1,BU,13460400.0,37331400.0,False,0.0,13:27:21
18700.0,2400,-1250.0,-0.1,BU,13460300.0,37331400.0,False,0.0,13:27:20
18700.0,1500,-1250.0,-0.1,BU,13457900.0,37331400.0,False,0.0,13:27:20
18700.0,600,-1250.0,-0.1,BU,13456400.0,37331400.0,False,50.0,13:27:20
18650.0,800,-1300.0,-0.1,SD,13455800.0,37331400.0,False,-50.0,13:27:20
18700.0,100,-1250.0,-0.1,BU,13455800.0,37330600.0,False,0.0,13:27:20
18700.0,500,-1250.0,-0.1,BU,13455700.0,37330600.0,False,0.0,13:27:20
18700.0,5000,-1250.0,-0.1,BU,13455200.0,37330600.0,False,0.0,13:27:20
18700.0,500,-1250.0,-0.1,BU,13450200.0,37330600.0,False,0.0,13:27:20
18700.0,1000,-1250.0,-0.1,BU,13449700.0,37330600.0,False,0.0,13:27:19
18700.0,600,-1250.0,-0.1,BU,13448700.0,37330600.0,False,0.0,13:27:19
18700.0,6400,-1250.0,-0.1,BU,13448100.0,37330600.0,False,0.0,13:27:19
18700.0,200,-1250.0,-0.1,BU,13441700.0,37330600.0,False,0.0,13:27:19
18700.0,1000,-1250.0,-0.1,BU,13441500.0,37330600.0,False,0.0,13:27:19
18700.0,1000,-1250.0,-0.1,BU,13440500.0,37330600.0,False,0.0,13:27:19
18700.0,200,-1250.0,-0.1,BU,13439500.0,37330600.0,False,0.0,13:27:19
18700.0,200,-1250.0,-0.1,BU,13439300.0,37330600.0,False,0.0,13:27:18
18700.0,500,-1250.0,-0.1,BU,13439100.0,37330600.0,False,0.0,13:27:18
18700.0,200,-1250.0,-0.1,BU,13438600.0,37330600.0,False,0.0,13:27:18
18700.0,100,-1250.0,-0.1,BU,13438400.0,37330600.0,False,0.0,13:27:17
18700.0,600,-1250.0,-0.1,BU,13438300.0,37330600.0,False,0.0,13:27:17
18700.0,100,-1250.0,-0.1,BU,13437700.0,37330600.0,False,0.0,13:27:17
18700.0,100,-1250.0,-0.1,BU,13437600.0,37330600.0,False,50.0,13:27:17
18650.0,200,-1300.0,-0.1,SD,13437500.0,37330600.0,False,-50.0,13:27:17
18700.0,5000,-1250.0,-0.1,BU,13437500.0,37330400.0,False,50.0,13:27:17
18650.0,200,-1300.0,-0.1,SD,13432500.0,37330400.0,False,-50.0,13:27:17
18700.0,1000,-1250.0,-0.1,BU,13432500.0,37330200.0,False,0.0,13:27:16
18700.0,100,-1250.0,-0.1,BU,13431500.0,37330200.0,False,0.0,13:27:16
18700.0,100,-1250.0,-0.1,BU,13431400.0,37330200.0,False,0.0,13:27:16
18700.0,1000,-1250.0,-0.1,BU,13431300.0,37330200.0,False,0.0,13:27:15
18700.0,5000,-1250.0,-0.1,BU,13430300.0,37330200.0,False,50.0,13:27:15
18650.0,300,-1300.0,-0.1,SD,13425300.0,37330200.0,False,-50.0,13:27:15
18700.0,500,-1250.0,-0.1,BU,13425300.0,37329900.0,False,0.0,13:27:13
18700.0,2000,-1250.0,-0.1,BU,13424800.0,37329900.0,False,0.0,13:27:13
18700.0,500,-1250.0,-0.1,BU,13422800.0,37329900.0,False,50.0,13:27:13
18650.0,700,-1300.0,-0.1,SD,13422300.0,37329900.0,False,-50.0,13:27:13
18700.0,200,-1250.0,-0.1,BU,13422300.0,37329200.0,False,0.0,13:27:13
18700.0,100,-1250.0,-0.1,BU,13422100.0,37329200.0,False,0.0,13:27:12
18700.0,3900,-1250.0,-0.1,BU,13422000.0,37329200.0,False,0.0,13:27:11
18700.0,1100,-1250.0,-0.1,BU,13418100.0,37329200.0,False,0.0,13:27:11
18700.0,1000,-1250.0,-0.1,BU,13417000.0,37329200.0,False,0.0,13:27:11
18700.0,100,-1250.0,-0.1,BU,13416000.0,37329200.0,False,0.0,13:27:10
18700.0,100,-1250.0,-0.1,BU,13415900.0,37329200.0,False,0.0,13:27:10
18700.0,200,-1250.0,-0.1,BU,13415800.0,37329200.0,False,0.0,13:27:10
18700.0,2500,-1250.0,-0.1,BU,13410900.0,37329200.0,False,0.0,13:27:10
18700.0,1800,-1250.0,-0.1,BU,13415600.0,37329200.0,False,0.0,13:27:09
18700.0,2900,-1250.0,-0.1,BU,13413800.0,37329200.0,False,0.0,13:27:09
18700.0,200,-1250.0,-0.1,BU,13408400.0,37329200.0,False,0.0,13:27:09
18700.0,500,-1250.0,-0.1,BU,13408200.0,37329200.0,False,0.0,13:27:09
18700.0,1000,-1250.0,-0.1,BU,13407700.0,37329200.0,False,0.0,13:27:09
18700.0,200,-1250.0,-0.1,BU,13406700.0,37329200.0,False,0.0,13:27:09
18700.0,2500,-1250.0,-0.1,BU,13406500.0,37329200.0,False,0.0,13:27:09
18700.0,5000,-1250.0,-0.1,BU,13404000.0,37329200.0,False,0.0,13:27:09
18700.0,1200,-1250.0,-0.1,BU,13399000.0,37329200.0,False,0.0,13:27:09
18700.0,900,-1250.0,-0.1,BU,13397800.0,37329200.0,False,0.0,13:27:09
18700.0,1000,-1250.0,-0.1,BU,13396900.0,37329200.0,False,0.0,13:27:09
18700.0,400,-1250.0,-0.1,BU,13395900.0,37329200.0,False,0.0,13:27:09
18700.0,1000,-1250.0,-0.1,BU,13395500.0,37329200.0,False,0.0,13:27:09
18700.0,100,-1250.0,-0.1,BU,13394500.0,37329200.0,False,0.0,13:27:09
18700.0,100,-1250.0,-0.1,BU,13394400.0,37329200.0,False,0.0,13:27:09
18700.0,500,-1250.0,-0.1,BU,13394300.0,37329200.0,False,0.0,13:27:09
18700.0,400,-1250.0,-0.1,BU,13393800.0,37329200.0,False,0.0,13:27:09
18700.0,5000,-1250.0,-0.1,BU,13393400.0,37329200.0,False,0.0,13:27:09
18700.0,2000,-1250.0,-0.1,BU,13388400.0,37329200.0,False,0.0,13:27:09
18700.0,1000,-1250.0,-0.1,BU,13386400.0,37329200.0,False,0.0,13:27:09
18700.0,1000,-1250.0,-0.1,BU,13385400.0,37329200.0,False,0.0,13:27:09
18700.0,4000,-1250.0,-0.1,BU,13384400.0,37329200.0,False,0.0,13:27:09
18700.0,1000,-1250.0,-0.1,BU,13380400.0,37329200.0,False,0.0,13:27:09
18700.0,300,-1250.0,-0.1,BU,13379400.0,37329200.0,False,0.0,13:27:09
18700.0,5000,-1250.0,-0.1,BU,13379100.0,37329200.0,False,0.0,13:27:09
18700.0,100,-1250.0,-0.1,BU,13374100.0,37329200.0,False,0.0,13:27:09
18700.0,8400,-1250.0,-0.1,BU,13374000.0,37329200.0,False,50.0,13:27:09
18650.0,1000,-1300.0,-0.1,SD,13365600.0,37329200.0,False,-50.0,13:27:09
18700.0,100,-1250.0,-0.1,BU,13365600.0,37328200.0,False,0.0,13:27:09
18700.0,300,-1250.0,-0.1,BU,13365500.0,37328200.0,False,0.0,13:27:08
18700.0,1700,-1250.0,-0.1,BU,13365200.0,37328200.0,False,0.0,13:27:08
18700.0,100,-1250.0,-0.1,BU,13363500.0,37328200.0,False,0.0,13:27:07
18700.0,900,-1250.0,-0.1,BU,13363400.0,37328200.0,False,0.0,13:27:07
18700.0,100,-1250.0,-0.1,BU,13362500.0,37328200.0,False,0.0,13:27:07
18700.0,100,-1250.0,-0.1,BU,13362400.0,37328200.0,False,0.0,13:27:07
18700.0,300,-1250.0,-0.1,BU,13362300.0,37328200.0,False,0.0,13:27:07
18700.0,1900,-1250.0,-0.1,BU,13362000.0,37328200.0,False,50.0,13:27:07
18650.0,1000,-1300.0,-0.1,SD,13360100.0,37328200.0,False,-50.0,13:27:05
18700.0,1000,-1250.0,-0.1,BU,13360100.0,37327200.0,False,50.0,13:27:05
18650.0,1000,-1300.0,-0.1,SD,13359100.0,37327200.0,False,-50.0,13:27:05
18700.0,300,-1250.0,-0.1,BU,13359100.0,37326200.0,False,0.0,13:27:04
18700.0,200,-1250.0,-0.1,BU,13358800.0,37326200.0,False,0.0,13:27:03
18700.0,100,-1250.0,-0.1,BU,13358600.0,37326200.0,False,50.0,13:27:03
18650.0,4200,-1300.0,-0.1,SD,13358500.0,37326200.0,False,0.0,13:27:03
18650.0,700,-1300.0,-0.1,SD,13358500.0,37322000.0,False,0.0,13:27:03
18650.0,500,-1300.0,-0.1,SD,13358500.0,37321300.0,False,0.0,13:27:02
18650.0,1000,-1300.0,-0.1,SD,13358500.0,37320800.0,False,-50.0,13:27:02
18700.0,100,-1250.0,-0.1,BU,13358500.0,37319800.0,False,0.0,13:27:02
18700.0,300,-1250.0,-0.1,BU,13358400.0,37319800.0,False,50.0,13:27:02
18650.0,700,-1300.0,-0.1,SD,13358100.0,37319800.0,False,0.0,13:27:00
18650.0,200,-1300.0,-0.1,SD,13358100.0,37319100.0,False,0.0,13:27:00
18650.0,100,-1300.0,-0.1,SD,13358100.0,37318900.0,False,-50.0,13:27:00
18700.0,200,-1250.0,-0.1,BU,13358100.0,37318800.0,False,50.0,13:27:00
18650.0,400,-1300.0,-0.1,SD,13357900.0,37318800.0,False,0.0,13:27:00
18650.0,1000,-1300.0,-0.1,SD,13357900.0,37318400.0,False,0.0,13:27:00
18650.0,300,-1300.0,-0.1,SD,13357900.0,37317400.0,False,0.0,13:27:00
18650.0,500,-1300.0,-0.1,SD,13357900.0,37317100.0,False,0.0,13:27:00
18650.0,500,-1300.0,-0.1,SD,13357900.0,37316600.0,False,0.0,13:27:00
18650.0,400,-1300.0,-0.1,SD,13357900.0,37316100.0,False,0.0,13:27:00
18650.0,400,-1300.0,-0.1,SD,13357900.0,37315700.0,False,0.0,13:27:00
18650.0,100,-1300.0,-0.1,SD,13357900.0,37315300.0,False,0.0,13:27:00
18650.0,100,-1300.0,-0.1,SD,13357900.0,37315200.0,False,0.0,13:27:00
18650.0,100,-1300.0,-0.1,SD,13357900.0,37315100.0,False,0.0,13:27:00
18650.0,200,-1300.0,-0.1,SD,13357900.0,37315000.0,False,0.0,13:27:00
18650.0,100,-1300.0,-0.1,SD,13357900.0,37314800.0,False,0.0,13:27:00
18650.0,1000,-1300.0,-0.1,SD,13357900.0,37314700.0,False,0.0,13:27:00
18650.0,1000,-1300.0,-0.1,SD,13357900.0,37313700.0,False,0.0,13:27:00
18650.0,1000,-1300.0,-0.1,SD,13357900.0,37312700.0,False,0.0,13:27:00
18650.0,100,-1300.0,-0.1,SD,13357900.0,37311700.0,False,0.0,13:27:00
18650.0,400,-1300.0,-0.1,SD,13357900.0,37311600.0,False,0.0,13:27:00
18650.0,2000,-1300.0,-0.1,SD,13357900.0,37311200.0,False,0.0,13:27:00
18650.0,400,-1300.0,-0.1,SD,13357900.0,37309200.0,False,0.0,13:27:00
18650.0,400,-1300.0,-0.1,SD,13357900.0,37308800.0,False,0.0,13:27:00
18650.0,200,-1300.0,-0.1,SD,13357900.0,37308400.0,False,0.0,13:27:00
18650.0,1500,-1300.0,-0.1,SD,13357900.0,37308200.0,False,0.0,13:26:59
18650.0,2000,-1300.0,-0.1,SD,13357900.0,37306700.0,False,0.0,13:26:59
18650.0,300,-1300.0,-0.1,SD,13357900.0,37304700.0,False,0.0,13:26:59
18650.0,200,-1300.0,-0.1,SD,13357900.0,37304400.0,False,0.0,13:26:59
18650.0,100,-1300.0,-0.1,SD,13357900.0,37304200.0,False,0.0,13:26:59
18650.0,500,-1300.0,-0.1,SD,13357900.0,37304100.0,False,0.0,13:26:59
18650.0,500,-1300.0,-0.1,SD,13357900.0,37303600.0,False,0.0,13:26:59
18650.0,1300,-1300.0,-0.1,SD,13357900.0,37303100.0,False,0.0,13:26:59
18650.0,200,-1300.0,-0.1,SD,13357900.0,37301800.0,False,0.0,13:26:59
18650.0,600,-1300.0,-0.1,SD,13357900.0,37301600.0,False,-50.0,13:26:59
18700.0,1000,-1250.0,-0.1,BU,13357900.0,37301000.0,False,50.0,13:26:57
18650.0,1500,-1300.0,-0.1,SD,13356900.0,37301000.0,False,-50.0,13:26:57
18700.0,2000,-1250.0,-0.1,BU,13356900.0,37299500.0,False,50.0,13:26:57
18650.0,1400,-1300.0,-0.1,SD,13354900.0,37299500.0,False,0.0,13:26:55
18650.0,500,-1300.0,-0.1,SD,13354900.0,37298100.0,False,0.0,13:26:55
18650.0,2000,-1300.0,-0.1,SD,13354900.0,37297600.0,False,0.0,13:26:55
18650.0,1800,-1300.0,-0.1,SD,13354900.0,37295600.0,False,0.0,13:26:55
18650.0,1000,-1300.0,-0.1,SD,13354900.0,37293800.0,False,0.0,13:26:55
18650.0,200,-1300.0,-0.1,SD,13354900.0,37292800.0,False,0.0,13:26:55
18650.0,1000,-1300.0,-0.1,SD,13354900.0,37292600.0,False,0.0,13:26:55
18650.0,1000,-1300.0,-0.1,SD,13354900.0,37291600.0,False,0.0,13:26:55
18650.0,100,-1300.0,-0.1,SD,13354900.0,37290600.0,False,0.0,13:26:55
18650.0,2900,-1300.0,-0.1,SD,13354900.0,37290500.0,False,0.0,13:26:55
18650.0,500,-1300.0,-0.1,SD,13354900.0,37287600.0,False,0.0,13:26:55
18650.0,100,-1300.0,-0.1,SD,13354900.0,37287100.0,False,0.0,13:26:55
18650.0,1000,-1300.0,-0.1,SD,13354900.0,37287000.0,False,0.0,13:26:55
18650.0,2000,-1300.0,-0.1,SD,13354900.0,37286000.0,False,0.0,13:26:55
18650.0,1000,-1300.0,-0.1,SD,13354900.0,37284000.0,False,0.0,13:26:55
18650.0,100,-1300.0,-0.1,SD,13354900.0,37283000.0,False,0.0,13:26:55
18650.0,1000,-1300.0,-0.1,SD,13354900.0,37282900.0,False,0.0,13:26:55
18650.0,10000,-1300.0,-0.1,SD,13354900.0,37281900.0,False,0.0,13:26:55
18650.0,400,-1300.0,-0.1,SD,13354900.0,37271900.0,False,0.0,13:26:55
18650.0,1000,-1300.0,-0.1,SD,13354900.0,37271500.0,False,0.0,13:26:55
18650.0,700,-1300.0,-0.1,SD,13354900.0,37270500.0,False,0.0,13:26:54
18650.0,2800,-1300.0,-0.1,SD,13354900.0,37269800.0,False,0.0,13:26:54
18650.0,100,-1300.0,-0.1,SD,13354900.0,37267000.0,False,0.0,13:26:52
18650.0,100,-1300.0,-0.1,SD,13354900.0,37266900.0,False,0.0,13:26:52
18650.0,1000,-1300.0,-0.1,SD,13354900.0,37266800.0,False,0.0,13:26:52
18650.0,5000,-1300.0,-0.1,SD,13354900.0,37265800.0,False,0.0,13:26:52
18650.0,100,-1300.0,-0.1,SD,13354900.0,37260800.0,False,0.0,13:26:52
18650.0,500,-1300.0,-0.1,SD,13354900.0,37260700.0,False,0.0,13:26:52
18650.0,600,-1300.0,-0.1,SD,13354900.0,37260200.0,False,0.0,13:26:52
18650.0,200,-1300.0,-0.1,SD,13354900.0,37259600.0,False,0.0,13:26:52
18650.0,100,-1300.0,-0.1,SD,13354900.0,37259400.0,False,0.0,13:26:52
18650.0,500,-1300.0,-0.1,SD,13354900.0,37259300.0,False,0.0,13:26:52
18650.0,100,-1300.0,-0.1,SD,13354900.0,37258800.0,False,0.0,13:26:52
18650.0,1000,-1300.0,-0.1,SD,13354900.0,37258700.0,False,0.0,13:26:52
18650.0,700,-1300.0,-0.1,SD,13354900.0,37257700.0,False,0.0,13:26:52
18650.0,200,-1300.0,-0.1,SD,13354900.0,37257000.0,False,0.0,13:26:52
18650.0,100,-1300.0,-0.1,SD,13354900.0,37256800.0,False,0.0,13:26:51
18650.0,100,-1300.0,-0.1,SD,13354900.0,37256700.0,False,0.0,13:26:51
18650.0,200,-1300.0,-0.1,SD,13354900.0,37256600.0,False,0.0,13:26:51
18650.0,2000,-1300.0,-0.1,SD,13354900.0,37256400.0,False,0.0,13:26:51
18650.0,2000,-1300.0,-0.1,SD,13354900.0,37254400.0,False,0.0,13:26:51
18650.0,200,-1300.0,-0.1,SD,13354900.0,37252400.0,False,0.0,13:26:51
18650.0,1000,-1300.0,-0.1,SD,13354900.0,37252200.0,False,0.0,13:26:51
18650.0,1000,-1300.0,-0.1,SD,13354900.0,37251200.0,False,0.0,13:26:51
18650.0,100,-1300.0,-0.1,SD,13354900.0,37250200.0,False,0.0,13:26:51
18650.0,200,-1300.0,-0.1,SD,13354900.0,37250100.0,False,0.0,13:26:51
18650.0,300,-1300.0,-0.1,SD,13354900.0,37249900.0,False,0.0,13:26:51
18650.0,800,-1300.0,-0.1,SD,13354900.0,37249600.0,False,0.0,13:26:51
18650.0,100,-1300.0,-0.1,SD,13354900.0,37248800.0,False,0.0,13:26:51
18650.0,10900,-1300.0,-0.1,SD,13354900.0,37248700.0,True,0.0,13:26:51
18650.0,1000,-1300.0,-0.1,SD,13354900.0,37237800.0,False,-50.0,13:26:51
18700.0,200,-1250.0,-0.1,BU,13354900.0,37236800.0,False,50.0,13:26:51
18650.0,1000,-1300.0,-0.1,SD,13354700.0,37236800.0,False,0.0,13:26:51
18650.0,6000,-1300.0,-0.1,SD,13354700.0,37235800.0,False,0.0,13:26:51
18650.0,2100,-1300.0,-0.1,SD,13354700.0,37229800.0,False,0.0,13:26:51
18650.0,400,-1300.0,-0.1,SD,13354700.0,37227700.0,False,0.0,13:26:51
18650.0,200,-1300.0,-0.1,SD,13354700.0,37227300.0,False,0.0,13:26:50
18650.0,300,-1300.0,-0.1,SD,13354700.0,37227100.0,False,0.0,13:26:50
18650.0,1000,-1300.0,-0.1,SD,13354700.0,37226800.0,False,0.0,13:26:50
18650.0,1300,-1300.0,-0.1,SD,13354700.0,37225800.0,False,-50.0,13:26:50
18700.0,300,-1250.0,-0.1,BU,13354700.0,37224500.0,False,0.0,13:26:50
18700.0,500,-1250.0,-0.1,BU,13354400.0,37224500.0,False,50.0,13:26:50
18650.0,2500,-1300.0,-0.1,SD,13353900.0,37224500.0,False,-50.0,13:26:50
18700.0,500,-1250.0,-0.1,BU,13353900.0,37222000.0,False,0.0,13:26:49
18700.0,1000,-1250.0,-0.1,BU,13353400.0,37222000.0,False,50.0,13:26:49
18650.0,6200,-1300.0,-0.1,SD,13352400.0,37222000.0,False,0.0,13:26:48
18650.0,400,-1300.0,-0.1,SD,13352400.0,37215800.0,False,0.0,13:26:48
18650.0,400,-1300.0,-0.1,SD,13352400.0,37215400.0,False,0.0,13:26:48
18650.0,500,-1300.0,-0.1,SD,13352400.0,37215000.0,False,0.0,13:26:48
18650.0,100,-1300.0,-0.1,SD,13352400.0,37214500.0,False,0.0,13:26:48
18650.0,2000,-1300.0,-0.1,SD,13352400.0,37214400.0,False,0.0,13:26:48
18650.0,5000,-1300.0,-0.1,SD,13352400.0,37212400.0,False,0.0,13:26:48
18650.0,400,-1300.0,-0.1,SD,13352400.0,37207400.0,False,0.0,13:26:48
18650.0,100,-1300.0,-0.1,SD,13352400.0,37207000.0,False,0.0,13:26:48
18650.0,500,-1300.0,-0.1,SD,13352400.0,37206900.0,False,0.0,13:26:48
18650.0,200,-1300.0,-0.1,SD,13352400.0,37206400.0,False,0.0,13:26:48
18650.0,1000,-1300.0,-0.1,SD,13352400.0,37206200.0,False,0.0,13:26:48
18650.0,100,-1300.0,-0.1,SD,13352400.0,37205200.0,False,0.0,13:26:48
18650.0,200,-1300.0,-0.1,SD,13352400.0,37205100.0,False,0.0,13:26:48
18650.0,1900,-1300.0,-0.1,SD,13352400.0,37204900.0,False,0.0,13:26:48
18650.0,1000,-1300.0,-0.1,SD,13352400.0,37203000.0,False,0.0,13:26:48
18650.0,900,-1300.0,-0.1,SD,13352400.0,37202000.0,False,0.0,13:26:48
18650.0,500,-1300.0,-0.1,SD,13352400.0,37201100.0,False,-50.0,13:26:48
18700.0,100,-1250.0,-0.1,BU,13352400.0,37200600.0,False,0.0,13:26:48
18700.0,100,-1250.0,-0.1,BU,13352300.0,37200600.0,False,0.0,13:26:48
18700.0,1700,-1250.0,-0.1,BU,13352200.0,37200600.0,False,0.0,13:26:48
18700.0,100,-1250.0,-0.1,BU,13350500.0,37200600.0,False,0.0,13:26:48
18700.0,100,-1250.0,-0.1,BU,13350400.0,37200600.0,False,0.0,13:26:48
18700.0,100,-1250.0,-0.1,BU,13350300.0,37200600.0,False,0.0,13:26:48
18700.0,500,-1250.0,-0.1,BU,13350200.0,37200600.0,False,0.0,13:26:48
18700.0,100,-1250.0,-0.1,BU,13349700.0,37200600.0,False,0.0,13:26:48
18700.0,600,-1250.0,-0.1,BU,13349600.0,37200600.0,False,0.0,13:26:48
18700.0,1600,-1250.0,-0.1,BU,13349000.0,37200600.0,False,50.0,13:26:48
18650.0,100,-1300.0,-0.1,SD,13347400.0,37200600.0,False,0.0,13:26:48
18650.0,8000,-1300.0,-0.1,SD,13347400.0,37200500.0,False,0.0,13:26:48
18650.0,100,-1300.0,-0.1,SD,13347400.0,37192500.0,False,0.0,13:26:48
18650.0,700,-1300.0,-0.1,SD,13347400.0,37192400.0,False,0.0,13:26:48
18650.0,100,-1300.0,-0.1,SD,13347400.0,37191700.0,False,0.0,13:26:48
18650.0,300,-1300.0,-0.1,SD,13347400.0,37191600.0,False,0.0,13:26:48
18650.0,1000,-1300.0,-0.1,SD,13347400.0,37191300.0,False,0.0,13:26:48
18650.0,100,-1300.0,-0.1,SD,13347400.0,37190300.0,False,0.0,13:26:48
18650.0,500,-1300.0,-0.1,SD,13347400.0,37190200.0,False,0.0,13:26:48
18650.0,500,-1300.0,-0.1,SD,13347400.0,37189700.0,False,0.0,13:26:48
18650.0,500,-1300.0,-0.1,SD,13347400.0,37189200.0,False,0.0,13:26:48
18650.0,6700,-1300.0,-0.1,SD,13347400.0,37188700.0,False,-50.0,13:26:48
18700.0,1000,-1250.0,-0.1,BU,13347400.0,37182000.0,False,50.0,13:26:47
18650.0,2000,-1300.0,-0.1,SD,13346400.0,37182000.0,False,0.0,13:26:46
18650.0,1300,-1300.0,-0.1,SD,13346400.0,37180000.0,False,0.0,13:26:46
18650.0,1000,-1300.0,-0.1,SD,13346400.0,37178700.0,False,0.0,13:26:46
18650.0,500,-1300.0,-0.1,SD,13346400.0,37177700.0,False,0.0,13:26:46
18650.0,2000,-1300.0,-0.1,SD,13346400.0,37177200.0,False,0.0,13:26:46
18650.0,200,-1300.0,-0.1,SD,13346400.0,37175200.0,False,0.0,13:26:46
18650.0,800,-1300.0,-0.1,SD,13346400.0,37175000.0,False,0.0,13:26:46
18650.0,200,-1300.0,-0.1,SD,13346400.0,37174200.0,False,0.0,13:26:46
18650.0,1000,-1300.0,-0.1,SD,13346400.0,37174000.0,False,0.0,13:26:46
18650.0,100,-1300.0,-0.1,SD,13346400.0,37173000.0,False,0.0,13:26:46
18650.0,600,-1300.0,-0.1,SD,13346400.0,37172900.0,False,0.0,13:26:46
18650.0,200,-1300.0,-0.1,SD,13346400.0,37172300.0,False,0.0,13:26:45
18650.0,200,-1300.0,-0.1,SD,13346400.0,37172100.0,False,0.0,13:26:45
18650.0,2000,-1300.0,-0.1,SD,13346400.0,37171900.0,False,-50.0,13:26:45
18700.0,1400,-1250.0,-0.1,BU,13346400.0,37169900.0,False,0.0,13:26:45
18700.0,300,-1250.0,-0.1,BU,13345000.0,37169900.0,False,0.0,13:26:45
18700.0,500,-1250.0,-0.1,BU,13344700.0,37169900.0,False,0.0,13:26:45
18700.0,100,-1250.0,-0.1,BU,13344200.0,37169900.0,False,0.0,13:26:45
18700.0,1000,-1250.0,-0.1,BU,13344100.0,37169900.0,False,0.0,13:26:45
18700.0,1700,-1250.0,-0.1,BU,13343100.0,37169900.0,False,50.0,13:26:45
18650.0,100,-1300.0,-0.1,SD,13341400.0,37169900.0,False,0.0,13:26:44
18650.0,500,-1300.0,-0.1,SD,13341400.0,37169800.0,False,0.0,13:26:44
18650.0,400,-1300.0,-0.1,SD,13341400.0,37169300.0,False,0.0,13:26:44
18650.0,200,-1300.0,-0.1,SD,13341400.0,37168900.0,False,0.0,13:26:44
18650.0,100,-1300.0,-0.1,SD,13341400.0,37168700.0,False,0.0,13:26:44
18650.0,100,-1300.0,-0.1,SD,13341400.0,37168600.0,False,0.0,13:26:44
18650.0,100,-1300.0,-0.1,SD,13341400.0,37168500.0,False,0.0,13:26:44
18650.0,100,-1300.0,-0.1,SD,13341400.0,37168400.0,False,0.0,13:26:44
18650.0,500,-1300.0,-0.1,SD,13341400.0,37168300.0,False,0.0,13:26:44
18650.0,1300,-1300.0,-0.1,SD,13341400.0,37167800.0,False,0.0,13:26:44
18650.0,800,-1300.0,-0.1,SD,13341400.0,37166500.0,False,-50.0,13:26:43
18700.0,300,-1250.0,-0.1,BU,13341400.0,37165700.0,False,0.0,13:26:43
18700.0,300,-1250.0,-0.1,BU,13341100.0,37165700.0,False,50.0,13:26:43
18650.0,100,-1300.0,-0.1,SD,13340800.0,37165700.0,False,0.0,13:26:43
18650.0,300,-1300.0,-0.1,SD,13340800.0,37165600.0,False,0.0,13:26:43
18650.0,200,-1300.0,-0.1,SD,13340800.0,37165300.0,False,0.0,13:26:43
18650.0,100,-1300.0,-0.1,SD,13340800.0,37165100.0,False,0.0,13:26:43
18650.0,100,-1300.0,-0.1,SD,13340800.0,37165000.0,False,-50.0,13:26:43
18700.0,200,-1250.0,-0.1,BU,13340800.0,37164900.0,False,50.0,13:26:43
18650.0,300,-1300.0,-0.1,SD,13340600.0,37164900.0,False,0.0,13:26:42
18650.0,100,-1300.0,-0.1,SD,13340600.0,37164600.0,False,0.0,13:26:42
18650.0,2900,-1300.0,-0.1,SD,13340600.0,37164500.0,False,0.0,13:26:42
18650.0,200,-1300.0,-0.1,SD,13340600.0,37161600.0,False,0.0,13:26:42
18650.0,200,-1300.0,-0.1,SD,13340600.0,37161400.0,False,0.0,13:26:42
18650.0,200,-1300.0,-0.1,SD,13340600.0,37161200.0,False,0.0,13:26:42
18650.0,500,-1300.0,-0.1,SD,13340600.0,37161000.0,False,0.0,13:26:42
18650.0,1000,-1300.0,-0.1,SD,13340600.0,37160500.0,False,0.0,13:26:42
18650.0,1000,-1300.0,-0.1,SD,13340600.0,37159500.0,False,0.0,13:26:42
18650.0,1000,-1300.0,-0.1,SD,13340600.0,37158500.0,False,0.0,13:26:42
18650.0,100,-1300.0,-0.1,SD,13340600.0,37157500.0,False,0.0,13:26:42
18650.0,3500,-1300.0,-0.1,SD,13340600.0,37157400.0,False,0.0,13:26:42
18650.0,1500,-1300.0,-0.1,SD,13340600.0,37153900.0,False,0.0,13:26:42
18650.0,200,-1300.0,-0.1,SD,13340600.0,37152400.0,False,0.0,13:26:42
18650.0,200,-1300.0,-0.1,SD,13340600.0,37152200.0,False,0.0,13:26:42
18650.0,900,-1300.0,-0.1,SD,13340600.0,37152000.0,False,0.0,13:26:42
18650.0,100,-1300.0,-0.1,SD,13340600.0,37151100.0,False,0.0,13:26:42
18650.0,1000,-1300.0,-0.1,SD,13340600.0,37151000.0,False,0.0,13:26:42
18650.0,100,-1300.0,-0.1,SD,13340600.0,37150000.0,False,0.0,13:26:42
18650.0,100,-1300.0,-0.1,SD,13340600.0,37149900.0,False,0.0,13:26:42
18650.0,100,-1300.0,-0.1,SD,13340600.0,37149800.0,False,0.0,13:26:42
18650.0,800,-1300.0,-0.1,SD,13340600.0,37149700.0,False,-50.0,13:26:42
18700.0,100,-1250.0,-0.1,BU,13340600.0,37148900.0,False,50.0,13:26:42
18650.0,400,-1300.0,-0.1,SD,13340500.0,37148900.0,False,0.0,13:26:42
18650.0,2500,-1300.0,-0.1,SD,13340500.0,37148500.0,False,0.0,13:26:42
18650.0,1000,-1300.0,-0.1,SD,13340500.0,37146000.0,False,0.0,13:26:42
18650.0,100,-1300.0,-0.1,SD,13340500.0,37145000.0,False,0.0,13:26:42
18650.0,2000,-1300.0,-0.1,SD,13340500.0,37144900.0,False,0.0,13:26:42
18650.0,100,-1300.0,-0.1,SD,13340500.0,37142900.0,False,0.0,13:26:42
18650.0,4300,-1300.0,-0.1,SD,13340500.0,37142800.0,False,0.0,13:26:42
18650.0,700,-1300.0,-0.1,SD,13340500.0,37138500.0,False,0.0,13:26:42
18650.0,100,-1300.0,-0.1,SD,13340500.0,37137800.0,False,0.0,13:26:42
18650.0,2000,-1300.0,-0.1,SD,13340500.0,37137700.0,False,0.0,13:26:42
18650.0,200,-1300.0,-0.1,SD,13340500.0,37135700.0,False,0.0,13:26:42
18650.0,100,-1300.0,-0.1,SD,13340500.0,37135500.0,False,0.0,13:26:42
18650.0,500,-1300.0,-0.1,SD,13340500.0,37135400.0,False,0.0,13:26:42
18650.0,3900,-1300.0,-0.1,SD,13340500.0,37134900.0,False,0.0,13:26:42
18650.0,2600,-1300.0,-0.1,SD,13340500.0,37131000.0,False,0.0,13:26:42
18650.0,1000,-1300.0,-0.1,SD,13340500.0,37128400.0,False,0.0,13:26:42
18650.0,1000,-1300.0,-0.1,SD,13340500.0,37127400.0,False,0.0,13:26:42
18650.0,1000,-1300.0,-0.1,SD,13340500.0,37126400.0,False,0.0,13:26:42
18650.0,400,-1300.0,-0.1,SD,13340500.0,37125400.0,False,0.0,13:26:42
18650.0,100,-1300.0,-0.1,SD,13340500.0,37125000.0,False,0.0,13:26:42
18650.0,10000,-1300.0,-0.1,SD,13340500.0,37124900.0,False,0.0,13:26:42
18650.0,100,-1300.0,-0.1,SD,13340500.0,37114900.0,False,0.0,13:26:42
18650.0,100,-1300.0,-0.1,SD,13340500.0,37114800.0,False,0.0,13:26:42
18650.0,500,-1300.0,-0.1,SD,13340500.0,37114700.0,False,0.0,13:26:42
18650.0,5000,-1300.0,-0.1,SD,13340500.0,37114200.0,False,0.0,13:26:42
18650.0,500,-1300.0,-0.1,SD,13340500.0,37109200.0,False,0.0,13:26:42
18650.0,3900,-1300.0,-0.1,SD,13340500.0,37108700.0,False,-50.0,13:26:42
18700.0,200,-1250.0,-0.1,BU,13340500.0,37104800.0,False,50.0,13:26:41
18650.0,100,-1300.0,-0.1,SD,13340300.0,37104800.0,False,0.0,13:26:40
18650.0,1000,-1300.0,-0.1,SD,13340300.0,37104700.0,False,0.0,13:26:40
18650.0,100,-1300.0,-0.1,SD,13340300.0,37103700.0,False,0.0,13:26:40
18650.0,1900,-1300.0,-0.1,SD,13340300.0,37103600.0,False,0.0,13:26:39
18650.0,200,-1300.0,-0.1,SD,13340300.0,37101700.0,False,0.0,13:26:39
18650.0,400,-1300.0,-0.1,SD,13340300.0,37101500.0,False,0.0,13:26:39
18650.0,200,-1300.0,-0.1,SD,13340300.0,37101100.0,False,0.0,13:26:39
18650.0,100,-1300.0,-0.1,SD,13340300.0,37100900.0,False,0.0,13:26:39
18650.0,200,-1300.0,-0.1,SD,13340300.0,37100800.0,False,0.0,13:26:39
18650.0,2000,-1300.0,-0.1,SD,13340300.0,37100600.0,False,0.0,13:26:39
18650.0,700,-1300.0,-0.1,SD,13340300.0,37098600.0,False,0.0,13:26:39
18650.0,1300,-1300.0,-0.1,SD,13340300.0,37097900.0,False,0.0,13:26:39
18650.0,100,-1300.0,-0.1,SD,13340300.0,37096600.0,False,0.0,13:26:39
18650.0,100,-1300.0,-0.1,SD,13340300.0,37096500.0,False,0.0,13:26:39
18650.0,500,-1300.0,-0.1,SD,13340300.0,37096400.0,False,0.0,13:26:39
18650.0,1000,-1300.0,-0.1,SD,13340300.0,37095900.0,False,0.0,13:26:39
18650.0,28300,-1300.0,-0.1,SD,13340300.0,37094900.0,True,-50.0,13:26:39
18700.0,400,-1250.0,-0.1,BU,13340300.0,37066600.0,False,50.0,13:26:39
18650.0,1700,-1300.0,-0.1,SD,13339900.0,37066600.0,False,0.0,13:26:39
18650.0,300,-1300.0,-0.1,SD,13339900.0,37064900.0,False,0.0,13:26:39
18650.0,1000,-1300.0,-0.1,SD,13339900.0,37064600.0,False,0.0,13:26:39
18650.0,5000,-1300.0,-0.1,SD,13339900.0,37063600.0,False,0.0,13:26:39
18650.0,6000,-1300.0,-0.1,SD,13339900.0,37058600.0,False,0.0,13:26:39
18650.0,1000,-1300.0,-0.1,SD,13339900.0,37052600.0,False,0.0,13:26:39
18650.0,1000,-1300.0,-0.1,SD,13339900.0,37051600.0,False,0.0,13:26:38
18650.0,100,-1300.0,-0.1,SD,13339900.0,37050600.0,False,0.0,13:26:38
18650.0,1700,-1300.0,-0.1,SD,13339900.0,37050500.0,False,-50.0,13:26:38
18700.0,300,-1250.0,-0.1,BU,13339900.0,37048800.0,False,50.0,13:26:38
18650.0,3300,-1300.0,-0.1,SD,13339600.0,37048800.0,False,0.0,13:26:38
18650.0,500,-1300.0,-0.1,SD,13339600.0,37045500.0,False,0.0,13:26:38
18650.0,1000,-1300.0,-0.1,SD,13339600.0,37045000.0,False,0.0,13:26:38
18650.0,300,-1300.0,-0.1,SD,13339600.0,37044000.0,False,0.0,13:26:38
18650.0,2000,-1300.0,-0.1,SD,13339600.0,37043700.0,False,0.0,13:26:38
18650.0,1000,-1300.0,-0.1,SD,13339600.0,37041700.0,False,0.0,13:26:38
18650.0,1900,-1300.0,-0.1,SD,13339600.0,37040700.0,False,0.0,13:26:38
18650.0,800,-1300.0,-0.1,SD,13339600.0,37038800.0,False,0.0,13:26:38
18650.0,300,-1300.0,-0.1,SD,13339600.0,37038000.0,False,0.0,13:26:38
18650.0,300,-1300.0,-0.1,SD,13339600.0,37037700.0,False,0.0,13:26:38
18650.0,1000,-1300.0,-0.1,SD,13339600.0,37037400.0,False,0.0,13:26:38
18650.0,400,-1300.0,-0.1,SD,13339600.0,37036400.0,False,0.0,13:26:38
18650.0,100,-1300.0,-0.1,SD,13339600.0,37036000.0,False,0.0,13:26:37
18650.0,200,-1300.0,-0.1,SD,13339600.0,37035900.0,False,0.0,13:26:37
18650.0,100,-1300.0,-0.1,SD,13339600.0,37035700.0,False,0.0,13:26:37
18650.0,200,-1300.0,-0.1,SD,13339600.0,37035600.0,False,0.0,13:26:37
18650.0,100,-1300.0,-0.1,SD,13339600.0,37035400.0,False,0.0,13:26:36
18650.0,400,-1300.0,-0.1,SD,13339600.0,37035300.0,False,0.0,13:26:36
18650.0,200,-1300.0,-0.1,SD,13339600.0,37034900.0,False,0.0,13:26:36
18650.0,400,-1300.0,-0.1,SD,13339600.0,37034700.0,False,0.0,13:26:36
18650.0,100,-1300.0,-0.1,SD,13339600.0,37034300.0,False,0.0,13:26:36
18650.0,100,-1300.0,-0.1,SD,13339600.0,37034200.0,False,0.0,13:26:36
18650.0,2700,-1300.0,-0.1,SD,13339600.0,37034100.0,False,0.0,13:26:36
18650.0,1000,-1300.0,-0.1,SD,13339600.0,37031400.0,False,-50.0,13:26:35
18700.0,1000,-1250.0,-0.1,BU,13339600.0,37030400.0,False,50.0,13:26:35
18650.0,100,-1300.0,-0.1,SD,13338600.0,37030400.0,False,0.0,13:26:35
18650.0,1100,-1300.0,-0.1,SD,13338600.0,37030300.0,False,0.0,13:26:34
18650.0,1000,-1300.0,-0.1,SD,13338600.0,37029200.0,False,0.0,13:26:34
18650.0,100,-1300.0,-0.1,SD,13338600.0,37028200.0,False,0.0,13:26:34
18650.0,30000,-1300.0,-0.1,SD,13338600.0,37028100.0,True,0.0,13:26:34
18650.0,300,-1300.0,-0.1,SD,13338600.0,36998100.0,False,0.0,13:26:34
18650.0,100,-1300.0,-0.1,SD,13338600.0,36997800.0,False,0.0,13:26:34
18650.0,3000,-1300.0,-0.1,SD,13338600.0,36997700.0,False,0.0,13:26:34
18650.0,7400,-1300.0,-0.1,SD,13338600.0,36994700.0,False,-50.0,13:26:34
18700.0,100,-1250.0,-0.1,BU,13338600.0,36987300.0,False,50.0,13:26:34
18650.0,1000,-1300.0,-0.1,SD,13338500.0,36987300.0,False,-50.0,13:26:33
18700.0,200,-1250.0,-0.1,BU,13338500.0,36986300.0,False,0.0,13:26:33
18700.0,600,-1250.0,-0.1,BU,13338300.0,36986300.0,False,50.0,13:26:33
18650.0,7000,-1300.0,-0.1,SD,13337700.0,36986300.0,False,-50.0,13:26:33
18700.0,100,-1250.0,-0.1,BU,13337700.0,36979300.0,False,0.0,13:26:33
18700.0,100,-1250.0,-0.1,BU,13337600.0,36979300.0,False,0.0,13:26:32
18700.0,200,-1250.0,-0.1,BU,13337500.0,36979300.0,False,50.0,13:26:32
18650.0,1000,-1300.0,-0.1,SD,13337300.0,36979300.0,False,-50.0,13:26:32
18700.0,2000,-1250.0,-0.1,BU,13337300.0,36978300.0,False,0.0,13:26:32
18700.0,16200,-1250.0,-0.1,BU,13335300.0,36978300.0,True,0.0,13:26:32
18700.0,2500,-1250.0,-0.1,BU,13319100.0,36978300.0,False,0.0,13:26:32
18700.0,700,-1250.0,-0.1,BU,13316600.0,36978300.0,False,0.0,13:26:32
18700.0,200,-1250.0,-0.1,BU,13315900.0,36978300.0,False,0.0,13:26:32
18700.0,500,-1250.0,-0.1,BU,13315700.0,36978300.0,False,0.0,13:26:32
18700.0,30000,-1250.0,-0.1,BU,13315200.0,36978300.0,True,0.0,13:26:32
18700.0,2000,-1250.0,-0.1,BU,13285200.0,36978300.0,False,0.0,13:26:32
18700.0,1500,-1250.0,-0.1,BU,13283200.0,36978300.0,False,0.0,13:26:32
18700.0,10000,-1250.0,-0.1,BU,13281700.0,36978300.0,False,0.0,13:26:32
18700.0,5000,-1250.0,-0.1,BU,13271700.0,36978300.0,False,0.0,13:26:32
18700.0,5000,-1250.0,-0.1,BU,13266700.0,36978300.0,False,0.0,13:26:32
18700.0,2000,-1250.0,-0.1,BU,13261700.0,36978300.0,False,0.0,13:26:32
18700.0,3100,-1250.0,-0.1,BU,13259700.0,36978300.0,False,0.0,13:26:32
18700.0,1000,-1250.0,-0.1,BU,13256600.0,36978300.0,False,0.0,13:26:32
18700.0,4000,-1250.0,-0.1,BU,13255600.0,36978300.0,False,0.0,13:26:32
18700.0,10500,-1250.0,-0.1,BU,13251600.0,36978300.0,False,0.0,13:26:32
18700.0,300,-1250.0,-0.1,BU,13241100.0,36978300.0,False,0.0,13:26:32
18700.0,3500,-1250.0,-0.1,BU,13240800.0,36978300.0,False,50.0,13:26:32
18650.0,100,-1300.0,-0.1,SD,13237300.0,36978300.0,False,0.0,13:26:31
18650.0,1000,-1300.0,-0.1,SD,13237300.0,36978200.0,False,0.0,13:26:31
18650.0,1000,-1300.0,-0.1,SD,13237300.0,36977200.0,False,0.0,13:26:31
18650.0,3000,-1300.0,-0.1,SD,13237300.0,36976200.0,False,0.0,13:26:31
18650.0,5000,-1300.0,-0.1,SD,13237300.0,36973200.0,False,-50.0,13:26:30
18700.0,1000,-1250.0,-0.1,BU,13237300.0,36968200.0,False,50.0,13:26:30
18650.0,10000,-1300.0,-0.1,SD,13236300.0,36968200.0,False,0.0,13:26:30
18650.0,4000,-1300.0,-0.1,SD,13236300.0,36958200.0,False,0.0,13:26:30
18650.0,500,-1300.0,-0.1,SD,13236300.0,36954200.0,False,0.0,13:26:30
18650.0,8400,-1300.0,-0.1,SD,13236300.0,36953700.0,False,0.0,13:26:29
18650.0,1000,-1300.0,-0.1,SD,13236300.0,36945300.0,False,0.0,13:26:29
18650.0,600,-1300.0,-0.1,SD,13236300.0,36944300.0,False,0.0,13:26:29
18650.0,500,-1300.0,-0.1,SD,13236300.0,36943700.0,False,0.0,13:26:28
18650.0,300,-1300.0,-0.1,SD,13236300.0,36943200.0,False,0.0,13:26:28
18650.0,1000,-1300.0,-0.1,SD,13236300.0,36942900.0,False,0.0,13:26:28
18650.0,5000,-1300.0,-0.1,SD,13236300.0,36941900.0,False,0.0,13:26:27
18650.0,100,-1300.0,-0.1,SD,13236300.0,36936900.0,False,0.0,13:26:26
18650.0,42100,-1300.0,-0.1,SD,13236300.0,36936800.0,True,0.0,13:26:26
18650.0,800,-1300.0,-0.1,SD,13236300.0,36894700.0,False,0.0,13:26:26
18650.0,2000,-1300.0,-0.1,SD,13236300.0,36893900.0,False,0.0,13:26:26
18650.0,200,-1300.0,-0.1,SD,13236300.0,36891900.0,False,0.0,13:26:26
18650.0,4000,-1300.0,-0.1,SD,13236300.0,36891700.0,False,0.0,13:26:26
18650.0,100,-1300.0,-0.1,SD,13236300.0,36887700.0,False,0.0,13:26:26
18650.0,300,-1300.0,-0.1,SD,13236300.0,36887600.0,False,0.0,13:26:26
18650.0,100,-1300.0,-0.1,SD,13236300.0,36887300.0,False,0.0,13:26:26
18650.0,5400,-1300.0,-0.1,SD,13236300.0,36887200.0,False,0.0,13:26:26
18650.0,1600,-1300.0,-0.1,SD,13236300.0,36881800.0,False,0.0,13:26:26
18650.0,3400,-1300.0,-0.1,SD,13236300.0,36880200.0,False,0.0,13:26:26
18650.0,6600,-1300.0,-0.1,SD,13236300.0,36876800.0,False,0.0,13:26:26
18650.0,100,-1300.0,-0.1,SD,13236300.0,36870200.0,False,0.0,13:26:26
18650.0,1000,-1300.0,-0.1,SD,13236300.0,36870100.0,False,0.0,13:26:26
18650.0,400,-1300.0,-0.1,SD,13236300.0,36869100.0,False,0.0,13:26:26
18650.0,1900,-1300.0,-0.1,SD,13236300.0,36868700.0,False,0.0,13:26:26
18650.0,2400,-1300.0,-0.1,SD,13236300.0,36866800.0,False,0.0,13:26:26
18650.0,700,-1300.0,-0.1,SD,13236300.0,36864400.0,False,0.0,13:26:26
18650.0,7600,-1300.0,-0.1,SD,13236300.0,36863700.0,False,0.0,13:26:26
18650.0,1000,-1300.0,-0.1,SD,13236300.0,36856100.0,False,-50.0,13:26:25
18700.0,500,-1250.0,-0.1,BU,13236300.0,36855100.0,False,0.0,13:26:24
18700.0,500,-1250.0,-0.1,BU,13235800.0,36855100.0,False,50.0,13:26:24
18650.0,1000,-1300.0,-0.1,SD,13235300.0,36855100.0,False,0.0,13:26:24
18650.0,100,-1300.0,-0.1,SD,13235300.0,36854100.0,False,0.0,13:26:24
18650.0,400,-1300.0,-0.1,SD,13235300.0,36854000.0,False,0.0,13:26:24
18650.0,300,-1300.0,-0.1,SD,13235300.0,36853600.0,False,0.0,13:26:24
18650.0,100,-1300.0,-0.1,SD,13235300.0,36853300.0,False,0.0,13:26:24
18650.0,200,-1300.0,-0.1,SD,13235300.0,36853200.0,False,0.0,13:26:24
18650.0,100,-1300.0,-0.1,SD,13235300.0,36853000.0,False,0.0,13:26:24
18650.0,400,-1300.0,-0.1,SD,13235300.0,36852900.0,False,0.0,13:26:24
18650.0,600,-1300.0,-0.1,SD,13235300.0,36852500.0,False,-50.0,13:26:23
18700.0,200,-1250.0,-0.1,BU,13235300.0,36851900.0,False,0.0,13:26:23
18700.0,300,-1250.0,-0.1,BU,13235100.0,36851900.0,False,0.0,13:26:23
18700.0,500,-1250.0,-0.1,BU,13234800.0,36851900.0,False,0.0,13:26:23
18700.0,1700,-1250.0,-0.1,BU,13234300.0,36851900.0,False,50.0,13:26:23
18650.0,1000,-1300.0,-0.1,SD,13232600.0,36851900.0,False,0.0,13:26:23
18650.0,1000,-1300.0,-0.1,SD,13232600.0,36850900.0,False,0.0,13:26:23
18650.0,9000,-1300.0,-0.1,SD,13232600.0,36849900.0,False,0.0,13:26:22
18650.0,1000,-1300.0,-0.1,SD,13232600.0,36840900.0,False,0.0,13:26:22
18650.0,200,-1300.0,-0.1,SD,13232600.0,36839900.0,False,0.0,13:26:22
18650.0,400,-1300.0,-0.1,SD,13232600.0,36839700.0,False,0.0,13:26:22
18650.0,1500,-1300.0,-0.1,SD,13232600.0,36839300.0,False,0.0,13:26:22
18650.0,300,-1300.0,-0.1,SD,13232600.0,36837800.0,False,0.0,13:26:22
18650.0,1000,-1300.0,-0.1,SD,13232600.0,36837500.0,False,0.0,13:26:22
18650.0,6600,-1300.0,-0.1,SD,13232600.0,36836500.0,False,0.0,13:26:22
18650.0,700,-1300.0,-0.1,SD,13232600.0,36829900.0,False,0.0,13:26:21
18650.0,2700,-1300.0,-0.1,SD,13232600.0,36829200.0,False,0.0,13:26:21
18650.0,6000,-1300.0,-0.1,SD,13232600.0,36826500.0,False,0.0,13:26:21
18650.0,1300,-1300.0,-0.1,SD,13232600.0,36820500.0,False,0.0,13:26:21
18650.0,100,-1300.0,-0.1,SD,13232600.0,36819200.0,False,0.0,13:26:21
18650.0,100,-1300.0,-0.1,SD,13232600.0,36819100.0,False,0.0,13:26:20
18650.0,2000,-1300.0,-0.1,SD,13232600.0,36819000.0,False,0.0,13:26:20
18650.0,500,-1300.0,-0.1,SD,13232600.0,36817000.0,False,0.0,13:26:20
18650.0,1000,-1300.0,-0.1,SD,13232600.0,36816500.0,False,0.0,13:26:20
18650.0,1000,-1300.0,-0.1,SD,13232600.0,36815500.0,False,0.0,13:26:20
18650.0,500,-1300.0,-0.1,SD,13232600.0,36814500.0,False,0.0,13:26:20
18650.0,500,-1300.0,-0.1,SD,13232600.0,36814000.0,False,0.0,13:26:20
18650.0,200,-1300.0,-0.1,SD,13232600.0,36813500.0,False,0.0,13:26:20
18650.0,300,-1300.0,-0.1,SD,13232600.0,36813300.0,False,0.0,13:26:19
18650.0,1000,-1300.0,-0.1,SD,13232600.0,36813000.0,False,0.0,13:26:19
18650.0,2200,-1300.0,-0.1,SD,13232600.0,36812000.0,False,0.0,13:26:19
18650.0,900,-1300.0,-0.1,SD,13232600.0,36809800.0,False,0.0,13:26:19
18650.0,900,-1300.0,-0.1,SD,13232600.0,36808900.0,False,0.0,13:26:19
18650.0,5100,-1300.0,-0.1,SD,13232600.0,36808000.0,False,-50.0,13:26:19
18700.0,500,-1250.0,-0.1,BU,13232600.0,36802900.0,False,0.0,13:26:19
18700.0,700,-1250.0,-0.1,BU,13232100.0,36802900.0,False,50.0,13:26:18
18650.0,1000,-1300.0,-0.1,SD,13231400.0,36802900.0,False,-50.0,13:26:18
18700.0,500,-1250.0,-0.1,BU,13231400.0,36801900.0,False,50.0,13:26:18
18650.0,800,-1300.0,-0.1,SD,13230900.0,36801900.0,False,0.0,13:26:18
18650.0,100,-1300.0,-0.1,SD,13230900.0,36801100.0,False,0.0,13:26:18
18650.0,100,-1300.0,-0.1,SD,13230900.0,36801000.0,False,0.0,13:26:18
18650.0,100,-1300.0,-0.1,SD,13230900.0,36800900.0,False,0.0,13:26:17
18650.0,200,-1300.0,-0.1,SD,13230900.0,36800800.0,False,0.0,13:26:17
18650.0,7000,-1300.0,-0.1,SD,13230900.0,36800600.0,False,0.0,13:26:17
18650.0,400,-1300.0,-0.1,SD,13230900.0,36793600.0,False,0.0,13:26:17
18650.0,200,-1300.0,-0.1,SD,13230900.0,36793200.0,False,0.0,13:26:17
18650.0,5100,-1300.0,-0.1,SD,13230900.0,36793000.0,False,0.0,13:26:17
18650.0,4000,-1300.0,-0.1,SD,13230900.0,36787900.0,False,0.0,13:26:17
18650.0,400,-1300.0,-0.1,SD,13230900.0,36783900.0,False,0.0,13:26:17
18650.0,600,-1300.0,-0.1,SD,13230900.0,36783500.0,False,0.0,13:26:17
18650.0,100,-1300.0,-0.1,SD,13230900.0,36782900.0,False,0.0,13:26:17
18650.0,300,-1300.0,-0.1,SD,13230900.0,36782800.0,False,0.0,13:26:17
18650.0,1700,-1300.0,-0.1,SD,13230900.0,36782500.0,False,0.0,13:26:17
18650.0,300,-1300.0,-0.1,SD,13230900.0,36780800.0,False,0.0,13:26:17
18650.0,600,-1300.0,-0.1,SD,13230900.0,36780500.0,False,0.0,13:26:17
18650.0,400,-1300.0,-0.1,SD,13230900.0,36779900.0,False,0.0,13:26:17
18650.0,100,-1300.0,-0.1,SD,13230900.0,36779500.0,False,0.0,13:26:17
18650.0,100,-1300.0,-0.1,SD,13230900.0,36779400.0,False,0.0,13:26:17
18650.0,5000,-1300.0,-0.1,SD,13230900.0,36779300.0,False,0.0,13:26:17
18650.0,400,-1300.0,-0.1,SD,13230900.0,36774300.0,False,0.0,13:26:16
18650.0,1000,-1300.0,-0.1,SD,13230900.0,36773900.0,False,0.0,13:26:15
18650.0,1000,-1300.0,-0.1,SD,13230900.0,36772900.0,False,0.0,13:26:15
18650.0,1100,-1300.0,-0.1,SD,13230900.0,36771900.0,False,0.0,13:26:15
18650.0,1000,-1300.0,-0.1,SD,13230900.0,36770800.0,False,0.0,13:26:15
18650.0,300,-1300.0,-0.1,SD,13230900.0,36769800.0,False,0.0,13:26:15
18650.0,500,-1300.0,-0.1,SD,13230900.0,36769500.0,False,0.0,13:26:15
18650.0,500,-1300.0,-0.1,SD,13230900.0,36769000.0,False,0.0,13:26:15
18650.0,100,-1300.0,-0.1,SD,13230900.0,36768500.0,False,0.0,13:26:15
18650.0,1500,-1300.0,-0.1,SD,13230900.0,36768400.0,False,-50.0,13:26:14
18700.0,1000,-1250.0,-0.1,BU,13230900.0,36766900.0,False,50.0,13:26:14
18650.0,300,-1300.0,-0.1,SD,13229900.0,36766900.0,False,0.0,13:26:14
18650.0,100,-1300.0,-0.1,SD,13229900.0,36766600.0,False,0.0,13:26:14
18650.0,2000,-1300.0,-0.1,SD,13229900.0,36766500.0,False,0.0,13:26:13
18650.0,300,-1300.0,-0.1,SD,13229900.0,36764500.0,False,0.0,13:26:12
18650.0,1000,-1300.0,-0.1,SD,13229900.0,36764200.0,False,0.0,13:26:12
18650.0,200,-1300.0,-0.1,SD,13229900.0,36763200.0,False,0.0,13:26:12
18650.0,1100,-1300.0,-0.1,SD,13229900.0,36763000.0,False,0.0,13:26:12
18650.0,200,-1300.0,-0.1,SD,13229900.0,36761900.0,False,0.0,13:26:12
18650.0,1000,-1300.0,-0.1,SD,13229900.0,36761700.0,False,0.0,13:26:12
18650.0,700,-1300.0,-0.1,SD,13229900.0,36760700.0,False,0.0,13:26:12
18650.0,1100,-1300.0,-0.1,SD,13229900.0,36760000.0,False,0.0,13:26:12
18650.0,500,-1300.0,-0.1,SD,13229900.0,36758900.0,False,0.0,13:26:12
18650.0,1800,-1300.0,-0.1,SD,13229900.0,36758400.0,False,0.0,13:26:12
18650.0,1000,-1300.0,-0.1,SD,13229900.0,36756600.0,False,0.0,13:26:12
18650.0,500,-1300.0,-0.1,SD,13229900.0,36755600.0,False,0.0,13:26:12
18650.0,700,-1300.0,-0.1,SD,13229900.0,36755100.0,False,0.0,13:26:12
18650.0,1000,-1300.0,-0.1,SD,13229900.0,36754400.0,False,0.0,13:26:12
18650.0,5000,-1300.0,-0.1,SD,13229900.0,36753400.0,False,0.0,13:26:12
18650.0,400,-1300.0,-0.1,SD,13229900.0,36748400.0,False,0.0,13:26:12
18650.0,100,-1300.0,-0.1,SD,13229900.0,36748000.0,False,0.0,13:26:12
18650.0,300,-1300.0,-0.1,SD,13229900.0,36747900.0,False,0.0,13:26:12
18650.0,100,-1300.0,-0.1,SD,13229900.0,36747600.0,False,0.0,13:26:12
18650.0,1000,-1300.0,-0.1,SD,13229900.0,36747500.0,False,0.0,13:26:12
18650.0,500,-1300.0,-0.1,SD,13229900.0,36746500.0,False,0.0,13:26:12
18650.0,100,-1300.0,-0.1,SD,13229900.0,36746000.0,False,0.0,13:26:12
18650.0,400,-1300.0,-0.1,SD,13229900.0,36745900.0,False,0.0,13:26:12
18650.0,100,-1300.0,-0.1,SD,13229900.0,36745500.0,False,0.0,13:26:12
18650.0,200,-1300.0,-0.1,SD,13229900.0,36745400.0,False,0.0,13:26:12
18650.0,1700,-1300.0,-0.1,SD,13229900.0,36745200.0,False,0.0,13:26:12
18650.0,3100,-1300.0,-0.1,SD,13229900.0,36743500.0,False,-50.0,13:26:12
18700.0,200,-1250.0,-0.1,BU,13229900.0,36740400.0,False,50.0,13:26:12
18650.0,3000,-1300.0,-0.1,SD,13229700.0,36740400.0,False,0.0,13:26:11
18650.0,6900,-1300.0,-0.1,SD,13229700.0,36737400.0,False,0.0,13:26:11
18650.0,200,-1300.0,-0.1,SD,13229700.0,36730500.0,False,0.0,13:26:11
18650.0,3000,-1300.0,-0.1,SD,13229700.0,36730300.0,False,0.0,13:26:11
18650.0,1000,-1300.0,-0.1,SD,13229700.0,36727300.0,False,0.0,13:26:11
18650.0,1000,-1300.0,-0.1,SD,13229700.0,36726300.0,False,0.0,13:26:11
18650.0,100,-1300.0,-0.1,SD,13229700.0,36725300.0,False,0.0,13:26:11
18650.0,2000,-1300.0,-0.1,SD,13229700.0,36725200.0,False,0.0,13:26:11
18650.0,1000,-1300.0,-0.1,SD,13229700.0,36723200.0,False,0.0,13:26:11
18650.0,1800,-1300.0,-0.1,SD,13229700.0,36722200.0,False,0.0,13:26:11
18650.0,200,-1300.0,-0.1,SD,13229700.0,36720400.0,False,0.0,13:26:10
18650.0,200,-1300.0,-0.1,SD,13229700.0,36720200.0,False,0.0,13:26:10
18650.0,1000,-1300.0,-0.1,SD,13229700.0,36720000.0,False,0.0,13:26:10
18650.0,600,-1300.0,-0.1,SD,13229700.0,36719000.0,False,0.0,13:26:10
18650.0,1000,-1300.0,-0.1,SD,13229700.0,36718400.0,False,-50.0,13:26:10
18700.0,5000,-1250.0,-0.1,BU,13229700.0,36717400.0,False,50.0,13:26:09
18650.0,200,-1300.0,-0.1,SD,13224700.0,36717400.0,False,0.0,13:26:09
18650.0,1700,-1300.0,-0.1,SD,13224700.0,36717200.0,False,0.0,13:26:08
18650.0,100,-1300.0,-0.1,SD,13224700.0,36715500.0,False,0.0,13:26:08
18650.0,500,-1300.0,-0.1,SD,13224700.0,36715400.0,False,0.0,13:26:08
18650.0,1600,-1300.0,-0.1,SD,13224700.0,36714900.0,False,0.0,13:26:08
18650.0,2000,-1300.0,-0.1,SD,13224700.0,36713300.0,False,0.0,13:26:08
18650.0,100,-1300.0,-0.1,SD,13224700.0,36711300.0,False,0.0,13:26:08
18650.0,2000,-1300.0,-0.1,SD,13224700.0,36711200.0,False,0.0,13:26:08
18650.0,100,-1300.0,-0.1,SD,13224700.0,36709200.0,False,0.0,13:26:08
18650.0,3500,-1300.0,-0.1,SD,13224700.0,36709100.0,False,0.0,13:26:08
18650.0,1000,-1300.0,-0.1,SD,13224700.0,36705600.0,False,0.0,13:26:08
18650.0,3000,-1300.0,-0.1,SD,13224700.0,36704600.0,False,0.0,13:26:08
18650.0,6000,-1300.0,-0.1,SD,13224700.0,36701600.0,False,0.0,13:26:08
18650.0,100,-1300.0,-0.1,SD,13224700.0,36695600.0,False,0.0,13:26:08
18650.0,200,-1300.0,-0.1,SD,13224700.0,36695500.0,False,0.0,13:26:08
18650.0,100,-1300.0,-0.1,SD,13224700.0,36695300.0,False,0.0,13:26:08
18650.0,30000,-1300.0,-0.1,SD,13224700.0,36695200.0,True,0.0,13:26:08
18650.0,100,-1300.0,-0.1,SD,13224700.0,36665200.0,False,0.0,13:26:08
18650.0,500,-1300.0,-0.1,SD,13224700.0,36665100.0,False,0.0,13:26:08
18650.0,400,-1300.0,-0.1,SD,13224700.0,36664600.0,False,0.0,13:26:08
18650.0,300,-1300.0,-0.1,SD,13224700.0,36664200.0,False,0.0,13:26:08
18650.0,800,-1300.0,-0.1,SD,13224700.0,36663900.0,False,0.0,13:26:08
18650.0,500,-1300.0,-0.1,SD,13224700.0,36663100.0,False,0.0,13:26:08
18650.0,900,-1300.0,-0.1,SD,13224700.0,36662600.0,False,0.0,13:26:08
18650.0,500,-1300.0,-0.1,SD,13224700.0,36661700.0,False,0.0,13:26:08
18650.0,100,-1300.0,-0.1,SD,13224700.0,36661200.0,False,0.0,13:26:08
18650.0,100,-1300.0,-0.1,SD,13224700.0,36661100.0,False,0.0,13:26:08
18650.0,200,-1300.0,-0.1,SD,13224700.0,36661000.0,False,0.0,13:26:08
18650.0,100,-1300.0,-0.1,SD,13224700.0,36660800.0,False,0.0,13:26:08
18650.0,600,-1300.0,-0.1,SD,13224700.0,36660700.0,False,0.0,13:26:08
18650.0,200,-1300.0,-0.1,SD,13224700.0,36660100.0,False,0.0,13:26:08
18650.0,100,-1300.0,-0.1,SD,13224700.0,36659900.0,False,0.0,13:26:08
18650.0,3000,-1300.0,-0.1,SD,13224700.0,36659800.0,False,0.0,13:26:08
18650.0,800,-1300.0,-0.1,SD,13224700.0,36656800.0,False,0.0,13:26:08
18650.0,100,-1300.0,-0.1,SD,13224700.0,36656000.0,False,0.0,13:26:08
18650.0,1100,-1300.0,-0.1,SD,13224700.0,36655900.0,False,0.0,13:26:07
18650.0,900,-1300.0,-0.1,SD,13224700.0,36654800.0,False,0.0,13:26:07
18650.0,9100,-1300.0,-0.1,SD,13224700.0,36653900.0,False,0.0,13:26:07
18650.0,500,-1300.0,-0.1,SD,13224700.0,36644800.0,False,0.0,13:26:07
18650.0,3900,-1300.0,-0.1,SD,13224700.0,36644300.0,False,0.0,13:26:07
18650.0,3000,-1300.0,-0.1,SD,13224700.0,36640400.0,False,0.0,13:26:07
18650.0,600,-1300.0,-0.1,SD,13224700.0,36637400.0,False,0.0,13:26:07
18650.0,900,-1300.0,-0.1,SD,13224700.0,36636800.0,False,0.0,13:26:07
18650.0,600,-1300.0,-0.1,SD,13224700.0,36635900.0,False,0.0,13:26:06
18650.0,29400,-1300.0,-0.1,SD,13224700.0,36635300.0,True,0.0,13:26:06
18650.0,600,-1300.0,-0.1,SD,13224700.0,36605900.0,False,0.0,13:26:06
18650.0,400,-1300.0,-0.1,SD,13224700.0,36605300.0,False,0.0,13:26:06
18650.0,100,-1300.0,-0.1,SD,13224700.0,36604900.0,False,0.0,13:26:06
18650.0,500,-1300.0,-0.1,SD,13224700.0,36604800.0,False,0.0,13:26:06
18650.0,300,-1300.0,-0.1,SD,13224700.0,36604300.0,False,0.0,13:26:06
18650.0,200,-1300.0,-0.1,SD,13224700.0,36604000.0,False,0.0,13:26:06
18650.0,500,-1300.0,-0.1,SD,13224700.0,36603800.0,False,0.0,13:26:06
18650.0,300,-1300.0,-0.1,SD,13224700.0,36603300.0,False,0.0,13:26:06
18650.0,600,-1300.0,-0.1,SD,13224700.0,36603000.0,False,0.0,13:26:06
18650.0,400,-1300.0,-0.1,SD,13224700.0,36602400.0,False,0.0,13:26:06
18650.0,600,-1300.0,-0.1,SD,13224700.0,36602000.0,False,0.0,13:26:06
18650.0,100,-1300.0,-0.1,SD,13224700.0,36601400.0,False,0.0,13:26:06
18650.0,100,-1300.0,-0.1,SD,13224700.0,36601300.0,False,0.0,13:26:06
18650.0,1200,-1300.0,-0.1,SD,13224700.0,36601200.0,False,0.0,13:26:06
18650.0,3000,-1300.0,-0.1,SD,13224700.0,36600000.0,False,0.0,13:26:04
18650.0,100,-1300.0,-0.1,SD,13224700.0,36597000.0,False,0.0,13:26:04
18650.0,5700,-1300.0,-0.1,SD,13224700.0,36596900.0,False,0.0,13:26:03
18650.0,500,-1300.0,-0.1,SD,13224700.0,36591200.0,False,0.0,13:26:03
18650.0,500,-1300.0,-0.1,SD,13224700.0,36590700.0,False,0.0,13:26:03
18650.0,1300,-1300.0,-0.1,SD,13224700.0,36590200.0,False,-50.0,13:26:03
18700.0,300,-1250.0,-0.1,BU,13224700.0,36588900.0,False,0.0,13:26:03
18700.0,100,-1250.0,-0.1,BU,13224400.0,36588900.0,False,0.0,13:26:03
18700.0,900,-1250.0,-0.1,BU,13224300.0,36588900.0,False,50.0,13:26:03
18650.0,8700,-1300.0,-0.1,SD,13223400.0,36588900.0,False,0.0,13:26:03
18650.0,300,-1300.0,-0.1,SD,13223400.0,36580200.0,False,0.0,13:26:03
18650.0,500,-1300.0,-0.1,SD,13223400.0,36579900.0,False,0.0,13:26:03
18650.0,3000,-1300.0,-0.1,SD,13223400.0,36579400.0,False,0.0,13:26:03
18650.0,300,-1300.0,-0.1,SD,13223400.0,36576400.0,False,0.0,13:26:03
18650.0,200,-1300.0,-0.1,SD,13223400.0,36576100.0,False,0.0,13:26:03
18650.0,1200,-1300.0,-0.1,SD,13223400.0,36575900.0,False,0.0,13:26:03
18650.0,200,-1300.0,-0.1,SD,13223400.0,36574700.0,False,0.0,13:26:03
18650.0,2000,-1300.0,-0.1,SD,13223400.0,36574500.0,False,0.0,13:26:03
18650.0,300,-1300.0,-0.1,SD,13223400.0,36572500.0,False,0.0,13:26:03
18650.0,29500,-1300.0,-0.1,SD,13223400.0,36572200.0,True,0.0,13:26:03
18650.0,1000,-1300.0,-0.1,SD,13223400.0,36542700.0,False,0.0,13:26:03
18650.0,1000,-1300.0,-0.1,SD,13223400.0,36541700.0,False,0.0,13:26:03
18650.0,100,-1300.0,-0.1,SD,13223400.0,36540700.0,False,0.0,13:26:03
18650.0,2000,-1300.0,-0.1,SD,13223400.0,36540600.0,False,0.0,13:26:03
18650.0,5000,-1300.0,-0.1,SD,13223400.0,36538600.0,False,0.0,13:26:03
18650.0,500,-1300.0,-0.1,SD,13223400.0,36533600.0,False,0.0,13:26:03
18650.0,600,-1300.0,-0.1,SD,13223400.0,36533100.0,False,0.0,13:26:03
18650.0,1000,-1300.0,-0.1,SD,13223400.0,36532500.0,False,0.0,13:26:03
18650.0,1400,-1300.0,-0.1,SD,13223400.0,36531500.0,False,0.0,13:26:03
18650.0,100,-1300.0,-0.1,SD,13223400.0,36530100.0,False,0.0,13:26:03
18650.0,3000,-1300.0,-0.1,SD,13223400.0,36530000.0,False,0.0,13:26:03
18650.0,1000,-1300.0,-0.1,SD,13223400.0,36527000.0,False,0.0,13:26:03
18650.0,3000,-1300.0,-0.1,SD,13223400.0,36526000.0,False,0.0,13:26:03
18650.0,100,-1300.0,-0.1,SD,13223400.0,36523000.0,False,0.0,13:26:03
18650.0,4000,-1300.0,-0.1,SD,13223400.0,36522900.0,False,0.0,13:26:03
18650.0,5000,-1300.0,-0.1,SD,13223400.0,36518900.0,False,-50.0,13:26:02
18700.0,100,-1250.0,-0.1,BU,13223400.0,36513900.0,False,0.0,13:26:02
18700.0,1900,-1250.0,-0.1,BU,13223300.0,36513900.0,False,0.0,13:26:02
18700.0,200,-1250.0,-0.1,BU,13221400.0,36513900.0,False,0.0,13:26:02
18700.0,1000,-1250.0,-0.1,BU,13221200.0,36513900.0,False,50.0,13:26:01
18650.0,600,-1300.0,-0.1,SD,13220200.0,36513900.0,False,0.0,13:26:01
18650.0,1000,-1300.0,-0.1,SD,13220200.0,36513300.0,False,-50.0,13:26:00
18700.0,300,-1250.0,-0.1,BU,13220200.0,36512300.0,False,50.0,13:26:00
18650.0,5000,-1300.0,-0.1,SD,13219900.0,36512300.0,False,0.0,13:26:00
18650.0,1000,-1300.0,-0.1,SD,13219900.0,36507300.0,False,0.0,13:26:00
18650.0,3000,-1300.0,-0.1,SD,13219900.0,36506300.0,False,0.0,13:26:00
18650.0,400,-1300.0,-0.1,SD,13219900.0,36503300.0,False,0.0,13:25:59
18650.0,100,-1300.0,-0.1,SD,13219900.0,36502900.0,False,0.0,13:25:59
18650.0,200,-1300.0,-0.1,SD,13219900.0,36502800.0,False,0.0,13:25:59
18650.0,1000,-1300.0,-0.1,SD,13219900.0,36502600.0,False,0.0,13:25:59
18650.0,3600,-1300.0,-0.1,SD,13219900.0,36501600.0,False,0.0,13:25:59
18650.0,600,-1300.0,-0.1,SD,13219900.0,36498000.0,False,0.0,13:25:59
18650.0,2000,-1300.0,-0.1,SD,13219900.0,36497400.0,False,0.0,13:25:59
18650.0,3000,-1300.0,-0.1,SD,13219900.0,36495400.0,False,0.0,13:25:59
18650.0,3000,-1300.0,-0.1,SD,13219900.0,36492400.0,False,0.0,13:25:59
18650.0,200,-1300.0,-0.1,SD,13219900.0,36489400.0,False,0.0,13:25:59
18650.0,500,-1300.0,-0.1,SD,13219900.0,36489200.0,False,0.0,13:25:59
18650.0,500,-1300.0,-0.1,SD,13219900.0,36488700.0,False,0.0,13:25:59
18650.0,3000,-1300.0,-0.1,SD,13219900.0,36488200.0,False,0.0,13:25:59
18650.0,2000,-1300.0,-0.1,SD,13219900.0,36485200.0,False,0.0,13:25:59
18650.0,2000,-1300.0,-0.1,SD,13219900.0,36483200.0,False,0.0,13:25:59
18650.0,200,-1300.0,-0.1,SD,13219900.0,36481200.0,False,0.0,13:25:59
18650.0,4000,-1300.0,-0.1,SD,13219900.0,36481000.0,False,0.0,13:25:59
18650.0,300,-1300.0,-0.1,SD,13219900.0,36477000.0,False,0.0,13:25:58
18650.0,5000,-1300.0,-0.1,SD,13219900.0,36476700.0,False,0.0,13:25:58
18650.0,100,-1300.0,-0.1,SD,13219900.0,36471700.0,False,0.0,13:25:58
18650.0,10000,-1300.0,-0.1,SD,13219900.0,36471600.0,False,0.0,13:25:58
18650.0,9900,-1300.0,-0.1,SD,13219900.0,36461600.0,False,0.0,13:25:58
18650.0,100,-1300.0,-0.1,SD,13219900.0,36451700.0,False,0.0,13:25:58
18650.0,200,-1300.0,-0.1,SD,13219900.0,36451600.0,False,0.0,13:25:58
18650.0,200,-1300.0,-0.1,SD,13219900.0,36451400.0,False,-50.0,13:25:58
18700.0,2800,-1250.0,-0.1,BU,13219900.0,36451200.0,False,0.0,13:25:58
18700.0,100,-1250.0,-0.1,BU,13217100.0,36451200.0,False,0.0,13:25:58
18700.0,2100,-1250.0,-0.1,BU,13217000.0,36451200.0,False,50.0,13:25:58
18650.0,500,-1300.0,-0.1,SD,13214900.0,36451200.0,False,0.0,13:25:57
18650.0,4000,-1300.0,-0.1,SD,13214900.0,36450700.0,False,0.0,13:25:57
18650.0,1000,-1300.0,-0.1,SD,13214900.0,36446700.0,False,-50.0,13:25:57
18700.0,1000,-1250.0,-0.1,BU,13214900.0,36445700.0,False,50.0,13:25:56
18650.0,200,-1300.0,-0.1,SD,13213900.0,36445700.0,False,0.0,13:25:56
18650.0,4100,-1300.0,-0.1,SD,13213900.0,36445500.0,False,0.0,13:25:55
18650.0,400,-1300.0,-0.1,SD,13213900.0,36441400.0,False,0.0,13:25:55
18650.0,1100,-1300.0,-0.1,SD,13213900.0,36441000.0,False,0.0,13:25:55
18650.0,400,-1300.0,-0.1,SD,13213900.0,36439900.0,False,0.0,13:25:55
18650.0,1900,-1300.0,-0.1,SD,13213900.0,36439500.0,False,0.0,13:25:55
18650.0,3900,-1300.0,-0.1,SD,13213900.0,36437600.0,False,-50.0,13:25:55
18700.0,3200,-1250.0,-0.1,BU,13213900.0,36433700.0,False,50.0,13:25:55
18650.0,200,-1300.0,-0.1,SD,13210700.0,36433700.0,False,-50.0,13:25:55
18700.0,700,-1250.0,-0.1,BU,13210700.0,36433500.0,False,0.0,13:25:55
18700.0,100,-1250.0,-0.1,BU,13210000.0,36433500.0,False,0.0,13:25:55
18700.0,1000,-1250.0,-0.1,BU,13209900.0,36433500.0,False,50.0,13:25:55
18650.0,200,-1300.0,-0.1,SD,13208900.0,36433500.0,False,0.0,13:25:55
18650.0,700,-1300.0,-0.1,SD,13208900.0,36433300.0,False,0.0,13:25:54
18650.0,100,-1300.0,-0.1,SD,13208900.0,36432600.0,False,0.0,13:25:54
18650.0,1500,-1300.0,-0.1,SD,13208900.0,36432500.0,False,0.0,13:25:54
18650.0,500,-1300.0,-0.1,SD,13208900.0,36431000.0,False,0.0,13:25:54
18650.0,2400,-1300.0,-0.1,SD,13208900.0,36430500.0,False,0.0,13:25:54
18650.0,4800,-1300.0,-0.1,SD,13208900.0,36428100.0,False,-50.0,13:25:54
18700.0,100,-1250.0,-0.1,BU,13208900.0,36423300.0,False,50.0,13:25:54
18650.0,200,-1300.0,-0.1,SD,13208800.0,36423300.0,False,0.0,13:25:53
18650.0,100,-1300.0,-0.1,SD,13208800.0,36423100.0,False,0.0,13:25:53
18650.0,500,-1300.0,-0.1,SD,13208800.0,36423000.0,False,0.0,13:25:53
18650.0,500,-1300.0,-0.1,SD,13208800.0,36422500.0,False,0.0,13:25:53
18650.0,900,-1300.0,-0.1,SD,13208800.0,36422000.0,False,0.0,13:25:53
18650.0,500,-1300.0,-0.1,SD,13208800.0,36421100.0,False,0.0,13:25:53
18650.0,800,-1300.0,-0.1,SD,13208800.0,36420600.0,False,0.0,13:25:53
18650.0,12700,-1300.0,-0.1,SD,13208800.0,36419800.0,True,0.0,13:25:53
18650.0,6000,-1300.0,-0.1,SD,13208800.0,36407100.0,False,0.0,13:25:53
18650.0,1000,-1300.0,-0.1,SD,13208800.0,36401100.0,False,0.0,13:25:53
18650.0,2000,-1300.0,-0.1,SD,13208800.0,36400100.0,False,0.0,13:25:53
18650.0,1000,-1300.0,-0.1,SD,13208800.0,36398100.0,False,0.0,13:25:53
18650.0,2000,-1300.0,-0.1,SD,13208800.0,36397100.0,False,-50.0,13:25:52
18700.0,1000,-1250.0,-0.1,BU,13208800.0,36395100.0,False,50.0,13:25:51
18650.0,300,-1300.0,-0.1,SD,13207800.0,36395100.0,False,0.0,13:25:51
18650.0,800,-1300.0,-0.1,SD,13207800.0,36394800.0,False,0.0,13:25:51
18650.0,200,-1300.0,-0.1,SD,13207800.0,36394000.0,False,0.0,13:25:50
18650.0,1000,-1300.0,-0.1,SD,13207800.0,36393800.0,False,0.0,13:25:50
18650.0,300,-1300.0,-0.1,SD,13207800.0,36392800.0,False,0.0,13:25:50
18650.0,4900,-1300.0,-0.1,SD,13207800.0,36392500.0,False,0.0,13:25:50
18650.0,3000,-1300.0,-0.1,SD,13207800.0,36387600.0,False,0.0,13:25:50
18650.0,100,-1300.0,-0.1,SD,13207800.0,36384600.0,False,0.0,13:25:50
18650.0,500,-1300.0,-0.1,SD,13207800.0,36384500.0,False,0.0,13:25:50
18650.0,400,-1300.0,-0.1,SD,13207800.0,36384000.0,False,0.0,13:25:50
18650.0,700,-1300.0,-0.1,SD,13207800.0,36383600.0,False,0.0,13:25:50
18650.0,1000,-1300.0,-0.1,SD,13207800.0,36382900.0,False,0.0,13:25:50
18650.0,300,-1300.0,-0.1,SD,13207800.0,36381900.0,False,0.0,13:25:50
18650.0,1000,-1300.0,-0.1,SD,13207800.0,36381600.0,False,0.0,13:25:50
18650.0,2200,-1300.0,-0.1,SD,13207800.0,36380600.0,False,0.0,13:25:50
18650.0,1000,-1300.0,-0.1,SD,13207800.0,36378400.0,False,0.0,13:25:50
18650.0,1000,-1300.0,-0.1,SD,13207800.0,36377400.0,False,0.0,13:25:50
18650.0,1000,-1300.0,-0.1,SD,13207800.0,36376400.0,False,0.0,13:25:50
18650.0,400,-1300.0,-0.1,SD,13207800.0,36375400.0,False,0.0,13:25:50
18650.0,4500,-1300.0,-0.1,SD,13207800.0,36375000.0,False,0.0,13:25:50
18650.0,900,-1300.0,-0.1,SD,13207800.0,36370500.0,False,0.0,13:25:50
18650.0,100,-1300.0,-0.1,SD,13207800.0,36369600.0,False,0.0,13:25:50
18650.0,500,-1300.0,-0.1,SD,13207800.0,36369500.0,False,0.0,13:25:50
18650.0,3600,-1300.0,-0.1,SD,13207800.0,36369000.0,False,0.0,13:25:50
18650.0,300,-1300.0,-0.1,SD,13207800.0,36365400.0,False,0.0,13:25:50
18650.0,100,-1300.0,-0.1,SD,13207800.0,36365100.0,False,0.0,13:25:50
18650.0,200,-1300.0,-0.1,SD,13207800.0,36365000.0,False,0.0,13:25:50
18650.0,1600,-1300.0,-0.1,SD,13207800.0,36364800.0,False,0.0,13:25:50
18650.0,300,-1300.0,-0.1,SD,13207800.0,36363200.0,False,0.0,13:25:50
18650.0,1000,-1300.0,-0.1,SD,13207800.0,36362900.0,False,0.0,13:25:50
18650.0,100,-1300.0,-0.1,SD,13207800.0,36361900.0,False,0.0,13:25:50
18650.0,200,-1300.0,-0.1,SD,13207800.0,36361800.0,False,0.0,13:25:50
18650.0,1000,-1300.0,-0.1,SD,13207800.0,36361600.0,False,0.0,13:25:50
18650.0,1000,-1300.0,-0.1,SD,13207800.0,36360600.0,False,0.0,13:25:50
18650.0,300,-1300.0,-0.1,SD,13207800.0,36359600.0,False,0.0,13:25:50
18650.0,15000,-1300.0,-0.1,SD,13207800.0,36359300.0,True,0.0,13:25:50
18650.0,1000,-1300.0,-0.1,SD,13207800.0,36344300.0,False,0.0,13:25:50
18650.0,10000,-1300.0,-0.1,SD,13207800.0,36343300.0,False,0.0,13:25:50
18650.0,500,-1300.0,-0.1,SD,13207800.0,36333300.0,False,0.0,13:25:50
18650.0,200,-1300.0,-0.1,SD,13207800.0,36332800.0,False,0.0,13:25:50
18650.0,300,-1300.0,-0.1,SD,13207800.0,36332600.0,False,0.0,13:25:50
18650.0,100,-1300.0,-0.1,SD,13207800.0,36332300.0,False,0.0,13:25:50
18650.0,100,-1300.0,-0.1,SD,13207800.0,36332200.0,False,0.0,13:25:50
18650.0,3000,-1300.0,-0.1,SD,13207800.0,36332100.0,False,0.0,13:25:50
18650.0,1000,-1300.0,-0.1,SD,13207800.0,36329100.0,False,0.0,13:25:50
18650.0,100,-1300.0,-0.1,SD,13207800.0,36328100.0,False,0.0,13:25:50
18650.0,200,-1300.0,-0.1,SD,13207800.0,36328000.0,False,0.0,13:25:50
18650.0,100,-1300.0,-0.1,SD,13207800.0,36327800.0,False,0.0,13:25:50
18650.0,500,-1300.0,-0.1,SD,13207800.0,36327700.0,False,0.0,13:25:50
18650.0,100,-1300.0,-0.1,SD,13207800.0,36327200.0,False,0.0,13:25:50
18650.0,3000,-1300.0,-0.1,SD,13207800.0,36327100.0,False,0.0,13:25:50
18650.0,5000,-1300.0,-0.1,SD,13207800.0,36324100.0,False,0.0,13:25:50
18650.0,500,-1300.0,-0.1,SD,13207800.0,36319100.0,False,0.0,13:25:50
18650.0,15000,-1300.0,-0.1,SD,13207800.0,36318600.0,True,0.0,13:25:50
18650.0,500,-1300.0,-0.1,SD,13207800.0,36303600.0,False,0.0,13:25:50
18650.0,200,-1300.0,-0.1,SD,13207800.0,36303100.0,False,0.0,13:25:50
18650.0,10000,-1300.0,-0.1,SD,13207800.0,36302900.0,False,0.0,13:25:50
18650.0,200,-1300.0,-0.1,SD,13207800.0,36292900.0,False,0.0,13:25:50
18650.0,200,-1300.0,-0.1,SD,13207800.0,36292700.0,False,0.0,13:25:50
18650.0,1500,-1300.0,-0.1,SD,13207800.0,36292500.0,False,0.0,13:25:50
18650.0,300,-1300.0,-0.1,SD,13207800.0,36291000.0,False,0.0,13:25:50
18650.0,1000,-1300.0,-0.1,SD,13207800.0,36290700.0,False,0.0,13:25:50
18650.0,100,-1300.0,-0.1,SD,13207800.0,36289700.0,False,0.0,13:25:50
18650.0,900,-1300.0,-0.1,SD,13207800.0,36289600.0,False,0.0,13:25:50
18650.0,13400,-1300.0,-0.1,SD,13207800.0,36288700.0,True,0.0,13:25:50
18650.0,5000,-1300.0,-0.1,SD,13207800.0,36275300.0,False,0.0,13:25:50
18650.0,300,-1300.0,-0.1,SD,13207800.0,36270300.0,False,0.0,13:25:50
18650.0,4000,-1300.0,-0.1,SD,13207800.0,36270000.0,False,0.0,13:25:50
18650.0,2000,-1300.0,-0.1,SD,13207800.0,36266000.0,False,0.0,13:25:50
18650.0,9800,-1300.0,-0.1,SD,13207800.0,36264000.0,False,0.0,13:25:50
18650.0,800,-1300.0,-0.1,SD,13207800.0,36254200.0,False,0.0,13:25:50
18650.0,100,-1300.0,-0.1,SD,13207800.0,36253400.0,False,0.0,13:25:50
18650.0,10000,-1300.0,-0.1,SD,13207800.0,36253300.0,False,0.0,13:25:50
18650.0,1000,-1300.0,-0.1,SD,13207800.0,36243300.0,False,0.0,13:25:50
18650.0,2800,-1300.0,-0.1,SD,13207800.0,36242300.0,False,0.0,13:25:50
18650.0,100,-1300.0,-0.1,SD,13207800.0,36239500.0,False,0.0,13:25:50
18650.0,5000,-1300.0,-0.1,SD,13207800.0,36239400.0,False,0.0,13:25:50
18650.0,3000,-1300.0,-0.1,SD,13207800.0,36234400.0,False,0.0,13:25:50
18650.0,10000,-1300.0,-0.1,SD,13207800.0,36231400.0,False,0.0,13:25:50
18650.0,20000,-1300.0,-0.1,SD,13207800.0,36221400.0,True,0.0,13:25:50
18650.0,2000,-1300.0,-0.1,SD,13207800.0,36201400.0,False,0.0,13:25:50
18650.0,200,-1300.0,-0.1,SD,13207800.0,36199400.0,False,0.0,13:25:50
18650.0,1000,-1300.0,-0.1,SD,13207800.0,36199200.0,False,0.0,13:25:50
18650.0,5000,-1300.0,-0.1,SD,13207800.0,36198200.0,False,0.0,13:25:50
18650.0,1000,-1300.0,-0.1,SD,13207800.0,36193200.0,False,0.0,13:25:50
18650.0,3000,-1300.0,-0.1,SD,13207800.0,36192200.0,False,0.0,13:25:50
18650.0,2000,-1300.0,-0.1,SD,13207800.0,36189200.0,False,0.0,13:25:50
18650.0,300,-1300.0,-0.1,SD,13207800.0,36187200.0,False,0.0,13:25:50
18650.0,16000,-1300.0,-0.1,SD,13207800.0,36186900.0,True,0.0,13:25:50
18650.0,1000,-1300.0,-0.1,SD,13207800.0,36170900.0,False,0.0,13:25:50
18650.0,100,-1300.0,-0.1,SD,13207800.0,36169900.0,False,0.0,13:25:50
18650.0,10000,-1300.0,-0.1,SD,13207800.0,36169800.0,False,0.0,13:25:50
18650.0,300,-1300.0,-0.1,SD,13207800.0,36159800.0,False,0.0,13:25:50
18650.0,10000,-1300.0,-0.1,SD,13207800.0,36159500.0,False,0.0,13:25:50
18650.0,10000,-1300.0,-0.1,SD,13207800.0,36149500.0,False,0.0,13:25:50
18650.0,1500,-1300.0,-0.1,SD,13207800.0,36139500.0,False,0.0,13:25:50
18650.0,2000,-1300.0,-0.1,SD,13207800.0,36138000.0,False,0.0,13:25:50
18650.0,300,-1300.0,-0.1,SD,13207800.0,36136000.0,False,0.0,13:25:50
18650.0,200,-1300.0,-0.1,SD,13207800.0,36135700.0,False,0.0,13:25:50
18650.0,500,-1300.0,-0.1,SD,13207800.0,36135500.0,False,0.0,13:25:50
18650.0,200,-1300.0,-0.1,SD,13207800.0,36135000.0,False,0.0,13:25:50
18650.0,2000,-1300.0,-0.1,SD,13207800.0,36134800.0,False,0.0,13:25:50
18650.0,500,-1300.0,-0.1,SD,13207800.0,36132800.0,False,0.0,13:25:50
18650.0,3000,-1300.0,-0.1,SD,13207800.0,36132300.0,False,0.0,13:25:50
18650.0,1000,-1300.0,-0.1,SD,13207800.0,36129300.0,False,0.0,13:25:50
18650.0,2000,-1300.0,-0.1,SD,13207800.0,36128300.0,False,0.0,13:25:50
18650.0,1000,-1300.0,-0.1,SD,13207800.0,36126300.0,False,0.0,13:25:50
18650.0,20000,-1300.0,-0.1,SD,13207800.0,36125300.0,True,0.0,13:25:50
18650.0,10000,-1300.0,-0.1,SD,13207800.0,36105300.0,False,0.0,13:25:50
18650.0,100,-1300.0,-0.1,SD,13207800.0,36095300.0,False,0.0,13:25:50
18650.0,100,-1300.0,-0.1,SD,13207800.0,36095200.0,False,0.0,13:25:50
18650.0,100,-1300.0,-0.1,SD,13207800.0,36095100.0,False,0.0,13:25:50
18650.0,100,-1300.0,-0.1,SD,13207800.0,36095000.0,False,0.0,13:25:50
18650.0,100,-1300.0,-0.1,SD,13207800.0,36094900.0,False,0.0,13:25:50
18650.0,1000,-1300.0,-0.1,SD,13207800.0,36094800.0,False,0.0,13:25:50
18650.0,400,-1300.0,-0.1,SD,13207800.0,36093800.0,False,0.0,13:25:50
18650.0,100,-1300.0,-0.1,SD,13207800.0,36093400.0,False,0.0,13:25:50
18650.0,20000,-1300.0,-0.1,SD,13207800.0,36093300.0,True,0.0,13:25:50
18650.0,1500,-1300.0,-0.1,SD,13207800.0,36073300.0,False,0.0,13:25:50
18650.0,1000,-1300.0,-0.1,SD,13207800.0,36071800.0,False,0.0,13:25:50
18650.0,600,-1300.0,-0.1,SD,13207800.0,36070800.0,False,0.0,13:25:50
18650.0,500,-1300.0,-0.1,SD,13207800.0,36070200.0,False,0.0,13:25:50
18650.0,1000,-1300.0,-0.1,SD,13207800.0,36069700.0,False,0.0,13:25:50
18650.0,1000,-1300.0,-0.1,SD,13207800.0,36068700.0,False,0.0,13:25:50
18650.0,200,-1300.0,-0.1,SD,13207800.0,36067700.0,False,0.0,13:25:50
18650.0,500,-1300.0,-0.1,SD,13207800.0,36067500.0,False,0.0,13:25:50
18650.0,500,-1300.0,-0.1,SD,13207800.0,36067000.0,False,0.0,13:25:50
18650.0,400,-1300.0,-0.1,SD,13207800.0,36066500.0,False,0.0,13:25:50
18650.0,3000,-1300.0,-0.1,SD,13207800.0,36066100.0,False,0.0,13:25:50
18650.0,3300,-1300.0,-0.1,SD,13207800.0,36063100.0,False,0.0,13:25:50
18650.0,100,-1300.0,-0.1,SD,13207800.0,36059800.0,False,0.0,13:25:50
18650.0,3000,-1300.0,-0.1,SD,13207800.0,36059700.0,False,0.0,13:25:50
18650.0,1000,-1300.0,-0.1,SD,13207800.0,36056700.0,False,0.0,13:25:50
18650.0,12100,-1300.0,-0.1,SD,13207800.0,36055700.0,True,-50.0,13:25:50
18700.0,1000,-1250.0,-0.1,BU,13207800.0,36043600.0,False,0.0,13:25:50
18700.0,5000,-1250.0,-0.1,BU,13206800.0,36043600.0,False,0.0,13:25:50
18700.0,100,-1250.0,-0.1,BU,13201800.0,36043600.0,False,50.0,13:25:49
18650.0,7900,-1300.0,-0.1,SD,13201700.0,36043600.0,False,0.0,13:25:49
18650.0,100,-1300.0,-0.1,SD,13201700.0,36035700.0,False,0.0,13:25:49
18650.0,100,-1300.0,-0.1,SD,13201700.0,36035600.0,False,0.0,13:25:49
18650.0,200,-1300.0,-0.1,SD,13201700.0,36035500.0,False,0.0,13:25:49
18650.0,1000,-1300.0,-0.1,SD,13201700.0,36035300.0,False,0.0,13:25:49
18650.0,2500,-1300.0,-0.1,SD,13201700.0,36034300.0,False,0.0,13:25:48
18650.0,500,-1300.0,-0.1,SD,13201700.0,36031800.0,False,-50.0,13:25:48
18700.0,5000,-1250.0,-0.1,BU,13201700.0,36031300.0,False,50.0,13:25:48
18650.0,500,-1300.0,-0.1,SD,13196700.0,36031300.0,False,0.0,13:25:48
18650.0,200,-1300.0,-0.1,SD,13196700.0,36030800.0,False,0.0,13:25:48
18650.0,9300,-1300.0,-0.1,SD,13196700.0,36030600.0,False,-50.0,13:25:48
18700.0,900,-1250.0,-0.1,BU,13196700.0,36021300.0,False,50.0,13:25:47
18650.0,5700,-1300.0,-0.1,SD,13195800.0,36021300.0,False,0.0,13:25:47
18650.0,1000,-1300.0,-0.1,SD,13195800.0,36015600.0,False,0.0,13:25:47
18650.0,1000,-1300.0,-0.1,SD,13195800.0,36014600.0,False,0.0,13:25:47
18650.0,100,-1300.0,-0.1,SD,13195800.0,36013600.0,False,0.0,13:25:47
18650.0,10000,-1300.0,-0.1,SD,13195800.0,36013500.0,False,0.0,13:25:47
18650.0,500,-1300.0,-0.1,SD,13195800.0,36003500.0,False,0.0,13:25:47
18650.0,1000,-1300.0,-0.1,SD,13195800.0,36003000.0,False,0.0,13:25:47
18650.0,200,-1300.0,-0.1,SD,13195800.0,36002000.0,False,0.0,13:25:47
18650.0,100,-1300.0,-0.1,SD,13195800.0,36001800.0,False,0.0,13:25:47
18650.0,500,-1300.0,-0.1,SD,13195800.0,36001700.0,False,0.0,13:25:47
18650.0,5000,-1300.0,-0.1,SD,13195800.0,36001200.0,False,0.0,13:25:47
18650.0,200,-1300.0,-0.1,SD,13195800.0,35996200.0,False,0.0,13:25:47
18650.0,1000,-1300.0,-0.1,SD,13195800.0,35996000.0,False,0.0,13:25:47
18650.0,500,-1300.0,-0.1,SD,13195800.0,35995000.0,False,0.0,13:25:47
18650.0,500,-1300.0,-0.1,SD,13195800.0,35994500.0,False,0.0,13:25:47
18650.0,2000,-1300.0,-0.1,SD,13195800.0,35994000.0,False,0.0,13:25:47
18650.0,100,-1300.0,-0.1,SD,13195800.0,35992000.0,False,0.0,13:25:47
18650.0,500,-1300.0,-0.1,SD,13195800.0,35991900.0,False,0.0,13:25:47
18650.0,100,-1300.0,-0.1,SD,13195800.0,35991400.0,False,0.0,13:25:47
18650.0,200,-1300.0,-0.1,SD,13195800.0,35991300.0,False,0.0,13:25:46
18650.0,2000,-1300.0,-0.1,SD,13195800.0,35991100.0,False,0.0,13:25:46
18650.0,200,-1300.0,-0.1,SD,13195800.0,35989100.0,False,0.0,13:25:46
18650.0,200,-1300.0,-0.1,SD,13195800.0,35988900.0,False,0.0,13:25:46
18650.0,200,-1300.0,-0.1,SD,13195800.0,35988700.0,False,0.0,13:25:46
18650.0,100,-1300.0,-0.1,SD,13195800.0,35988500.0,False,0.0,13:25:46
18650.0,500,-1300.0,-0.1,SD,13195800.0,35988400.0,False,0.0,13:25:46
18650.0,10000,-1300.0,-0.1,SD,13195800.0,35987900.0,False,0.0,13:25:46
18650.0,10000,-1300.0,-0.1,SD,13195800.0,35977900.0,False,0.0,13:25:46
18650.0,100,-1300.0,-0.1,SD,13195800.0,35967900.0,False,0.0,13:25:46
18650.0,1000,-1300.0,-0.1,SD,13195800.0,35967800.0,False,0.0,13:25:46
18650.0,200,-1300.0,-0.1,SD,13195800.0,35966800.0,False,0.0,13:25:46
18650.0,200,-1300.0,-0.1,SD,13195800.0,35966600.0,False,0.0,13:25:46
18650.0,500,-1300.0,-0.1,SD,13195800.0,35966400.0,False,0.0,13:25:46
18650.0,300,-1300.0,-0.1,SD,13195800.0,35965900.0,False,0.0,13:25:46
18650.0,100,-1300.0,-0.1,SD,13195800.0,35965600.0,False,-50.0,13:25:46
18700.0,500,-1250.0,-0.1,BU,13195800.0,35965500.0,False,50.0,13:25:46
18650.0,200,-1300.0,-0.1,SD,13195300.0,35965500.0,False,0.0,13:25:46
18650.0,100,-1300.0,-0.1,SD,13195300.0,35965300.0,False,0.0,13:25:46
18650.0,200,-1300.0,-0.1,SD,13195300.0,35965200.0,False,0.0,13:25:46
18650.0,700,-1300.0,-0.1,SD,13195300.0,35965000.0,False,0.0,13:25:46
18650.0,3800,-1300.0,-0.1,SD,13195300.0,35964300.0,False,0.0,13:25:46
18650.0,1200,-1300.0,-0.1,SD,13195300.0,35960500.0,False,0.0,13:25:44
18650.0,500,-1300.0,-0.1,SD,13195300.0,35959300.0,False,0.0,13:25:44
18650.0,100,-1300.0,-0.1,SD,13195300.0,35958800.0,False,0.0,13:25:44
18650.0,2000,-1300.0,-0.1,SD,13195300.0,35958700.0,False,0.0,13:25:44
18650.0,1000,-1300.0,-0.1,SD,13195300.0,35956700.0,False,0.0,13:25:44
18650.0,200,-1300.0,-0.1,SD,13195300.0,35955700.0,False,-50.0,13:25:44
18700.0,300,-1250.0,-0.1,BU,13195300.0,35955500.0,False,0.0,13:25:44
18700.0,100,-1250.0,-0.1,BU,13195000.0,35955500.0,False,0.0,13:25:43
18700.0,700,-1250.0,-0.1,BU,13194900.0,35955500.0,False,0.0,13:25:43
18700.0,500,-1250.0,-0.1,BU,13194200.0,35955500.0,False,0.0,13:25:43
18700.0,2300,-1250.0,-0.1,BU,13193700.0,35955500.0,False,0.0,13:25:43
18700.0,2000,-1250.0,-0.1,BU,13191400.0,35955500.0,False,50.0,13:25:43
18650.0,1000,-1300.0,-0.1,SD,13189400.0,35955500.0,False,0.0,13:25:43
18650.0,2000,-1300.0,-0.1,SD,13189400.0,35954500.0,False,0.0,13:25:41
18650.0,2000,-1300.0,-0.1,SD,13189400.0,35952500.0,False,0.0,13:25:41
18650.0,100,-1300.0,-0.1,SD,13189400.0,35950500.0,False,0.0,13:25:41
18650.0,100,-1300.0,-0.1,SD,13189400.0,35950400.0,False,0.0,13:25:41
18650.0,500,-1300.0,-0.1,SD,13189400.0,35950300.0,False,0.0,13:25:41
18650.0,300,-1300.0,-0.1,SD,13189400.0,35949800.0,False,-50.0,13:25:41
18700.0,200,-1250.0,-0.1,BU,13189400.0,35949500.0,False,0.0,13:25:41
18700.0,1000,-1250.0,-0.1,BU,13189200.0,35949500.0,False,0.0,13:25:40
18700.0,10000,-1250.0,-0.1,BU,13188200.0,35949500.0,False,0.0,13:25:40
18700.0,200,-1250.0,-0.1,BU,13178200.0,35949500.0,False,0.0,13:25:39
18700.0,100,-1250.0,-0.1,BU,13178000.0,35949500.0,False,0.0,13:25:39
18700.0,1000,-1250.0,-0.1,BU,13177900.0,35949500.0,False,0.0,13:25:39
18700.0,100,-1250.0,-0.1,BU,13176900.0,35949500.0,False,0.0,13:25:39
18700.0,2000,-1250.0,-0.1,BU,13176800.0,35949500.0,False,0.0,13:25:38
18700.0,500,-1250.0,-0.1,BU,13174800.0,35949500.0,False,0.0,13:25:38
18700.0,1000,-1250.0,-0.1,BU,13174300.0,35949500.0,False,0.0,13:25:38
18700.0,100,-1250.0,-0.1,BU,13173300.0,35949500.0,False,0.0,13:25:38
18700.0,1000,-1250.0,-0.1,BU,13173200.0,35949500.0,False,0.0,13:25:38
18700.0,2000,-1250.0,-0.1,BU,13172200.0,35949500.0,False,0.0,13:25:37
18700.0,600,-1250.0,-0.1,BU,13170200.0,35949500.0,False,0.0,13:25:37
18700.0,1000,-1250.0,-0.1,BU,13169600.0,35949500.0,False,0.0,13:25:37
18700.0,500,-1250.0,-0.1,BU,13168600.0,35949500.0,False,0.0,13:25:37
18700.0,100,-1250.0,-0.1,BU,13168100.0,35949500.0,False,0.0,13:25:37
18700.0,300,-1250.0,-0.1,BU,13168000.0,35949500.0,False,0.0,13:25:37
18700.0,100,-1250.0,-0.1,BU,13167700.0,35949500.0,False,0.0,13:25:37
18700.0,100,-1250.0,-0.1,BU,13167600.0,35949500.0,False,0.0,13:25:37
18700.0,100,-1250.0,-0.1,BU,13167500.0,35949500.0,False,0.0,13:25:37
18700.0,500,-1250.0,-0.1,BU,13167400.0,35949500.0,False,0.0,13:25:37
18700.0,1000,-1250.0,-0.1,BU,13166900.0,35949500.0,False,0.0,13:25:37
18700.0,100,-1250.0,-0.1,BU,13165900.0,35949500.0,False,0.0,13:25:37
18700.0,100,-1250.0,-0.1,BU,13165800.0,35949500.0,False,0.0,13:25:37
18700.0,200,-1250.0,-0.1,BU,13165700.0,35949500.0,False,0.0,13:25:37
18700.0,100,-1250.0,-0.1,BU,13165500.0,35949500.0,False,0.0,13:25:37
18700.0,600,-1250.0,-0.1,BU,13165400.0,35949500.0,False,0.0,13:25:37
18700.0,100,-1250.0,-0.1,BU,13164800.0,35949500.0,False,0.0,13:25:37
18700.0,100,-1250.0,-0.1,BU,13164700.0,35949500.0,False,0.0,13:25:37
18700.0,100,-1250.0,-0.1,BU,13164600.0,35949500.0,False,0.0,13:25:37
18700.0,3600,-1250.0,-0.1,BU,13164500.0,35949500.0,False,0.0,13:25:37
18700.0,200,-1250.0,-0.1,BU,13160900.0,35949500.0,False,0.0,13:25:37
18700.0,1900,-1250.0,-0.1,BU,13160700.0,35949500.0,False,0.0,13:25:37
18700.0,1100,-1250.0,-0.1,BU,13158800.0,35949500.0,False,0.0,13:25:37
18700.0,1000,-1250.0,-0.1,BU,13157700.0,35949500.0,False,0.0,13:25:37
18700.0,100,-1250.0,-0.1,BU,13156700.0,35949500.0,False,0.0,13:25:37
18700.0,1000,-1250.0,-0.1,BU,13156600.0,35949500.0,False,0.0,13:25:37
18700.0,1000,-1250.0,-0.1,BU,13155600.0,35949500.0,False,0.0,13:25:37
18700.0,100,-1250.0,-0.1,BU,13154600.0,35949500.0,False,0.0,13:25:37
18700.0,200,-1250.0,-0.1,BU,13154500.0,35949500.0,False,0.0,13:25:37
18700.0,1500,-1250.0,-0.1,BU,13154300.0,35949500.0,False,0.0,13:25:37
18700.0,100,-1250.0,-0.1,BU,13152800.0,35949500.0,False,0.0,13:25:37
18700.0,400,-1250.0,-0.1,BU,13152700.0,35949500.0,False,0.0,13:25:37
18700.0,1000,-1250.0,-0.1,BU,13152300.0,35949500.0,False,0.0,13:25:37
18700.0,100,-1250.0,-0.1,BU,13151300.0,35949500.0,False,0.0,13:25:37
18700.0,1000,-1250.0,-0.1,BU,13151200.0,35949500.0,False,0.0,13:25:37
18700.0,100,-1250.0,-0.1,BU,13150200.0,35949500.0,False,0.0,13:25:37
18700.0,100,-1250.0,-0.1,BU,13150100.0,35949500.0,False,0.0,13:25:37
18700.0,100,-1250.0,-0.1,BU,13150000.0,35949500.0,False,0.0,13:25:37
18700.0,100,-1250.0,-0.1,BU,13149900.0,35949500.0,False,0.0,13:25:37
18700.0,3300,-1250.0,-0.1,BU,13149800.0,35949500.0,False,0.0,13:25:37
18700.0,3600,-1250.0,-0.1,BU,13146500.0,35949500.0,False,0.0,13:25:37
18700.0,100,-1250.0,-0.1,BU,13142900.0,35949500.0,False,0.0,13:25:37
18700.0,700,-1250.0,-0.1,BU,13142800.0,35949500.0,False,0.0,13:25:37
18700.0,1000,-1250.0,-0.1,BU,13142100.0,35949500.0,False,0.0,13:25:37
18700.0,2300,-1250.0,-0.1,BU,13141100.0,35949500.0,False,0.0,13:25:37
18700.0,100,-1250.0,-0.1,BU,13138800.0,35949500.0,False,0.0,13:25:37
18700.0,100,-1250.0,-0.1,BU,13138700.0,35949500.0,False,0.0,13:25:37
18700.0,300,-1250.0,-0.1,BU,13138600.0,35949500.0,False,0.0,13:25:37
18700.0,5000,-1250.0,-0.1,BU,13138300.0,35949500.0,False,0.0,13:25:37
18700.0,10000,-1250.0,-0.1,BU,13133300.0,35949500.0,False,0.0,13:25:37
18700.0,200,-1250.0,-0.1,BU,13123300.0,35949500.0,False,0.0,13:25:37
18700.0,300,-1250.0,-0.1,BU,13123100.0,35949500.0,False,0.0,13:25:37
18700.0,100,-1250.0,-0.1,BU,13122800.0,35949500.0,False,0.0,13:25:37
18700.0,2000,-1250.0,-0.1,BU,13122700.0,35949500.0,False,0.0,13:25:37
18700.0,500,-1250.0,-0.1,BU,13120700.0,35949500.0,False,0.0,13:25:37
18700.0,100,-1250.0,-0.1,BU,13120200.0,35949500.0,False,0.0,13:25:37
18700.0,900,-1250.0,-0.1,SD,13120100.0,35949500.0,False,0.0,13:25:37
18700.0,500,-1250.0,-0.1,SD,13120100.0,35948600.0,False,0.0,13:25:37
18700.0,1000,-1250.0,-0.1,SD,13120100.0,35948100.0,False,0.0,13:25:37
18700.0,100,-1250.0,-0.1,SD,13120100.0,35947100.0,False,0.0,13:25:37
18700.0,200,-1250.0,-0.1,SD,13120100.0,35947000.0,False,0.0,13:25:37
18700.0,2000,-1250.0,-0.1,SD,13120100.0,35946800.0,False,0.0,13:25:37
18700.0,500,-1250.0,-0.1,SD,13120100.0,35944800.0,False,0.0,13:25:37
18700.0,1000,-1250.0,-0.1,SD,13120100.0,35944300.0,False,0.0,13:25:37
18700.0,300,-1250.0,-0.1,SD,13120100.0,35943300.0,False,0.0,13:25:37
18700.0,100,-1250.0,-0.1,SD,13120100.0,35943000.0,False,0.0,13:25:37
18700.0,100,-1250.0,-0.1,SD,13120100.0,35942900.0,False,0.0,13:25:37
18700.0,300,-1250.0,-0.1,SD,13120100.0,35942800.0,False,0.0,13:25:37
18700.0,100,-1250.0,-0.1,SD,13120100.0,35942500.0,False,0.0,13:25:37
18700.0,100,-1250.0,-0.1,SD,13120100.0,35942400.0,False,0.0,13:25:37
18700.0,1000,-1250.0,-0.1,SD,13120100.0,35942300.0,False,0.0,13:25:37
18700.0,1800,-1250.0,-0.1,SD,13120100.0,35941300.0,False,0.0,13:25:37
18700.0,200,-1250.0,-0.1,SD,13120100.0,35939500.0,False,0.0,13:25:37
18700.0,400,-1250.0,-0.1,SD,13120100.0,35939300.0,False,0.0,13:25:37
18700.0,300,-1250.0,-0.1,SD,13120100.0,35938900.0,False,0.0,13:25:36
18700.0,300,-1250.0,-0.1,SD,13120100.0,35938600.0,False,0.0,13:25:36
18700.0,1000,-1250.0,-0.1,SD,13120100.0,35938300.0,False,0.0,13:25:36
18700.0,19700,-1250.0,-0.1,SD,13120100.0,35937300.0,True,0.0,13:25:36
18700.0,100,-1250.0,-0.1,SD,13120100.0,35917600.0,False,0.0,13:25:36
18700.0,5000,-1250.0,-0.1,SD,13120100.0,35917500.0,False,0.0,13:25:36
18700.0,1000,-1250.0,-0.1,SD,13120100.0,35912500.0,False,-50.0,13:25:35
18750.0,1000,-1200.0,-0.1,BU,13120100.0,35911500.0,False,0.0,13:25:35
18750.0,7000,-1200.0,-0.1,BU,13119100.0,35911500.0,False,50.0,13:25:35
18700.0,3000,-1250.0,-0.1,SD,13112100.0,35911500.0,False,0.0,13:25:35
18700.0,1200,-1250.0,-0.1,SD,13112100.0,35908500.0,False,0.0,13:25:35
18700.0,200,-1250.0,-0.1,SD,13112100.0,35907300.0,False,0.0,13:25:35
18700.0,1000,-1250.0,-0.1,SD,13112100.0,35907100.0,False,0.0,13:25:35
18700.0,1800,-1250.0,-0.1,SD,13112100.0,35906100.0,False,0.0,13:25:35
18700.0,100,-1250.0,-0.1,SD,13112100.0,35904300.0,False,0.0,13:25:35
18700.0,500,-1250.0,-0.1,SD,13112100.0,35904200.0,False,0.0,13:25:35
18700.0,100,-1250.0,-0.1,SD,13112100.0,35903600.0,False,0.0,13:25:35
18700.0,100,-1250.0,-0.1,SD,13112100.0,35903500.0,False,0.0,13:25:35
18700.0,100,-1250.0,-0.1,SD,13112100.0,35900400.0,False,0.0,13:25:35
18700.0,200,-1250.0,-0.1,SD,13112100.0,35900300.0,False,0.0,13:25:35
18700.0,500,-1250.0,-0.1,SD,13112100.0,35900100.0,False,0.0,13:25:35
18700.0,2200,-1250.0,-0.1,SD,13112100.0,35899600.0,False,0.0,13:25:35
18700.0,100,-1250.0,-0.1,SD,13112100.0,35897400.0,False,0.0,13:25:35
18700.0,100,-1250.0,-0.1,SD,13112100.0,35897300.0,False,0.0,13:25:35
18700.0,1000,-1250.0,-0.1,SD,13112100.0,35897200.0,False,0.0,13:25:35
18700.0,7000,-1250.0,-0.1,SD,13112100.0,35896200.0,False,0.0,13:25:35
18700.0,100,-1250.0,-0.1,SD,13112100.0,35889200.0,False,0.0,13:25:35
18700.0,200,-1250.0,-0.1,SD,13112100.0,35889100.0,False,0.0,13:25:35
18700.0,100,-1250.0,-0.1,SD,13112100.0,35888900.0,False,0.0,13:25:35
18700.0,2000,-1250.0,-0.1,SD,13112100.0,35888800.0,False,0.0,13:25:35
18700.0,1000,-1250.0,-0.1,SD,13112100.0,35886800.0,False,0.0,13:25:35
18700.0,100,-1250.0,-0.1,SD,13112100.0,35885800.0,False,0.0,13:25:35
18700.0,5000,-1250.0,-0.1,SD,13112100.0,35885700.0,False,0.0,13:25:35
18700.0,100,-1250.0,-0.1,SD,13112100.0,35880700.0,False,0.0,13:25:35
18700.0,5000,-1250.0,-0.1,SD,13112100.0,35880600.0,False,0.0,13:25:35
18700.0,5000,-1250.0,-0.1,SD,13112100.0,35873600.0,False,0.0,13:25:35
18700.0,1000,-1250.0,-0.1,SD,13112100.0,35868600.0,False,0.0,13:25:35
18700.0,100,-1250.0,-0.1,SD,13112100.0,35867600.0,False,0.0,13:25:35
18700.0,300,-1250.0,-0.1,SD,13112100.0,35867500.0,False,0.0,13:25:35
18700.0,1500,-1250.0,-0.1,SD,13112100.0,35867200.0,False,0.0,13:25:35
18700.0,3000,-1250.0,-0.1,SD,13112100.0,35865700.0,False,0.0,13:25:35
18700.0,3700,-1250.0,-0.1,SD,13112100.0,35862700.0,False,0.0,13:25:35
18700.0,6200,-1250.0,-0.1,SD,13112100.0,35858800.0,False,0.0,13:25:35
18700.0,300,-1250.0,-0.1,SD,13112100.0,35852600.0,False,0.0,13:25:35
18700.0,100,-1250.0,-0.1,SD,13112100.0,35903700.0,False,0.0,13:25:34
18700.0,3000,-1250.0,-0.1,SD,13112100.0,35903400.0,False,0.0,13:25:34
18700.0,2000,-1250.0,-0.1,SD,13112100.0,35875600.0,False,0.0,13:25:34
18700.0,200,-1250.0,-0.1,SD,13112100.0,35859000.0,False,0.0,13:25:34
18700.0,500,-1250.0,-0.1,SD,13112100.0,35852300.0,False,0.0,13:25:34
18700.0,100,-1250.0,-0.1,SD,13112100.0,35851800.0,False,0.0,13:25:34
18700.0,500,-1250.0,-0.1,SD,13112100.0,35851700.0,False,0.0,13:25:34
18700.0,500,-1250.0,-0.1,SD,13112100.0,35851200.0,False,0.0,13:25:34
18700.0,5000,-1250.0,-0.1,SD,13112100.0,35850700.0,False,0.0,13:25:34
18700.0,300,-1250.0,-0.1,SD,13112100.0,35845700.0,False,0.0,13:25:34
18700.0,200,-1250.0,-0.1,SD,13112100.0,35845400.0,False,0.0,13:25:34
18700.0,1000,-1250.0,-0.1,SD,13112100.0,35845200.0,False,0.0,13:25:34
18700.0,15000,-1250.0,-0.1,SD,13112100.0,35844200.0,True,0.0,13:25:34
18700.0,500,-1250.0,-0.1,SD,13112100.0,35829200.0,False,0.0,13:25:34
18700.0,2500,-1250.0,-0.1,SD,13112100.0,35828700.0,False,0.0,13:25:34
18700.0,100,-1250.0,-0.1,SD,13112100.0,35826200.0,False,0.0,13:25:34
18700.0,100,-1250.0,-0.1,SD,13112100.0,35826100.0,False,0.0,13:25:34
18700.0,200,-1250.0,-0.1,SD,13112100.0,35826000.0,False,0.0,13:25:34
18700.0,100,-1250.0,-0.1,SD,13112100.0,35825800.0,False,0.0,13:25:34
18700.0,200,-1250.0,-0.1,SD,13112100.0,35825700.0,False,0.0,13:25:34
18700.0,200,-1250.0,-0.1,SD,13112100.0,35825500.0,False,0.0,13:25:34
18700.0,300,-1250.0,-0.1,SD,13112100.0,35825300.0,False,0.0,13:25:34
18700.0,100,-1250.0,-0.1,SD,13112100.0,35825000.0,False,0.0,13:25:34
18700.0,500,-1250.0,-0.1,SD,13112100.0,35824900.0,False,0.0,13:25:34
18700.0,200,-1250.0,-0.1,SD,13112100.0,35824400.0,False,0.0,13:25:34
18700.0,300,-1250.0,-0.1,SD,13112100.0,35824200.0,False,0.0,13:25:34
18700.0,300,-1250.0,-0.1,SD,13112100.0,35823900.0,False,0.0,13:25:34
18700.0,2000,-1250.0,-0.1,SD,13112100.0,35823600.0,False,0.0,13:25:34
18700.0,10000,-1250.0,-0.1,SD,13112100.0,35821600.0,False,0.0,13:25:34
18700.0,100,-1250.0,-0.1,SD,13112100.0,35811600.0,False,0.0,13:25:34
18700.0,300,-1250.0,-0.1,SD,13112100.0,35811500.0,False,0.0,13:25:34
18700.0,100,-1250.0,-0.1,SD,13112100.0,35811200.0,False,0.0,13:25:34
18700.0,3000,-1250.0,-0.1,SD,13112100.0,35811100.0,False,0.0,13:25:34
18700.0,100,-1250.0,-0.1,SD,13112100.0,35808100.0,False,0.0,13:25:34
18700.0,200,-1250.0,-0.1,SD,13112100.0,35808000.0,False,0.0,13:25:34
18700.0,3000,-1250.0,-0.1,SD,13112100.0,35807800.0,False,0.0,13:25:34
18700.0,100,-1250.0,-0.1,SD,13112100.0,35804800.0,False,0.0,13:25:34
18700.0,1200,-1250.0,-0.1,SD,13112100.0,35804700.0,False,0.0,13:25:34
18700.0,200,-1250.0,-0.1,SD,13112100.0,35803500.0,False,0.0,13:25:34
18700.0,2000,-1250.0,-0.1,SD,13112100.0,35803300.0,False,0.0,13:25:34
18700.0,500,-1250.0,-0.1,SD,13112100.0,35801300.0,False,0.0,13:25:34
18700.0,5000,-1250.0,-0.1,SD,13112100.0,35800800.0,False,0.0,13:25:34
18700.0,100,-1250.0,-0.1,SD,13112100.0,35795800.0,False,0.0,13:25:34
18700.0,100,-1250.0,-0.1,SD,13112100.0,35795700.0,False,0.0,13:25:34
18700.0,500,-1250.0,-0.1,SD,13112100.0,35795600.0,False,0.0,13:25:34
18700.0,2500,-1250.0,-0.1,SD,13112100.0,35795100.0,False,0.0,13:25:34
18700.0,1000,-1250.0,-0.1,SD,13112100.0,35792600.0,False,0.0,13:25:34
18700.0,3000,-1250.0,-0.1,SD,13112100.0,35791600.0,False,0.0,13:25:34
18700.0,1000,-1250.0,-0.1,SD,13112100.0,35788600.0,False,0.0,13:25:34
18700.0,500,-1250.0,-0.1,SD,13112100.0,35787600.0,False,0.0,13:25:34
18700.0,5300,-1250.0,-0.1,SD,13112100.0,35787100.0,False,0.0,13:25:34
18700.0,100,-1250.0,-0.1,SD,13112100.0,35781800.0,False,0.0,13:25:34
18700.0,1000,-1250.0,-0.1,SD,13112100.0,35781700.0,False,0.0,13:25:34
18700.0,10000,-1250.0,-0.1,SD,13112100.0,35780700.0,False,0.0,13:25:34
18700.0,100,-1250.0,-0.1,SD,13112100.0,35770700.0,False,0.0,13:25:34
18700.0,200,-1250.0,-0.1,SD,13112100.0,35770600.0,False,0.0,13:25:34
18700.0,700,-1250.0,-0.1,SD,13112100.0,35770400.0,False,0.0,13:25:34
18700.0,1000,-1250.0,-0.1,SD,13112100.0,35769700.0,False,0.0,13:25:34
18700.0,500,-1250.0,-0.1,SD,13112100.0,35768700.0,False,0.0,13:25:34
18700.0,9700,-1250.0,-0.1,SD,13112100.0,35768200.0,False,0.0,13:25:34
18700.0,3700,-1250.0,-0.1,SD,13112100.0,35758500.0,False,0.0,13:25:34
18700.0,6600,-1250.0,-0.1,SD,13112100.0,35754800.0,False,0.0,13:25:33
18700.0,4000,-1250.0,-0.1,SD,13112100.0,35748200.0,False,0.0,13:25:33
18700.0,100,-1250.0,-0.1,SD,13112100.0,35744200.0,False,0.0,13:25:33
18700.0,2000,-1250.0,-0.1,SD,13112100.0,35744100.0,False,0.0,13:25:33
18700.0,500,-1250.0,-0.1,SD,13112100.0,35742100.0,False,0.0,13:25:33
18700.0,100,-1250.0,-0.1,SD,13112100.0,35741600.0,False,0.0,13:25:33
18700.0,500,-1250.0,-0.1,SD,13112100.0,35741500.0,False,0.0,13:25:33
18700.0,100,-1250.0,-0.1,SD,13112100.0,35741000.0,False,0.0,13:25:33
18700.0,5000,-1250.0,-0.1,SD,13112100.0,35740900.0,False,0.0,13:25:33
18700.0,800,-1250.0,-0.1,SD,13112100.0,35735900.0,False,0.0,13:25:33
18700.0,1000,-1250.0,-0.1,SD,13112100.0,35735100.0,False,0.0,13:25:33
18700.0,2300,-1250.0,-0.1,SD,13112100.0,35734100.0,False,0.0,13:25:33
18700.0,2000,-1250.0,-0.1,SD,13112100.0,35731800.0,False,0.0,13:25:33
18700.0,700,-1250.0,-0.1,SD,13112100.0,35729800.0,False,0.0,13:25:33
18700.0,400,-1250.0,-0.1,SD,13112100.0,35729100.0,False,0.0,13:25:33
18700.0,900,-1250.0,-0.1,SD,13112100.0,35728700.0,False,0.0,13:25:33
18700.0,100,-1250.0,-0.1,SD,13112100.0,35727800.0,False,0.0,13:25:32
18700.0,500,-1250.0,-0.1,SD,13112100.0,35727700.0,False,0.0,13:25:32
18700.0,200,-1250.0,-0.1,SD,13112100.0,35727200.0,False,0.0,13:25:32
18700.0,300,-1250.0,-0.1,SD,13112100.0,35727000.0,False,0.0,13:25:32
18700.0,300,-1250.0,-0.1,SD,13112100.0,35726700.0,False,-50.0,13:25:32
18750.0,1000,-1200.0,-0.1,BU,13112100.0,35726400.0,False,50.0,13:25:32
18700.0,200,-1250.0,-0.1,SD,13111100.0,35726400.0,False,0.0,13:25:31
18700.0,200,-1250.0,-0.1,SD,13111100.0,35726200.0,False,0.0,13:25:31
18700.0,1000,-1250.0,-0.1,SD,13111100.0,35726000.0,False,0.0,13:25:31
18700.0,500,-1250.0,-0.1,SD,13111100.0,35725000.0,False,0.0,13:25:31
18700.0,500,-1250.0,-0.1,SD,13111100.0,35724500.0,False,0.0,13:25:31
18700.0,1000,-1250.0,-0.1,SD,13111100.0,35724000.0,False,0.0,13:25:31
18700.0,1000,-1250.0,-0.1,SD,13111100.0,35723000.0,False,0.0,13:25:31
18700.0,100,-1250.0,-0.1,SD,13111100.0,35722000.0,False,0.0,13:25:31
18700.0,1000,-1250.0,-0.1,SD,13111100.0,35721900.0,False,0.0,13:25:30
18700.0,1000,-1250.0,-0.1,SD,13111100.0,35720900.0,False,-50.0,13:25:30
18750.0,2600,-1200.0,-0.1,BU,13111100.0,35719900.0,False,0.0,13:25:29
18750.0,500,-1200.0,-0.1,BU,13108500.0,35719900.0,False,50.0,13:25:28
18700.0,2000,-1250.0,-0.1,SD,13108000.0,35719900.0,False,0.0,13:25:28
18700.0,100,-1250.0,-0.1,SD,13108000.0,35717900.0,False,0.0,13:25:28
18700.0,1000,-1250.0,-0.1,SD,13108000.0,35717800.0,False,0.0,13:25:28
18700.0,100,-1250.0,-0.1,SD,13108000.0,35716800.0,False,0.0,13:25:28
18700.0,100,-1250.0,-0.1,SD,13108000.0,35716700.0,False,0.0,13:25:28
18700.0,4000,-1250.0,-0.1,SD,13108000.0,35716600.0,False,0.0,13:25:28
18700.0,3000,-1250.0,-0.1,SD,13108000.0,35712600.0,False,0.0,13:25:28
18700.0,200,-1250.0,-0.1,SD,13108000.0,35709600.0,False,0.0,13:25:28
18700.0,500,-1250.0,-0.1,SD,13108000.0,35709400.0,False,0.0,13:25:28
18700.0,100,-1250.0,-0.1,SD,13108000.0,35708900.0,False,0.0,13:25:28
18700.0,1000,-1250.0,-0.1,SD,13108000.0,35708800.0,False,0.0,13:25:28
18700.0,1000,-1250.0,-0.1,SD,13108000.0,35707800.0,False,0.0,13:25:28
18700.0,100,-1250.0,-0.1,SD,13108000.0,35706800.0,False,0.0,13:25:28
18700.0,200,-1250.0,-0.1,SD,13108000.0,35706700.0,False,0.0,13:25:28
18700.0,100,-1250.0,-0.1,SD,13108000.0,35706500.0,False,0.0,13:25:28
18700.0,100,-1250.0,-0.1,SD,13108000.0,35706400.0,False,0.0,13:25:28
18700.0,300,-1250.0,-0.1,SD,13108000.0,35706300.0,False,0.0,13:25:28
18700.0,500,-1250.0,-0.1,SD,13108000.0,35706000.0,False,0.0,13:25:28
18700.0,400,-1250.0,-0.1,SD,13108000.0,35705500.0,False,0.0,13:25:28
18700.0,4600,-1250.0,-0.1,SD,13108000.0,35705100.0,False,0.0,13:25:28
18700.0,100,-1250.0,-0.1,SD,13108000.0,35700500.0,False,0.0,13:25:28
18700.0,100,-1250.0,-0.1,SD,13108000.0,35700400.0,False,0.0,13:25:28
18700.0,500,-1250.0,-0.1,SD,13108000.0,35700300.0,False,0.0,13:25:28
18700.0,100,-1250.0,-0.1,SD,13108000.0,35699800.0,False,0.0,13:25:28
18700.0,500,-1250.0,-0.1,SD,13108000.0,35699700.0,False,0.0,13:25:28
18700.0,5000,-1250.0,-0.1,SD,13108000.0,35699200.0,False,0.0,13:25:28
18700.0,100,-1250.0,-0.1,SD,13108000.0,35694200.0,False,0.0,13:25:28
18700.0,100,-1250.0,-0.1,SD,13108000.0,35694100.0,False,0.0,13:25:28
18700.0,500,-1250.0,-0.1,SD,13108000.0,35694000.0,False,0.0,13:25:28
18700.0,800,-1250.0,-0.1,SD,13108000.0,35693500.0,False,0.0,13:25:28
18700.0,1000,-1250.0,-0.1,SD,13108000.0,35692700.0,False,0.0,13:25:28
18700.0,2000,-1250.0,-0.1,SD,13108000.0,35691700.0,False,0.0,13:25:28
18700.0,1000,-1250.0,-0.1,SD,13108000.0,35689700.0,False,0.0,13:25:28
18700.0,100,-1250.0,-0.1,SD,13108000.0,35688700.0,False,0.0,13:25:28
18700.0,400,-1250.0,-0.1,SD,13108000.0,35688600.0,False,0.0,13:25:28
18700.0,400,-1250.0,-0.1,SD,13108000.0,35688200.0,False,0.0,13:25:28
18700.0,200,-1250.0,-0.1,SD,13108000.0,35687800.0,False,0.0,13:25:28
18700.0,4000,-1250.0,-0.1,SD,13108000.0,35687600.0,False,0.0,13:25:28
18700.0,2000,-1250.0,-0.1,SD,13108000.0,35683600.0,False,0.0,13:25:28
18700.0,100,-1250.0,-0.1,SD,13108000.0,35681600.0,False,0.0,13:25:28
18700.0,100,-1250.0,-0.1,SD,13108000.0,35681500.0,False,0.0,13:25:28
18700.0,100,-1250.0,-0.1,SD,13108000.0,35681400.0,False,0.0,13:25:28
18700.0,5000,-1250.0,-0.1,SD,13108000.0,35681300.0,False,0.0,13:25:28
18700.0,2000,-1250.0,-0.1,SD,13108000.0,35676300.0,False,0.0,13:25:28
18700.0,300,-1250.0,-0.1,SD,13108000.0,35674300.0,False,0.0,13:25:28
18700.0,1000,-1250.0,-0.1,SD,13108000.0,35674000.0,False,0.0,13:25:28
18700.0,200,-1250.0,-0.1,SD,13108000.0,35673000.0,False,0.0,13:25:28
18700.0,500,-1250.0,-0.1,SD,13108000.0,35672800.0,False,0.0,13:25:28
18700.0,1000,-1250.0,-0.1,SD,13108000.0,35672300.0,False,0.0,13:25:28
18700.0,100,-1250.0,-0.1,SD,13108000.0,35671300.0,False,0.0,13:25:28
18700.0,800,-1250.0,-0.1,SD,13108000.0,35671200.0,False,0.0,13:25:28
18700.0,10000,-1250.0,-0.1,SD,13108000.0,35670400.0,False,0.0,13:25:28
18700.0,4600,-1250.0,-0.1,SD,13108000.0,35660400.0,False,0.0,13:25:28
18700.0,1100,-1250.0,-0.1,SD,13108000.0,35655800.0,False,0.0,13:25:28
18700.0,5000,-1250.0,-0.1,SD,13108000.0,35654700.0,False,0.0,13:25:28
18700.0,1000,-1250.0,-0.1,SD,13108000.0,35649700.0,False,0.0,13:25:28
18700.0,100,-1250.0,-0.1,SD,13108000.0,35648700.0,False,0.0,13:25:28
18700.0,1000,-1250.0,-0.1,SD,13108000.0,35648600.0,False,0.0,13:25:28
18700.0,500,-1250.0,-0.1,SD,13108000.0,35647600.0,False,0.0,13:25:28
18700.0,300,-1250.0,-0.1,SD,13108000.0,35647100.0,False,0.0,13:25:28
18700.0,10000,-1250.0,-0.1,SD,13108000.0,35646800.0,False,0.0,13:25:28
18700.0,100,-1250.0,-0.1,SD,13108000.0,35636800.0,False,0.0,13:25:28
18700.0,2000,-1250.0,-0.1,SD,13108000.0,35636700.0,False,0.0,13:25:28
18700.0,2000,-1250.0,-0.1,SD,13108000.0,35634700.0,False,0.0,13:25:28
18700.0,100,-1250.0,-0.1,SD,13108000.0,35632700.0,False,0.0,13:25:28
18700.0,1000,-1250.0,-0.1,SD,13108000.0,35632600.0,False,0.0,13:25:28
18700.0,100,-1250.0,-0.1,SD,13108000.0,35631600.0,False,0.0,13:25:28
18700.0,1000,-1250.0,-0.1,SD,13108000.0,35631500.0,False,0.0,13:25:28
18700.0,2500,-1250.0,-0.1,SD,13108000.0,35630500.0,False,0.0,13:25:28
18700.0,100,-1250.0,-0.1,SD,13108000.0,35628000.0,False,0.0,13:25:28
18700.0,500,-1250.0,-0.1,SD,13108000.0,35627900.0,False,0.0,13:25:28
18700.0,2500,-1250.0,-0.1,SD,13108000.0,35627400.0,False,0.0,13:25:28
18700.0,2000,-1250.0,-0.1,SD,13108000.0,35624900.0,False,0.0,13:25:28
18700.0,100,-1250.0,-0.1,SD,13108000.0,35622900.0,False,0.0,13:25:28
18700.0,100,-1250.0,-0.1,SD,13108000.0,35622800.0,False,0.0,13:25:28
18700.0,500,-1250.0,-0.1,SD,13108000.0,35622700.0,False,0.0,13:25:28
18700.0,100,-1250.0,-0.1,SD,13108000.0,35622200.0,False,0.0,13:25:28
18700.0,200,-1250.0,-0.1,SD,13108000.0,35622100.0,False,0.0,13:25:28
18700.0,100,-1250.0,-0.1,SD,13108000.0,35621900.0,False,0.0,13:25:28
18700.0,200,-1250.0,-0.1,SD,13108000.0,35621800.0,False,0.0,13:25:28
18700.0,100,-1250.0,-0.1,SD,13108000.0,35621600.0,False,0.0,13:25:28
18700.0,100,-1250.0,-0.1,SD,13108000.0,35621500.0,False,0.0,13:25:28
18700.0,1800,-1250.0,-0.1,SD,13108000.0,35621400.0,False,0.0,13:25:28
18700.0,2000,-1250.0,-0.1,SD,13108000.0,35619600.0,False,0.0,13:25:28
18700.0,100,-1250.0,-0.1,SD,13108000.0,35617600.0,False,0.0,13:25:28
18700.0,2000,-1250.0,-0.1,SD,13108000.0,35617500.0,False,0.0,13:25:28
18700.0,1000,-1250.0,-0.1,SD,13108000.0,35615500.0,False,0.0,13:25:28
18700.0,3000,-1250.0,-0.1,SD,13108000.0,35614500.0,False,0.0,13:25:28
18700.0,500,-1250.0,-0.1,SD,13108000.0,35611500.0,False,0.0,13:25:28
18700.0,100,-1250.0,-0.1,SD,13108000.0,35611000.0,False,0.0,13:25:28
18700.0,100,-1250.0,-0.1,SD,13108000.0,35610900.0,False,0.0,13:25:28
18700.0,2000,-1250.0,-0.1,SD,13108000.0,35610800.0,False,0.0,13:25:28
18700.0,300,-1250.0,-0.1,SD,13108000.0,35608800.0,False,0.0,13:25:28
18700.0,4000,-1250.0,-0.1,SD,13108000.0,35608500.0,False,0.0,13:25:28
18700.0,1000,-1250.0,-0.1,SD,13108000.0,35604500.0,False,0.0,13:25:28
18700.0,100,-1250.0,-0.1,SD,13108000.0,35603500.0,False,0.0,13:25:28
18700.0,2000,-1250.0,-0.1,SD,13108000.0,35603400.0,False,0.0,13:25:28
18700.0,200,-1250.0,-0.1,SD,13108000.0,35601400.0,False,0.0,13:25:28
18700.0,500,-1250.0,-0.1,SD,13108000.0,35601200.0,False,0.0,13:25:28
18700.0,100,-1250.0,-0.1,SD,13108000.0,35600700.0,False,0.0,13:25:28
18700.0,1000,-1250.0,-0.1,SD,13108000.0,35600600.0,False,0.0,13:25:28
18700.0,500,-1250.0,-0.1,SD,13108000.0,35599600.0,False,0.0,13:25:28
18700.0,1500,-1250.0,-0.1,SD,13108000.0,35599100.0,False,0.0,13:25:28
18700.0,400,-1250.0,-0.1,SD,13108000.0,35597600.0,False,0.0,13:25:28
18700.0,500,-1250.0,-0.1,SD,13108000.0,35597200.0,False,0.0,13:25:28
18700.0,4000,-1250.0,-0.1,SD,13108000.0,35596700.0,False,0.0,13:25:28
18700.0,700,-1250.0,-0.1,SD,13108000.0,35592700.0,False,0.0,13:25:28
18700.0,1000,-1250.0,-0.1,SD,13108000.0,35592000.0,False,0.0,13:25:28
18700.0,4900,-1250.0,-0.1,SD,13108000.0,35591000.0,False,0.0,13:25:28
18700.0,100,-1250.0,-0.1,SD,13108000.0,35586100.0,False,0.0,13:25:28
18700.0,2000,-1250.0,-0.1,SD,13108000.0,35586000.0,False,0.0,13:25:28
18700.0,1000,-1250.0,-0.1,SD,13108000.0,35584000.0,False,0.0,13:25:28
18700.0,100,-1250.0,-0.1,SD,13108000.0,35583000.0,False,0.0,13:25:28
18700.0,500,-1250.0,-0.1,SD,13108000.0,35582900.0,False,0.0,13:25:28
18700.0,100,-1250.0,-0.1,SD,13108000.0,35582400.0,False,0.0,13:25:28
18700.0,5000,-1250.0,-0.1,SD,13108000.0,35582300.0,False,0.0,13:25:28
18700.0,100,-1250.0,-0.1,SD,13108000.0,35577300.0,False,0.0,13:25:28
18700.0,300,-1250.0,-0.1,SD,13108000.0,35577200.0,False,0.0,13:25:28
18700.0,3900,-1250.0,-0.1,SD,13108000.0,35576900.0,False,0.0,13:25:28
18700.0,10000,-1250.0,-0.1,SD,13108000.0,35573000.0,False,0.0,13:25:28
18700.0,100,-1250.0,-0.1,SD,13108000.0,35563000.0,False,0.0,13:25:28
18700.0,1500,-1250.0,-0.1,SD,13108000.0,35562900.0,False,0.0,13:25:28
18700.0,2200,-1250.0,-0.1,SD,13108000.0,35561400.0,False,0.0,13:25:28
18700.0,100,-1250.0,-0.1,SD,13108000.0,35559200.0,False,0.0,13:25:28
18700.0,100,-1250.0,-0.1,SD,13108000.0,35559100.0,False,0.0,13:25:28
18700.0,400,-1250.0,-0.1,SD,13108000.0,35559000.0,False,0.0,13:25:28
18700.0,600,-1250.0,-0.1,SD,13108000.0,35558600.0,False,0.0,13:25:28
18700.0,500,-1250.0,-0.1,SD,13108000.0,35558000.0,False,0.0,13:25:28
18700.0,1000,-1250.0,-0.1,SD,13108000.0,35557500.0,False,0.0,13:25:28
18700.0,100,-1250.0,-0.1,SD,13108000.0,35556500.0,False,0.0,13:25:28
18700.0,200,-1250.0,-0.1,SD,13108000.0,35556400.0,False,0.0,13:25:28
18700.0,100,-1250.0,-0.1,SD,13108000.0,35556200.0,False,0.0,13:25:28
18700.0,2000,-1250.0,-0.1,SD,13108000.0,35556100.0,False,0.0,13:25:28
18700.0,200,-1250.0,-0.1,SD,13108000.0,35554100.0,False,0.0,13:25:28
18700.0,1000,-1250.0,-0.1,SD,13108000.0,35553900.0,False,0.0,13:25:28
18700.0,500,-1250.0,-0.1,SD,13108000.0,35552900.0,False,0.0,13:25:28
18700.0,200,-1250.0,-0.1,SD,13108000.0,35552400.0,False,0.0,13:25:28
18700.0,1000,-1250.0,-0.1,SD,13108000.0,35552200.0,False,0.0,13:25:28
18700.0,200,-1250.0,-0.1,SD,13108000.0,35551200.0,False,0.0,13:25:28
18700.0,200,-1250.0,-0.1,SD,13108000.0,35551000.0,False,0.0,13:25:28
18700.0,1000,-1250.0,-0.1,SD,13108000.0,35550800.0,False,0.0,13:25:28
18700.0,300,-1250.0,-0.1,SD,13108000.0,35549800.0,False,0.0,13:25:28
18700.0,200,-1250.0,-0.1,SD,13108000.0,35549500.0,False,0.0,13:25:28
18700.0,400,-1250.0,-0.1,SD,13108000.0,35549300.0,False,0.0,13:25:28
18700.0,500,-1250.0,-0.1,SD,13108000.0,35548900.0,False,0.0,13:25:28
18700.0,200,-1250.0,-0.1,SD,13108000.0,35548400.0,False,0.0,13:25:28
18700.0,300,-1250.0,-0.1,SD,13108000.0,35548200.0,False,0.0,13:25:28
18700.0,5000,-1250.0,-0.1,SD,13108000.0,35547900.0,False,0.0,13:25:28
18700.0,1000,-1250.0,-0.1,SD,13108000.0,35542900.0,False,0.0,13:25:28
18700.0,3000,-1250.0,-0.1,SD,13108000.0,35541900.0,False,0.0,13:25:28
18700.0,15000,-1250.0,-0.1,SD,13108000.0,35538900.0,True,0.0,13:25:28
18700.0,800,-1250.0,-0.1,SD,13108000.0,35523900.0,False,0.0,13:25:28
18700.0,500,-1250.0,-0.1,SD,13108000.0,35523100.0,False,0.0,13:25:28
18700.0,200,-1250.0,-0.1,SD,13108000.0,35522600.0,False,0.0,13:25:28
18700.0,300,-1250.0,-0.1,SD,13108000.0,35522400.0,False,0.0,13:25:28
18700.0,300,-1250.0,-0.1,SD,13108000.0,35522100.0,False,0.0,13:25:28
18700.0,100,-1250.0,-0.1,SD,13108000.0,35521800.0,False,0.0,13:25:28
18700.0,5000,-1250.0,-0.1,SD,13108000.0,35521700.0,False,0.0,13:25:28
18700.0,100,-1250.0,-0.1,SD,13108000.0,35516700.0,False,0.0,13:25:28
18700.0,200,-1250.0,-0.1,SD,13108000.0,35516600.0,False,0.0,13:25:28
18700.0,200,-1250.0,-0.1,SD,13108000.0,35516400.0,False,0.0,13:25:28
18700.0,100,-1250.0,-0.1,SD,13108000.0,35516200.0,False,0.0,13:25:28
18700.0,2000,-1250.0,-0.1,SD,13108000.0,35516100.0,False,0.0,13:25:28
18700.0,150000,-1250.0,-0.1,SD,13108000.0,35514100.0,True,0.0,13:25:28
18700.0,2000,-1250.0,-0.1,SD,13108000.0,35364100.0,False,0.0,13:25:28
18700.0,1000,-1250.0,-0.1,SD,13108000.0,35362100.0,False,0.0,13:25:28
18700.0,100,-1250.0,-0.1,SD,13108000.0,35361100.0,False,0.0,13:25:28
18700.0,1000,-1250.0,-0.1,SD,13108000.0,35361000.0,False,0.0,13:25:28
18700.0,100,-1250.0,-0.1,SD,13108000.0,35360000.0,False,0.0,13:25:28
18700.0,20000,-1250.0,-0.1,SD,13108000.0,35359900.0,True,0.0,13:25:28
18700.0,100,-1250.0,-0.1,SD,13108000.0,35339900.0,False,0.0,13:25:28
18700.0,1000,-1250.0,-0.1,SD,13108000.0,35339800.0,False,0.0,13:25:28
18700.0,200,-1250.0,-0.1,SD,13108000.0,35338800.0,False,0.0,13:25:28
18700.0,500,-1250.0,-0.1,SD,13108000.0,35338600.0,False,0.0,13:25:28
18700.0,6000,-1250.0,-0.1,SD,13108000.0,35338100.0,False,0.0,13:25:28
18700.0,100,-1250.0,-0.1,SD,13108000.0,35332100.0,False,0.0,13:25:28
18700.0,1000,-1250.0,-0.1,SD,13108000.0,35332000.0,False,0.0,13:25:28
18700.0,2000,-1250.0,-0.1,SD,13108000.0,35331000.0,False,0.0,13:25:28
18700.0,200,-1250.0,-0.1,SD,13108000.0,35329000.0,False,0.0,13:25:28
18700.0,2000,-1250.0,-0.1,SD,13108000.0,35328800.0,False,0.0,13:25:28
18700.0,100,-1250.0,-0.1,SD,13108000.0,35326800.0,False,0.0,13:25:28
18700.0,1000,-1250.0,-0.1,SD,13108000.0,35326700.0,False,0.0,13:25:28
18700.0,1200,-1250.0,-0.1,SD,13108000.0,35325700.0,False,0.0,13:25:28
18700.0,1000,-1250.0,-0.1,SD,13108000.0,35324500.0,False,0.0,13:25:28
18700.0,1000,-1250.0,-0.1,SD,13108000.0,35323500.0,False,0.0,13:25:28
18700.0,100,-1250.0,-0.1,SD,13108000.0,35322500.0,False,0.0,13:25:28
18700.0,500,-1250.0,-0.1,SD,13108000.0,35322400.0,False,0.0,13:25:28
18700.0,500,-1250.0,-0.1,SD,13108000.0,35321900.0,False,0.0,13:25:28
18700.0,3600,-1250.0,-0.1,SD,13108000.0,35321400.0,False,0.0,13:25:28
18700.0,100,-1250.0,-0.1,SD,13108000.0,35317800.0,False,0.0,13:25:28
18700.0,100,-1250.0,-0.1,SD,13108000.0,35317700.0,False,0.0,13:25:28
18700.0,500,-1250.0,-0.1,SD,13108000.0,35317600.0,False,0.0,13:25:28
18700.0,97200,-1250.0,-0.1,SD,13108000.0,35317100.0,True,0.0,13:25:28
18700.0,1000,-1250.0,-0.1,SD,13108000.0,35219900.0,False,0.0,13:25:28
18700.0,500,-1250.0,-0.1,SD,13108000.0,35218900.0,False,0.0,13:25:28
18700.0,1300,-1250.0,-0.1,SD,13108000.0,35218400.0,False,0.0,13:25:27
18700.0,500,-1250.0,-0.1,SD,13108000.0,35217100.0,False,0.0,13:25:27
18700.0,7000,-1250.0,-0.1,SD,13108000.0,35216600.0,False,0.0,13:25:27
18700.0,1000,-1250.0,-0.1,SD,13108000.0,35209600.0,False,0.0,13:25:27
18700.0,200,-1250.0,-0.1,SD,13108000.0,35208600.0,False,0.0,13:25:27
18700.0,300,-1250.0,-0.1,SD,13108000.0,35208400.0,False,0.0,13:25:27
18700.0,3000,-1250.0,-0.1,SD,13108000.0,35208100.0,False,0.0,13:25:27
18700.0,900,-1250.0,-0.1,SD,13108000.0,35205100.0,False,0.0,13:25:27
18700.0,1100,-1250.0,-0.1,SD,13108000.0,35204200.0,False,0.0,13:25:27
18700.0,1000,-1250.0,-0.1,SD,13108000.0,35203100.0,False,0.0,13:25:27
18700.0,1000,-1250.0,-0.1,SD,13108000.0,35202100.0,False,0.0,13:25:27
18700.0,2000,-1250.0,-0.1,SD,13108000.0,35201100.0,False,0.0,13:25:27
18700.0,200,-1250.0,-0.1,SD,13108000.0,35199100.0,False,0.0,13:25:27
18700.0,100,-1250.0,-0.1,SD,13108000.0,35198900.0,False,0.0,13:25:27
18700.0,100,-1250.0,-0.1,SD,13108000.0,35198800.0,False,0.0,13:25:27
18700.0,400,-1250.0,-0.1,SD,13108000.0,35198700.0,False,0.0,13:25:27
18700.0,1000,-1250.0,-0.1,SD,13108000.0,35198300.0,False,0.0,13:25:27
18700.0,1000,-1250.0,-0.1,SD,13108000.0,35197300.0,False,0.0,13:25:27
18700.0,2100,-1250.0,-0.1,SD,13108000.0,35196300.0,False,0.0,13:25:27
18700.0,900,-1250.0,-0.1,SD,13108000.0,35194200.0,False,0.0,13:25:27
18700.0,700,-1250.0,-0.1,SD,13108000.0,35193300.0,False,0.0,13:25:27
18700.0,3000,-1250.0,-0.1,SD,13108000.0,35192600.0,False,0.0,13:25:27
18700.0,500,-1250.0,-0.1,SD,13108000.0,35189600.0,False,0.0,13:25:27
18700.0,1700,-1250.0,-0.1,SD,13108000.0,35189100.0,False,-50.0,13:25:27
18750.0,800,-1200.0,-0.1,BU,13108000.0,35187400.0,False,50.0,13:25:27
18700.0,5300,-1250.0,-0.1,SD,13107200.0,35187400.0,False,0.0,13:25:26
18700.0,200,-1250.0,-0.1,SD,13107200.0,35182100.0,False,0.0,13:25:26
18700.0,5000,-1250.0,-0.1,SD,13107200.0,35181900.0,False,0.0,13:25:26
18700.0,500,-1250.0,-0.1,SD,13107200.0,35176900.0,False,0.0,13:25:26
18700.0,100,-1250.0,-0.1,SD,13107200.0,35176400.0,False,0.0,13:25:26
18700.0,500,-1250.0,-0.1,SD,13107200.0,35176300.0,False,0.0,13:25:26
18700.0,1000,-1250.0,-0.1,SD,13107200.0,35175800.0,False,0.0,13:25:26
18700.0,400,-1250.0,-0.1,SD,13107200.0,35174800.0,False,0.0,13:25:26
18700.0,1000,-1250.0,-0.1,SD,13107200.0,35174400.0,False,0.0,13:25:26
18700.0,1000,-1250.0,-0.1,SD,13107200.0,35173400.0,False,0.0,13:25:26
18700.0,1000,-1250.0,-0.1,SD,13107200.0,35172400.0,False,0.0,13:25:26
18700.0,1000,-1250.0,-0.1,SD,13107200.0,35171400.0,False,0.0,13:25:26
18700.0,3000,-1250.0,-0.1,SD,13107200.0,35170400.0,False,0.0,13:25:26
18700.0,2000,-1250.0,-0.1,SD,13107200.0,35167400.0,False,0.0,13:25:26
18700.0,1000,-1250.0,-0.1,SD,13107200.0,35165400.0,False,0.0,13:25:26
18700.0,900,-1250.0,-0.1,SD,13107200.0,35164400.0,False,0.0,13:25:26
18700.0,1000,-1250.0,-0.1,SD,13107200.0,35163500.0,False,-50.0,13:25:26
18750.0,100,-1200.0,-0.1,BU,13107200.0,35162500.0,False,0.0,13:25:25
18750.0,700,-1200.0,-0.1,BU,13107100.0,35162500.0,False,0.0,13:25:25
18750.0,300,-1200.0,-0.1,BU,13106400.0,35162500.0,False,50.0,13:25:25
18700.0,100,-1250.0,-0.1,SD,13106100.0,35162500.0,False,0.0,13:25:25
18700.0,100,-1250.0,-0.1,SD,13106100.0,35162400.0,False,-50.0,13:25:24
18750.0,100,-1200.0,-0.1,BU,13106100.0,35162300.0,False,50.0,13:25:24
18700.0,200,-1250.0,-0.1,SD,13106000.0,35162300.0,False,0.0,13:25:23
18700.0,1500,-1250.0,-0.1,SD,13106000.0,35162100.0,False,0.0,13:25:23
18700.0,100,-1250.0,-0.1,SD,13106000.0,35160600.0,False,0.0,13:25:23
18700.0,1000,-1250.0,-0.1,SD,13106000.0,35160500.0,False,0.0,13:25:23
18700.0,500,-1250.0,-0.1,SD,13106000.0,35159500.0,False,0.0,13:25:23
18700.0,1000,-1250.0,-0.1,SD,13106000.0,35159000.0,False,0.0,13:25:23
18700.0,1000,-1250.0,-0.1,SD,13106000.0,35158000.0,False,0.0,13:25:23
18700.0,400,-1250.0,-0.1,SD,13106000.0,35157000.0,False,0.0,13:25:23
18700.0,100,-1250.0,-0.1,SD,13106000.0,35156600.0,False,0.0,13:25:23
18700.0,3400,-1250.0,-0.1,SD,13106000.0,35156500.0,False,0.0,13:25:23
18700.0,100,-1250.0,-0.1,SD,13106000.0,35153100.0,False,0.0,13:25:23
18700.0,4000,-1250.0,-0.1,SD,13106000.0,35153000.0,False,0.0,13:25:23
18700.0,1000,-1250.0,-0.1,SD,13106000.0,35149000.0,False,0.0,13:25:23
18700.0,500,-1250.0,-0.1,SD,13106000.0,35148000.0,False,0.0,13:25:23
18700.0,1500,-1250.0,-0.1,SD,13106000.0,35147500.0,False,0.0,13:25:23
18700.0,10000,-1250.0,-0.1,SD,13106000.0,35146000.0,False,0.0,13:25:23
18700.0,3000,-1250.0,-0.1,SD,13106000.0,35136000.0,False,0.0,13:25:23
18700.0,400,-1250.0,-0.1,SD,13106000.0,35133000.0,False,0.0,13:25:23
18700.0,1000,-1250.0,-0.1,SD,13106000.0,35132600.0,False,0.0,13:25:23
18700.0,1400,-1250.0,-0.1,SD,13106000.0,35131600.0,False,0.0,13:25:23
18700.0,500,-1250.0,-0.1,SD,13106000.0,35130200.0,False,0.0,13:25:23
18700.0,300,-1250.0,-0.1,SD,13106000.0,35129700.0,False,0.0,13:25:23
18700.0,6500,-1250.0,-0.1,SD,13106000.0,35129400.0,False,0.0,13:25:23
18700.0,2000,-1250.0,-0.1,SD,13106000.0,35122900.0,False,0.0,13:25:23
18700.0,2000,-1250.0,-0.1,SD,13106000.0,35120900.0,False,0.0,13:25:23
18700.0,200,-1250.0,-0.1,SD,13106000.0,35118900.0,False,0.0,13:25:23
18700.0,10000,-1250.0,-0.1,SD,13106000.0,35118700.0,False,0.0,13:25:23
18700.0,200,-1250.0,-0.1,SD,13106000.0,35108700.0,False,0.0,13:25:23
18700.0,1300,-1250.0,-0.1,SD,13106000.0,35108500.0,False,0.0,13:25:23
18700.0,1000,-1250.0,-0.1,SD,13106000.0,35107200.0,False,0.0,13:25:23
18700.0,500,-1250.0,-0.1,SD,13106000.0,35106200.0,False,0.0,13:25:23
18700.0,2000,-1250.0,-0.1,SD,13106000.0,35105700.0,False,0.0,13:25:23
18700.0,2200,-1250.0,-0.1,SD,13106000.0,35103700.0,False,0.0,13:25:23
18700.0,3000,-1250.0,-0.1,SD,13106000.0,35101500.0,False,0.0,13:25:23
18700.0,2900,-1250.0,-0.1,SD,13106000.0,35098500.0,False,0.0,13:25:23
18700.0,200,-1250.0,-0.1,SD,13106000.0,35095600.0,False,0.0,13:25:23
18700.0,400,-1250.0,-0.1,SD,13106000.0,35095400.0,False,0.0,13:25:23
18700.0,1000,-1250.0,-0.1,SD,13106000.0,35095000.0,False,0.0,13:25:23
18700.0,300,-1250.0,-0.1,SD,13106000.0,35094000.0,False,0.0,13:25:23
18700.0,500,-1250.0,-0.1,SD,13106000.0,35093700.0,False,0.0,13:25:23
18700.0,300,-1250.0,-0.1,SD,13106000.0,35093200.0,False,0.0,13:25:23
18700.0,200,-1250.0,-0.1,SD,13106000.0,35092900.0,False,0.0,13:25:23
18700.0,20000,-1250.0,-0.1,SD,13106000.0,35092700.0,True,0.0,13:25:23
18700.0,500,-1250.0,-0.1,SD,13106000.0,35072700.0,False,0.0,13:25:23
18700.0,500,-1250.0,-0.1,SD,13106000.0,35072200.0,False,0.0,13:25:23
18700.0,600,-1250.0,-0.1,SD,13106000.0,35071700.0,False,0.0,13:25:23
18700.0,5000,-1250.0,-0.1,SD,13106000.0,35071100.0,False,0.0,13:25:23
18700.0,1400,-1250.0,-0.1,SD,13106000.0,35066100.0,False,0.0,13:25:23
18700.0,3000,-1250.0,-0.1,SD,13106000.0,35064700.0,False,0.0,13:25:23
18700.0,500,-1250.0,-0.1,SD,13106000.0,35061700.0,False,0.0,13:25:23
18700.0,10000,-1250.0,-0.1,SD,13106000.0,35061200.0,False,0.0,13:25:23
18700.0,100,-1250.0,-0.1,SD,13106000.0,35051200.0,False,0.0,13:25:23
18700.0,10000,-1250.0,-0.1,SD,13106000.0,35051100.0,False,0.0,13:25:23
18700.0,7000,-1250.0,-0.1,SD,13106000.0,35041100.0,False,0.0,13:25:23
18700.0,200,-1250.0,-0.1,SD,13106000.0,35034100.0,False,0.0,13:25:23
18700.0,200,-1250.0,-0.1,SD,13106000.0,35033900.0,False,0.0,13:25:23
18700.0,500,-1250.0,-0.1,SD,13106000.0,35033700.0,False,0.0,13:25:23
18700.0,100,-1250.0,-0.1,SD,13106000.0,35033200.0,False,0.0,13:25:23
18700.0,100,-1250.0,-0.1,SD,13106000.0,35033100.0,False,0.0,13:25:23
18700.0,400,-1250.0,-0.1,SD,13106000.0,35033000.0,False,0.0,13:25:23
18700.0,200,-1250.0,-0.1,SD,13106000.0,35032600.0,False,0.0,13:25:23
18700.0,1000,-1250.0,-0.1,SD,13106000.0,35032400.0,False,0.0,13:25:23
18700.0,100,-1250.0,-0.1,SD,13106000.0,35031400.0,False,0.0,13:25:23
18700.0,5500,-1250.0,-0.1,SD,13106000.0,35031300.0,False,0.0,13:25:23
18700.0,5000,-1250.0,-0.1,SD,13106000.0,35025800.0,False,0.0,13:25:23
18700.0,4800,-1250.0,-0.1,SD,13106000.0,35020800.0,False,0.0,13:25:23
18700.0,1000,-1250.0,-0.1,SD,13106000.0,35016000.0,False,0.0,13:25:23
18700.0,1600,-1250.0,-0.1,SD,13106000.0,35015000.0,False,0.0,13:25:23
18700.0,100,-1250.0,-0.1,SD,13106000.0,35013400.0,False,0.0,13:25:23
18700.0,10000,-1250.0,-0.1,SD,13106000.0,35013300.0,False,0.0,13:25:23
18700.0,1000,-1250.0,-0.1,SD,13106000.0,35003300.0,False,0.0,13:25:23
18700.0,500,-1250.0,-0.1,SD,13106000.0,35002300.0,False,0.0,13:25:23
18700.0,10000,-1250.0,-0.1,SD,13106000.0,35001800.0,False,0.0,13:25:23
18700.0,1000,-1250.0,-0.1,SD,13106000.0,34991800.0,False,0.0,13:25:23
18700.0,200,-1250.0,-0.1,SD,13106000.0,34990800.0,False,0.0,13:25:23
18700.0,1000,-1250.0,-0.1,SD,13106000.0,34990600.0,False,0.0,13:25:23
18700.0,300,-1250.0,-0.1,SD,13106000.0,34989600.0,False,0.0,13:25:23
18700.0,500,-1250.0,-0.1,SD,13106000.0,34989300.0,False,0.0,13:25:23
18700.0,700,-1250.0,-0.1,SD,13106000.0,34988800.0,False,0.0,13:25:23
18700.0,4000,-1250.0,-0.1,SD,13106000.0,34988100.0,False,0.0,13:25:23
18700.0,200,-1250.0,-0.1,SD,13106000.0,34984100.0,False,0.0,13:25:23
18700.0,10000,-1250.0,-0.1,SD,13106000.0,34983900.0,False,0.0,13:25:23
18700.0,200,-1250.0,-0.1,SD,13106000.0,34973900.0,False,0.0,13:25:23
18700.0,1000,-1250.0,-0.1,SD,13106000.0,34973700.0,False,0.0,13:25:23
18700.0,2000,-1250.0,-0.1,SD,13106000.0,34972700.0,False,0.0,13:25:23
18700.0,100,-1250.0,-0.1,SD,13106000.0,34970700.0,False,0.0,13:25:23
18700.0,100,-1250.0,-0.1,SD,13106000.0,34970600.0,False,0.0,13:25:23
18700.0,100,-1250.0,-0.1,SD,13106000.0,34970500.0,False,0.0,13:25:23
18700.0,100,-1250.0,-0.1,SD,13106000.0,34970400.0,False,0.0,13:25:23
18700.0,5500,-1250.0,-0.1,SD,13106000.0,34970300.0,False,0.0,13:25:23
18700.0,1000,-1250.0,-0.1,SD,13106000.0,34964800.0,False,0.0,13:25:23
18700.0,1000,-1250.0,-0.1,SD,13106000.0,34963800.0,False,0.0,13:25:23
18700.0,100,-1250.0,-0.1,SD,13106000.0,34962800.0,False,0.0,13:25:23
18700.0,2000,-1250.0,-0.1,SD,13106000.0,34962700.0,False,0.0,13:25:23
18700.0,400,-1250.0,-0.1,SD,13106000.0,34960700.0,False,0.0,13:25:23
18700.0,500,-1250.0,-0.1,SD,13106000.0,34960300.0,False,0.0,13:25:23
18700.0,200,-1250.0,-0.1,SD,13106000.0,34959800.0,False,0.0,13:25:23
18700.0,1000,-1250.0,-0.1,SD,13106000.0,34959600.0,False,0.0,13:25:23
18700.0,500,-1250.0,-0.1,SD,13106000.0,34958600.0,False,0.0,13:25:23
18700.0,1000,-1250.0,-0.1,SD,13106000.0,34958100.0,False,0.0,13:25:23
18700.0,400,-1250.0,-0.1,SD,13106000.0,34957100.0,False,0.0,13:25:23
18700.0,1000,-1250.0,-0.1,SD,13106000.0,34956700.0,False,0.0,13:25:23
18700.0,100,-1250.0,-0.1,SD,13106000.0,34955700.0,False,0.0,13:25:23
18700.0,100,-1250.0,-0.1,SD,13106000.0,34955600.0,False,0.0,13:25:23
18700.0,100,-1250.0,-0.1,SD,13106000.0,34955500.0,False,0.0,13:25:23
18700.0,500,-1250.0,-0.1,SD,13106000.0,34955400.0,False,0.0,13:25:23
18700.0,600,-1250.0,-0.1,SD,13106000.0,34954900.0,False,0.0,13:25:23
18700.0,500,-1250.0,-0.1,SD,13106000.0,34954300.0,False,0.0,13:25:23
18700.0,300,-1250.0,-0.1,SD,13106000.0,34953800.0,False,0.0,13:25:23
18700.0,5000,-1250.0,-0.1,SD,13106000.0,34953500.0,False,0.0,13:25:23
18700.0,300,-1250.0,-0.1,SD,13106000.0,34948500.0,False,0.0,13:25:23
18700.0,100,-1250.0,-0.1,SD,13106000.0,34948200.0,False,0.0,13:25:23
18700.0,200,-1250.0,-0.1,SD,13106000.0,34948100.0,False,0.0,13:25:23
18700.0,5000,-1250.0,-0.1,SD,13106000.0,34947900.0,False,0.0,13:25:23
18700.0,300,-1250.0,-0.1,SD,13106000.0,34942900.0,False,0.0,13:25:23
18700.0,200,-1250.0,-0.1,SD,13106000.0,34942600.0,False,0.0,13:25:23
18700.0,100,-1250.0,-0.1,SD,13106000.0,34942400.0,False,0.0,13:25:23
18700.0,200,-1250.0,-0.1,SD,13106000.0,34942300.0,False,0.0,13:25:23
18700.0,3000,-1250.0,-0.1,SD,13106000.0,34942100.0,False,0.0,13:25:23
18700.0,100,-1250.0,-0.1,SD,13106000.0,34939100.0,False,0.0,13:25:23
18700.0,100,-1250.0,-0.1,SD,13106000.0,34939000.0,False,0.0,13:25:23
18700.0,50000,-1250.0,-0.1,SD,13106000.0,34938900.0,True,0.0,13:25:23
18700.0,1000,-1250.0,-0.1,SD,13106000.0,34888900.0,False,0.0,13:25:23
18700.0,2000,-1250.0,-0.1,SD,13106000.0,34887900.0,False,0.0,13:25:23
18700.0,600,-1250.0,-0.1,SD,13106000.0,34885900.0,False,0.0,13:25:23
18700.0,2000,-1250.0,-0.1,SD,13106000.0,34885300.0,False,0.0,13:25:23
18700.0,1000,-1250.0,-0.1,SD,13106000.0,34883300.0,False,0.0,13:25:23
18700.0,1500,-1250.0,-0.1,SD,13106000.0,34882300.0,False,0.0,13:25:23
18700.0,1000,-1250.0,-0.1,SD,13106000.0,34880800.0,False,0.0,13:25:23
18700.0,100,-1250.0,-0.1,SD,13106000.0,34879800.0,False,0.0,13:25:23
18700.0,5000,-1250.0,-0.1,SD,13106000.0,34879700.0,False,0.0,13:25:23
18700.0,1000,-1250.0,-0.1,SD,13106000.0,34874700.0,False,0.0,13:25:23
18700.0,300,-1250.0,-0.1,SD,13106000.0,34873700.0,False,0.0,13:25:23
18700.0,1000,-1250.0,-0.1,SD,13106000.0,34873400.0,False,0.0,13:25:23
18700.0,100,-1250.0,-0.1,SD,13106000.0,34872400.0,False,0.0,13:25:23
18700.0,500,-1250.0,-0.1,SD,13106000.0,34872300.0,False,0.0,13:25:23
18700.0,200,-1250.0,-0.1,SD,13106000.0,34871800.0,False,0.0,13:25:23
18700.0,1000,-1250.0,-0.1,SD,13106000.0,34871600.0,False,0.0,13:25:23
18700.0,1000,-1250.0,-0.1,SD,13106000.0,34870600.0,False,0.0,13:25:23
18700.0,1000,-1250.0,-0.1,SD,13106000.0,34869600.0,False,0.0,13:25:23
18700.0,100,-1250.0,-0.1,SD,13106000.0,34868600.0,False,0.0,13:25:23
18700.0,50000,-1250.0,-0.1,SD,13106000.0,34868500.0,True,0.0,13:25:23
18700.0,500,-1250.0,-0.1,SD,13106000.0,34818500.0,False,0.0,13:25:23
18700.0,100,-1250.0,-0.1,SD,13106000.0,34818000.0,False,0.0,13:25:23
18700.0,100,-1250.0,-0.1,SD,13106000.0,34817900.0,False,0.0,13:25:23
18700.0,8000,-1250.0,-0.1,SD,13106000.0,34817800.0,False,0.0,13:25:23
18700.0,10000,-1250.0,-0.1,SD,13106000.0,34809800.0,False,0.0,13:25:23
18700.0,5000,-1250.0,-0.1,SD,13106000.0,34799800.0,False,0.0,13:25:23
18700.0,1000,-1250.0,-0.1,SD,13106000.0,34794800.0,False,0.0,13:25:23
18700.0,100,-1250.0,-0.1,SD,13106000.0,34793800.0,False,0.0,13:25:23
18700.0,500,-1250.0,-0.1,SD,13106000.0,34793700.0,False,0.0,13:25:23
18700.0,100,-1250.0,-0.1,SD,13106000.0,34793200.0,False,0.0,13:25:23
18700.0,200,-1250.0,-0.1,SD,13106000.0,34793100.0,False,0.0,13:25:23
18700.0,100,-1250.0,-0.1,SD,13106000.0,34792900.0,False,0.0,13:25:23
18700.0,500,-1250.0,-0.1,SD,13106000.0,34792800.0,False,0.0,13:25:23
18700.0,500,-1250.0,-0.1,SD,13106000.0,34792300.0,False,0.0,13:25:23
18700.0,800,-1250.0,-0.1,SD,13106000.0,34791800.0,False,0.0,13:25:23
18700.0,5000,-1250.0,-0.1,SD,13106000.0,34791000.0,False,0.0,13:25:23
18700.0,200,-1250.0,-0.1,SD,13106000.0,34786000.0,False,0.0,13:25:23
18700.0,2500,-1250.0,-0.1,SD,13106000.0,34785800.0,False,0.0,13:25:23
18700.0,400,-1250.0,-0.1,SD,13106000.0,34783300.0,False,0.0,13:25:23
18700.0,100,-1250.0,-0.1,SD,13106000.0,34782900.0,False,0.0,13:25:23
18700.0,8000,-1250.0,-0.1,SD,13106000.0,34782800.0,False,0.0,13:25:23
18700.0,100,-1250.0,-0.1,SD,13106000.0,34774800.0,False,0.0,13:25:23
18700.0,700,-1250.0,-0.1,SD,13106000.0,34774700.0,False,0.0,13:25:23
18700.0,2000,-1250.0,-0.1,SD,13106000.0,34774000.0,False,0.0,13:25:23
18700.0,1000,-1250.0,-0.1,SD,13106000.0,34772000.0,False,0.0,13:25:23
18700.0,2000,-1250.0,-0.1,SD,13106000.0,34771000.0,False,0.0,13:25:23
18700.0,100,-1250.0,-0.1,SD,13106000.0,34769000.0,False,0.0,13:25:23
18700.0,300,-1250.0,-0.1,SD,13106000.0,34768900.0,False,0.0,13:25:23
18700.0,500,-1250.0,-0.1,SD,13106000.0,34768600.0,False,0.0,13:25:23
18700.0,100,-1250.0,-0.1,SD,13106000.0,34768100.0,False,0.0,13:25:23
18700.0,2000,-1250.0,-0.1,SD,13106000.0,34768000.0,False,0.0,13:25:23
18700.0,500,-1250.0,-0.1,SD,13106000.0,34766000.0,False,0.0,13:25:23
18700.0,500,-1250.0,-0.1,SD,13106000.0,34765500.0,False,0.0,13:25:23
18700.0,5300,-1250.0,-0.1,SD,13106000.0,34765000.0,False,0.0,13:25:23
18700.0,100,-1250.0,-0.1,SD,13106000.0,34759700.0,False,0.0,13:25:23
18700.0,6000,-1250.0,-0.1,SD,13106000.0,34759600.0,False,0.0,13:25:23
18700.0,1000,-1250.0,-0.1,SD,13106000.0,34753600.0,False,0.0,13:25:23
18700.0,500,-1250.0,-0.1,SD,13106000.0,34752600.0,False,0.0,13:25:23
18700.0,10000,-1250.0,-0.1,SD,13106000.0,34752100.0,False,0.0,13:25:23
18700.0,2000,-1250.0,-0.1,SD,13106000.0,34742100.0,False,0.0,13:25:23
18700.0,4000,-1250.0,-0.1,SD,13106000.0,34740100.0,False,0.0,13:25:23
18700.0,500,-1250.0,-0.1,SD,13106000.0,34736100.0,False,0.0,13:25:23
18700.0,200,-1250.0,-0.1,SD,13106000.0,34735600.0,False,0.0,13:25:23
18700.0,100,-1250.0,-0.1,SD,13106000.0,34735400.0,False,0.0,13:25:23
18700.0,500,-1250.0,-0.1,SD,13106000.0,34735300.0,False,0.0,13:25:23
18700.0,300,-1250.0,-0.1,SD,13106000.0,34734800.0,False,0.0,13:25:23
18700.0,200,-1250.0,-0.1,SD,13106000.0,34734500.0,False,0.0,13:25:23
18700.0,1000,-1250.0,-0.1,SD,13106000.0,34734300.0,False,0.0,13:25:23
18700.0,5000,-1250.0,-0.1,SD,13106000.0,34733300.0,False,0.0,13:25:23
18700.0,200,-1250.0,-0.1,SD,13106000.0,34728300.0,False,0.0,13:25:23
18700.0,1000,-1250.0,-0.1,SD,13106000.0,34728100.0,False,0.0,13:25:23
18700.0,1900,-1250.0,-0.1,SD,13106000.0,34727100.0,False,0.0,13:25:23
18700.0,400,-1250.0,-0.1,SD,13106000.0,34725200.0,False,0.0,13:25:23
18700.0,500,-1250.0,-0.1,SD,13106000.0,34724800.0,False,0.0,13:25:23
18700.0,100,-1250.0,-0.1,SD,13106000.0,34724300.0,False,0.0,13:25:23
18700.0,1000,-1250.0,-0.1,SD,13106000.0,34724200.0,False,0.0,13:25:23
18700.0,10000,-1250.0,-0.1,SD,13106000.0,34723200.0,False,0.0,13:25:23
18700.0,200,-1250.0,-0.1,SD,13106000.0,34713200.0,False,0.0,13:25:23
18700.0,500,-1250.0,-0.1,SD,13106000.0,34713000.0,False,0.0,13:25:23
18700.0,2000,-1250.0,-0.1,SD,13106000.0,34712500.0,False,0.0,13:25:23
18700.0,200,-1250.0,-0.1,SD,13106000.0,34710500.0,False,0.0,13:25:23
18700.0,10000,-1250.0,-0.1,SD,13106000.0,34710300.0,False,0.0,13:25:23
18700.0,100,-1250.0,-0.1,SD,13106000.0,34700300.0,False,0.0,13:25:23
18700.0,200,-1250.0,-0.1,SD,13106000.0,34700200.0,False,0.0,13:25:23
18700.0,300,-1250.0,-0.1,SD,13106000.0,34700000.0,False,0.0,13:25:23
18700.0,1000,-1250.0,-0.1,SD,13106000.0,34699700.0,False,0.0,13:25:23
18700.0,100,-1250.0,-0.1,SD,13106000.0,34698700.0,False,0.0,13:25:23
18700.0,1000,-1250.0,-0.1,SD,13106000.0,34698600.0,False,0.0,13:25:23
18700.0,100,-1250.0,-0.1,SD,13106000.0,34697600.0,False,0.0,13:25:23
18700.0,2000,-1250.0,-0.1,SD,13106000.0,34697500.0,False,0.0,13:25:23
18700.0,400,-1250.0,-0.1,SD,13106000.0,34695500.0,False,0.0,13:25:23
18700.0,100,-1250.0,-0.1,SD,13106000.0,34695100.0,False,0.0,13:25:23
18700.0,500,-1250.0,-0.1,SD,13106000.0,34695000.0,False,0.0,13:25:23
18700.0,10000,-1250.0,-0.1,SD,13106000.0,34694500.0,False,0.0,13:25:23
18700.0,200,-1250.0,-0.1,SD,13106000.0,34684500.0,False,0.0,13:25:23
18700.0,500,-1250.0,-0.1,SD,13106000.0,34684300.0,False,0.0,13:25:23
18700.0,500,-1250.0,-0.1,SD,13106000.0,34683800.0,False,0.0,13:25:23
18700.0,1000,-1250.0,-0.1,SD,13106000.0,34683300.0,False,0.0,13:25:23
18700.0,500,-1250.0,-0.1,SD,13106000.0,34682300.0,False,0.0,13:25:23
18700.0,100,-1250.0,-0.1,SD,13106000.0,34681800.0,False,0.0,13:25:23
18700.0,100,-1250.0,-0.1,SD,13106000.0,34681700.0,False,0.0,13:25:23
18700.0,100,-1250.0,-0.1,SD,13106000.0,34681600.0,False,0.0,13:25:23
18700.0,1000,-1250.0,-0.1,SD,13106000.0,34681500.0,False,0.0,13:25:23
18700.0,200,-1250.0,-0.1,SD,13106000.0,34680500.0,False,0.0,13:25:23
18700.0,200,-1250.0,-0.1,SD,13106000.0,34680300.0,False,0.0,13:25:23
18700.0,500,-1250.0,-0.1,SD,13106000.0,34680100.0,False,0.0,13:25:23
18700.0,1000,-1250.0,-0.1,SD,13106000.0,34679600.0,False,0.0,13:25:23
18700.0,200,-1250.0,-0.1,SD,13106000.0,34678600.0,False,0.0,13:25:23
18700.0,300,-1250.0,-0.1,SD,13106000.0,34678400.0,False,0.0,13:25:23
18700.0,500,-1250.0,-0.1,SD,13106000.0,34678100.0,False,0.0,13:25:23
18700.0,300,-1250.0,-0.1,SD,13106000.0,34677600.0,False,0.0,13:25:23
18700.0,500,-1250.0,-0.1,SD,13106000.0,34677300.0,False,0.0,13:25:23
18700.0,1000,-1250.0,-0.1,SD,13106000.0,34676800.0,False,0.0,13:25:23
18700.0,500,-1250.0,-0.1,SD,13106000.0,34675800.0,False,0.0,13:25:23
18700.0,1000,-1250.0,-0.1,SD,13106000.0,34675300.0,False,0.0,13:25:23
18700.0,3000,-1250.0,-0.1,SD,13106000.0,34674300.0,False,0.0,13:25:23
18700.0,100,-1250.0,-0.1,SD,13106000.0,34671300.0,False,0.0,13:25:23
18700.0,500,-1250.0,-0.1,SD,13106000.0,34671200.0,False,0.0,13:25:23
18700.0,1000,-1250.0,-0.1,SD,13106000.0,34670700.0,False,0.0,13:25:23
18700.0,100,-1250.0,-0.1,SD,13106000.0,34669700.0,False,0.0,13:25:23
18700.0,3000,-1250.0,-0.1,SD,13106000.0,34669600.0,False,0.0,13:25:23
18700.0,200,-1250.0,-0.1,SD,13106000.0,34666600.0,False,0.0,13:25:23
18700.0,4100,-1250.0,-0.1,SD,13106000.0,34666400.0,False,-50.0,13:25:23
18750.0,100,-1200.0,-0.1,BU,13106000.0,34662300.0,False,50.0,13:25:23
18700.0,100,-1250.0,-0.1,SD,13105900.0,34662300.0,False,-50.0,13:25:21
18750.0,300,-1200.0,-0.1,BU,13105900.0,34662200.0,False,0.0,13:25:21
18750.0,5000,-1200.0,-0.1,BU,13105600.0,34662200.0,False,50.0,13:25:21
18700.0,1400,-1250.0,-0.1,SD,13100600.0,34662200.0,False,0.0,13:25:21
18700.0,1000,-1250.0,-0.1,SD,13100600.0,34660800.0,False,0.0,13:25:21
18700.0,1700,-1250.0,-0.1,SD,13100600.0,34659800.0,False,0.0,13:25:21
18700.0,200,-1250.0,-0.1,SD,13100600.0,34658100.0,False,0.0,13:25:21
18700.0,5000,-1250.0,-0.1,SD,13100600.0,34657900.0,False,0.0,13:25:21
18700.0,2700,-1250.0,-0.1,SD,13100600.0,34652900.0,False,0.0,13:25:21
18700.0,1100,-1250.0,-0.1,SD,13100600.0,34650200.0,False,0.0,13:25:21
18700.0,6200,-1250.0,-0.1,SD,13100600.0,34649100.0,False,0.0,13:25:20
18700.0,500,-1250.0,-0.1,SD,13100600.0,34642900.0,False,0.0,13:25:20
18700.0,3000,-1250.0,-0.1,SD,13100600.0,34642400.0,False,0.0,13:25:20
18700.0,500,-1250.0,-0.1,SD,13100600.0,34639400.0,False,0.0,13:25:20
18700.0,2600,-1250.0,-0.1,SD,13100600.0,34638900.0,False,0.0,13:25:20
18700.0,700,-1250.0,-0.1,SD,13100600.0,34636300.0,False,-50.0,13:25:20
18750.0,500,-1200.0,-0.1,BU,13100600.0,34635600.0,False,0.0,13:25:20
18750.0,600,-1200.0,-0.1,BU,13100100.0,34635600.0,False,0.0,13:25:19
18750.0,100,-1200.0,-0.1,BU,13099500.0,34635600.0,False,50.0,13:25:19
18700.0,700,-1250.0,-0.1,SD,13099400.0,34635600.0,False,0.0,13:25:18
18700.0,300,-1250.0,-0.1,SD,13099400.0,34634900.0,False,-50.0,13:25:18
18750.0,500,-1200.0,-0.1,BU,13099400.0,34634600.0,False,0.0,13:25:18
18750.0,200,-1200.0,-0.1,BU,13098900.0,34634600.0,False,0.0,13:25:17
18750.0,100,-1200.0,-0.1,BU,13098700.0,34634600.0,False,0.0,13:25:17
18750.0,1000,-1200.0,-0.1,BU,13098600.0,34634600.0,False,50.0,13:25:15
18700.0,500,-1250.0,-0.1,SD,13097600.0,34634600.0,False,0.0,13:25:14
18700.0,500,-1250.0,-0.1,SD,13097600.0,34634100.0,False,-50.0,13:25:14
18750.0,600,-1200.0,-0.1,BU,13097600.0,34633600.0,False,0.0,13:25:13
18750.0,1000,-1200.0,-0.1,BU,13097000.0,34633600.0,False,0.0,13:25:12
18750.0,100,-1200.0,-0.1,BU,13096000.0,34633600.0,False,0.0,13:25:12
18750.0,500,-1200.0,-0.1,BU,13095900.0,34633600.0,False,0.0,13:25:11
18750.0,300,-1200.0,-0.1,BU,13095400.0,34633600.0,False,0.0,13:25:11
18750.0,3500,-1200.0,-0.1,BU,13095100.0,34633600.0,False,0.0,13:25:11
18750.0,500,-1200.0,-0.1,BU,13091600.0,34633600.0,False,0.0,13:25:11
18750.0,3000,-1200.0,-0.1,BU,13091100.0,34633600.0,False,0.0,13:25:11
18750.0,300,-1200.0,-0.1,BU,13088100.0,34633600.0,False,0.0,13:25:10
18750.0,500,-1200.0,-0.1,BU,13087800.0,34633600.0,False,0.0,13:25:08
18750.0,100,-1200.0,-0.1,BU,13087300.0,34633600.0,False,0.0,13:25:08
18750.0,1500,-1200.0,-0.1,SD,13087200.0,34633600.0,False,0.0,13:25:08
18750.0,100,-1200.0,-0.1,SD,13087200.0,34632100.0,False,0.0,13:25:08
18750.0,3000,-1200.0,-0.1,SD,13087200.0,34632000.0,False,0.0,13:25:08
18750.0,100,-1200.0,-0.1,SD,13087200.0,34629000.0,False,0.0,13:25:08
18750.0,500,-1200.0,-0.1,SD,13087200.0,34628900.0,False,0.0,13:25:08
18750.0,3000,-1200.0,-0.1,SD,13087200.0,34628400.0,False,0.0,13:25:08
18750.0,400,-1200.0,-0.1,SD,13087200.0,34625400.0,False,0.0,13:25:08
18750.0,100,-1200.0,-0.1,SD,13087200.0,34625000.0,False,0.0,13:25:08
18750.0,100,-1200.0,-0.1,SD,13087200.0,34624900.0,False,0.0,13:25:08
18750.0,1000,-1200.0,-0.1,SD,13087200.0,34624800.0,False,0.0,13:25:08
18750.0,300,-1200.0,-0.1,SD,13087200.0,34623800.0,False,0.0,13:25:08
18750.0,500,-1200.0,-0.1,SD,13087200.0,34623500.0,False,0.0,13:25:08
18750.0,2000,-1200.0,-0.1,SD,13087200.0,34623000.0,False,0.0,13:25:08
18750.0,1000,-1200.0,-0.1,SD,13087200.0,34621000.0,False,0.0,13:25:08
18750.0,100,-1200.0,-0.1,SD,13087200.0,34620000.0,False,0.0,13:25:08
18750.0,2000,-1200.0,-0.1,SD,13087200.0,34619900.0,False,0.0,13:25:08
18750.0,100,-1200.0,-0.1,SD,13087200.0,34617900.0,False,0.0,13:25:08
18750.0,200,-1200.0,-0.1,SD,13087200.0,34617800.0,False,0.0,13:25:08
18750.0,5000,-1200.0,-0.1,SD,13087200.0,34617600.0,False,0.0,13:25:08
18750.0,1000,-1200.0,-0.1,SD,13087200.0,34612600.0,False,0.0,13:25:08
18750.0,100,-1200.0,-0.1,SD,13087200.0,34611600.0,False,0.0,13:25:08
18750.0,100,-1200.0,-0.1,SD,13087200.0,34611500.0,False,0.0,13:25:08
18750.0,100,-1200.0,-0.1,SD,13087200.0,34611400.0,False,0.0,13:25:08
18750.0,100,-1200.0,-0.1,SD,13087200.0,34611300.0,False,0.0,13:25:08
18750.0,100,-1200.0,-0.1,SD,13087200.0,34611200.0,False,0.0,13:25:08
18750.0,300,-1200.0,-0.1,SD,13087200.0,34611100.0,False,0.0,13:25:08
18750.0,100,-1200.0,-0.1,SD,13087200.0,34610800.0,False,0.0,13:25:08
18750.0,100,-1200.0,-0.1,SD,13087200.0,34610700.0,False,0.0,13:25:08
18750.0,2500,-1200.0,-0.1,SD,13087200.0,34610600.0,False,0.0,13:25:08
18750.0,500,-1200.0,-0.1,SD,13087200.0,34608100.0,False,0.0,13:25:08
18750.0,500,-1200.0,-0.1,SD,13087200.0,34607600.0,False,0.0,13:25:08
18750.0,300,-1200.0,-0.1,SD,13087200.0,34607100.0,False,0.0,13:25:08
18750.0,5000,-1200.0,-0.1,SD,13087200.0,34606800.0,False,0.0,13:25:08
18750.0,100,-1200.0,-0.1,SD,13087200.0,34601800.0,False,0.0,13:25:08
18750.0,1000,-1200.0,-0.1,SD,13087200.0,34601700.0,False,0.0,13:25:08
18750.0,200,-1200.0,-0.1,SD,13087200.0,34600700.0,False,0.0,13:25:08
18750.0,900,-1200.0,-0.1,SD,13087200.0,34600500.0,False,0.0,13:25:08
18750.0,2500,-1200.0,-0.1,SD,13087200.0,34599600.0,False,0.0,13:25:08
18750.0,100,-1200.0,-0.1,SD,13087200.0,34597100.0,False,0.0,13:25:08
18750.0,4000,-1200.0,-0.1,SD,13087200.0,34597000.0,False,0.0,13:25:08
18750.0,500,-1200.0,-0.1,SD,13087200.0,34593000.0,False,0.0,13:25:08
18750.0,500,-1200.0,-0.1,SD,13087200.0,34592500.0,False,0.0,13:25:08
18750.0,500,-1200.0,-0.1,SD,13087200.0,34592000.0,False,0.0,13:25:08
18750.0,5000,-1200.0,-0.1,SD,13087200.0,34591500.0,False,0.0,13:25:08
18750.0,500,-1200.0,-0.1,SD,13087200.0,34586500.0,False,0.0,13:25:08
18750.0,100,-1200.0,-0.1,SD,13087200.0,34586000.0,False,0.0,13:25:08
18750.0,100,-1200.0,-0.1,SD,13087200.0,34585900.0,False,0.0,13:25:08
18750.0,500,-1200.0,-0.1,SD,13087200.0,34585800.0,False,0.0,13:25:08
18750.0,1000,-1200.0,-0.1,SD,13087200.0,34585300.0,False,0.0,13:25:08
18750.0,6000,-1200.0,-0.1,SD,13087200.0,34583300.0,False,0.0,13:25:08
18750.0,100,-1200.0,-0.1,SD,13087200.0,34577300.0,False,0.0,13:25:08
18750.0,1000,-1200.0,-0.1,SD,13087200.0,34584300.0,False,0.0,13:25:07
18750.0,300,-1200.0,-0.1,SD,13087200.0,34577200.0,False,0.0,13:25:07
18750.0,200,-1200.0,-0.1,SD,13087200.0,34576900.0,False,0.0,13:25:07
18750.0,100,-1200.0,-0.1,SD,13087200.0,34576700.0,False,0.0,13:25:07
18750.0,100,-1200.0,-0.1,SD,13087200.0,34576600.0,False,0.0,13:25:07
18750.0,100,-1200.0,-0.1,SD,13087200.0,34576500.0,False,0.0,13:25:07
18750.0,200,-1200.0,-0.1,SD,13087200.0,34576400.0,False,0.0,13:25:07
18750.0,100,-1200.0,-0.1,SD,13087200.0,34576200.0,False,0.0,13:25:07
18750.0,3000,-1200.0,-0.1,SD,13087200.0,34576100.0,False,0.0,13:25:07
18750.0,500,-1200.0,-0.1,SD,13087200.0,34573100.0,False,0.0,13:25:07
18750.0,200,-1200.0,-0.1,SD,13087200.0,34572600.0,False,0.0,13:25:07
18750.0,2000,-1200.0,-0.1,SD,13087200.0,34572400.0,False,0.0,13:25:07
18750.0,200,-1200.0,-0.1,SD,13087200.0,34570400.0,False,0.0,13:25:07
18750.0,1000,-1200.0,-0.1,SD,13087200.0,34570200.0,False,0.0,13:25:07
18750.0,500,-1200.0,-0.1,SD,13087200.0,34569200.0,False,0.0,13:25:07
18750.0,2000,-1200.0,-0.1,SD,13087200.0,34568700.0,False,0.0,13:25:07
18750.0,1000,-1200.0,-0.1,SD,13087200.0,34566700.0,False,0.0,13:25:07
18750.0,200,-1200.0,-0.1,SD,13087200.0,34565700.0,False,0.0,13:25:07
18750.0,1000,-1200.0,-0.1,SD,13087200.0,34565500.0,False,0.0,13:25:07
18750.0,100,-1200.0,-0.1,SD,13087200.0,34564500.0,False,0.0,13:25:07
18750.0,500,-1200.0,-0.1,SD,13087200.0,34564400.0,False,0.0,13:25:07
18750.0,3000,-1200.0,-0.1,SD,13087200.0,34563900.0,False,0.0,13:25:07
18750.0,2000,-1200.0,-0.1,SD,13087200.0,34560900.0,False,0.0,13:25:07
18750.0,1100,-1200.0,-0.1,SD,13087200.0,34558900.0,False,0.0,13:25:07
18750.0,45000,-1200.0,-0.1,SD,13087200.0,34557800.0,True,0.0,13:25:07
18750.0,900,-1200.0,-0.1,SD,13087200.0,34512800.0,False,0.0,13:25:07
18750.0,100,-1200.0,-0.1,SD,13087200.0,34511900.0,False,0.0,13:25:07
18750.0,2000,-1200.0,-0.1,SD,13087200.0,34511800.0,False,0.0,13:25:07
18750.0,500,-1200.0,-0.1,SD,13087200.0,34509800.0,False,0.0,13:25:07
18750.0,500,-1200.0,-0.1,SD,13087200.0,34509300.0,False,0.0,13:25:07
18750.0,1000,-1200.0,-0.1,SD,13087200.0,34508800.0,False,0.0,13:25:07
18750.0,2000,-1200.0,-0.1,SD,13087200.0,34507800.0,False,0.0,13:25:07
18750.0,300,-1200.0,-0.1,SD,13087200.0,34505800.0,False,0.0,13:25:07
18750.0,400,-1200.0,-0.1,SD,13087200.0,34505500.0,False,0.0,13:25:07
18750.0,500,-1200.0,-0.1,SD,13087200.0,34505100.0,False,0.0,13:25:07
18750.0,100,-1200.0,-0.1,SD,13087200.0,34504600.0,False,0.0,13:25:07
18750.0,100,-1200.0,-0.1,SD,13087200.0,34504500.0,False,0.0,13:25:07
18750.0,100,-1200.0,-0.1,SD,13087200.0,34504400.0,False,0.0,13:25:07
18750.0,2000,-1200.0,-0.1,SD,13087200.0,34504300.0,False,0.0,13:25:07
18750.0,100,-1200.0,-0.1,SD,13087200.0,34502300.0,False,0.0,13:25:07
18750.0,400,-1200.0,-0.1,SD,13087200.0,34502200.0,False,0.0,13:25:07
18750.0,13900,-1200.0,-0.1,SD,13087200.0,34501800.0,True,0.0,13:25:07
18750.0,500,-1200.0,-0.1,SD,13087200.0,34487900.0,False,0.0,13:25:07
18750.0,1000,-1200.0,-0.1,SD,13087200.0,34487400.0,False,0.0,13:25:07
18750.0,100,-1200.0,-0.1,SD,13087200.0,34486400.0,False,0.0,13:25:07
18750.0,800,-1200.0,-0.1,SD,13087200.0,34486300.0,False,0.0,13:25:07
18750.0,10000,-1200.0,-0.1,SD,13087200.0,34485500.0,False,0.0,13:25:07
18750.0,5300,-1200.0,-0.1,SD,13087200.0,34475500.0,False,0.0,13:25:07
18750.0,100,-1200.0,-0.1,SD,13087200.0,34470200.0,False,0.0,13:25:07
18750.0,2000,-1200.0,-0.1,SD,13087200.0,34470100.0,False,0.0,13:25:07
18750.0,2000,-1200.0,-0.1,SD,13087200.0,34468100.0,False,0.0,13:25:07
18750.0,100,-1200.0,-0.1,SD,13087200.0,34466100.0,False,0.0,13:25:07
18750.0,100,-1200.0,-0.1,SD,13087200.0,34466000.0,False,0.0,13:25:07
18750.0,10000,-1200.0,-0.1,SD,13087200.0,34465900.0,False,0.0,13:25:07
18750.0,500,-1200.0,-0.1,SD,13087200.0,34455900.0,False,0.0,13:25:07
18750.0,500,-1200.0,-0.1,SD,13087200.0,34455400.0,False,0.0,13:25:07
18750.0,2200,-1200.0,-0.1,SD,13087200.0,34454900.0,False,0.0,13:25:07
18750.0,700,-1200.0,-0.1,SD,13087200.0,34452700.0,False,0.0,13:25:07
18750.0,2000,-1200.0,-0.1,SD,13087200.0,34452000.0,False,0.0,13:25:07
18750.0,100,-1200.0,-0.1,SD,13087200.0,34450000.0,False,0.0,13:25:07
18750.0,2000,-1200.0,-0.1,SD,13087200.0,34449900.0,False,0.0,13:25:07
18750.0,100,-1200.0,-0.1,SD,13087200.0,34447900.0,False,0.0,13:25:07
18750.0,1000,-1200.0,-0.1,SD,13087200.0,34447800.0,False,0.0,13:25:07
18750.0,1000,-1200.0,-0.1,SD,13087200.0,34446800.0,False,0.0,13:25:07
18750.0,1000,-1200.0,-0.1,SD,13087200.0,34445800.0,False,0.0,13:25:07
18750.0,300,-1200.0,-0.1,SD,13087200.0,34444800.0,False,0.0,13:25:07
18750.0,300,-1200.0,-0.1,SD,13087200.0,34444500.0,False,0.0,13:25:07
18750.0,100,-1200.0,-0.1,SD,13087200.0,34444200.0,False,0.0,13:25:07
18750.0,100,-1200.0,-0.1,SD,13087200.0,34444100.0,False,0.0,13:25:07
18750.0,500,-1200.0,-0.1,SD,13087200.0,34444000.0,False,0.0,13:25:07
18750.0,100,-1200.0,-0.1,SD,13087200.0,34443500.0,False,0.0,13:25:07
18750.0,1000,-1200.0,-0.1,SD,13087200.0,34443400.0,False,0.0,13:25:07
18750.0,400,-1200.0,-0.1,SD,13087200.0,34442400.0,False,0.0,13:25:07
18750.0,100,-1200.0,-0.1,SD,13087200.0,34442000.0,False,0.0,13:25:07
18750.0,100,-1200.0,-0.1,SD,13087200.0,34441900.0,False,0.0,13:25:07
18750.0,100,-1200.0,-0.1,SD,13087200.0,34441800.0,False,0.0,13:25:07
18750.0,100,-1200.0,-0.1,SD,13087200.0,34441700.0,False,0.0,13:25:07
18750.0,3700,-1200.0,-0.1,SD,13087200.0,34441600.0,False,0.0,13:25:07
18750.0,1000,-1200.0,-0.1,SD,13087200.0,34437900.0,False,0.0,13:25:07
18750.0,1000,-1200.0,-0.1,SD,13087200.0,34436900.0,False,0.0,13:25:07
18750.0,2300,-1200.0,-0.1,SD,13087200.0,34435900.0,False,0.0,13:25:07
18750.0,1000,-1200.0,-0.1,SD,13087200.0,34433600.0,False,0.0,13:25:07
18750.0,100,-1200.0,-0.1,SD,13087200.0,34432600.0,False,0.0,13:25:07
18750.0,200,-1200.0,-0.1,SD,13087200.0,34432500.0,False,0.0,13:25:07
18750.0,1000,-1200.0,-0.1,SD,13087200.0,34432300.0,False,0.0,13:25:07
18750.0,100,-1200.0,-0.1,SD,13087200.0,34431300.0,False,0.0,13:25:07
18750.0,100,-1200.0,-0.1,SD,13087200.0,34431200.0,False,0.0,13:25:07
18750.0,1000,-1200.0,-0.1,SD,13087200.0,34431100.0,False,0.0,13:25:07
18750.0,500,-1200.0,-0.1,SD,13087200.0,34430100.0,False,0.0,13:25:07
18750.0,400,-1200.0,-0.1,SD,13087200.0,34429600.0,False,0.0,13:25:07
18750.0,10000,-1200.0,-0.1,SD,13087200.0,34429200.0,False,0.0,13:25:07
18750.0,100,-1200.0,-0.1,SD,13087200.0,34419200.0,False,0.0,13:25:07
18750.0,100,-1200.0,-0.1,SD,13087200.0,34419100.0,False,0.0,13:25:07
18750.0,400,-1200.0,-0.1,SD,13087200.0,34419000.0,False,0.0,13:25:07
18750.0,20000,-1200.0,-0.1,SD,13087200.0,34418600.0,True,0.0,13:25:07
18750.0,500,-1200.0,-0.1,SD,13087200.0,34398600.0,False,0.0,13:25:07
18750.0,1500,-1200.0,-0.1,SD,13087200.0,34398100.0,False,0.0,13:25:07
18750.0,6000,-1200.0,-0.1,SD,13087200.0,34396600.0,False,0.0,13:25:07
18750.0,22000,-1200.0,-0.1,SD,13087200.0,34390600.0,True,0.0,13:25:07
18750.0,100,-1200.0,-0.1,SD,13087200.0,34368600.0,False,0.0,13:25:07
18750.0,500,-1200.0,-0.1,SD,13087200.0,34368500.0,False,0.0,13:25:07
18750.0,3000,-1200.0,-0.1,SD,13087200.0,34368000.0,False,0.0,13:25:07
18750.0,2000,-1200.0,-0.1,SD,13087200.0,34365000.0,False,0.0,13:25:07
18750.0,100,-1200.0,-0.1,SD,13087200.0,34363000.0,False,0.0,13:25:07
18750.0,2000,-1200.0,-0.1,SD,13087200.0,34362900.0,False,0.0,13:25:07
18750.0,10000,-1200.0,-0.1,SD,13087200.0,34360900.0,False,0.0,13:25:07
18750.0,100,-1200.0,-0.1,SD,13087200.0,34350900.0,False,0.0,13:25:07
18750.0,200,-1200.0,-0.1,SD,13087200.0,34350800.0,False,0.0,13:25:07
18750.0,100,-1200.0,-0.1,SD,13087200.0,34350600.0,False,0.0,13:25:07
18750.0,500,-1200.0,-0.1,SD,13087200.0,34350500.0,False,0.0,13:25:07
18750.0,400,-1200.0,-0.1,SD,13087200.0,34350000.0,False,0.0,13:25:07
18750.0,100,-1200.0,-0.1,SD,13087200.0,34349600.0,False,0.0,13:25:07
18750.0,100,-1200.0,-0.1,SD,13087200.0,34349500.0,False,0.0,13:25:07
18750.0,200,-1200.0,-0.1,SD,13087200.0,34349400.0,False,0.0,13:25:07
18750.0,1000,-1200.0,-0.1,SD,13087200.0,34349200.0,False,0.0,13:25:07
18750.0,4000,-1200.0,-0.1,SD,13087200.0,34348200.0,False,0.0,13:25:07
18750.0,300,-1200.0,-0.1,SD,13087200.0,34344200.0,False,0.0,13:25:07
18750.0,5000,-1200.0,-0.1,SD,13087200.0,34343900.0,False,0.0,13:25:07
18750.0,500,-1200.0,-0.1,SD,13087200.0,34338900.0,False,0.0,13:25:07
18750.0,1000,-1200.0,-0.1,SD,13087200.0,34338400.0,False,0.0,13:25:07
18750.0,2000,-1200.0,-0.1,SD,13087200.0,34337400.0,False,0.0,13:25:07
18750.0,100,-1200.0,-0.1,SD,13087200.0,34335400.0,False,0.0,13:25:07
18750.0,200,-1200.0,-0.1,SD,13087200.0,34335300.0,False,0.0,13:25:07
18750.0,100,-1200.0,-0.1,SD,13087200.0,34335100.0,False,0.0,13:25:07
18750.0,2800,-1200.0,-0.1,SD,13087200.0,34335000.0,False,0.0,13:25:07
18750.0,1000,-1200.0,-0.1,SD,13087200.0,34332200.0,False,0.0,13:25:07
18750.0,100,-1200.0,-0.1,SD,13087200.0,34331200.0,False,0.0,13:25:07
18750.0,1000,-1200.0,-0.1,SD,13087200.0,34331100.0,False,0.0,13:25:07
18750.0,700,-1200.0,-0.1,SD,13087200.0,34330100.0,False,0.0,13:25:07
18750.0,200,-1200.0,-0.1,SD,13087200.0,34329400.0,False,0.0,13:25:07
18750.0,700,-1200.0,-0.1,SD,13087200.0,34329200.0,False,0.0,13:25:07
18750.0,300,-1200.0,-0.1,SD,13087200.0,34328500.0,False,0.0,13:25:07
18750.0,400,-1200.0,-0.1,SD,13087200.0,34328200.0,False,0.0,13:25:07
18750.0,2000,-1200.0,-0.1,SD,13087200.0,34327800.0,False,0.0,13:25:07
18750.0,300,-1200.0,-0.1,SD,13087200.0,34325800.0,False,0.0,13:25:07
18750.0,300,-1200.0,-0.1,SD,13087200.0,34325500.0,False,0.0,13:25:07
18750.0,1000,-1200.0,-0.1,SD,13087200.0,34325200.0,False,0.0,13:25:07
18750.0,1000,-1200.0,-0.1,SD,13087200.0,34324200.0,False,0.0,13:25:07
18750.0,800,-1200.0,-0.1,SD,13087200.0,34323200.0,False,0.0,13:25:07
18750.0,600,-1200.0,-0.1,SD,13087200.0,34322400.0,False,0.0,13:25:07
18750.0,200,-1200.0,-0.1,SD,13087200.0,34321800.0,False,0.0,13:25:07
18750.0,300,-1200.0,-0.1,SD,13087200.0,34321600.0,False,0.0,13:25:07
18750.0,50000,-1200.0,-0.1,SD,13087200.0,34321300.0,True,0.0,13:25:07
18750.0,5000,-1200.0,-0.1,SD,13087200.0,34271300.0,False,0.0,13:25:07
18750.0,1000,-1200.0,-0.1,SD,13087200.0,34266300.0,False,0.0,13:25:07
18750.0,2000,-1200.0,-0.1,SD,13087200.0,34265300.0,False,0.0,13:25:07
18750.0,100,-1200.0,-0.1,SD,13087200.0,34263300.0,False,0.0,13:25:07
18750.0,500,-1200.0,-0.1,SD,13087200.0,34263200.0,False,0.0,13:25:07
18750.0,500,-1200.0,-0.1,SD,13087200.0,34262700.0,False,0.0,13:25:07
18750.0,20000,-1200.0,-0.1,SD,13087200.0,34262200.0,True,0.0,13:25:07
18750.0,100,-1200.0,-0.1,SD,13087200.0,34242200.0,False,0.0,13:25:07
18750.0,1000,-1200.0,-0.1,SD,13087200.0,34242100.0,False,0.0,13:25:07
18750.0,100,-1200.0,-0.1,SD,13087200.0,34241100.0,False,0.0,13:25:07
18750.0,200,-1200.0,-0.1,SD,13087200.0,34241000.0,False,0.0,13:25:07
18750.0,100,-1200.0,-0.1,SD,13087200.0,34240800.0,False,0.0,13:25:07
18750.0,200,-1200.0,-0.1,SD,13087200.0,34240700.0,False,0.0,13:25:07
18750.0,100,-1200.0,-0.1,SD,13087200.0,34240500.0,False,0.0,13:25:07
18750.0,600,-1200.0,-0.1,SD,13087200.0,34240400.0,False,-50.0,13:25:07
18800.0,2000,-1150.0,-0.1,BU,13087200.0,34239800.0,False,0.0,13:25:07
18800.0,700,-1150.0,-0.1,BU,13085200.0,34239800.0,False,0.0,13:25:07
18800.0,100,-1150.0,-0.1,BU,13084500.0,34239800.0,False,0.0,13:25:07
18800.0,200,-1150.0,-0.1,BU,13084400.0,34239800.0,False,0.0,13:25:07
18800.0,200,-1150.0,-0.1,BU,13084200.0,34239800.0,False,0.0,13:25:07
18800.0,400,-1150.0,-0.1,BU,13084000.0,34239800.0,False,0.0,13:25:07
18800.0,200,-1150.0,-0.1,BU,13083600.0,34239800.0,False,0.0,13:25:06
18800.0,1000,-1150.0,-0.1,BU,13083400.0,34239800.0,False,0.0,13:25:06
18800.0,1000,-1150.0,-0.1,BU,13082400.0,34239800.0,False,0.0,13:25:05
18800.0,500,-1150.0,-0.1,BU,13081400.0,34239800.0,False,0.0,13:25:05
18800.0,400,-1150.0,-0.1,BU,13080900.0,34239800.0,False,0.0,13:25:05
18800.0,1000,-1150.0,-0.1,BU,13080500.0,34239800.0,False,0.0,13:25:05
18800.0,2100,-1150.0,-0.1,BU,13079500.0,34239800.0,False,0.0,13:25:05
18800.0,5400,-1150.0,-0.1,BU,13077400.0,34239800.0,False,0.0,13:25:04
18800.0,2000,-1150.0,-0.1,BU,13072000.0,34239800.0,False,0.0,13:25:04
18800.0,500,-1150.0,-0.1,BU,13070000.0,34239800.0,False,0.0,13:25:04
18800.0,300,-1150.0,-0.1,BU,13069500.0,34239800.0,False,0.0,13:25:04
18800.0,4500,-1150.0,-0.1,BU,13069200.0,34239800.0,False,0.0,13:25:04
18800.0,800,-1150.0,-0.1,BU,13064700.0,34239800.0,False,0.0,13:25:04
18800.0,200,-1150.0,-0.1,BU,13063900.0,34239800.0,False,0.0,13:25:04
18800.0,5000,-1150.0,-0.1,BU,13063700.0,34239800.0,False,0.0,13:25:04
18800.0,200,-1150.0,-0.1,BU,13058700.0,34239800.0,False,0.0,13:25:04
18800.0,900,-1150.0,-0.1,BU,13058500.0,34239800.0,False,0.0,13:25:04
18800.0,300,-1150.0,-0.1,BU,13057600.0,34239800.0,False,0.0,13:25:04
18800.0,500,-1150.0,-0.1,BU,13057300.0,34239800.0,False,0.0,13:25:04
18800.0,2000,-1150.0,-0.1,BU,13056800.0,34239800.0,False,0.0,13:25:04
18800.0,500,-1150.0,-0.1,BU,13054800.0,34239800.0,False,0.0,13:25:04
18800.0,3900,-1150.0,-0.1,BU,13054300.0,34239800.0,False,0.0,13:25:04
18800.0,100,-1150.0,-0.1,BU,13050400.0,34239800.0,False,0.0,13:25:03
18800.0,1000,-1150.0,-0.1,BU,13050300.0,34239800.0,False,50.0,13:25:02
18750.0,400,-1200.0,-0.1,SD,13049300.0,34239800.0,False,-50.0,13:25:02
18800.0,100,-1150.0,-0.1,BU,13049300.0,34239400.0,False,0.0,13:25:01
18800.0,1000,-1150.0,-0.1,BU,13049200.0,34239400.0,False,0.0,13:25:01
18800.0,500,-1150.0,-0.1,BU,13048200.0,34239400.0,False,0.0,13:25:01
18800.0,1000,-1150.0,-0.1,BU,13047700.0,34239400.0,False,0.0,13:25:01
18800.0,400,-1150.0,-0.1,BU,13046700.0,34239400.0,False,0.0,13:25:00
18800.0,100,-1150.0,-0.1,BU,13046300.0,34239400.0,False,0.0,13:25:00
18800.0,100,-1150.0,-0.1,BU,13046200.0,34239400.0,False,0.0,13:25:00
18800.0,200,-1150.0,-0.1,BU,13046100.0,34239400.0,False,0.0,13:25:00
18800.0,100,-1150.0,-0.1,BU,13045900.0,34239400.0,False,0.0,13:24:59
18800.0,300,-1150.0,-0.1,BU,13045800.0,34239400.0,False,0.0,13:24:59
18800.0,300,-1150.0,-0.1,BU,13045500.0,34239400.0,False,0.0,13:24:59
18800.0,100,-1150.0,-0.1,BU,13045200.0,34239400.0,False,0.0,13:24:59
18800.0,200,-1150.0,-0.1,BU,13045100.0,34239400.0,False,0.0,13:24:59
18800.0,300,-1150.0,-0.1,BU,13044900.0,34239400.0,False,0.0,13:24:58
18800.0,4700,-1150.0,-0.1,BU,13044600.0,34239400.0,False,0.0,13:24:58
18800.0,2000,-1150.0,-0.1,BU,13039900.0,34239400.0,False,0.0,13:24:57
18800.0,500,-1150.0,-0.1,BU,13037900.0,34239400.0,False,0.0,13:24:56
18800.0,100,-1150.0,-0.1,BU,13037400.0,34239400.0,False,0.0,13:24:55
18800.0,300,-1150.0,-0.1,BU,13037300.0,34239400.0,False,0.0,13:24:55
18800.0,500,-1150.0,-0.1,BU,13037000.0,34239400.0,False,0.0,13:24:55
18800.0,1000,-1150.0,-0.1,BU,13036500.0,34239400.0,False,0.0,13:24:54
18800.0,200,-1150.0,-0.1,BU,13035500.0,34239400.0,False,0.0,13:24:54
18800.0,100,-1150.0,-0.1,BU,13035300.0,34239400.0,False,0.0,13:24:54
18800.0,300,-1150.0,-0.1,BU,13035200.0,34239400.0,False,0.0,13:24:53
18800.0,100,-1150.0,-0.1,BU,13034900.0,34239400.0,False,0.0,13:24:52
18800.0,200,-1150.0,-0.1,BU,13034800.0,34239400.0,False,0.0,13:24:52
18800.0,100,-1150.0,-0.1,BU,13034600.0,34239400.0,False,0.0,13:24:52
18800.0,200,-1150.0,-0.1,BU,13034500.0,34239400.0,False,0.0,13:24:52
18800.0,100,-1150.0,-0.1,BU,13034300.0,34239400.0,False,0.0,13:24:52
18800.0,100,-1150.0,-0.1,BU,13034200.0,34239400.0,False,0.0,13:24:51
18800.0,500,-1150.0,-0.1,BU,13034100.0,34239400.0,False,0.0,13:24:51
18800.0,100,-1150.0,-0.1,BU,13033600.0,34239400.0,False,0.0,13:24:50
18800.0,100,-1150.0,-0.1,BU,13033500.0,34239400.0,False,0.0,13:24:50
18800.0,300,-1150.0,-0.1,BU,13033400.0,34239400.0,False,0.0,13:24:49
18800.0,300,-1150.0,-0.1,BU,13033100.0,34239400.0,False,0.0,13:24:49
18800.0,500,-1150.0,-0.1,BU,13032800.0,34239400.0,False,50.0,13:24:48
18750.0,500,-1200.0,-0.1,SD,13032300.0,34239400.0,False,-50.0,13:24:48
18800.0,600,-1150.0,-0.1,BU,13032300.0,34238900.0,False,0.0,13:24:48
18800.0,1000,-1150.0,-0.1,BU,13031700.0,34238900.0,False,0.0,13:24:47
18800.0,3900,-1150.0,-0.1,BU,13030700.0,34238900.0,False,0.0,13:24:47
18800.0,100,-1150.0,-0.1,BU,13026800.0,34238900.0,False,0.0,13:24:47
18800.0,500,-1150.0,-0.1,BU,13026700.0,34238900.0,False,0.0,13:24:44
18800.0,400,-1150.0,-0.1,BU,13026200.0,34238900.0,False,0.0,13:24:44
18800.0,4600,-1150.0,-0.1,BU,13025800.0,34238900.0,False,0.0,13:24:44
18800.0,100,-1150.0,-0.1,BU,13021200.0,34238900.0,False,0.0,13:24:44
18800.0,300,-1150.0,-0.1,BU,13021100.0,34238900.0,False,0.0,13:24:44
18800.0,2500,-1150.0,-0.1,BU,13020800.0,34238900.0,False,0.0,13:24:44
18800.0,100,-1150.0,-0.1,BU,13018300.0,34238900.0,False,0.0,13:24:44
18800.0,100,-1150.0,-0.1,BU,13018200.0,34238900.0,False,0.0,13:24:44
18800.0,1000,-1150.0,-0.1,BU,13018100.0,34238900.0,False,0.0,13:24:43
18800.0,200,-1150.0,-0.1,BU,13017100.0,34238900.0,False,0.0,13:24:43
18800.0,100,-1150.0,-0.1,BU,13016900.0,34238900.0,False,0.0,13:24:43
18800.0,100,-1150.0,-0.1,BU,13016800.0,34238900.0,False,0.0,13:24:42
18800.0,400,-1150.0,-0.1,BU,13016700.0,34238900.0,False,0.0,13:24:41
18800.0,100,-1150.0,-0.1,BU,13016300.0,34238900.0,False,0.0,13:24:41
18800.0,100,-1150.0,-0.1,BU,13016200.0,34238900.0,False,0.0,13:24:41
18800.0,500,-1150.0,-0.1,BU,13016100.0,34238900.0,False,0.0,13:24:41
18800.0,200,-1150.0,-0.1,BU,13015600.0,34238900.0,False,0.0,13:24:41
18800.0,100,-1150.0,-0.1,BU,13015400.0,34238900.0,False,0.0,13:24:41
18800.0,600,-1150.0,-0.1,BU,13015300.0,34238900.0,False,0.0,13:24:41
18800.0,200,-1150.0,-0.1,BU,13014700.0,34238900.0,False,50.0,13:24:39
18750.0,100,-1200.0,-0.1,SD,13014500.0,34238900.0,False,-50.0,13:24:39
18800.0,100,-1150.0,-0.1,BU,13014500.0,34238800.0,False,0.0,13:24:39
18800.0,100,-1150.0,-0.1,BU,13014400.0,34238800.0,False,0.0,13:24:38
18800.0,100,-1150.0,-0.1,BU,13014300.0,34238800.0,False,0.0,13:24:38
18800.0,500,-1150.0,-0.1,BU,13014200.0,34238800.0,False,0.0,13:24:38
18800.0,100,-1150.0,-0.1,BU,13013700.0,34238800.0,False,0.0,13:24:38
18800.0,100,-1150.0,-0.1,BU,13013600.0,34238800.0,False,0.0,13:24:37
18800.0,200,-1150.0,-0.1,BU,13013500.0,34238800.0,False,50.0,13:24:37
18750.0,100,-1200.0,-0.1,SD,13013300.0,34238800.0,False,0.0,13:24:36
18750.0,100,-1200.0,-0.1,SD,13013300.0,34238700.0,False,0.0,13:24:36
18750.0,100,-1200.0,-0.1,SD,13013300.0,34238600.0,False,0.0,13:24:36
18750.0,2700,-1200.0,-0.1,SD,13013300.0,34238500.0,False,-50.0,13:24:36
18800.0,1000,-1150.0,-0.1,BU,13013300.0,34235800.0,False,0.0,13:24:35
18800.0,3400,-1150.0,-0.1,BU,13012300.0,34235800.0,False,0.0,13:24:34
18800.0,1900,-1150.0,-0.1,BU,13008900.0,34235800.0,False,0.0,13:24:34
18800.0,100,-1150.0,-0.1,BU,13007000.0,34235800.0,False,0.0,13:24:34
18800.0,100,-1150.0,-0.1,BU,13006900.0,34235800.0,False,0.0,13:24:34
18800.0,2000,-1150.0,-0.1,BU,13006800.0,34235800.0,False,0.0,13:24:34
18800.0,100,-1150.0,-0.1,BU,13004800.0,34235800.0,False,0.0,13:24:34
18800.0,100,-1150.0,-0.1,BU,13004700.0,34235800.0,False,0.0,13:24:33
18800.0,1000,-1150.0,-0.1,BU,13004600.0,34235800.0,False,0.0,13:24:32
18800.0,500,-1150.0,-0.1,BU,13003600.0,34235800.0,False,0.0,13:24:32
18800.0,500,-1150.0,-0.1,BU,13003100.0,34235800.0,False,0.0,13:24:32
18800.0,100,-1150.0,-0.1,BU,13002600.0,34235800.0,False,0.0,13:24:32
18800.0,200,-1150.0,-0.1,BU,13002500.0,34235800.0,False,50.0,13:24:31
18750.0,300,-1200.0,-0.1,SD,13002300.0,34235800.0,False,-50.0,13:24:31
18800.0,300,-1150.0,-0.1,BU,13002300.0,34235500.0,False,0.0,13:24:31
18800.0,900,-1150.0,-0.1,BU,13002000.0,34235500.0,False,0.0,13:24:30
18800.0,100,-1150.0,-0.1,BU,13001100.0,34235500.0,False,0.0,13:24:30
18800.0,1000,-1150.0,-0.1,BU,13001000.0,34235500.0,False,0.0,13:24:29
18800.0,500,-1150.0,-0.1,BU,13000000.0,34235500.0,False,0.0,13:24:29
18800.0,10000,-1150.0,-0.1,SD,12999500.0,34235500.0,False,50.0,13:24:28
18750.0,2000,-1200.0,-0.1,SD,12999500.0,34225500.0,False,-50.0,13:24:28
18800.0,100,-1150.0,-0.1,SD,12999500.0,34223500.0,False,0.0,13:24:28
18800.0,500,-1150.0,-0.1,SD,12999500.0,34223400.0,False,0.0,13:24:28
18800.0,1000,-1150.0,-0.1,SD,12999500.0,34222900.0,False,0.0,13:24:27
18800.0,100,-1150.0,-0.1,SD,12999500.0,34221900.0,False,0.0,13:24:27
18800.0,1900,-1150.0,-0.1,SD,12999500.0,34221800.0,False,0.0,13:24:27
18800.0,1000,-1150.0,-0.1,SD,12999500.0,34219900.0,False,0.0,13:24:27
18800.0,300,-1150.0,-0.1,SD,12999500.0,34218900.0,False,0.0,13:24:26
18800.0,500,-1150.0,-0.1,SD,12999500.0,34218600.0,False,0.0,13:24:26
18800.0,100,-1150.0,-0.1,SD,12999500.0,34218100.0,False,0.0,13:24:25
18800.0,1000,-1150.0,-0.1,BU,12999500.0,34218000.0,False,0.0,13:24:25
18800.0,100,-1150.0,-0.1,BU,12998500.0,34218000.0,False,0.0,13:24:25
18800.0,800,-1150.0,-0.1,BU,12998400.0,34218000.0,False,0.0,13:24:25
18800.0,200,-1150.0,-0.1,BU,12997600.0,34218000.0,False,0.0,13:24:24
18800.0,2400,-1150.0,-0.1,BU,12997400.0,34218000.0,False,0.0,13:24:24
18800.0,100,-1150.0,-0.1,BU,12995000.0,34218000.0,False,0.0,13:24:24
18800.0,7000,-1150.0,-0.1,BU,12994900.0,34218000.0,False,0.0,13:24:24
18800.0,300,-1150.0,-0.1,BU,12987900.0,34218000.0,False,0.0,13:24:24
18800.0,3700,-1150.0,-0.1,BU,12987600.0,34218000.0,False,0.0,13:24:24
18800.0,100,-1150.0,-0.1,BU,12983900.0,34218000.0,False,0.0,13:24:24
18800.0,200,-1150.0,-0.1,BU,12983800.0,34218000.0,False,0.0,13:24:24
18800.0,200,-1150.0,-0.1,BU,12983600.0,34218000.0,False,0.0,13:24:22
18800.0,200,-1150.0,-0.1,BU,12983400.0,34218000.0,False,0.0,13:24:22
18800.0,1000,-1150.0,-0.1,BU,12983200.0,34218000.0,False,0.0,13:24:22
18800.0,600,-1150.0,-0.1,BU,12982200.0,34218000.0,False,0.0,13:24:22
18800.0,200,-1150.0,-0.1,BU,12981600.0,34218000.0,False,0.0,13:24:21
18800.0,200,-1150.0,-0.1,BU,12981400.0,34218000.0,False,0.0,13:24:21
18800.0,2800,-1150.0,-0.1,BU,12981200.0,34218000.0,False,0.0,13:24:21
18800.0,4000,-1150.0,-0.1,BU,12978400.0,34218000.0,False,0.0,13:24:20
18800.0,400,-1150.0,-0.1,BU,12974400.0,34218000.0,False,0.0,13:24:20
18800.0,100,-1150.0,-0.1,BU,12974000.0,34218000.0,False,0.0,13:24:20
18800.0,100,-1150.0,-0.1,BU,12973900.0,34218000.0,False,0.0,13:24:19
18800.0,500,-1150.0,-0.1,BU,12973800.0,34218000.0,False,0.0,13:24:19
18800.0,100,-1150.0,-0.1,BU,12973300.0,34218000.0,False,0.0,13:24:19
18800.0,200,-1150.0,-0.1,SD,12973200.0,34218000.0,False,0.0,13:24:18
18800.0,200,-1150.0,-0.1,SD,12973200.0,34217800.0,False,0.0,13:24:18
18800.0,1000,-1150.0,-0.1,SD,12973200.0,34217600.0,False,0.0,13:24:18
18800.0,300,-1150.0,-0.1,SD,12973200.0,34216600.0,False,0.0,13:24:18
18800.0,2000,-1150.0,-0.1,SD,12973200.0,34216300.0,False,0.0,13:24:18
18800.0,5000,-1150.0,-0.1,SD,12973200.0,34214300.0,False,0.0,13:24:18
18800.0,1000,-1150.0,-0.1,SD,12973200.0,34209300.0,False,0.0,13:24:18
18800.0,300,-1150.0,-0.1,SD,12973200.0,34208300.0,False,0.0,13:24:18
18800.0,5000,-1150.0,-0.1,SD,12973200.0,34208000.0,False,0.0,13:24:18
18800.0,1000,-1150.0,-0.1,SD,12973200.0,34203000.0,False,0.0,13:24:18
18800.0,400,-1150.0,-0.1,SD,12973200.0,34202000.0,False,0.0,13:24:18
18800.0,2000,-1150.0,-0.1,SD,12973200.0,34201600.0,False,0.0,13:24:18
18800.0,200,-1150.0,-0.1,SD,12973200.0,34199600.0,False,0.0,13:24:18
18800.0,100,-1150.0,-0.1,SD,12973200.0,34199400.0,False,0.0,13:24:18
18800.0,1000,-1150.0,-0.1,SD,12973200.0,34199300.0,False,0.0,13:24:18
18800.0,2000,-1150.0,-0.1,SD,12973200.0,34198300.0,False,0.0,13:24:18
18800.0,2000,-1150.0,-0.1,SD,12973200.0,34196300.0,False,0.0,13:24:18
18800.0,100,-1150.0,-0.1,SD,12973200.0,34194300.0,False,0.0,13:24:18
18800.0,500,-1150.0,-0.1,SD,12973200.0,34194200.0,False,0.0,13:24:18
18800.0,800,-1150.0,-0.1,SD,12973200.0,34193700.0,False,0.0,13:24:18
18800.0,1000,-1150.0,-0.1,SD,12973200.0,34192900.0,False,0.0,13:24:18
18800.0,500,-1150.0,-0.1,SD,12973200.0,34191900.0,False,0.0,13:24:18
18800.0,2000,-1150.0,-0.1,SD,12973200.0,34191400.0,False,0.0,13:24:18
18800.0,900,-1150.0,-0.1,SD,12973200.0,34189400.0,False,0.0,13:24:18
18800.0,500,-1150.0,-0.1,SD,12973200.0,34188500.0,False,0.0,13:24:18
18800.0,500,-1150.0,-0.1,SD,12973200.0,34188000.0,False,0.0,13:24:18
18800.0,200,-1150.0,-0.1,SD,12973200.0,34187500.0,False,0.0,13:24:18
18800.0,10000,-1150.0,-0.1,SD,12973200.0,34187300.0,False,0.0,13:24:18
18800.0,400,-1150.0,-0.1,SD,12973200.0,34177300.0,False,0.0,13:24:18
18800.0,4800,-1150.0,-0.1,SD,12973200.0,34176900.0,False,0.0,13:24:18
18800.0,1000,-1150.0,-0.1,SD,12973200.0,34172100.0,False,0.0,13:24:18
18800.0,3100,-1150.0,-0.1,SD,12973200.0,34171100.0,False,0.0,13:24:18
18800.0,1100,-1150.0,-0.1,SD,12973200.0,34168000.0,False,0.0,13:24:17
18800.0,900,-1150.0,-0.1,SD,12973200.0,34166900.0,False,0.0,13:24:17
18800.0,100,-1150.0,-0.1,SD,12973200.0,34166000.0,False,0.0,13:24:17
18800.0,100,-1150.0,-0.1,SD,12973200.0,34165900.0,False,0.0,13:24:15
18800.0,900,-1150.0,-0.1,SD,12973200.0,34165800.0,False,0.0,13:24:11
18800.0,1000,-1150.0,-0.1,SD,12973200.0,34164900.0,False,0.0,13:24:11
18800.0,200,-1150.0,-0.1,SD,12973200.0,34163900.0,False,0.0,13:24:11
18800.0,100,-1150.0,-0.1,SD,12973200.0,34163700.0,False,0.0,13:24:11
18800.0,100,-1150.0,-0.1,SD,12973200.0,34163600.0,False,0.0,13:24:11
18800.0,200,-1150.0,-0.1,SD,12973200.0,34163500.0,False,0.0,13:24:11
18800.0,500,-1150.0,-0.1,SD,12973200.0,34163300.0,False,-50.0,13:24:11
18850.0,100,-1100.0,-0.1,BU,12973200.0,34162800.0,False,0.0,13:24:11
18850.0,100,-1100.0,-0.1,BU,12973100.0,34162800.0,False,50.0,13:24:11
18800.0,2500,-1150.0,-0.1,SD,12973000.0,34162800.0,False,0.0,13:24:11
18800.0,100,-1150.0,-0.1,SD,12973000.0,34160300.0,False,0.0,13:24:11
18800.0,400,-1150.0,-0.1,SD,12973000.0,34160200.0,False,0.0,13:24:10
18800.0,100,-1150.0,-0.1,SD,12973000.0,34159800.0,False,0.0,13:24:10
18800.0,200,-1150.0,-0.1,SD,12973000.0,34159700.0,False,0.0,13:24:10
18800.0,1000,-1150.0,-0.1,SD,12973000.0,34159500.0,False,0.0,13:24:10
18800.0,100,-1150.0,-0.1,SD,12973000.0,34158500.0,False,0.0,13:24:10
18800.0,100,-1150.0,-0.1,SD,12973000.0,34158400.0,False,0.0,13:24:10
18800.0,2000,-1150.0,-0.1,SD,12973000.0,34158300.0,False,0.0,13:24:10
18800.0,500,-1150.0,-0.1,SD,12973000.0,34156300.0,False,0.0,13:24:10
18800.0,100,-1150.0,-0.1,SD,12973000.0,34155800.0,False,0.0,13:24:10
18800.0,500,-1150.0,-0.1,SD,12973000.0,34155700.0,False,0.0,13:24:10
18800.0,100,-1150.0,-0.1,SD,12973000.0,34155200.0,False,0.0,13:24:10
18800.0,100,-1150.0,-0.1,SD,12973000.0,34155100.0,False,0.0,13:24:10
18800.0,300,-1150.0,-0.1,SD,12973000.0,34155000.0,False,0.0,13:24:10
18800.0,200,-1150.0,-0.1,SD,12973000.0,34154700.0,False,0.0,13:24:10
18800.0,300,-1150.0,-0.1,SD,12973000.0,34154500.0,False,0.0,13:24:10
18800.0,1000,-1150.0,-0.1,SD,12973000.0,34154200.0,False,0.0,13:24:10
18800.0,100,-1150.0,-0.1,SD,12973000.0,34153200.0,False,0.0,13:24:10
18800.0,2000,-1150.0,-0.1,SD,12973000.0,34153100.0,False,0.0,13:24:10
18800.0,100,-1150.0,-0.1,SD,12973000.0,34151100.0,False,0.0,13:24:10
18800.0,100,-1150.0,-0.1,SD,12973000.0,34151000.0,False,0.0,13:24:10
18800.0,1400,-1150.0,-0.1,SD,12973000.0,34150900.0,False,0.0,13:24:10
18800.0,100,-1150.0,-0.1,SD,12973000.0,34149500.0,False,0.0,13:24:10
18800.0,200,-1150.0,-0.1,SD,12973000.0,34149400.0,False,0.0,13:24:10
18800.0,500,-1150.0,-0.1,SD,12973000.0,34149200.0,False,0.0,13:24:10
18800.0,400,-1150.0,-0.1,SD,12973000.0,34148700.0,False,0.0,13:24:10
18800.0,100,-1150.0,-0.1,SD,12973000.0,34148300.0,False,0.0,13:24:10
18800.0,200,-1150.0,-0.1,SD,12973000.0,34148200.0,False,0.0,13:24:10
18800.0,100,-1150.0,-0.1,SD,12973000.0,34148000.0,False,0.0,13:24:10
18800.0,10000,-1150.0,-0.1,SD,12973000.0,34147900.0,False,0.0,13:24:10
18800.0,600,-1150.0,-0.1,SD,12973000.0,34137900.0,False,0.0,13:24:10
18800.0,300,-1150.0,-0.1,SD,12973000.0,34137300.0,False,0.0,13:24:10
18800.0,100,-1150.0,-0.1,SD,12973000.0,34137000.0,False,0.0,13:24:10
18800.0,100,-1150.0,-0.1,SD,12973000.0,34136900.0,False,0.0,13:24:10
18800.0,300,-1150.0,-0.1,SD,12973000.0,34136800.0,False,0.0,13:24:10
18800.0,900,-1150.0,-0.1,SD,12973000.0,34136500.0,False,0.0,13:24:10
18800.0,200,-1150.0,-0.1,SD,12973000.0,34135600.0,False,0.0,13:24:10
18800.0,600,-1150.0,-0.1,SD,12973000.0,34135400.0,False,0.0,13:24:10
18800.0,1000,-1150.0,-0.1,SD,12973000.0,34134800.0,False,0.0,13:24:10
18800.0,10000,-1150.0,-0.1,SD,12973000.0,34133800.0,False,0.0,13:24:10
18800.0,5500,-1150.0,-0.1,SD,12973000.0,34123800.0,False,0.0,13:24:10
18800.0,400,-1150.0,-0.1,SD,12973000.0,34118300.0,False,0.0,13:24:10
18800.0,100,-1150.0,-0.1,SD,12973000.0,34117900.0,False,0.0,13:24:10
18800.0,1000,-1150.0,-0.1,SD,12973000.0,34117800.0,False,0.0,13:24:10
18800.0,200,-1150.0,-0.1,SD,12973000.0,34116800.0,False,0.0,13:24:10
18800.0,200,-1150.0,-0.1,SD,12973000.0,34116600.0,False,0.0,13:24:10
18800.0,500,-1150.0,-0.1,SD,12973000.0,34116400.0,False,0.0,13:24:10
18800.0,1000,-1150.0,-0.1,SD,12973000.0,34115900.0,False,0.0,13:24:10
18800.0,200,-1150.0,-0.1,SD,12973000.0,34114900.0,False,0.0,13:24:10
18800.0,500,-1150.0,-0.1,SD,12973000.0,34114700.0,False,-50.0,13:24:10
18850.0,100,-1100.0,-0.1,BU,12973000.0,34114200.0,False,50.0,13:24:09
18800.0,100,-1150.0,-0.1,SD,12972900.0,34114200.0,False,0.0,13:24:07
18800.0,900,-1150.0,-0.1,SD,12972900.0,34114100.0,False,0.0,13:24:07
18800.0,100,-1150.0,-0.1,SD,12972900.0,34113200.0,False,0.0,13:24:06
18800.0,2900,-1150.0,-0.1,SD,12972900.0,34113100.0,False,0.0,13:24:06
18800.0,3200,-1150.0,-0.1,SD,12972900.0,34110200.0,False,0.0,13:24:06
18800.0,900,-1150.0,-0.1,SD,12972900.0,34107000.0,False,0.0,13:24:04
18800.0,100,-1150.0,-0.1,SD,12972900.0,34106100.0,False,0.0,13:24:04
18800.0,200,-1150.0,-0.1,SD,12972900.0,34106000.0,False,0.0,13:24:04
18800.0,800,-1150.0,-0.1,SD,12972900.0,34105800.0,False,0.0,13:24:04
18800.0,100,-1150.0,-0.1,SD,12972900.0,34105000.0,False,0.0,13:24:04
18800.0,1100,-1150.0,-0.1,SD,12972900.0,34104900.0,False,0.0,13:24:02
18800.0,1500,-1150.0,-0.1,SD,12972900.0,34103800.0,False,0.0,13:24:02
18800.0,100,-1150.0,-0.1,SD,12972900.0,34102300.0,False,0.0,13:24:02
18800.0,500,-1150.0,-0.1,SD,12972900.0,34102200.0,False,0.0,13:24:02
18800.0,500,-1150.0,-0.1,SD,12972900.0,34101700.0,False,0.0,13:24:02
18800.0,1300,-1150.0,-0.1,SD,12972900.0,34101200.0,False,0.0,13:24:02
18800.0,500,-1150.0,-0.1,SD,12972900.0,34099900.0,False,0.0,13:24:02
18800.0,500,-1150.0,-0.1,SD,12972900.0,34099400.0,False,0.0,13:24:02
18800.0,200,-1150.0,-0.1,SD,12972900.0,34098900.0,False,0.0,13:24:02
18800.0,500,-1150.0,-0.1,SD,12972900.0,34098700.0,False,0.0,13:24:02
18800.0,1000,-1150.0,-0.1,SD,12972900.0,34098200.0,False,0.0,13:24:02
18800.0,1100,-1150.0,-0.1,SD,12972900.0,34097200.0,False,0.0,13:24:02
18800.0,900,-1150.0,-0.1,SD,12972900.0,34096100.0,False,0.0,13:24:02
18800.0,200,-1150.0,-0.1,SD,12972900.0,34095200.0,False,0.0,13:24:02
18800.0,100,-1150.0,-0.1,SD,12972900.0,34095000.0,False,0.0,13:24:02
18800.0,300,-1150.0,-0.1,SD,12972900.0,34094900.0,False,0.0,13:24:02
18800.0,100,-1150.0,-0.1,SD,12972900.0,34094600.0,False,0.0,13:24:02
18800.0,900,-1150.0,-0.1,SD,12972900.0,34094500.0,False,0.0,13:24:02
18800.0,500,-1150.0,-0.1,SD,12972900.0,34093600.0,False,-50.0,13:24:02
18850.0,100,-1100.0,-0.1,BU,12972900.0,34093100.0,False,50.0,13:24:01
18800.0,100,-1150.0,-0.1,SD,12972800.0,34093100.0,False,-50.0,13:23:59
18850.0,100,-1100.0,-0.1,BU,12972800.0,34093000.0,False,50.0,13:23:58
18800.0,400,-1150.0,-0.1,SD,12972700.0,34093000.0,False,0.0,13:23:56
18800.0,2000,-1150.0,-0.1,SD,12972700.0,34092600.0,False,0.0,13:23:56
18800.0,100,-1150.0,-0.1,SD,12972700.0,34090600.0,False,0.0,13:23:56
18800.0,200,-1150.0,-0.1,SD,12972700.0,34090500.0,False,0.0,13:23:56
18800.0,2200,-1150.0,-0.1,SD,12972700.0,34090300.0,False,0.0,13:23:56
18800.0,400,-1150.0,-0.1,SD,12972700.0,34088100.0,False,0.0,13:23:56
18800.0,100,-1150.0,-0.1,SD,12972700.0,34087700.0,False,-50.0,13:23:56
18850.0,500,-1100.0,-0.1,BU,12972700.0,34087600.0,False,50.0,13:23:56
18800.0,700,-1150.0,-0.1,SD,12972200.0,34087600.0,False,0.0,13:23:55
18800.0,500,-1150.0,-0.1,SD,12972200.0,34086900.0,False,0.0,13:23:54
18800.0,1200,-1150.0,-0.1,SD,12972200.0,34086400.0,False,0.0,13:23:53
18800.0,200,-1150.0,-0.1,SD,12972200.0,34085200.0,False,0.0,13:23:53
18800.0,100,-1150.0,-0.1,SD,12972200.0,34085000.0,False,0.0,13:23:53
18800.0,300,-1150.0,-0.1,SD,12972200.0,34084900.0,False,0.0,13:23:53
18800.0,500,-1150.0,-0.1,SD,12972200.0,34084600.0,False,0.0,13:23:53
18800.0,2000,-1150.0,-0.1,SD,12972200.0,34084100.0,False,0.0,13:23:53
18800.0,200,-1150.0,-0.1,SD,12972200.0,34082100.0,False,0.0,13:23:53
18800.0,300,-1150.0,-0.1,SD,12972200.0,34081900.0,False,0.0,13:23:53
18800.0,100,-1150.0,-0.1,SD,12972200.0,34081600.0,False,0.0,13:23:53
18800.0,100,-1150.0,-0.1,SD,12972200.0,34081500.0,False,-50.0,13:23:53
18850.0,3000,-1100.0,-0.1,BU,12972200.0,34081400.0,False,50.0,13:23:53
18800.0,100,-1150.0,-0.1,SD,12969200.0,34081400.0,False,0.0,13:23:53
18800.0,900,-1150.0,-0.1,SD,12969200.0,34081300.0,False,0.0,13:23:53
18800.0,500,-1150.0,-0.1,SD,12969200.0,34080400.0,False,0.0,13:23:53
18800.0,300,-1150.0,-0.1,SD,12969200.0,34079900.0,False,-50.0,13:23:52
18850.0,1100,-1100.0,-0.1,BU,12969200.0,34079600.0,False,0.0,13:23:52
18850.0,100,-1100.0,-0.1,BU,12968100.0,34079600.0,False,0.0,13:23:52
18850.0,100,-1100.0,-0.1,BU,12968000.0,34079600.0,False,0.0,13:23:52
18850.0,700,-1100.0,-0.1,BU,12967900.0,34079600.0,False,0.0,13:23:52
18850.0,300,-1100.0,-0.1,BU,12967200.0,34079600.0,False,0.0,13:23:51
18850.0,100,-1100.0,-0.1,BU,12966900.0,34079600.0,False,50.0,13:23:51
18800.0,100,-1150.0,-0.1,SD,12966800.0,34079600.0,False,0.0,13:23:50
18800.0,1200,-1150.0,-0.1,SD,12966800.0,34079500.0,False,0.0,13:23:49
18800.0,500,-1150.0,-0.1,SD,12966800.0,34078300.0,False,0.0,13:23:49
18800.0,500,-1150.0,-0.1,SD,12966800.0,34077800.0,False,0.0,13:23:49
18800.0,1000,-1150.0,-0.1,SD,12966800.0,34077300.0,False,0.0,13:23:47
18800.0,2500,-1150.0,-0.1,SD,12966800.0,34076300.0,False,0.0,13:23:47
18800.0,500,-1150.0,-0.1,SD,12966800.0,34073800.0,False,0.0,13:23:47
18800.0,1000,-1150.0,-0.1,SD,12966800.0,34073300.0,False,-50.0,13:23:46
18850.0,400,-1100.0,-0.1,BU,12966800.0,34072300.0,False,50.0,13:23:46
18800.0,1000,-1150.0,-0.1,SD,12966400.0,34072300.0,False,0.0,13:23:44
18800.0,1000,-1150.0,-0.1,SD,12966400.0,34071300.0,False,0.0,13:23:44
18800.0,100,-1150.0,-0.1,SD,12966400.0,34070300.0,False,-50.0,13:23:43
18850.0,500,-1100.0,-0.1,BU,12966400.0,34070200.0,False,0.0,13:23:43
18850.0,2000,-1100.0,-0.1,BU,12965900.0,34070200.0,False,0.0,13:23:43
18850.0,100,-1100.0,-0.1,BU,12963900.0,34070200.0,False,0.0,13:23:43
18850.0,200,-1100.0,-0.1,BU,12963800.0,34070200.0,False,0.0,13:23:43
18850.0,1500,-1100.0,-0.1,BU,12963600.0,34070200.0,False,0.0,13:23:43
18850.0,300,-1100.0,-0.1,BU,12962100.0,34070200.0,False,0.0,13:23:43
18850.0,3000,-1100.0,-0.1,BU,12961800.0,34070200.0,False,0.0,13:23:43
18850.0,200,-1100.0,-0.1,BU,12958800.0,34070200.0,False,0.0,13:23:43
18850.0,3000,-1100.0,-0.1,BU,12958600.0,34070200.0,False,0.0,13:23:43
18850.0,1000,-1100.0,-0.1,BU,12955600.0,34070200.0,False,0.0,13:23:43
18850.0,300,-1100.0,-0.1,BU,12954600.0,34070200.0,False,0.0,13:23:43
18850.0,1000,-1100.0,-0.1,BU,12954300.0,34070200.0,False,0.0,13:23:43
18850.0,100,-1100.0,-0.1,BU,12953300.0,34070200.0,False,0.0,13:23:43
18850.0,200,-1100.0,-0.1,BU,12953200.0,34070200.0,False,0.0,13:23:43
18850.0,100,-1100.0,-0.1,BU,12953000.0,34070200.0,False,0.0,13:23:43
18850.0,500,-1100.0,-0.1,BU,12952900.0,34070200.0,False,50.0,13:23:43
18800.0,200,-1150.0,-0.1,SD,12952400.0,34070200.0,False,0.0,13:23:43
18800.0,500,-1150.0,-0.1,SD,12952400.0,34070000.0,False,-50.0,13:23:41
18850.0,900,-1100.0,-0.1,BU,12952400.0,34069500.0,False,50.0,13:23:41
18800.0,200,-1150.0,-0.1,SD,12951500.0,34069500.0,False,0.0,13:23:38
18800.0,50000,-1150.0,-0.1,SD,12951500.0,34069300.0,True,-50.0,13:23:38
18850.0,100,-1100.0,-0.1,BU,12951500.0,34019300.0,False,0.0,13:23:37
18850.0,500,-1100.0,-0.1,BU,12951400.0,34019300.0,False,0.0,13:23:37
18850.0,100,-1100.0,-0.1,BU,12950900.0,34019300.0,False,0.0,13:23:37
18850.0,200,-1100.0,-0.1,BU,12950800.0,34019300.0,False,0.0,13:23:37
18850.0,2900,-1100.0,-0.1,BU,12950600.0,34019300.0,False,50.0,13:23:37
18800.0,4000,-1150.0,-0.1,SD,12947700.0,34019300.0,False,-50.0,13:23:37
18850.0,200,-1100.0,-0.1,BU,12947700.0,34015300.0,False,0.0,13:23:35
18850.0,100,-1100.0,-0.1,BU,12947500.0,34015300.0,False,50.0,13:23:35
18800.0,100,-1150.0,-0.1,SD,12947400.0,34015300.0,False,-50.0,13:23:34
18850.0,9500,-1100.0,-0.1,BU,12947400.0,34015200.0,False,0.0,13:23:33
18850.0,100,-1100.0,-0.1,BU,12937900.0,34015200.0,False,0.0,13:23:33
18850.0,1000,-1100.0,-0.1,BU,12937800.0,34015200.0,False,0.0,13:23:33
18850.0,1000,-1100.0,-0.1,BU,12936800.0,34015200.0,False,0.0,13:23:33
18850.0,100,-1100.0,-0.1,BU,12935800.0,34015200.0,False,0.0,13:23:33
18850.0,100,-1100.0,-0.1,BU,12935700.0,34015200.0,False,0.0,13:23:33
18850.0,9600,-1100.0,-0.1,BU,12935600.0,34015200.0,False,0.0,13:23:33
18850.0,1000,-1100.0,-0.1,BU,12926000.0,34015200.0,False,0.0,13:23:33
18850.0,300,-1100.0,-0.1,BU,12925000.0,34015200.0,False,0.0,13:23:33
18850.0,1500,-1100.0,-0.1,BU,12924700.0,34015200.0,False,0.0,13:23:33
18850.0,1000,-1100.0,-0.1,BU,12923200.0,34015200.0,False,0.0,13:23:33
18850.0,2000,-1100.0,-0.1,BU,12922200.0,34015200.0,False,0.0,13:23:33
18850.0,6000,-1100.0,-0.1,BU,12920200.0,34015200.0,False,0.0,13:23:33
18850.0,500,-1100.0,-0.1,BU,12914200.0,34015200.0,False,0.0,13:23:33
18850.0,600,-1100.0,-0.1,BU,12913700.0,34015200.0,False,0.0,13:23:33
18850.0,2900,-1100.0,-0.1,BU,12913100.0,34015200.0,False,0.0,13:23:33
18850.0,2800,-1100.0,-0.1,BU,12910200.0,34015200.0,False,50.0,13:23:33
18800.0,2000,-1150.0,-0.1,SD,12907400.0,34015200.0,False,-50.0,13:23:32
18850.0,1800,-1100.0,-0.1,BU,12907400.0,34013200.0,False,0.0,13:23:31
18850.0,10000,-1100.0,-0.1,BU,12905600.0,34013200.0,False,50.0,13:23:30
18800.0,20000,-1150.0,-0.1,SD,12895600.0,34013200.0,True,0.0,13:23:30
18800.0,2000,-1150.0,-0.1,SD,12895600.0,33993200.0,False,0.0,13:23:29
18800.0,200,-1150.0,-0.1,SD,12895600.0,33991200.0,False,0.0,13:23:29
18800.0,100,-1150.0,-0.1,SD,12895600.0,33991000.0,False,0.0,13:23:29
18800.0,100,-1150.0,-0.1,SD,12895600.0,33990900.0,False,0.0,13:23:29
18800.0,500,-1150.0,-0.1,SD,12895600.0,33990800.0,False,0.0,13:23:29
18800.0,1000,-1150.0,-0.1,SD,12895600.0,33990300.0,False,0.0,13:23:29
18800.0,200,-1150.0,-0.1,SD,12895600.0,33989300.0,False,0.0,13:23:29
18800.0,100,-1150.0,-0.1,SD,12895600.0,33989100.0,False,0.0,13:23:29
18800.0,100,-1150.0,-0.1,SD,12895600.0,33989000.0,False,0.0,13:23:29
18800.0,500,-1150.0,-0.1,SD,12895600.0,33988900.0,False,0.0,13:23:29
18800.0,400,-1150.0,-0.1,SD,12895600.0,33988400.0,False,0.0,13:23:29
18800.0,1000,-1150.0,-0.1,SD,12895600.0,33988000.0,False,0.0,13:23:29
18800.0,600,-1150.0,-0.1,SD,12895600.0,33987000.0,False,0.0,13:23:29
18800.0,100,-1150.0,-0.1,SD,12895600.0,33986400.0,False,0.0,13:23:29
18800.0,100,-1150.0,-0.1,SD,12895600.0,33986300.0,False,0.0,13:23:29
18800.0,100,-1150.0,-0.1,SD,12895600.0,33986200.0,False,-50.0,13:23:28
18850.0,1000,-1100.0,-0.1,BU,12895600.0,33986100.0,False,50.0,13:23:27
18800.0,600,-1150.0,-0.1,SD,12894600.0,33986100.0,False,0.0,13:23:25
18800.0,200,-1150.0,-0.1,SD,12894600.0,33985500.0,False,0.0,13:23:25
18800.0,500,-1150.0,-0.1,SD,12894600.0,33985300.0,False,0.0,13:23:25
18800.0,300,-1150.0,-0.1,SD,12894600.0,33984800.0,False,0.0,13:23:25
18800.0,700,-1150.0,-0.1,SD,12894600.0,33984500.0,False,0.0,13:23:25
18800.0,1000,-1150.0,-0.1,SD,12894600.0,33983800.0,False,0.0,13:23:25
18800.0,500,-1150.0,-0.1,SD,12894600.0,33982800.0,False,0.0,13:23:25
18800.0,800,-1150.0,-0.1,SD,12894600.0,33982300.0,False,0.0,13:23:25
18800.0,200,-1150.0,-0.1,SD,12894600.0,33981500.0,False,-50.0,13:23:25
18850.0,200,-1100.0,-0.1,BU,12894600.0,33981300.0,False,50.0,13:23:23
18800.0,100,-1150.0,-0.1,SD,12894400.0,33981300.0,False,0.0,13:23:21
18800.0,500,-1150.0,-0.1,SD,12894400.0,33981200.0,False,-50.0,13:23:21
18850.0,100,-1100.0,-0.1,BU,12894400.0,33980700.0,False,50.0,13:23:20
18800.0,100,-1150.0,-0.1,SD,12894300.0,33980700.0,False,0.0,13:23:19
18800.0,100,-1150.0,-0.1,SD,12894300.0,33980600.0,False,0.0,13:23:19
18800.0,1400,-1150.0,-0.1,SD,12894300.0,33980500.0,False,0.0,13:23:19
18800.0,200,-1150.0,-0.1,SD,12894300.0,33979100.0,False,0.0,13:23:19
18800.0,100,-1150.0,-0.1,SD,12894300.0,33978900.0,False,0.0,13:23:19
18800.0,200,-1150.0,-0.1,SD,12894300.0,33978800.0,False,0.0,13:23:19
18800.0,1000,-1150.0,-0.1,SD,12894300.0,33978600.0,False,0.0,13:23:19
18800.0,100,-1150.0,-0.1,SD,12894300.0,33977600.0,False,0.0,13:23:19
18800.0,900,-1150.0,-0.1,SD,12894300.0,33977500.0,False,0.0,13:23:19
18800.0,1100,-1150.0,-0.1,SD,12894300.0,33976600.0,False,0.0,13:23:19
18800.0,1000,-1150.0,-0.1,SD,12894300.0,33975500.0,False,0.0,13:23:19
18800.0,100,-1150.0,-0.1,SD,12894300.0,33974500.0,False,0.0,13:23:19
18800.0,500,-1150.0,-0.1,SD,12894300.0,33974400.0,False,0.0,13:23:19
18800.0,1000,-1150.0,-0.1,SD,12894300.0,33973900.0,False,0.0,13:23:19
18800.0,2000,-1150.0,-0.1,SD,12894300.0,33972900.0,False,0.0,13:23:19
18800.0,200,-1150.0,-0.1,SD,12894300.0,33970900.0,False,-50.0,13:23:19
18850.0,100,-1100.0,-0.1,BU,12894300.0,33970700.0,False,0.0,13:23:18
18850.0,1000,-1100.0,-0.1,BU,12894200.0,33970700.0,False,0.0,13:23:18
18850.0,5000,-1100.0,-0.1,BU,12893200.0,33970700.0,False,0.0,13:23:18
18850.0,300,-1100.0,-0.1,BU,12888200.0,33970700.0,False,0.0,13:23:18
18850.0,1000,-1100.0,-0.1,BU,12887900.0,33970700.0,False,0.0,13:23:18
18850.0,2500,-1100.0,-0.1,BU,12886900.0,33970700.0,False,0.0,13:23:18
18850.0,100,-1100.0,-0.1,BU,12884400.0,33970700.0,False,50.0,13:23:17
18800.0,1800,-1150.0,-0.1,SD,12884300.0,33970700.0,False,0.0,13:23:17
18800.0,100,-1150.0,-0.1,SD,12884300.0,33968900.0,False,0.0,13:23:17
18800.0,200,-1150.0,-0.1,SD,12884300.0,33968800.0,False,0.0,13:23:17
18800.0,900,-1150.0,-0.1,SD,12884300.0,33968600.0,False,0.0,13:23:17
18800.0,3000,-1150.0,-0.1,SD,12884300.0,33967700.0,False,0.0,13:23:17
18800.0,200,-1150.0,-0.1,SD,12884300.0,33964700.0,False,-50.0,13:23:17
18850.0,200,-1100.0,-0.1,BU,12884300.0,33964500.0,False,50.0,13:23:17
18800.0,500,-1150.0,-0.1,SD,12884100.0,33964500.0,False,0.0,13:23:17
18800.0,200,-1150.0,-0.1,SD,12884100.0,33964000.0,False,0.0,13:23:16
18800.0,200,-1150.0,-0.1,SD,12884100.0,33963800.0,False,0.0,13:23:16
18800.0,200,-1150.0,-0.1,SD,12884100.0,33963600.0,False,0.0,13:23:16
18800.0,2500,-1150.0,-0.1,SD,12884100.0,33963400.0,False,0.0,13:23:16
18800.0,900,-1150.0,-0.1,SD,12884100.0,33960900.0,False,0.0,13:23:16
18800.0,5800,-1150.0,-0.1,SD,12884100.0,33960000.0,False,0.0,13:23:15
18800.0,600,-1150.0,-0.1,SD,12884100.0,33954200.0,False,0.0,13:23:15
18800.0,100,-1150.0,-0.1,SD,12884100.0,33953600.0,False,0.0,13:23:14
18800.0,400,-1150.0,-0.1,SD,12884100.0,33953500.0,False,0.0,13:23:14
18800.0,700,-1150.0,-0.1,SD,12884100.0,33953100.0,False,0.0,13:23:14
18800.0,600,-1150.0,-0.1,SD,12884100.0,33952400.0,False,0.0,13:23:14
18800.0,400,-1150.0,-0.1,SD,12884100.0,33951800.0,False,0.0,13:23:12
18800.0,100,-1150.0,-0.1,SD,12884100.0,33951400.0,False,-50.0,13:23:12
18850.0,3000,-1100.0,-0.1,BU,12884100.0,33951300.0,False,50.0,13:23:11
18800.0,400,-1150.0,-0.1,SD,12881100.0,33951300.0,False,0.0,13:23:11
18800.0,500,-1150.0,-0.1,SD,12881100.0,33950900.0,False,0.0,13:23:11
18800.0,500,-1150.0,-0.1,SD,12881100.0,33950400.0,False,0.0,13:23:11
18800.0,1000,-1150.0,-0.1,SD,12881100.0,33949900.0,False,0.0,13:23:11
18800.0,100,-1150.0,-0.1,SD,12881100.0,33948900.0,False,-50.0,13:23:11
18850.0,1000,-1100.0,-0.1,BU,12881100.0,33948800.0,False,50.0,13:23:11
18800.0,500,-1150.0,-0.1,SD,12880100.0,33948800.0,False,0.0,13:23:11
18800.0,500,-1150.0,-0.1,SD,12880100.0,33948300.0,False,0.0,13:23:09
18800.0,200,-1150.0,-0.1,SD,12880100.0,33947800.0,False,0.0,13:23:09
18800.0,500,-1150.0,-0.1,SD,12880100.0,33947600.0,False,0.0,13:23:07
18800.0,500,-1150.0,-0.1,SD,12880100.0,33947100.0,False,0.0,13:23:07
18800.0,800,-1150.0,-0.1,SD,12880100.0,33946600.0,False,0.0,13:23:07
18800.0,200,-1150.0,-0.1,SD,12880100.0,33945800.0,False,0.0,13:23:07
18800.0,300,-1150.0,-0.1,SD,12880100.0,33945600.0,False,0.0,13:23:06
18800.0,700,-1150.0,-0.1,SD,12880100.0,33945300.0,False,0.0,13:23:06
18800.0,200,-1150.0,-0.1,SD,12880100.0,33944600.0,False,0.0,13:23:05
18800.0,300,-1150.0,-0.1,SD,12880100.0,33944400.0,False,0.0,13:23:05
18800.0,1800,-1150.0,-0.1,SD,12880100.0,33944100.0,False,0.0,13:23:03
18800.0,100,-1150.0,-0.1,SD,12880100.0,33942300.0,False,0.0,13:23:03
18800.0,100,-1150.0,-0.1,SD,12880100.0,33942200.0,False,0.0,13:23:03
18800.0,500,-1150.0,-0.1,BU,12880100.0,33942100.0,False,0.0,13:23:01
18800.0,200,-1150.0,-0.1,BU,12879600.0,33942100.0,False,0.0,13:23:01
18800.0,300,-1150.0,-0.1,SD,12879400.0,33942100.0,False,0.0,13:23:01
18800.0,5000,-1150.0,-0.1,SD,12879400.0,33941800.0,False,0.0,13:23:01
18800.0,100,-1150.0,-0.1,SD,12879400.0,33936800.0,False,0.0,13:23:01
18800.0,100,-1150.0,-0.1,SD,12879400.0,33936700.0,False,0.0,13:23:00
18800.0,900,-1150.0,-0.1,SD,12879400.0,33936600.0,False,0.0,13:23:00
18800.0,200,-1150.0,-0.1,SD,12879400.0,33935700.0,False,0.0,13:23:00
18800.0,2000,-1150.0,-0.1,SD,12879400.0,33935500.0,False,0.0,13:23:00
18800.0,100,-1150.0,-0.1,SD,12879400.0,33933500.0,False,0.0,13:23:00
18800.0,200,-1150.0,-0.1,SD,12879400.0,33933400.0,False,0.0,13:23:00
18800.0,600,-1150.0,-0.1,SD,12879400.0,33933200.0,False,0.0,13:23:00
18800.0,2000,-1150.0,-0.1,SD,12879400.0,33932600.0,False,0.0,13:23:00
18800.0,800,-1150.0,-0.1,SD,12879400.0,33930600.0,False,0.0,13:23:00
18800.0,100,-1150.0,-0.1,SD,12879400.0,33929800.0,False,0.0,13:23:00
18800.0,8000,-1150.0,-0.1,SD,12879400.0,33929700.0,False,-50.0,13:23:00
18850.0,200,-1100.0,-0.1,BU,12879400.0,33921700.0,False,50.0,13:23:00
18800.0,2000,-1150.0,-0.1,SD,12879200.0,33921700.0,False,0.0,13:23:00
18800.0,600,-1150.0,-0.1,SD,12879200.0,33919700.0,False,0.0,13:23:00
18800.0,500,-1150.0,-0.1,SD,12879200.0,33919100.0,False,0.0,13:23:00
18800.0,1000,-1150.0,-0.1,SD,12879200.0,33918600.0,False,0.0,13:23:00
18800.0,100,-1150.0,-0.1,SD,12879200.0,33917600.0,False,0.0,13:23:00
18800.0,100,-1150.0,-0.1,SD,12879200.0,33917500.0,False,0.0,13:23:00
18800.0,100,-1150.0,-0.1,SD,12879200.0,33917400.0,False,0.0,13:23:00
18800.0,5000,-1150.0,-0.1,SD,12879200.0,33917300.0,False,0.0,13:23:00
18800.0,4800,-1150.0,-0.1,SD,12879200.0,33912300.0,False,0.0,13:23:00
18800.0,100,-1150.0,-0.1,SD,12879200.0,33907500.0,False,0.0,13:23:00
18800.0,10000,-1150.0,-0.1,SD,12879200.0,33907400.0,False,0.0,13:23:00
18800.0,200,-1150.0,-0.1,SD,12879200.0,33897400.0,False,0.0,13:23:00
18800.0,1000,-1150.0,-0.1,SD,12879200.0,33897200.0,False,0.0,13:23:00
18800.0,1000,-1150.0,-0.1,SD,12879200.0,33896200.0,False,0.0,13:23:00
18800.0,200,-1150.0,-0.1,SD,12879200.0,33895200.0,False,0.0,13:23:00
18800.0,100,-1150.0,-0.1,SD,12879200.0,33895000.0,False,0.0,13:23:00
18800.0,1500,-1150.0,-0.1,SD,12879200.0,33894900.0,False,0.0,13:23:00
18800.0,1000,-1150.0,-0.1,SD,12879200.0,33893400.0,False,0.0,13:23:00
18800.0,200,-1150.0,-0.1,SD,12879200.0,33892400.0,False,0.0,13:23:00
18800.0,100,-1150.0,-0.1,SD,12879200.0,33892200.0,False,0.0,13:23:00
18800.0,200,-1150.0,-0.1,SD,12879200.0,33892100.0,False,0.0,13:23:00
18800.0,1000,-1150.0,-0.1,SD,12879200.0,33891900.0,False,0.0,13:23:00
18800.0,800,-1150.0,-0.1,SD,12879200.0,33890900.0,False,0.0,13:23:00
18800.0,10100,-1150.0,-0.1,SD,12879200.0,33890100.0,False,0.0,13:23:00
18800.0,900,-1150.0,-0.1,SD,12879200.0,33880000.0,False,0.0,13:22:59
18800.0,100,-1150.0,-0.1,SD,12879200.0,33879100.0,False,0.0,13:22:59
18800.0,100,-1150.0,-0.1,SD,12879200.0,33879000.0,False,0.0,13:22:59
18800.0,800,-1150.0,-0.1,SD,12879200.0,33878900.0,False,0.0,13:22:59
18800.0,100,-1150.0,-0.1,SD,12879200.0,33878100.0,False,0.0,13:22:59
18800.0,200,-1150.0,-0.1,SD,12879200.0,33878000.0,False,0.0,13:22:59
18800.0,100,-1150.0,-0.1,SD,12879200.0,33877800.0,False,0.0,13:22:59
18800.0,100,-1150.0,-0.1,SD,12879200.0,33877700.0,False,0.0,13:22:59
18800.0,200,-1150.0,-0.1,SD,12879200.0,33877600.0,False,0.0,13:22:59
18800.0,1800,-1150.0,-0.1,SD,12879200.0,33877400.0,False,0.0,13:22:58
18800.0,2000,-1150.0,-0.1,SD,12879200.0,33875600.0,False,0.0,13:22:58
18800.0,5000,-1150.0,-0.1,SD,12879200.0,33873600.0,False,0.0,13:22:58
18800.0,1000,-1150.0,-0.1,SD,12879200.0,33868600.0,False,0.0,13:22:58
18800.0,200,-1150.0,-0.1,SD,12879200.0,33867600.0,False,0.0,13:22:58
18800.0,1000,-1150.0,-0.1,SD,12879200.0,33867400.0,False,0.0,13:22:57
18800.0,800,-1150.0,-0.1,SD,12879200.0,33866400.0,False,0.0,13:22:57
18800.0,500,-1150.0,-0.1,SD,12879200.0,33865600.0,False,0.0,13:22:57
18800.0,500,-1150.0,-0.1,SD,12879200.0,33865100.0,False,0.0,13:22:57
18800.0,100,-1150.0,-0.1,SD,12879200.0,33864600.0,False,0.0,13:22:57
18800.0,100,-1150.0,-0.1,SD,12879200.0,33864500.0,False,0.0,13:22:57
18800.0,300,-1150.0,-0.1,SD,12879200.0,33864400.0,False,0.0,13:22:57
18800.0,1000,-1150.0,-0.1,SD,12879200.0,33864100.0,False,0.0,13:22:57
18800.0,200,-1150.0,-0.1,SD,12879200.0,33863100.0,False,0.0,13:22:57
18800.0,700,-1150.0,-0.1,SD,12879200.0,33862900.0,False,0.0,13:22:57
18800.0,500,-1150.0,-0.1,SD,12879200.0,33862200.0,False,0.0,13:22:57
18800.0,1000,-1150.0,-0.1,SD,12879200.0,33861700.0,False,0.0,13:22:57
18800.0,200,-1150.0,-0.1,SD,12879200.0,33860700.0,False,0.0,13:22:57
18800.0,300,-1150.0,-0.1,SD,12879200.0,33860500.0,False,0.0,13:22:57
18800.0,1000,-1150.0,-0.1,SD,12879200.0,33860200.0,False,0.0,13:22:57
18800.0,100,-1150.0,-0.1,SD,12879200.0,33859200.0,False,0.0,13:22:57
18800.0,100,-1150.0,-0.1,SD,12879200.0,33859100.0,False,0.0,13:22:57
18800.0,500,-1150.0,-0.1,SD,12879200.0,33859000.0,False,0.0,13:22:57
18800.0,100,-1150.0,-0.1,SD,12879200.0,33858500.0,False,0.0,13:22:57
18800.0,1000,-1150.0,-0.1,SD,12879200.0,33858400.0,False,0.0,13:22:57
18800.0,100,-1150.0,-0.1,SD,12879200.0,33857400.0,False,0.0,13:22:57
18800.0,5000,-1150.0,-0.1,SD,12879200.0,33857300.0,False,0.0,13:22:57
18800.0,2000,-1150.0,-0.1,SD,12879200.0,33852300.0,False,0.0,13:22:57
18800.0,900,-1150.0,-0.1,SD,12879200.0,33850300.0,False,0.0,13:22:57
18800.0,500,-1150.0,-0.1,SD,12879200.0,33849400.0,False,0.0,13:22:57
18800.0,500,-1150.0,-0.1,SD,12879200.0,33848900.0,False,0.0,13:22:57
18800.0,600,-1150.0,-0.1,SD,12879200.0,33848400.0,False,0.0,13:22:57
18800.0,400,-1150.0,-0.1,SD,12879200.0,33847800.0,False,0.0,13:22:57
18800.0,100,-1150.0,-0.1,SD,12879200.0,33847400.0,False,0.0,13:22:57
18800.0,100,-1150.0,-0.1,SD,12879200.0,33847300.0,False,0.0,13:22:57
18800.0,100,-1150.0,-0.1,SD,12879200.0,33847200.0,False,0.0,13:22:57
18800.0,100,-1150.0,-0.1,SD,12879200.0,33847100.0,False,0.0,13:22:57
18800.0,700,-1150.0,-0.1,SD,12879200.0,33847000.0,False,0.0,13:22:57
18800.0,300,-1150.0,-0.1,SD,12879200.0,33846300.0,False,0.0,13:22:56
18800.0,800,-1150.0,-0.1,SD,12879200.0,33846000.0,False,0.0,13:22:56
18800.0,1900,-1150.0,-0.1,SD,12879200.0,33845200.0,False,0.0,13:22:56
18800.0,100,-1150.0,-0.1,SD,12879200.0,33843300.0,False,0.0,13:22:55
18800.0,100,-1150.0,-0.1,SD,12879200.0,33843200.0,False,0.0,13:22:55
18800.0,300,-1150.0,-0.1,SD,12879200.0,33843100.0,False,0.0,13:22:55
18800.0,200,-1150.0,-0.1,SD,12879200.0,33842800.0,False,0.0,13:22:55
18800.0,200,-1150.0,-0.1,SD,12879200.0,33842600.0,False,0.0,13:22:55
18800.0,100,-1150.0,-0.1,SD,12879200.0,33842400.0,False,-50.0,13:22:55
18850.0,400,-1100.0,-0.1,BU,12879200.0,33842300.0,False,50.0,13:22:54
18800.0,200,-1150.0,-0.1,SD,12878800.0,33842300.0,False,0.0,13:22:53
18800.0,100,-1150.0,-0.1,SD,12878800.0,33842100.0,False,0.0,13:22:53
18800.0,500,-1150.0,-0.1,SD,12878800.0,33842000.0,False,0.0,13:22:53
18800.0,200,-1150.0,-0.1,SD,12878800.0,33841500.0,False,-50.0,13:22:53
18850.0,300,-1100.0,-0.1,BU,12878800.0,33841300.0,False,50.0,13:22:53
18800.0,800,-1150.0,-0.1,SD,12878500.0,33841300.0,False,0.0,13:22:53
18800.0,2200,-1150.0,-0.1,SD,12878500.0,33840500.0,False,0.0,13:22:53
18800.0,100,-1150.0,-0.1,SD,12878500.0,33838300.0,False,0.0,13:22:53
18800.0,500,-1150.0,-0.1,SD,12878500.0,33838200.0,False,0.0,13:22:53
18800.0,4800,-1150.0,-0.1,SD,12878500.0,33837700.0,False,0.0,13:22:53
18800.0,200,-1150.0,-0.1,SD,12878500.0,33832900.0,False,0.0,13:22:53
18800.0,1000,-1150.0,-0.1,SD,12878500.0,33832700.0,False,0.0,13:22:53
18800.0,500,-1150.0,-0.1,SD,12878500.0,33831700.0,False,0.0,13:22:53
18800.0,100,-1150.0,-0.1,SD,12878500.0,33831200.0,False,0.0,13:22:53
18800.0,1000,-1150.0,-0.1,SD,12878500.0,33831100.0,False,0.0,13:22:53
18800.0,100,-1150.0,-0.1,SD,12878500.0,33830100.0,False,0.0,13:22:53
18800.0,1000,-1150.0,-0.1,SD,12878500.0,33830000.0,False,0.0,13:22:53
18800.0,100,-1150.0,-0.1,SD,12878500.0,33829000.0,False,0.0,13:22:53
18800.0,1000,-1150.0,-0.1,SD,12878500.0,33828900.0,False,0.0,13:22:53
18800.0,100,-1150.0,-0.1,SD,12878500.0,33827900.0,False,0.0,13:22:53
18800.0,500,-1150.0,-0.1,SD,12878500.0,33827800.0,False,0.0,13:22:53
18800.0,1000,-1150.0,-0.1,SD,12878500.0,33827300.0,False,0.0,13:22:53
18800.0,100,-1150.0,-0.1,SD,12878500.0,33826300.0,False,0.0,13:22:53
18800.0,400,-1150.0,-0.1,SD,12878500.0,33826200.0,False,0.0,13:22:53
18800.0,1000,-1150.0,-0.1,SD,12878500.0,33825800.0,False,0.0,13:22:53
18800.0,3500,-1150.0,-0.1,SD,12878500.0,33824800.0,False,-50.0,13:22:53
18850.0,1000,-1100.0,-0.1,BU,12878500.0,33821300.0,False,0.0,13:22:49
18850.0,100,-1100.0,-0.1,BU,12877500.0,33821300.0,False,0.0,13:22:49
18850.0,1200,-1100.0,-0.1,BU,12877400.0,33821300.0,False,0.0,13:22:47
18850.0,200,-1100.0,-0.1,BU,12876200.0,33821300.0,False,0.0,13:22:47
18850.0,100,-1100.0,-0.1,BU,12876000.0,33821300.0,False,50.0,13:22:46
18800.0,500,-1150.0,-0.1,SD,12875900.0,33821300.0,False,-50.0,13:22:46
18850.0,1000,-1100.0,-0.1,BU,12875900.0,33820800.0,False,0.0,13:22:45
18850.0,700,-1100.0,-0.1,BU,12874900.0,33820800.0,False,0.0,13:22:45
18850.0,800,-1100.0,-0.1,BU,12874200.0,33820800.0,False,0.0,13:22:45
18850.0,2100,-1100.0,-0.1,BU,12873400.0,33820800.0,False,0.0,13:22:45
18850.0,1000,-1100.0,-0.1,BU,12871300.0,33820800.0,False,0.0,13:22:45
18850.0,400,-1100.0,-0.1,BU,12870300.0,33820800.0,False,0.0,13:22:45
18850.0,3100,-1100.0,-0.1,BU,12869900.0,33820800.0,False,0.0,13:22:45
18850.0,900,-1100.0,-0.1,BU,12866800.0,33820800.0,False,50.0,13:22:45
18800.0,500,-1150.0,-0.1,SD,12865900.0,33820800.0,False,0.0,13:22:44
18800.0,2000,-1150.0,-0.1,SD,12865900.0,33820300.0,False,0.0,13:22:43
18800.0,3000,-1150.0,-0.1,SD,12865900.0,33818300.0,False,0.0,13:22:43
18800.0,500,-1150.0,-0.1,SD,12865900.0,33815300.0,False,0.0,13:22:40
18800.0,100,-1150.0,-0.1,SD,12865900.0,33814800.0,False,-50.0,13:22:40
18850.0,600,-1100.0,-0.1,BU,12865900.0,33814700.0,False,0.0,13:22:38
18850.0,600,-1100.0,-0.1,BU,12865300.0,33814700.0,False,0.0,13:22:38
18850.0,400,-1100.0,-0.1,BU,12864700.0,33814700.0,False,0.0,13:22:38
18850.0,600,-1100.0,-0.1,BU,12864300.0,33814700.0,False,0.0,13:22:38
18850.0,100,-1100.0,-0.1,BU,12863700.0,33814700.0,False,0.0,13:22:37
18850.0,2000,-1100.0,-0.1,BU,12863600.0,33814700.0,False,50.0,13:22:37
18800.0,3000,-1150.0,-0.1,SD,12861600.0,33814700.0,False,0.0,13:22:35
18800.0,1000,-1150.0,-0.1,SD,12861600.0,33811700.0,False,-50.0,13:22:35
18850.0,1700,-1100.0,-0.1,BU,12861600.0,33810700.0,False,0.0,13:22:35
18850.0,100,-1100.0,-0.1,BU,12859900.0,33810700.0,False,0.0,13:22:35
18850.0,1000,-1100.0,-0.1,BU,12859800.0,33810700.0,False,0.0,13:22:35
18850.0,600,-1100.0,-0.1,BU,12858800.0,33810700.0,False,50.0,13:22:35
18800.0,900,-1150.0,-0.1,SD,12858200.0,33810700.0,False,0.0,13:22:34
18800.0,100,-1150.0,-0.1,SD,12858200.0,33809800.0,False,0.0,13:22:34
18800.0,200,-1150.0,-0.1,SD,12858200.0,33809700.0,False,0.0,13:22:34
18800.0,1200,-1150.0,-0.1,SD,12858200.0,33809500.0,False,0.0,13:22:34
18800.0,3000,-1150.0,-0.1,SD,12858200.0,33808300.0,False,0.0,13:22:34
18800.0,300,-1150.0,-0.1,SD,12858200.0,33805300.0,False,0.0,13:22:34
18800.0,1000,-1150.0,-0.1,SD,12858200.0,33805000.0,False,0.0,13:22:34
18800.0,400,-1150.0,-0.1,SD,12858200.0,33804000.0,False,0.0,13:22:34
18800.0,200,-1150.0,-0.1,SD,12858200.0,33803600.0,False,0.0,13:22:34
18800.0,500,-1150.0,-0.1,SD,12858200.0,33803400.0,False,0.0,13:22:34
18800.0,500,-1150.0,-0.1,SD,12858200.0,33802900.0,False,0.0,13:22:34
18800.0,500,-1150.0,-0.1,SD,12858200.0,33802400.0,False,0.0,13:22:34
18800.0,100,-1150.0,-0.1,SD,12858200.0,33801900.0,False,0.0,13:22:34
18800.0,400,-1150.0,-0.1,SD,12858200.0,33801800.0,False,0.0,13:22:34
18800.0,300,-1150.0,-0.1,SD,12858200.0,33801400.0,False,0.0,13:22:34
18800.0,100,-1150.0,-0.1,SD,12858200.0,33801100.0,False,0.0,13:22:34
18800.0,300,-1150.0,-0.1,SD,12858200.0,33801000.0,False,-50.0,13:22:34
18850.0,100,-1100.0,-0.1,BU,12858200.0,33800700.0,False,0.0,13:22:34
18850.0,300,-1100.0,-0.1,BU,12858100.0,33800700.0,False,50.0,13:22:34
18800.0,100,-1150.0,-0.1,SD,12857800.0,33800700.0,False,-50.0,13:22:34
18850.0,100,-1100.0,-0.1,BU,12857800.0,33800600.0,False,50.0,13:22:31
18800.0,1000,-1150.0,-0.1,SD,12857700.0,33800600.0,False,-50.0,13:22:31
18850.0,6900,-1100.0,-0.1,BU,12857700.0,33799600.0,False,0.0,13:22:31
18850.0,100,-1100.0,-0.1,BU,12850800.0,33799600.0,False,50.0,13:22:31
18800.0,600,-1150.0,-0.1,SD,12850700.0,33799600.0,False,-50.0,13:22:30
18850.0,500,-1100.0,-0.1,BU,12850700.0,33799000.0,False,0.0,13:22:30
18850.0,100,-1100.0,-0.1,BU,12850200.0,33799000.0,False,0.0,13:22:29
18850.0,500,-1100.0,-0.1,BU,12850100.0,33799000.0,False,0.0,13:22:29
18850.0,1000,-1100.0,-0.1,BU,12849600.0,33799000.0,False,50.0,13:22:29
18800.0,500,-1150.0,-0.1,SD,12848600.0,33799000.0,False,0.0,13:22:29
18800.0,300,-1150.0,-0.1,SD,12848600.0,33798500.0,False,-50.0,13:22:29
18850.0,100,-1100.0,-0.1,BU,12848600.0,33798200.0,False,0.0,13:22:28
18850.0,100,-1100.0,-0.1,BU,12848500.0,33798200.0,False,0.0,13:22:28
18850.0,100,-1100.0,-0.1,BU,12848400.0,33798200.0,False,0.0,13:22:28
18850.0,200,-1100.0,-0.1,BU,12848300.0,33798200.0,False,0.0,13:22:27
18850.0,2000,-1100.0,-0.1,BU,12848100.0,33798200.0,False,0.0,13:22:27
18850.0,100,-1100.0,-0.1,BU,12846100.0,33798200.0,False,0.0,13:22:27
18850.0,5100,-1100.0,-0.1,BU,12846000.0,33798200.0,False,0.0,13:22:27
18850.0,3800,-1100.0,-0.1,BU,12840900.0,33798200.0,False,50.0,13:22:27
18800.0,1200,-1150.0,-0.1,SD,12837100.0,33798200.0,False,0.0,13:22:26
18800.0,500,-1150.0,-0.1,SD,12837100.0,33797000.0,False,0.0,13:22:26
18800.0,200,-1150.0,-0.1,SD,12837100.0,33796500.0,False,0.0,13:22:26
18800.0,100,-1150.0,-0.1,SD,12837100.0,33796300.0,False,0.0,13:22:26
18800.0,100,-1150.0,-0.1,SD,12837100.0,33796200.0,False,0.0,13:22:26
18800.0,100,-1150.0,-0.1,SD,12837100.0,33796100.0,False,0.0,13:22:26
18800.0,100,-1150.0,-0.1,SD,12837100.0,33796000.0,False,0.0,13:22:26
18800.0,200,-1150.0,-0.1,SD,12837100.0,33795900.0,False,0.0,13:22:26
18800.0,100,-1150.0,-0.1,SD,12837100.0,33795700.0,False,0.0,13:22:26
18800.0,1000,-1150.0,-0.1,SD,12837100.0,33795600.0,False,0.0,13:22:26
18800.0,1400,-1150.0,-0.1,SD,12837100.0,33794600.0,False,-50.0,13:22:26
18850.0,1000,-1100.0,-0.1,BU,12837100.0,33793200.0,False,0.0,13:22:24
18850.0,100,-1100.0,-0.1,BU,12836100.0,33793200.0,False,0.0,13:22:23
18850.0,100,-1100.0,-0.1,BU,12836000.0,33793200.0,False,0.0,13:22:23
18850.0,100,-1100.0,-0.1,BU,12835900.0,33793200.0,False,0.0,13:22:21
18850.0,2000,-1100.0,-0.1,BU,12835800.0,33793200.0,False,0.0,13:22:21
18850.0,5000,-1100.0,-0.1,BU,12833800.0,33793200.0,False,0.0,13:22:21
18850.0,200,-1100.0,-0.1,BU,12828800.0,33793200.0,False,0.0,13:22:20
18850.0,400,-1100.0,-0.1,BU,12828600.0,33793200.0,False,0.0,13:22:20
18850.0,300,-1100.0,-0.1,BU,12828200.0,33793200.0,False,0.0,13:22:19
18850.0,300,-1100.0,-0.1,BU,12827900.0,33793200.0,False,50.0,13:22:18
18800.0,3600,-1150.0,-0.1,SD,12827600.0,33793200.0,False,0.0,13:22:17
18800.0,100,-1150.0,-0.1,SD,12827600.0,33789600.0,False,0.0,13:22:17
18800.0,300,-1150.0,-0.1,SD,12827600.0,33789500.0,False,0.0,13:22:17
18800.0,700,-1150.0,-0.1,SD,12827600.0,33789200.0,False,0.0,13:22:17
18800.0,500,-1150.0,-0.1,SD,12827600.0,33788500.0,False,0.0,13:22:17
18800.0,700,-1150.0,-0.1,SD,12827600.0,33788000.0,False,0.0,13:22:17
18800.0,100,-1150.0,-0.1,SD,12827600.0,33787300.0,False,0.0,13:22:17
18800.0,200,-1150.0,-0.1,SD,12827600.0,33787200.0,False,0.0,13:22:16
18800.0,200,-1150.0,-0.1,SD,12827600.0,33787000.0,False,0.0,13:22:16
18800.0,500,-1150.0,-0.1,SD,12827600.0,33786800.0,False,-50.0,13:22:16
18850.0,100,-1100.0,-0.1,BU,12827600.0,33786300.0,False,0.0,13:22:16
18850.0,1000,-1100.0,-0.1,BU,12827500.0,33786300.0,False,50.0,13:22:15
18800.0,2300,-1150.0,-0.1,SD,12826500.0,33786300.0,False,0.0,13:22:14
18800.0,100,-1150.0,-0.1,SD,12826500.0,33784000.0,False,0.0,13:22:14
18800.0,1300,-1150.0,-0.1,SD,12826500.0,33783900.0,False,0.0,13:22:14
18800.0,200,-1150.0,-0.1,SD,12826500.0,33782600.0,False,0.0,13:22:14
18800.0,200,-1150.0,-0.1,SD,12826500.0,33782400.0,False,0.0,13:22:14
18800.0,200,-1150.0,-0.1,SD,12826500.0,33782200.0,False,-50.0,13:22:14
18850.0,800,-1100.0,-0.1,BU,12826500.0,33782000.0,False,0.0,13:22:14
18850.0,2000,-1100.0,-0.1,BU,12825700.0,33782000.0,False,0.0,13:22:13
18850.0,1000,-1100.0,-0.1,BU,12823700.0,33782000.0,False,0.0,13:22:13
18850.0,1000,-1100.0,-0.1,BU,12822700.0,33782000.0,False,0.0,13:22:12
18850.0,100,-1100.0,-0.1,BU,12821700.0,33782000.0,False,0.0,13:22:12
18850.0,100,-1100.0,-0.1,BU,12821600.0,33782000.0,False,0.0,13:22:12
18850.0,200,-1100.0,-0.1,BU,12821500.0,33782000.0,False,0.0,13:22:12
18850.0,500,-1100.0,-0.1,BU,12821300.0,33782000.0,False,0.0,13:22:12
18850.0,2000,-1100.0,-0.1,BU,12820800.0,33782000.0,False,50.0,13:22:12
18800.0,700,-1150.0,-0.1,SD,12818800.0,33782000.0,False,0.0,13:22:12
18800.0,100,-1150.0,-0.1,SD,12818800.0,33781300.0,False,0.0,13:22:12
18800.0,2800,-1150.0,-0.1,SD,12818800.0,33781200.0,False,0.0,13:22:12
18800.0,10000,-1150.0,-0.1,SD,12818800.0,33778400.0,False,0.0,13:22:12
18800.0,100,-1150.0,-0.1,SD,12818800.0,33768400.0,False,0.0,13:22:12
18800.0,400,-1150.0,-0.1,SD,12818800.0,33768300.0,False,0.0,13:22:12
18800.0,500,-1150.0,-0.1,SD,12818800.0,33767900.0,False,0.0,13:22:12
18800.0,300,-1150.0,-0.1,SD,12818800.0,33767400.0,False,0.0,13:22:12
18800.0,1500,-1150.0,-0.1,SD,12818800.0,33767100.0,False,0.0,13:22:12
18800.0,600,-1150.0,-0.1,SD,12818800.0,33765600.0,False,0.0,13:22:12
18800.0,200,-1150.0,-0.1,SD,12818800.0,33765000.0,False,0.0,13:22:12
18800.0,100,-1150.0,-0.1,SD,12818800.0,33764800.0,False,0.0,13:22:12
18800.0,400,-1150.0,-0.1,SD,12818800.0,33764700.0,False,0.0,13:22:12
18800.0,2000,-1150.0,-0.1,SD,12818800.0,33764300.0,False,0.0,13:22:12
18800.0,100,-1150.0,-0.1,SD,12818800.0,33762300.0,False,0.0,13:22:12
18800.0,300,-1150.0,-0.1,SD,12818800.0,33762200.0,False,0.0,13:22:12
18800.0,100,-1150.0,-0.1,SD,12818800.0,33761900.0,False,0.0,13:22:12
18800.0,1000,-1150.0,-0.1,SD,12818800.0,33761800.0,False,0.0,13:22:12
18800.0,200,-1150.0,-0.1,SD,12818800.0,33760800.0,False,0.0,13:22:12
18800.0,1000,-1150.0,-0.1,SD,12818800.0,33760600.0,False,0.0,13:22:12
18800.0,100,-1150.0,-0.1,SD,12818800.0,33759600.0,False,0.0,13:22:12
18800.0,3000,-1150.0,-0.1,SD,12818800.0,33759500.0,False,0.0,13:22:12
18800.0,500,-1150.0,-0.1,SD,12818800.0,33756500.0,False,0.0,13:22:12
18800.0,300,-1150.0,-0.1,SD,12818800.0,33756000.0,False,0.0,13:22:12
18800.0,200,-1150.0,-0.1,SD,12818800.0,33755700.0,False,0.0,13:22:12
18800.0,100,-1150.0,-0.1,SD,12818800.0,33755500.0,False,0.0,13:22:12
18800.0,1000,-1150.0,-0.1,SD,12818800.0,33755400.0,False,0.0,13:22:12
18800.0,5000,-1150.0,-0.1,SD,12818800.0,33754400.0,False,0.0,13:22:12
18800.0,1000,-1150.0,-0.1,SD,12818800.0,33749400.0,False,0.0,13:22:12
18800.0,500,-1150.0,-0.1,SD,12818800.0,33748400.0,False,0.0,13:22:12
18800.0,100,-1150.0,-0.1,SD,12818800.0,33747900.0,False,0.0,13:22:12
18800.0,100,-1150.0,-0.1,SD,12818800.0,33747800.0,False,0.0,13:22:12
18800.0,200,-1150.0,-0.1,SD,12818800.0,33747700.0,False,0.0,13:22:12
18800.0,100,-1150.0,-0.1,SD,12818800.0,33747500.0,False,0.0,13:22:12
18800.0,2000,-1150.0,-0.1,SD,12818800.0,33747400.0,False,0.0,13:22:12
18800.0,500,-1150.0,-0.1,SD,12818800.0,33745400.0,False,0.0,13:22:12
18800.0,500,-1150.0,-0.1,SD,12818800.0,33744900.0,False,0.0,13:22:12
18800.0,400,-1150.0,-0.1,SD,12818800.0,33744400.0,False,0.0,13:22:12
18800.0,600,-1150.0,-0.1,SD,12818800.0,33744000.0,False,0.0,13:22:12
18800.0,3000,-1150.0,-0.1,SD,12818800.0,33743400.0,False,0.0,13:22:12
18800.0,100,-1150.0,-0.1,SD,12818800.0,33740400.0,False,0.0,13:22:12
18800.0,2000,-1150.0,-0.1,SD,12818800.0,33740300.0,False,0.0,13:22:12
18800.0,500,-1150.0,-0.1,SD,12818800.0,33738300.0,False,0.0,13:22:12
18800.0,400,-1150.0,-0.1,SD,12818800.0,33737800.0,False,0.0,13:22:12
18800.0,100,-1150.0,-0.1,SD,12818800.0,33737400.0,False,0.0,13:22:12
18800.0,1000,-1150.0,-0.1,SD,12818800.0,33737300.0,False,0.0,13:22:12
18800.0,200,-1150.0,-0.1,SD,12818800.0,33736300.0,False,0.0,13:22:12
18800.0,4500,-1150.0,-0.1,SD,12818800.0,33736100.0,False,0.0,13:22:12
18800.0,1000,-1150.0,-0.1,SD,12818800.0,33731600.0,False,0.0,13:22:12
18800.0,200,-1150.0,-0.1,SD,12818800.0,33730600.0,False,0.0,13:22:12
18800.0,500,-1150.0,-0.1,SD,12818800.0,33730400.0,False,0.0,13:22:12
18800.0,300,-1150.0,-0.1,SD,12818800.0,33729900.0,False,0.0,13:22:12
18800.0,100,-1150.0,-0.1,SD,12818800.0,33729600.0,False,0.0,13:22:12
18800.0,2700,-1150.0,-0.1,SD,12818800.0,33729500.0,False,0.0,13:22:12
18800.0,300,-1150.0,-0.1,SD,12818800.0,33726800.0,False,0.0,13:22:12
18800.0,9000,-1150.0,-0.1,SD,12818800.0,33726500.0,False,0.0,13:22:12
18800.0,700,-1150.0,-0.1,SD,12818800.0,33717500.0,False,0.0,13:22:12
18800.0,10000,-1150.0,-0.1,SD,12818800.0,33716800.0,False,0.0,13:22:12
18800.0,600,-1150.0,-0.1,SD,12818800.0,33706800.0,False,0.0,13:22:12
18800.0,300,-1150.0,-0.1,SD,12818800.0,33706200.0,False,0.0,13:22:12
18800.0,500,-1150.0,-0.1,SD,12818800.0,33705900.0,False,0.0,13:22:12
18800.0,100,-1150.0,-0.1,SD,12818800.0,33705400.0,False,0.0,13:22:12
18800.0,100,-1150.0,-0.1,SD,12818800.0,33705300.0,False,0.0,13:22:12
18800.0,300,-1150.0,-0.1,SD,12818800.0,33705200.0,False,0.0,13:22:11
18800.0,500,-1150.0,-0.1,SD,12818800.0,33704900.0,False,0.0,13:22:11
18800.0,2000,-1150.0,-0.1,SD,12818800.0,33704400.0,False,0.0,13:22:11
18800.0,1000,-1150.0,-0.1,SD,12818800.0,33702400.0,False,0.0,13:22:11
18800.0,100,-1150.0,-0.1,SD,12818800.0,33701400.0,False,0.0,13:22:11
18800.0,1000,-1150.0,-0.1,SD,12818800.0,33701300.0,False,0.0,13:22:11
18800.0,2800,-1150.0,-0.1,SD,12818800.0,33700300.0,False,0.0,13:22:11
18800.0,500,-1150.0,-0.1,SD,12818800.0,33697500.0,False,0.0,13:22:11
18800.0,300,-1150.0,-0.1,SD,12818800.0,33697000.0,False,0.0,13:22:11
18800.0,100,-1150.0,-0.1,SD,12818800.0,33696700.0,False,0.0,13:22:11
18800.0,100,-1150.0,-0.1,SD,12818800.0,33696600.0,False,0.0,13:22:11
18800.0,100,-1150.0,-0.1,SD,12818800.0,33696500.0,False,0.0,13:22:11
18800.0,5000,-1150.0,-0.1,SD,12818800.0,33696400.0,False,0.0,13:22:11
18800.0,100,-1150.0,-0.1,SD,12818800.0,33691400.0,False,0.0,13:22:11
18800.0,100,-1150.0,-0.1,SD,12818800.0,33691300.0,False,0.0,13:22:11
18800.0,800,-1150.0,-0.1,SD,12818800.0,33691200.0,False,0.0,13:22:11
18800.0,100,-1150.0,-0.1,SD,12818800.0,33690400.0,False,0.0,13:22:11
18800.0,100,-1150.0,-0.1,SD,12818800.0,33690300.0,False,0.0,13:22:11
18800.0,900,-1150.0,-0.1,SD,12818800.0,33690200.0,False,0.0,13:22:11
18800.0,100,-1150.0,-0.1,SD,12818800.0,33689300.0,False,0.0,13:22:11
18800.0,100,-1150.0,-0.1,SD,12818800.0,33689200.0,False,0.0,13:22:11
18800.0,700,-1150.0,-0.1,SD,12818800.0,33689100.0,False,0.0,13:22:11
18800.0,700,-1150.0,-0.1,SD,12818800.0,33688400.0,False,0.0,13:22:11
18800.0,1000,-1150.0,-0.1,SD,12818800.0,33687700.0,False,0.0,13:22:11
18800.0,1000,-1150.0,-0.1,SD,12818800.0,33686700.0,False,0.0,13:22:11
18800.0,100,-1150.0,-0.1,SD,12818800.0,33685700.0,False,0.0,13:22:11
18800.0,100,-1150.0,-0.1,SD,12818800.0,33685600.0,False,0.0,13:22:11
18800.0,100,-1150.0,-0.1,SD,12818800.0,33685500.0,False,0.0,13:22:11
18800.0,100,-1150.0,-0.1,SD,12818800.0,33685400.0,False,0.0,13:22:11
18800.0,4000,-1150.0,-0.1,SD,12818800.0,33685300.0,False,0.0,13:22:11
18800.0,500,-1150.0,-0.1,SD,12818800.0,33681300.0,False,0.0,13:22:11
18800.0,700,-1150.0,-0.1,SD,12818800.0,33680800.0,False,0.0,13:22:11
18800.0,100,-1150.0,-0.1,SD,12818800.0,33680100.0,False,0.0,13:22:11
18800.0,2000,-1150.0,-0.1,SD,12818800.0,33680000.0,False,0.0,13:22:11
18800.0,100,-1150.0,-0.1,SD,12818800.0,33678000.0,False,0.0,13:22:11
18800.0,1000,-1150.0,-0.1,SD,12818800.0,33677900.0,False,0.0,13:22:11
18800.0,2000,-1150.0,-0.1,SD,12818800.0,33676900.0,False,0.0,13:22:11
18800.0,2000,-1150.0,-0.1,SD,12818800.0,33674900.0,False,0.0,13:22:11
18800.0,100,-1150.0,-0.1,SD,12818800.0,33672900.0,False,0.0,13:22:11
18800.0,100,-1150.0,-0.1,SD,12818800.0,33672800.0,False,0.0,13:22:11
18800.0,1000,-1150.0,-0.1,SD,12818800.0,33672700.0,False,0.0,13:22:11
18800.0,200,-1150.0,-0.1,SD,12818800.0,33671700.0,False,0.0,13:22:11
18800.0,500,-1150.0,-0.1,SD,12818800.0,33671500.0,False,0.0,13:22:11
18800.0,1000,-1150.0,-0.1,SD,12818800.0,33671000.0,False,0.0,13:22:11
18800.0,1000,-1150.0,-0.1,SD,12818800.0,33670000.0,False,0.0,13:22:11
18800.0,200,-1150.0,-0.1,SD,12818800.0,33669000.0,False,0.0,13:22:11
18800.0,100,-1150.0,-0.1,SD,12818800.0,33668800.0,False,0.0,13:22:11
18800.0,1000,-1150.0,-0.1,SD,12818800.0,33668700.0,False,0.0,13:22:11
18800.0,2000,-1150.0,-0.1,SD,12818800.0,33667700.0,False,0.0,13:22:11
18800.0,300,-1150.0,-0.1,SD,12818800.0,33665700.0,False,0.0,13:22:11
18800.0,500,-1150.0,-0.1,SD,12818800.0,33665400.0,False,0.0,13:22:11
18800.0,500,-1150.0,-0.1,SD,12818800.0,33664900.0,False,0.0,13:22:11
18800.0,3000,-1150.0,-0.1,SD,12818800.0,33664400.0,False,0.0,13:22:11
18800.0,1000,-1150.0,-0.1,SD,12818800.0,33661400.0,False,0.0,13:22:11
18800.0,200,-1150.0,-0.1,SD,12818800.0,33660400.0,False,0.0,13:22:11
18800.0,10000,-1150.0,-0.1,SD,12818800.0,33660200.0,False,0.0,13:22:11
18800.0,1300,-1150.0,-0.1,SD,12818800.0,33650200.0,False,0.0,13:22:11
18800.0,1000,-1150.0,-0.1,SD,12818800.0,33648900.0,False,0.0,13:22:11
18800.0,1800,-1150.0,-0.1,SD,12818800.0,33647900.0,False,0.0,13:22:11
18800.0,100,-1150.0,-0.1,SD,12818800.0,33646100.0,False,0.0,13:22:11
18800.0,5000,-1150.0,-0.1,SD,12818800.0,33646000.0,False,0.0,13:22:11
18800.0,1000,-1150.0,-0.1,SD,12818800.0,33641000.0,False,0.0,13:22:11
18800.0,600,-1150.0,-0.1,SD,12818800.0,33640000.0,False,0.0,13:22:11
18800.0,100,-1150.0,-0.1,SD,12818800.0,33639400.0,False,0.0,13:22:11
18800.0,100,-1150.0,-0.1,SD,12818800.0,33639300.0,False,0.0,13:22:11
18800.0,700,-1150.0,-0.1,SD,12818800.0,33639200.0,False,0.0,13:22:11
18800.0,2900,-1150.0,-0.1,SD,12818800.0,33638500.0,False,0.0,13:22:11
18800.0,100,-1150.0,-0.1,SD,12818800.0,33635600.0,False,0.0,13:22:11
18800.0,200,-1150.0,-0.1,SD,12818800.0,33635500.0,False,0.0,13:22:11
18800.0,5000,-1150.0,-0.1,SD,12818800.0,33635300.0,False,0.0,13:22:11
18800.0,3600,-1150.0,-0.1,SD,12818800.0,33630300.0,False,0.0,13:22:11
18800.0,2000,-1150.0,-0.1,SD,12818800.0,33626700.0,False,0.0,13:22:11
18800.0,200,-1150.0,-0.1,SD,12818800.0,33624700.0,False,0.0,13:22:11
18800.0,1000,-1150.0,-0.1,SD,12818800.0,33624500.0,False,0.0,13:22:11
18800.0,100,-1150.0,-0.1,SD,12818800.0,33623500.0,False,0.0,13:22:11
18800.0,1500,-1150.0,-0.1,SD,12818800.0,33623400.0,False,0.0,13:22:11
18800.0,100,-1150.0,-0.1,SD,12818800.0,33621900.0,False,0.0,13:22:11
18800.0,100,-1150.0,-0.1,SD,12818800.0,33621800.0,False,0.0,13:22:11
18800.0,100,-1150.0,-0.1,SD,12818800.0,33621700.0,False,0.0,13:22:11
18800.0,100,-1150.0,-0.1,SD,12818800.0,33621600.0,False,0.0,13:22:11
18800.0,100,-1150.0,-0.1,SD,12818800.0,33621500.0,False,0.0,13:22:11
18800.0,1500,-1150.0,-0.1,SD,12818800.0,33621400.0,False,0.0,13:22:11
18800.0,1000,-1150.0,-0.1,SD,12818800.0,33619900.0,False,0.0,13:22:11
18800.0,100,-1150.0,-0.1,SD,12818800.0,33618900.0,False,0.0,13:22:11
18800.0,1000,-1150.0,-0.1,SD,12818800.0,33618800.0,False,0.0,13:22:11
18800.0,2000,-1150.0,-0.1,SD,12818800.0,33617800.0,False,0.0,13:22:11
18800.0,200,-1150.0,-0.1,SD,12818800.0,33615800.0,False,0.0,13:22:11
18800.0,2000,-1150.0,-0.1,SD,12818800.0,33615600.0,False,0.0,13:22:11
18800.0,100,-1150.0,-0.1,SD,12818800.0,33613600.0,False,0.0,13:22:11
18800.0,500,-1150.0,-0.1,SD,12818800.0,33613500.0,False,0.0,13:22:11
18800.0,100,-1150.0,-0.1,SD,12818800.0,33613000.0,False,0.0,13:22:11
18800.0,200,-1150.0,-0.1,SD,12818800.0,33612900.0,False,0.0,13:22:11
18800.0,300,-1150.0,-0.1,SD,12818800.0,33612700.0,False,0.0,13:22:11
18800.0,100,-1150.0,-0.1,SD,12818800.0,33612400.0,False,0.0,13:22:11
18800.0,100,-1150.0,-0.1,SD,12818800.0,33612300.0,False,0.0,13:22:11
18800.0,100,-1150.0,-0.1,SD,12818800.0,33612200.0,False,0.0,13:22:11
18800.0,100,-1150.0,-0.1,SD,12818800.0,33612100.0,False,0.0,13:22:11
18800.0,100,-1150.0,-0.1,SD,12818800.0,33612000.0,False,0.0,13:22:11
18800.0,3000,-1150.0,-0.1,SD,12818800.0,33611900.0,False,0.0,13:22:11
18800.0,4300,-1150.0,-0.1,SD,12818800.0,33608900.0,False,0.0,13:22:11
18800.0,800,-1150.0,-0.1,SD,12818800.0,33604600.0,False,0.0,13:22:11
18800.0,200,-1150.0,-0.1,SD,12818800.0,33603800.0,False,0.0,13:22:11
18800.0,21600,-1150.0,-0.1,SD,12818800.0,33603600.0,True,0.0,13:22:11
18800.0,2000,-1150.0,-0.1,SD,12818800.0,33582000.0,False,-50.0,13:22:11
18850.0,100,-1100.0,-0.1,BU,12818800.0,33580000.0,False,0.0,13:22:10
18850.0,800,-1100.0,-0.1,BU,12818700.0,33580000.0,False,0.0,13:22:10
18850.0,800,-1100.0,-0.1,BU,12817900.0,33580000.0,False,50.0,13:22:07
18800.0,800,-1150.0,-0.1,SD,12817100.0,33580000.0,False,-50.0,13:22:06
18850.0,200,-1100.0,-0.1,SD,12817100.0,33579200.0,False,0.0,13:22:06
18850.0,1500,-1100.0,-0.1,SD,12817100.0,33579000.0,False,0.0,13:22:06
18850.0,200,-1100.0,-0.1,SD,12817100.0,33577500.0,False,0.0,13:22:06
18850.0,1000,-1100.0,-0.1,SD,12817100.0,33577300.0,False,0.0,13:22:06
18850.0,100,-1100.0,-0.1,SD,12817100.0,33576300.0,False,0.0,13:22:06
18850.0,100,-1100.0,-0.1,SD,12817100.0,33576200.0,False,0.0,13:22:06
18850.0,500,-1100.0,-0.1,SD,12817100.0,33576100.0,False,0.0,13:22:06
18850.0,100,-1100.0,-0.1,SD,12817100.0,33575600.0,False,0.0,13:22:06
18850.0,3000,-1100.0,-0.1,SD,12817100.0,33575500.0,False,0.0,13:22:06
18850.0,100,-1100.0,-0.1,SD,12817100.0,33572500.0,False,0.0,13:22:06
18850.0,800,-1100.0,-0.1,SD,12817100.0,33572400.0,False,0.0,13:22:06
18850.0,400,-1100.0,-0.1,SD,12817100.0,33571600.0,False,-50.0,13:22:06
18900.0,100,-1050.0,-0.1,BU,12817100.0,33571200.0,False,0.0,13:22:06
18900.0,400,-1050.0,-0.1,BU,12817000.0,33571200.0,False,0.0,13:22:06
18900.0,1700,-1050.0,-0.1,BU,12816600.0,33571200.0,False,0.0,13:22:06
18900.0,500,-1050.0,-0.1,BU,12814900.0,33571200.0,False,0.0,13:22:06
18900.0,100,-1050.0,-0.1,BU,12814400.0,33571200.0,False,50.0,13:22:06
18850.0,200,-1100.0,-0.1,SD,12814300.0,33571200.0,False,-50.0,13:22:05
18900.0,800,-1050.0,-0.1,BU,12814300.0,33571000.0,False,0.0,13:22:04
18900.0,600,-1050.0,-0.1,BU,12813500.0,33571000.0,False,0.0,13:22:04
18900.0,600,-1050.0,-0.1,BU,12812900.0,33571000.0,False,0.0,13:22:04
18900.0,200,-1050.0,-0.1,BU,12812300.0,33571000.0,False,0.0,13:22:04
18900.0,200,-1050.0,-0.1,BU,12812100.0,33571000.0,False,50.0,13:22:03
18850.0,700,-1100.0,-0.1,SD,12811900.0,33571000.0,False,-50.0,13:22:03
18900.0,100,-1050.0,-0.1,BU,12811900.0,33570300.0,False,0.0,13:22:01
18900.0,800,-1050.0,-0.1,BU,12811800.0,33570300.0,False,0.0,13:22:00
18900.0,200,-1050.0,-0.1,BU,12811000.0,33570300.0,False,0.0,13:22:00
18900.0,100,-1050.0,-0.1,BU,12810800.0,33570300.0,False,0.0,13:22:00
18900.0,900,-1050.0,-0.1,BU,12810700.0,33570300.0,False,50.0,13:22:00
18850.0,1800,-1100.0,-0.1,SD,12809800.0,33570300.0,False,0.0,13:22:00
18850.0,200,-1100.0,-0.1,SD,12809800.0,33568500.0,False,-50.0,13:22:00
18900.0,100,-1050.0,-0.1,BU,12809800.0,33568300.0,False,0.0,13:22:00
18900.0,100,-1050.0,-0.1,BU,12809700.0,33568300.0,False,0.0,13:21:59
18900.0,300,-1050.0,-0.1,BU,12809600.0,33568300.0,False,0.0,13:21:59
18900.0,200,-1050.0,-0.1,BU,12809300.0,33568300.0,False,0.0,13:21:57
18900.0,800,-1050.0,-0.1,BU,12809100.0,33568300.0,False,0.0,13:21:57
18900.0,400,-1050.0,-0.1,BU,12808300.0,33568300.0,False,0.0,13:21:57
18900.0,100,-1050.0,-0.1,BU,12807900.0,33568300.0,False,0.0,13:21:57
18900.0,100,-1050.0,-0.1,BU,12807800.0,33568300.0,False,0.0,13:21:56
18900.0,400,-1050.0,-0.1,BU,12807700.0,33568300.0,False,0.0,13:21:56
18900.0,300,-1050.0,-0.1,BU,12807300.0,33568300.0,False,50.0,13:21:55
18850.0,300,-1100.0,-0.1,SD,12807000.0,33568300.0,False,0.0,13:21:55
18850.0,200,-1100.0,-0.1,SD,12807000.0,33568000.0,False,50.0,13:21:55
18800.0,2000,-1150.0,-0.1,SD,12807000.0,33567800.0,False,0.0,13:21:54
18800.0,1000,-1150.0,-0.1,SD,12807000.0,33565800.0,False,-100.0,13:21:54
18900.0,500,-1050.0,-0.1,BU,12807000.0,33564800.0,False,0.0,13:21:54
18900.0,1000,-1050.0,-0.1,BU,12806500.0,33564800.0,False,0.0,13:21:54
18900.0,100,-1050.0,-0.1,BU,12805500.0,33564800.0,False,100.0,13:21:53
18800.0,100,-1150.0,-0.1,SD,12805400.0,33564800.0,False,0.0,13:21:53
18800.0,25700,-1150.0,-0.1,SD,12805400.0,33564700.0,True,0.0,13:21:53
18800.0,4000,-1150.0,-0.1,SD,12805400.0,33539000.0,False,0.0,13:21:53
18800.0,300,-1150.0,-0.1,SD,12805400.0,33535000.0,False,0.0,13:21:53
18800.0,1000,-1150.0,-0.1,SD,12805400.0,33534700.0,False,0.0,13:21:53
18800.0,1000,-1150.0,-0.1,SD,12805400.0,33533700.0,False,0.0,13:21:53
18800.0,600,-1150.0,-0.1,SD,12805400.0,33532700.0,False,0.0,13:21:53
18800.0,2000,-1150.0,-0.1,SD,12805400.0,33532100.0,False,0.0,13:21:53
18800.0,500,-1150.0,-0.1,SD,12805400.0,33530100.0,False,0.0,13:21:53
18800.0,100,-1150.0,-0.1,SD,12805400.0,33529600.0,False,0.0,13:21:53
18800.0,7000,-1150.0,-0.1,SD,12805400.0,33529500.0,False,0.0,13:21:53
18800.0,1000,-1150.0,-0.1,SD,12805400.0,33522500.0,False,0.0,13:21:53
18800.0,200,-1150.0,-0.1,SD,12805400.0,33521500.0,False,0.0,13:21:53
18800.0,100,-1150.0,-0.1,SD,12805400.0,33521300.0,False,0.0,13:21:53
18800.0,100,-1150.0,-0.1,SD,12805400.0,33521200.0,False,0.0,13:21:53
18800.0,100,-1150.0,-0.1,SD,12805400.0,33521100.0,False,0.0,13:21:53
18800.0,400,-1150.0,-0.1,SD,12805400.0,33521000.0,False,0.0,13:21:53
18800.0,500,-1150.0,-0.1,SD,12805400.0,33520600.0,False,0.0,13:21:53
18800.0,800,-1150.0,-0.1,SD,12805400.0,33520100.0,False,0.0,13:21:53
18800.0,100,-1150.0,-0.1,SD,12805400.0,33519300.0,False,0.0,13:21:53
18800.0,100,-1150.0,-0.1,SD,12805400.0,33519200.0,False,0.0,13:21:53
18800.0,3000,-1150.0,-0.1,SD,12805400.0,33519100.0,False,0.0,13:21:53
18800.0,100,-1150.0,-0.1,SD,12805400.0,33516100.0,False,0.0,13:21:53
18800.0,100,-1150.0,-0.1,SD,12805400.0,33516000.0,False,0.0,13:21:53
18800.0,100,-1150.0,-0.1,SD,12805400.0,33515900.0,False,0.0,13:21:53
18800.0,200,-1150.0,-0.1,SD,12805400.0,33515800.0,False,0.0,13:21:53
18800.0,100,-1150.0,-0.1,SD,12805400.0,33515600.0,False,0.0,13:21:53
18800.0,2600,-1150.0,-0.1,SD,12805400.0,33515500.0,False,0.0,13:21:53
18800.0,200,-1150.0,-0.1,SD,12805400.0,33512900.0,False,0.0,13:21:53
18800.0,400,-1150.0,-0.1,SD,12805400.0,33512700.0,False,0.0,13:21:53
18800.0,1000,-1150.0,-0.1,SD,12805400.0,33512300.0,False,0.0,13:21:53
18800.0,1000,-1150.0,-0.1,SD,12805400.0,33511300.0,False,0.0,13:21:53
18800.0,1000,-1150.0,-0.1,SD,12805400.0,33510300.0,False,0.0,13:21:53
18800.0,100,-1150.0,-0.1,SD,12805400.0,33509300.0,False,0.0,13:21:53
18800.0,100,-1150.0,-0.1,SD,12805400.0,33509200.0,False,0.0,13:21:53
18800.0,1500,-1150.0,-0.1,SD,12805400.0,33509100.0,False,0.0,13:21:53
18800.0,200,-1150.0,-0.1,SD,12805400.0,33507600.0,False,0.0,13:21:53
18800.0,500,-1150.0,-0.1,SD,12805400.0,33507400.0,False,0.0,13:21:53
18800.0,200,-1150.0,-0.1,SD,12805400.0,33506900.0,False,0.0,13:21:53
18800.0,700,-1150.0,-0.1,SD,12805400.0,33506700.0,False,0.0,13:21:53
18800.0,200,-1150.0,-0.1,SD,12805400.0,33506000.0,False,0.0,13:21:53
18800.0,1500,-1150.0,-0.1,SD,12805400.0,33505800.0,False,0.0,13:21:53
18800.0,2600,-1150.0,-0.1,SD,12805400.0,33504300.0,False,0.0,13:21:53
18800.0,500,-1150.0,-0.1,SD,12805400.0,33501700.0,False,0.0,13:21:53
18800.0,300,-1150.0,-0.1,SD,12805400.0,33501200.0,False,0.0,13:21:53
18800.0,100,-1150.0,-0.1,SD,12805400.0,33500900.0,False,0.0,13:21:53
18800.0,1000,-1150.0,-0.1,SD,12805400.0,33500800.0,False,0.0,13:21:53
18800.0,100,-1150.0,-0.1,SD,12805400.0,33499800.0,False,0.0,13:21:53
18800.0,500,-1150.0,-0.1,SD,12805400.0,33499700.0,False,0.0,13:21:53
18800.0,1300,-1150.0,-0.1,SD,12805400.0,33499200.0,False,0.0,13:21:53
18800.0,300,-1150.0,-0.1,SD,12805400.0,33497900.0,False,0.0,13:21:53
18800.0,100,-1150.0,-0.1,SD,12805400.0,33497600.0,False,0.0,13:21:53
18800.0,1000,-1150.0,-0.1,SD,12805400.0,33497500.0,False,0.0,13:21:53
18800.0,100,-1150.0,-0.1,SD,12805400.0,33496500.0,False,0.0,13:21:53
18800.0,100,-1150.0,-0.1,SD,12805400.0,33496400.0,False,0.0,13:21:53
18800.0,100,-1150.0,-0.1,SD,12805400.0,33496300.0,False,0.0,13:21:53
18800.0,2000,-1150.0,-0.1,SD,12805400.0,33496200.0,False,0.0,13:21:53
18800.0,300,-1150.0,-0.1,SD,12805400.0,33494200.0,False,0.0,13:21:53
18800.0,1000,-1150.0,-0.1,SD,12805400.0,33493900.0,False,0.0,13:21:53
18800.0,2600,-1150.0,-0.1,SD,12805400.0,33492900.0,False,0.0,13:21:53
18800.0,1000,-1150.0,-0.1,SD,12805400.0,33490300.0,False,0.0,13:21:53
18800.0,200,-1150.0,-0.1,SD,12805400.0,33489300.0,False,0.0,13:21:53
18800.0,1000,-1150.0,-0.1,SD,12805400.0,33489100.0,False,0.0,13:21:53
18800.0,100,-1150.0,-0.1,SD,12805400.0,33488100.0,False,0.0,13:21:53
18800.0,100,-1150.0,-0.1,SD,12805400.0,33488000.0,False,0.0,13:21:53
18800.0,2000,-1150.0,-0.1,SD,12805400.0,33487900.0,False,0.0,13:21:53
18800.0,500,-1150.0,-0.1,SD,12805400.0,33485900.0,False,0.0,13:21:53
18800.0,1000,-1150.0,-0.1,SD,12805400.0,33485400.0,False,0.0,13:21:53
18800.0,10000,-1150.0,-0.1,SD,12805400.0,33484400.0,False,0.0,13:21:53
18800.0,2000,-1150.0,-0.1,SD,12805400.0,33474400.0,False,0.0,13:21:53
18800.0,100,-1150.0,-0.1,SD,12805400.0,33472400.0,False,0.0,13:21:53
18800.0,200,-1150.0,-0.1,SD,12805400.0,33472300.0,False,0.0,13:21:53
18800.0,1300,-1150.0,-0.1,SD,12805400.0,33472100.0,False,0.0,13:21:53
18800.0,100,-1150.0,-0.1,SD,12805400.0,33470800.0,False,0.0,13:21:53
18800.0,700,-1150.0,-0.1,SD,12805400.0,33470700.0,False,0.0,13:21:53
18800.0,2900,-1150.0,-0.1,SD,12805400.0,33470000.0,False,0.0,13:21:53
18800.0,500,-1150.0,-0.1,SD,12805400.0,33467100.0,False,0.0,13:21:53
18800.0,100,-1150.0,-0.1,SD,12805400.0,33466600.0,False,0.0,13:21:53
18800.0,10000,-1150.0,-0.1,SD,12805400.0,33466500.0,False,0.0,13:21:53
18800.0,500,-1150.0,-0.1,SD,12805400.0,33456500.0,False,0.0,13:21:53
18800.0,200,-1150.0,-0.1,SD,12805400.0,33456000.0,False,0.0,13:21:53
18800.0,200,-1150.0,-0.1,SD,12805400.0,33455800.0,False,0.0,13:21:53
18800.0,1000,-1150.0,-0.1,SD,12805400.0,33455600.0,False,0.0,13:21:53
18800.0,2000,-1150.0,-0.1,SD,12805400.0,33454600.0,False,0.0,13:21:53
18800.0,1700,-1150.0,-0.1,SD,12805400.0,33452600.0,False,0.0,13:21:53
18800.0,200,-1150.0,-0.1,SD,12805400.0,33450900.0,False,0.0,13:21:53
18800.0,10000,-1150.0,-0.1,SD,12805400.0,33450700.0,False,0.0,13:21:53
18800.0,500,-1150.0,-0.1,SD,12805400.0,33440700.0,False,0.0,13:21:53
18800.0,10000,-1150.0,-0.1,SD,12805400.0,33440200.0,False,0.0,13:21:53
18800.0,100,-1150.0,-0.1,SD,12805400.0,33430200.0,False,0.0,13:21:53
18800.0,100,-1150.0,-0.1,SD,12805400.0,33430100.0,False,0.0,13:21:53
18800.0,100,-1150.0,-0.1,SD,12805400.0,33430000.0,False,0.0,13:21:53
18800.0,500,-1150.0,-0.1,SD,12805400.0,33429900.0,False,0.0,13:21:53
18800.0,100,-1150.0,-0.1,SD,12805400.0,33429400.0,False,0.0,13:21:53
18800.0,1000,-1150.0,-0.1,SD,12805400.0,33429300.0,False,0.0,13:21:53
18800.0,100,-1150.0,-0.1,SD,12805400.0,33428300.0,False,0.0,13:21:53
18800.0,300,-1150.0,-0.1,SD,12805400.0,33428200.0,False,0.0,13:21:53
18800.0,100,-1150.0,-0.1,SD,12805400.0,33427900.0,False,0.0,13:21:53
18800.0,200,-1150.0,-0.1,SD,12805400.0,33427800.0,False,0.0,13:21:53
18800.0,500,-1150.0,-0.1,SD,12805400.0,33427600.0,False,0.0,13:21:53
18800.0,100,-1150.0,-0.1,SD,12805400.0,33427100.0,False,0.0,13:21:53
18800.0,100,-1150.0,-0.1,SD,12805400.0,33427000.0,False,0.0,13:21:53
18800.0,400,-1150.0,-0.1,SD,12805400.0,33426900.0,False,0.0,13:21:53
18800.0,500,-1150.0,-0.1,SD,12805400.0,33426500.0,False,0.0,13:21:53
18800.0,4000,-1150.0,-0.1,SD,12805400.0,33426000.0,False,0.0,13:21:53
18800.0,100,-1150.0,-0.1,SD,12805400.0,33422000.0,False,0.0,13:21:53
18800.0,200,-1150.0,-0.1,SD,12805400.0,33421900.0,False,0.0,13:21:53
18800.0,1000,-1150.0,-0.1,SD,12805400.0,33421700.0,False,0.0,13:21:53
18800.0,500,-1150.0,-0.1,SD,12805400.0,33420700.0,False,0.0,13:21:53
18800.0,900,-1150.0,-0.1,SD,12805400.0,33420200.0,False,0.0,13:21:53
18800.0,1000,-1150.0,-0.1,SD,12805400.0,33419300.0,False,0.0,13:21:53
18800.0,1000,-1150.0,-0.1,SD,12805400.0,33418300.0,False,0.0,13:21:53
18800.0,1000,-1150.0,-0.1,SD,12805400.0,33417300.0,False,0.0,13:21:53
18800.0,200,-1150.0,-0.1,SD,12805400.0,33416300.0,False,0.0,13:21:53
18800.0,2000,-1150.0,-0.1,SD,12805400.0,33416100.0,False,0.0,13:21:53
18800.0,3000,-1150.0,-0.1,SD,12805400.0,33414100.0,False,0.0,13:21:53
18800.0,200,-1150.0,-0.1,SD,12805400.0,33411100.0,False,0.0,13:21:53
18800.0,1000,-1150.0,-0.1,SD,12805400.0,33410900.0,False,0.0,13:21:53
18800.0,300,-1150.0,-0.1,SD,12805400.0,33409900.0,False,0.0,13:21:53
18800.0,2000,-1150.0,-0.1,SD,12805400.0,33409600.0,False,0.0,13:21:53
18800.0,2000,-1150.0,-0.1,SD,12805400.0,33407600.0,False,0.0,13:21:53
18800.0,200,-1150.0,-0.1,SD,12805400.0,33405600.0,False,0.0,13:21:53
18800.0,5000,-1150.0,-0.1,SD,12805400.0,33405400.0,False,0.0,13:21:53
18800.0,1000,-1150.0,-0.1,SD,12805400.0,33400400.0,False,0.0,13:21:53
18800.0,200,-1150.0,-0.1,SD,12805400.0,33399400.0,False,0.0,13:21:53
18800.0,200,-1150.0,-0.1,SD,12805400.0,33399200.0,False,0.0,13:21:53
18800.0,7000,-1150.0,-0.1,SD,12805400.0,33399000.0,False,0.0,13:21:53
18800.0,700,-1150.0,-0.1,SD,12805400.0,33392000.0,False,0.0,13:21:53
18800.0,100,-1150.0,-0.1,SD,12805400.0,33391300.0,False,0.0,13:21:53
18800.0,100,-1150.0,-0.1,SD,12805400.0,33391200.0,False,0.0,13:21:53
18800.0,3000,-1150.0,-0.1,SD,12805400.0,33391100.0,False,0.0,13:21:53
18800.0,3000,-1150.0,-0.1,SD,12805400.0,33388100.0,False,0.0,13:21:53
18800.0,2000,-1150.0,-0.1,SD,12805400.0,33385100.0,False,0.0,13:21:53
18800.0,300,-1150.0,-0.1,SD,12805400.0,33383100.0,False,0.0,13:21:53
18800.0,2000,-1150.0,-0.1,SD,12805400.0,33382800.0,False,0.0,13:21:53
18800.0,500,-1150.0,-0.1,SD,12805400.0,33380800.0,False,0.0,13:21:53
18800.0,100,-1150.0,-0.1,SD,12805400.0,33380300.0,False,0.0,13:21:53
18800.0,100,-1150.0,-0.1,SD,12805400.0,33380200.0,False,0.0,13:21:53
18800.0,30000,-1150.0,-0.1,SD,12805400.0,33380100.0,True,0.0,13:21:53
18800.0,500,-1150.0,-0.1,SD,12805400.0,33350100.0,False,0.0,13:21:53
18800.0,5000,-1150.0,-0.1,SD,12805400.0,33349600.0,False,0.0,13:21:53
18800.0,1000,-1150.0,-0.1,SD,12805400.0,33344600.0,False,0.0,13:21:53
18800.0,300,-1150.0,-0.1,SD,12805400.0,33343600.0,False,0.0,13:21:53
18800.0,1000,-1150.0,-0.1,SD,12805400.0,33343300.0,False,0.0,13:21:53
18800.0,200,-1150.0,-0.1,SD,12805400.0,33342300.0,False,0.0,13:21:53
18800.0,300,-1150.0,-0.1,SD,12805400.0,33342100.0,False,0.0,13:21:53
18800.0,11000,-1150.0,-0.1,SD,12805400.0,33341800.0,True,0.0,13:21:53
18800.0,1300,-1150.0,-0.1,SD,12805400.0,33330800.0,False,0.0,13:21:53
18800.0,2000,-1150.0,-0.1,SD,12805400.0,33329500.0,False,0.0,13:21:53
18800.0,200,-1150.0,-0.1,SD,12805400.0,33327500.0,False,0.0,13:21:53
18800.0,500,-1150.0,-0.1,SD,12805400.0,33327300.0,False,0.0,13:21:53
18800.0,1000,-1150.0,-0.1,SD,12805400.0,33326800.0,False,0.0,13:21:53
18800.0,200,-1150.0,-0.1,SD,12805400.0,33325800.0,False,0.0,13:21:53
18800.0,1000,-1150.0,-0.1,SD,12805400.0,33325600.0,False,0.0,13:21:53
18800.0,200,-1150.0,-0.1,SD,12805400.0,33324600.0,False,0.0,13:21:53
18800.0,1000,-1150.0,-0.1,SD,12805400.0,33324400.0,False,0.0,13:21:53
18800.0,300,-1150.0,-0.1,SD,12805400.0,33323400.0,False,0.0,13:21:53
18800.0,500,-1150.0,-0.1,SD,12805400.0,33323100.0,False,0.0,13:21:53
18800.0,2000,-1150.0,-0.1,SD,12805400.0,33322600.0,False,0.0,13:21:53
18800.0,2000,-1150.0,-0.1,SD,12805400.0,33320600.0,False,0.0,13:21:53
18800.0,400,-1150.0,-0.1,SD,12805400.0,33318600.0,False,0.0,13:21:53
18800.0,1000,-1150.0,-0.1,SD,12805400.0,33318200.0,False,0.0,13:21:53
18800.0,100,-1150.0,-0.1,SD,12805400.0,33317200.0,False,0.0,13:21:53
18800.0,500,-1150.0,-0.1,SD,12805400.0,33317100.0,False,0.0,13:21:53
18800.0,3000,-1150.0,-0.1,SD,12805400.0,33316600.0,False,0.0,13:21:53
18800.0,100,-1150.0,-0.1,SD,12805400.0,33313600.0,False,0.0,13:21:53
18800.0,300,-1150.0,-0.1,SD,12805400.0,33313500.0,False,0.0,13:21:53
18800.0,1000,-1150.0,-0.1,SD,12805400.0,33313200.0,False,0.0,13:21:53
18800.0,100,-1150.0,-0.1,SD,12805400.0,33312200.0,False,0.0,13:21:53
18800.0,500,-1150.0,-0.1,SD,12805400.0,33312100.0,False,0.0,13:21:53
18800.0,500,-1150.0,-0.1,SD,12805400.0,33311600.0,False,0.0,13:21:53
18800.0,10000,-1150.0,-0.1,SD,12805400.0,33311100.0,False,0.0,13:21:53
18800.0,200,-1150.0,-0.1,SD,12805400.0,33301100.0,False,0.0,13:21:53
18800.0,200,-1150.0,-0.1,SD,12805400.0,33300900.0,False,0.0,13:21:53
18800.0,200,-1150.0,-0.1,SD,12805400.0,33300700.0,False,0.0,13:21:53
18800.0,100,-1150.0,-0.1,SD,12805400.0,33300500.0,False,0.0,13:21:53
18800.0,500,-1150.0,-0.1,SD,12805400.0,33300400.0,False,0.0,13:21:53
18800.0,200,-1150.0,-0.1,SD,12805400.0,33299900.0,False,0.0,13:21:53
18800.0,100,-1150.0,-0.1,SD,12805400.0,33299700.0,False,0.0,13:21:53
18800.0,100,-1150.0,-0.1,SD,12805400.0,33299600.0,False,0.0,13:21:53
18800.0,100,-1150.0,-0.1,SD,12805400.0,33299500.0,False,0.0,13:21:53
18800.0,20000,-1150.0,-0.1,SD,12805400.0,33299400.0,True,0.0,13:21:53
18800.0,5000,-1150.0,-0.1,SD,12805400.0,33279400.0,False,0.0,13:21:53
18800.0,5000,-1150.0,-0.1,SD,12805400.0,33274400.0,False,0.0,13:21:53
18800.0,500,-1150.0,-0.1,SD,12805400.0,33269400.0,False,0.0,13:21:53
18800.0,300,-1150.0,-0.1,SD,12805400.0,33268900.0,False,0.0,13:21:53
18800.0,1000,-1150.0,-0.1,SD,12805400.0,33268600.0,False,0.0,13:21:53
18800.0,100,-1150.0,-0.1,SD,12805400.0,33267600.0,False,0.0,13:21:53
18800.0,900,-1150.0,-0.1,SD,12805400.0,33267500.0,False,0.0,13:21:53
18800.0,100,-1150.0,-0.1,SD,12805400.0,33266600.0,False,0.0,13:21:53
18800.0,200,-1150.0,-0.1,SD,12805400.0,33266500.0,False,0.0,13:21:53
18800.0,300,-1150.0,-0.1,SD,12805400.0,33266300.0,False,0.0,13:21:53
18800.0,100,-1150.0,-0.1,SD,12805400.0,33266000.0,False,0.0,13:21:53
18800.0,100,-1150.0,-0.1,SD,12805400.0,33265900.0,False,0.0,13:21:53
18800.0,1000,-1150.0,-0.1,SD,12805400.0,33265800.0,False,0.0,13:21:53
18800.0,100,-1150.0,-0.1,SD,12805400.0,33264800.0,False,0.0,13:21:53
18800.0,500,-1150.0,-0.1,SD,12805400.0,33264700.0,False,0.0,13:21:53
18800.0,100,-1150.0,-0.1,SD,12805400.0,33264200.0,False,0.0,13:21:53
18800.0,2000,-1150.0,-0.1,SD,12805400.0,33264100.0,False,0.0,13:21:53
18800.0,100,-1150.0,-0.1,SD,12805400.0,33262100.0,False,0.0,13:21:53
18800.0,200,-1150.0,-0.1,SD,12805400.0,33262000.0,False,0.0,13:21:53
18800.0,100,-1150.0,-0.1,SD,12805400.0,33261800.0,False,0.0,13:21:53
18800.0,100,-1150.0,-0.1,SD,12805400.0,33261700.0,False,0.0,13:21:53
18800.0,100,-1150.0,-0.1,SD,12805400.0,33261600.0,False,0.0,13:21:53
18800.0,100,-1150.0,-0.1,SD,12805400.0,33261500.0,False,0.0,13:21:53
18800.0,200,-1150.0,-0.1,SD,12805400.0,33261400.0,False,0.0,13:21:53
18800.0,100,-1150.0,-0.1,SD,12805400.0,33261200.0,False,0.0,13:21:53
18800.0,4000,-1150.0,-0.1,SD,12805400.0,33261100.0,False,0.0,13:21:53
18800.0,200,-1150.0,-0.1,SD,12805400.0,33257100.0,False,0.0,13:21:53
18800.0,2000,-1150.0,-0.1,SD,12805400.0,33256900.0,False,0.0,13:21:53
18800.0,100,-1150.0,-0.1,SD,12805400.0,33254900.0,False,0.0,13:21:53
18800.0,1000,-1150.0,-0.1,SD,12805400.0,33254800.0,False,0.0,13:21:53
18800.0,1000,-1150.0,-0.1,SD,12805400.0,33253800.0,False,0.0,13:21:53
18800.0,600,-1150.0,-0.1,SD,12805400.0,33252800.0,False,0.0,13:21:53
18800.0,500,-1150.0,-0.1,SD,12805400.0,33252200.0,False,0.0,13:21:53
18800.0,1000,-1150.0,-0.1,SD,12805400.0,33251700.0,False,0.0,13:21:53
18800.0,200,-1150.0,-0.1,SD,12805400.0,33250700.0,False,0.0,13:21:53
18800.0,1000,-1150.0,-0.1,SD,12805400.0,33250500.0,False,0.0,13:21:53
18800.0,2000,-1150.0,-0.1,SD,12805400.0,33249500.0,False,0.0,13:21:53
18800.0,2000,-1150.0,-0.1,SD,12805400.0,33247500.0,False,0.0,13:21:53
18800.0,5000,-1150.0,-0.1,SD,12805400.0,33245500.0,False,0.0,13:21:53
18800.0,500,-1150.0,-0.1,SD,12805400.0,33240500.0,False,0.0,13:21:53
18800.0,1000,-1150.0,-0.1,SD,12805400.0,33240000.0,False,0.0,13:21:53
18800.0,200,-1150.0,-0.1,SD,12805400.0,33239000.0,False,0.0,13:21:53
18800.0,200,-1150.0,-0.1,SD,12805400.0,33238800.0,False,0.0,13:21:53
18800.0,1500,-1150.0,-0.1,SD,12805400.0,33238600.0,False,0.0,13:21:53
18800.0,4000,-1150.0,-0.1,SD,12805400.0,33237100.0,False,0.0,13:21:53
18800.0,200,-1150.0,-0.1,SD,12805400.0,33233100.0,False,0.0,13:21:53
18800.0,100,-1150.0,-0.1,SD,12805400.0,33232900.0,False,0.0,13:21:53
18800.0,100,-1150.0,-0.1,SD,12805400.0,33232800.0,False,0.0,13:21:53
18800.0,100,-1150.0,-0.1,SD,12805400.0,33232700.0,False,0.0,13:21:53
18800.0,200,-1150.0,-0.1,SD,12805400.0,33232600.0,False,0.0,13:21:53
18800.0,500,-1150.0,-0.1,SD,12805400.0,33232400.0,False,0.0,13:21:53
18800.0,1000,-1150.0,-0.1,SD,12805400.0,33231900.0,False,0.0,13:21:53
18800.0,100,-1150.0,-0.1,SD,12805400.0,33230900.0,False,0.0,13:21:53
18800.0,100,-1150.0,-0.1,SD,12805400.0,33230800.0,False,0.0,13:21:53
18800.0,100,-1150.0,-0.1,SD,12805400.0,33230700.0,False,0.0,13:21:53
18800.0,100,-1150.0,-0.1,SD,12805400.0,33230600.0,False,0.0,13:21:53
18800.0,100,-1150.0,-0.1,SD,12805400.0,33230500.0,False,0.0,13:21:53
18800.0,100,-1150.0,-0.1,SD,12805400.0,33230400.0,False,0.0,13:21:53
18800.0,1000,-1150.0,-0.1,SD,12805400.0,33230300.0,False,0.0,13:21:53
18800.0,500,-1150.0,-0.1,SD,12805400.0,33229300.0,False,0.0,13:21:53
18800.0,200,-1150.0,-0.1,SD,12805400.0,33228800.0,False,0.0,13:21:53
18800.0,100,-1150.0,-0.1,SD,12805400.0,33228600.0,False,0.0,13:21:53
18800.0,1800,-1150.0,-0.1,SD,12805400.0,33228500.0,False,0.0,13:21:53
18800.0,800,-1150.0,-0.1,SD,12805400.0,33226700.0,False,0.0,13:21:53
18800.0,200,-1150.0,-0.1,SD,12805400.0,33225900.0,False,0.0,13:21:53
18800.0,300,-1150.0,-0.1,SD,12805400.0,33225700.0,False,0.0,13:21:53
18800.0,100,-1150.0,-0.1,SD,12805400.0,33225400.0,False,0.0,13:21:53
18800.0,100,-1150.0,-0.1,SD,12805400.0,33225300.0,False,0.0,13:21:53
18800.0,100,-1150.0,-0.1,SD,12805400.0,33225200.0,False,0.0,13:21:53
18800.0,100,-1150.0,-0.1,SD,12805400.0,33225100.0,False,0.0,13:21:53
18800.0,1000,-1150.0,-0.1,SD,12805400.0,33225000.0,False,0.0,13:21:53
18800.0,100,-1150.0,-0.1,SD,12805400.0,33224000.0,False,0.0,13:21:53
18800.0,500,-1150.0,-0.1,SD,12805400.0,33223900.0,False,0.0,13:21:53
18800.0,500,-1150.0,-0.1,SD,12805400.0,33223400.0,False,0.0,13:21:53
18800.0,200,-1150.0,-0.1,SD,12805400.0,33222900.0,False,0.0,13:21:53
18800.0,200,-1150.0,-0.1,SD,12805400.0,33222700.0,False,0.0,13:21:53
18800.0,1200,-1150.0,-0.1,SD,12805400.0,33222500.0,False,0.0,13:21:53
18800.0,1000,-1150.0,-0.1,SD,12805400.0,33221300.0,False,0.0,13:21:53
18800.0,200,-1150.0,-0.1,SD,12805400.0,33220300.0,False,0.0,13:21:53
18800.0,10000,-1150.0,-0.1,SD,12805400.0,33220100.0,False,0.0,13:21:53
18800.0,1000,-1150.0,-0.1,SD,12805400.0,33210100.0,False,0.0,13:21:53
18800.0,300,-1150.0,-0.1,SD,12805400.0,33209100.0,False,0.0,13:21:53
18800.0,10000,-1150.0,-0.1,SD,12805400.0,33208800.0,False,0.0,13:21:53
18800.0,100,-1150.0,-0.1,SD,12805400.0,33198800.0,False,0.0,13:21:53
18800.0,1000,-1150.0,-0.1,SD,12805400.0,33198700.0,False,0.0,13:21:53
18800.0,2000,-1150.0,-0.1,SD,12805400.0,33197700.0,False,0.0,13:21:53
18800.0,11000,-1150.0,-0.1,SD,12805400.0,33195700.0,True,0.0,13:21:53
18800.0,20000,-1150.0,-0.1,SD,12805400.0,33184700.0,True,0.0,13:21:53
18800.0,500,-1150.0,-0.1,SD,12805400.0,33164700.0,False,0.0,13:21:53
18800.0,100,-1150.0,-0.1,SD,12805400.0,33164200.0,False,0.0,13:21:53
18800.0,400,-1150.0,-0.1,SD,12805400.0,33164100.0,False,0.0,13:21:53
18800.0,500,-1150.0,-0.1,SD,12805400.0,33163700.0,False,0.0,13:21:53
18800.0,2000,-1150.0,-0.1,SD,12805400.0,33163200.0,False,0.0,13:21:53
18800.0,500,-1150.0,-0.1,SD,12805400.0,33161200.0,False,0.0,13:21:53
18800.0,3300,-1150.0,-0.1,SD,12805400.0,33160700.0,False,0.0,13:21:53
18800.0,100,-1150.0,-0.1,SD,12805400.0,33157400.0,False,0.0,13:21:53
18800.0,500,-1150.0,-0.1,SD,12805400.0,33157300.0,False,0.0,13:21:53
18800.0,1000,-1150.0,-0.1,SD,12805400.0,33156800.0,False,0.0,13:21:53
18800.0,1000,-1150.0,-0.1,SD,12805400.0,33155800.0,False,0.0,13:21:53
18800.0,100,-1150.0,-0.1,SD,12805400.0,33154800.0,False,0.0,13:21:53
18800.0,1000,-1150.0,-0.1,SD,12805400.0,33154700.0,False,0.0,13:21:53
18800.0,100,-1150.0,-0.1,SD,12805400.0,33153700.0,False,0.0,13:21:53
18800.0,100,-1150.0,-0.1,SD,12805400.0,33153600.0,False,0.0,13:21:53
18800.0,100,-1150.0,-0.1,SD,12805400.0,33153500.0,False,0.0,13:21:53
18800.0,200,-1150.0,-0.1,SD,12805400.0,33153400.0,False,0.0,13:21:53
18800.0,1000,-1150.0,-0.1,SD,12805400.0,33153200.0,False,0.0,13:21:53
18800.0,200,-1150.0,-0.1,SD,12805400.0,33152200.0,False,0.0,13:21:53
18800.0,27900,-1150.0,-0.1,SD,12805400.0,33152000.0,True,0.0,13:21:53
18800.0,100,-1150.0,-0.1,SD,12805400.0,33124100.0,False,0.0,13:21:53
18800.0,100,-1150.0,-0.1,SD,12805400.0,33124000.0,False,0.0,13:21:53
18800.0,300,-1150.0,-0.1,SD,12805400.0,33123900.0,False,0.0,13:21:53
18800.0,200,-1150.0,-0.1,SD,12805400.0,33123600.0,False,0.0,13:21:53
18800.0,3000,-1150.0,-0.1,SD,12805400.0,33123400.0,False,0.0,13:21:53
18800.0,5000,-1150.0,-0.1,SD,12805400.0,33120400.0,False,0.0,13:21:53
18800.0,3000,-1150.0,-0.1,SD,12805400.0,33115400.0,False,0.0,13:21:53
18800.0,10000,-1150.0,-0.1,SD,12805400.0,33112400.0,False,0.0,13:21:53
18800.0,1000,-1150.0,-0.1,SD,12805400.0,33102400.0,False,0.0,13:21:53
18800.0,100,-1150.0,-0.1,SD,12805400.0,33101400.0,False,0.0,13:21:53
18800.0,300,-1150.0,-0.1,SD,12805400.0,33101300.0,False,0.0,13:21:53
18800.0,5000,-1150.0,-0.1,SD,12805400.0,33101000.0,False,0.0,13:21:53
18800.0,1500,-1150.0,-0.1,SD,12805400.0,33096000.0,False,0.0,13:21:53
18800.0,100,-1150.0,-0.1,SD,12805400.0,33094500.0,False,0.0,13:21:53
18800.0,500,-1150.0,-0.1,SD,12805400.0,33094400.0,False,0.0,13:21:53
18800.0,1000,-1150.0,-0.1,SD,12805400.0,33093900.0,False,0.0,13:21:53
18800.0,300,-1150.0,-0.1,SD,12805400.0,33092900.0,False,0.0,13:21:53
18800.0,1000,-1150.0,-0.1,SD,12805400.0,33092600.0,False,0.0,13:21:53
18800.0,2000,-1150.0,-0.1,SD,12805400.0,33091600.0,False,0.0,13:21:53
18800.0,100,-1150.0,-0.1,SD,12805400.0,33089600.0,False,0.0,13:21:53
18800.0,100,-1150.0,-0.1,SD,12805400.0,33089500.0,False,0.0,13:21:53
18800.0,2000,-1150.0,-0.1,SD,12805400.0,33089400.0,False,0.0,13:21:53
18800.0,300,-1150.0,-0.1,SD,12805400.0,33087400.0,False,0.0,13:21:53
18800.0,500,-1150.0,-0.1,SD,12805400.0,33087100.0,False,0.0,13:21:53
18800.0,1000,-1150.0,-0.1,SD,12805400.0,33086600.0,False,0.0,13:21:53
18800.0,5000,-1150.0,-0.1,SD,12805400.0,33085600.0,False,0.0,13:21:53
18800.0,15900,-1150.0,-0.1,SD,12805400.0,33080600.0,True,0.0,13:21:53
18800.0,22000,-1150.0,-0.1,SD,12805400.0,33064700.0,True,0.0,13:21:53
18800.0,800,-1150.0,-0.1,SD,12805400.0,33042700.0,False,0.0,13:21:53
18800.0,300,-1150.0,-0.1,SD,12805400.0,33041900.0,False,0.0,13:21:53
18800.0,1000,-1150.0,-0.1,SD,12805400.0,33041600.0,False,0.0,13:21:53
18800.0,100,-1150.0,-0.1,SD,12805400.0,33040600.0,False,0.0,13:21:53
18800.0,1000,-1150.0,-0.1,SD,12805400.0,33040500.0,False,0.0,13:21:53
18800.0,1000,-1150.0,-0.1,SD,12805400.0,33039500.0,False,0.0,13:21:53
18800.0,100,-1150.0,-0.1,SD,12805400.0,33038500.0,False,0.0,13:21:53
18800.0,1000,-1150.0,-0.1,SD,12805400.0,33038400.0,False,0.0,13:21:53
18800.0,100,-1150.0,-0.1,SD,12805400.0,33037400.0,False,0.0,13:21:53
18800.0,300,-1150.0,-0.1,SD,12805400.0,33037300.0,False,0.0,13:21:53
18800.0,2000,-1150.0,-0.1,SD,12805400.0,33037000.0,False,0.0,13:21:53
18800.0,10000,-1150.0,-0.1,SD,12805400.0,33035000.0,False,0.0,13:21:53
18800.0,200,-1150.0,-0.1,SD,12805400.0,33025000.0,False,0.0,13:21:53
18800.0,100,-1150.0,-0.1,SD,12805400.0,33024800.0,False,0.0,13:21:53
18800.0,100,-1150.0,-0.1,SD,12805400.0,33024700.0,False,0.0,13:21:53
18800.0,300,-1150.0,-0.1,SD,12805400.0,33024600.0,False,0.0,13:21:53
18800.0,100,-1150.0,-0.1,SD,12805400.0,33024300.0,False,0.0,13:21:53
18800.0,100,-1150.0,-0.1,SD,12805400.0,33024200.0,False,0.0,13:21:53
18800.0,1000,-1150.0,-0.1,SD,12805400.0,33024100.0,False,0.0,13:21:53
18800.0,200,-1150.0,-0.1,SD,12805400.0,33023100.0,False,0.0,13:21:53
18800.0,100,-1150.0,-0.1,SD,12805400.0,33022900.0,False,0.0,13:21:53
18800.0,200,-1150.0,-0.1,SD,12805400.0,33022800.0,False,0.0,13:21:53
18800.0,500,-1150.0,-0.1,SD,12805400.0,33022600.0,False,0.0,13:21:53
18800.0,2000,-1150.0,-0.1,SD,12805400.0,33022100.0,False,0.0,13:21:53
18800.0,1000,-1150.0,-0.1,SD,12805400.0,33020100.0,False,0.0,13:21:53
18800.0,100,-1150.0,-0.1,SD,12805400.0,33019100.0,False,0.0,13:21:53
18800.0,100,-1150.0,-0.1,SD,12805400.0,33019000.0,False,0.0,13:21:53
18800.0,800,-1150.0,-0.1,SD,12805400.0,33018900.0,False,0.0,13:21:53
18800.0,1000,-1150.0,-0.1,SD,12805400.0,33018100.0,False,0.0,13:21:53
18800.0,500,-1150.0,-0.1,SD,12805400.0,33017100.0,False,0.0,13:21:53
18800.0,100,-1150.0,-0.1,SD,12805400.0,33016600.0,False,0.0,13:21:53
18800.0,100,-1150.0,-0.1,SD,12805400.0,33016500.0,False,0.0,13:21:53
18800.0,2000,-1150.0,-0.1,SD,12805400.0,33016400.0,False,0.0,13:21:53
18800.0,100,-1150.0,-0.1,SD,12805400.0,33014400.0,False,0.0,13:21:53
18800.0,500,-1150.0,-0.1,SD,12805400.0,33014300.0,False,0.0,13:21:53
18800.0,2000,-1150.0,-0.1,SD,12805400.0,33013800.0,False,0.0,13:21:53
18800.0,100,-1150.0,-0.1,SD,12805400.0,33011800.0,False,0.0,13:21:53
18800.0,500,-1150.0,-0.1,SD,12805400.0,33011700.0,False,0.0,13:21:53
18800.0,5000,-1150.0,-0.1,SD,12805400.0,33011200.0,False,0.0,13:21:53
18800.0,100,-1150.0,-0.1,SD,12805400.0,33006200.0,False,0.0,13:21:53
18800.0,700,-1150.0,-0.1,SD,12805400.0,33006100.0,False,0.0,13:21:53
18800.0,100,-1150.0,-0.1,SD,12805400.0,33005400.0,False,0.0,13:21:53
18800.0,20300,-1150.0,-0.1,SD,12805400.0,33005300.0,True,0.0,13:21:53
18800.0,5000,-1150.0,-0.1,SD,12805400.0,32985000.0,False,0.0,13:21:53
18800.0,1500,-1150.0,-0.1,SD,12805400.0,32980000.0,False,0.0,13:21:53
18800.0,200,-1150.0,-0.1,SD,12805400.0,32978500.0,False,0.0,13:21:53
18800.0,1000,-1150.0,-0.1,SD,12805400.0,32978300.0,False,0.0,13:21:53
18800.0,1000,-1150.0,-0.1,SD,12805400.0,32977300.0,False,0.0,13:21:53
18800.0,2000,-1150.0,-0.1,SD,12805400.0,32976300.0,False,0.0,13:21:53
18800.0,1000,-1150.0,-0.1,SD,12805400.0,32974300.0,False,0.0,13:21:53
18800.0,300,-1150.0,-0.1,SD,12805400.0,32973300.0,False,0.0,13:21:53
18800.0,1000,-1150.0,-0.1,SD,12805400.0,32973000.0,False,0.0,13:21:53
18800.0,1000,-1150.0,-0.1,SD,12805400.0,32972000.0,False,0.0,13:21:53
18800.0,500,-1150.0,-0.1,SD,12805400.0,32971000.0,False,0.0,13:21:53
18800.0,500,-1150.0,-0.1,SD,12805400.0,32970500.0,False,0.0,13:21:53
18800.0,500,-1150.0,-0.1,SD,12805400.0,32970000.0,False,0.0,13:21:53
18800.0,500,-1150.0,-0.1,SD,12805400.0,32969500.0,False,0.0,13:21:53
18800.0,500,-1150.0,-0.1,SD,12805400.0,32969000.0,False,0.0,13:21:53
18800.0,200,-1150.0,-0.1,SD,12805400.0,32968500.0,False,0.0,13:21:53
18800.0,500,-1150.0,-0.1,SD,12805400.0,32968300.0,False,0.0,13:21:53
18800.0,500,-1150.0,-0.1,SD,12805400.0,32967800.0,False,0.0,13:21:53
18800.0,1000,-1150.0,-0.1,SD,12805400.0,32967300.0,False,0.0,13:21:53
18800.0,100,-1150.0,-0.1,SD,12805400.0,32966300.0,False,0.0,13:21:53
18800.0,100,-1150.0,-0.1,SD,12805400.0,32966200.0,False,0.0,13:21:53
18800.0,100,-1150.0,-0.1,SD,12805400.0,32966100.0,False,0.0,13:21:53
18800.0,300,-1150.0,-0.1,SD,12805400.0,32966000.0,False,0.0,13:21:53
18800.0,2000,-1150.0,-0.1,SD,12805400.0,32965700.0,False,0.0,13:21:53
18800.0,300,-1150.0,-0.1,SD,12805400.0,32963700.0,False,0.0,13:21:53
18800.0,1000,-1150.0,-0.1,SD,12805400.0,32963400.0,False,0.0,13:21:53
18800.0,1000,-1150.0,-0.1,SD,12805400.0,32962400.0,False,0.0,13:21:53
18800.0,100,-1150.0,-0.1,SD,12805400.0,32961400.0,False,0.0,13:21:53
18800.0,100,-1150.0,-0.1,SD,12805400.0,32961300.0,False,0.0,13:21:53
18800.0,200,-1150.0,-0.1,SD,12805400.0,32961200.0,False,0.0,13:21:53
18800.0,100,-1150.0,-0.1,SD,12805400.0,32961000.0,False,0.0,13:21:53
18800.0,7000,-1150.0,-0.1,SD,12805400.0,32960900.0,False,0.0,13:21:53
18800.0,500,-1150.0,-0.1,SD,12805400.0,32953900.0,False,0.0,13:21:53
18800.0,100,-1150.0,-0.1,SD,12805400.0,32953400.0,False,0.0,13:21:53
18800.0,200,-1150.0,-0.1,SD,12805400.0,32953300.0,False,0.0,13:21:53
18800.0,100,-1150.0,-0.1,SD,12805400.0,32953100.0,False,0.0,13:21:53
18800.0,2100,-1150.0,-0.1,SD,12805400.0,32953000.0,False,0.0,13:21:53
18800.0,300,-1150.0,-0.1,SD,12805400.0,32950900.0,False,0.0,13:21:53
18800.0,500,-1150.0,-0.1,SD,12805400.0,32950600.0,False,0.0,13:21:53
18800.0,1000,-1150.0,-0.1,SD,12805400.0,32950100.0,False,0.0,13:21:53
18800.0,1000,-1150.0,-0.1,SD,12805400.0,32949100.0,False,0.0,13:21:53
18800.0,2000,-1150.0,-0.1,SD,12805400.0,32948100.0,False,0.0,13:21:53
18800.0,2000,-1150.0,-0.1,SD,12805400.0,32946100.0,False,0.0,13:21:53
18800.0,2000,-1150.0,-0.1,SD,12805400.0,32944100.0,False,0.0,13:21:53
18800.0,100,-1150.0,-0.1,SD,12805400.0,32942100.0,False,0.0,13:21:53
18800.0,500,-1150.0,-0.1,SD,12805400.0,32942000.0,False,0.0,13:21:53
18800.0,500,-1150.0,-0.1,SD,12805400.0,32941500.0,False,0.0,13:21:53
18800.0,500,-1150.0,-0.1,SD,12805400.0,32941000.0,False,0.0,13:21:53
18800.0,500,-1150.0,-0.1,SD,12805400.0,32940500.0,False,0.0,13:21:53
18800.0,100,-1150.0,-0.1,SD,12805400.0,32940000.0,False,0.0,13:21:53
18800.0,3000,-1150.0,-0.1,SD,12805400.0,32939900.0,False,0.0,13:21:53
18800.0,300,-1150.0,-0.1,SD,12805400.0,32936900.0,False,0.0,13:21:53
18800.0,100,-1150.0,-0.1,SD,12805400.0,32936600.0,False,0.0,13:21:53
18800.0,100,-1150.0,-0.1,SD,12805400.0,32936500.0,False,0.0,13:21:53
18800.0,1000,-1150.0,-0.1,SD,12805400.0,32936400.0,False,0.0,13:21:53
18800.0,600,-1150.0,-0.1,SD,12805400.0,32935400.0,False,0.0,13:21:53
18800.0,1000,-1150.0,-0.1,SD,12805400.0,32934800.0,False,0.0,13:21:53
18800.0,200,-1150.0,-0.1,SD,12805400.0,32933800.0,False,0.0,13:21:53
18800.0,1000,-1150.0,-0.1,SD,12805400.0,32933600.0,False,0.0,13:21:53
18800.0,300,-1150.0,-0.1,SD,12805400.0,32932600.0,False,0.0,13:21:53
18800.0,100000,-1150.0,-0.1,SD,12805400.0,32932300.0,True,0.0,13:21:53
18800.0,2700,-1150.0,-0.1,SD,12805400.0,32832300.0,False,0.0,13:21:53
18800.0,1000,-1150.0,-0.1,SD,12805400.0,32829600.0,False,0.0,13:21:53
18800.0,5000,-1150.0,-0.1,SD,12805400.0,32828600.0,False,0.0,13:21:53
18800.0,200,-1150.0,-0.1,SD,12805400.0,32823600.0,False,0.0,13:21:53
18800.0,800,-1150.0,-0.1,SD,12805400.0,32823400.0,False,0.0,13:21:53
18800.0,300,-1150.0,-0.1,SD,12805400.0,32822600.0,False,0.0,13:21:53
18800.0,200,-1150.0,-0.1,SD,12805400.0,32822300.0,False,0.0,13:21:53
18800.0,500,-1150.0,-0.1,SD,12805400.0,32822100.0,False,0.0,13:21:53
18800.0,200,-1150.0,-0.1,SD,12805400.0,32821600.0,False,0.0,13:21:53
18800.0,1000,-1150.0,-0.1,SD,12805400.0,32821400.0,False,0.0,13:21:53
18800.0,500,-1150.0,-0.1,SD,12805400.0,32820400.0,False,0.0,13:21:52
18800.0,500,-1150.0,-0.1,SD,12805400.0,32819900.0,False,0.0,13:21:52
18800.0,2100,-1150.0,-0.1,SD,12805400.0,32819400.0,False,0.0,13:21:52
18800.0,1000,-1150.0,-0.1,SD,12805400.0,32817300.0,False,0.0,13:21:52
18800.0,3000,-1150.0,-0.1,SD,12805400.0,32816300.0,False,0.0,13:21:52
18800.0,100,-1150.0,-0.1,SD,12805400.0,32813300.0,False,0.0,13:21:52
18800.0,100,-1150.0,-0.1,SD,12805400.0,32813200.0,False,0.0,13:21:52
18800.0,1000,-1150.0,-0.1,SD,12805400.0,32813100.0,False,0.0,13:21:52
18800.0,300,-1150.0,-0.1,SD,12805400.0,32812100.0,False,0.0,13:21:52
18800.0,1000,-1150.0,-0.1,SD,12805400.0,32811800.0,False,0.0,13:21:52
18800.0,800,-1150.0,-0.1,SD,12805400.0,32810800.0,False,0.0,13:21:52
18800.0,3000,-1150.0,-0.1,SD,12805400.0,32810000.0,False,0.0,13:21:52
18800.0,100,-1150.0,-0.1,SD,12805400.0,32807000.0,False,0.0,13:21:52
18800.0,400,-1150.0,-0.1,SD,12805400.0,32806900.0,False,0.0,13:21:52
18800.0,100,-1150.0,-0.1,SD,12805400.0,32806500.0,False,0.0,13:21:52
18800.0,500,-1150.0,-0.1,SD,12805400.0,32806400.0,False,0.0,13:21:52
18800.0,2000,-1150.0,-0.1,SD,12805400.0,32805900.0,False,0.0,13:21:52
18800.0,1000,-1150.0,-0.1,SD,12805400.0,32803900.0,False,0.0,13:21:52
18800.0,1000,-1150.0,-0.1,SD,12805400.0,32802900.0,False,0.0,13:21:52
18800.0,1000,-1150.0,-0.1,SD,12805400.0,32801900.0,False,0.0,13:21:52
18800.0,10000,-1150.0,-0.1,SD,12805400.0,32800900.0,False,0.0,13:21:52
18800.0,1000,-1150.0,-0.1,SD,12805400.0,32790900.0,False,0.0,13:21:52
18800.0,10000,-1150.0,-0.1,SD,12805400.0,32789900.0,False,0.0,13:21:52
18800.0,200,-1150.0,-0.1,SD,12805400.0,32779900.0,False,0.0,13:21:52
18800.0,1000,-1150.0,-0.1,SD,12805400.0,32779700.0,False,0.0,13:21:52
18800.0,400,-1150.0,-0.1,SD,12805400.0,32778700.0,False,0.0,13:21:52
18800.0,1000,-1150.0,-0.1,SD,12805400.0,32778300.0,False,0.0,13:21:52
18800.0,1000,-1150.0,-0.1,SD,12805400.0,32777300.0,False,0.0,13:21:52
18800.0,2000,-1150.0,-0.1,SD,12805400.0,32776300.0,False,0.0,13:21:52
18800.0,200,-1150.0,-0.1,SD,12805400.0,32774300.0,False,0.0,13:21:52
18800.0,1000,-1150.0,-0.1,SD,12805400.0,32774100.0,False,0.0,13:21:52
18800.0,500,-1150.0,-0.1,SD,12805400.0,32773100.0,False,0.0,13:21:52
18800.0,200,-1150.0,-0.1,SD,12805400.0,32772600.0,False,0.0,13:21:52
18800.0,100,-1150.0,-0.1,SD,12805400.0,32772400.0,False,0.0,13:21:52
18800.0,1000,-1150.0,-0.1,SD,12805400.0,32772300.0,False,0.0,13:21:52
18800.0,1000,-1150.0,-0.1,SD,12805400.0,32771300.0,False,0.0,13:21:52
18800.0,200,-1150.0,-0.1,SD,12805400.0,32770300.0,False,0.0,13:21:52
18800.0,10000,-1150.0,-0.1,SD,12805400.0,32770100.0,False,0.0,13:21:52
18800.0,100,-1150.0,-0.1,SD,12805400.0,32760100.0,False,0.0,13:21:52
18800.0,100,-1150.0,-0.1,SD,12805400.0,32760000.0,False,0.0,13:21:52
18800.0,200,-1150.0,-0.1,SD,12805400.0,32759900.0,False,0.0,13:21:52
18800.0,300,-1150.0,-0.1,SD,12805400.0,32759700.0,False,0.0,13:21:52
18800.0,100,-1150.0,-0.1,SD,12805400.0,32759400.0,False,0.0,13:21:52
18800.0,2000,-1150.0,-0.1,SD,12805400.0,32759300.0,False,0.0,13:21:52
18800.0,500,-1150.0,-0.1,SD,12805400.0,32757300.0,False,0.0,13:21:52
18800.0,10000,-1150.0,-0.1,SD,12805400.0,32756800.0,False,0.0,13:21:52
18800.0,100,-1150.0,-0.1,SD,12805400.0,32746800.0,False,0.0,13:21:52
18800.0,1000,-1150.0,-0.1,SD,12805400.0,32746700.0,False,0.0,13:21:52
18800.0,5000,-1150.0,-0.1,SD,12805400.0,32745700.0,False,0.0,13:21:52
18800.0,100,-1150.0,-0.1,SD,12805400.0,32740700.0,False,0.0,13:21:52
18800.0,600,-1150.0,-0.1,SD,12805400.0,32740600.0,False,0.0,13:21:52
18800.0,500,-1150.0,-0.1,SD,12805400.0,32740000.0,False,0.0,13:21:52
18800.0,100,-1150.0,-0.1,SD,12805400.0,32739500.0,False,0.0,13:21:52
18800.0,100,-1150.0,-0.1,SD,12805400.0,32739400.0,False,0.0,13:21:52
18800.0,100,-1150.0,-0.1,SD,12805400.0,32739300.0,False,0.0,13:21:52
18800.0,100,-1150.0,-0.1,SD,12805400.0,32739200.0,False,0.0,13:21:52
18800.0,500,-1150.0,-0.1,SD,12805400.0,32739100.0,False,0.0,13:21:52
18800.0,300,-1150.0,-0.1,SD,12805400.0,32738600.0,False,0.0,13:21:52
18800.0,100,-1150.0,-0.1,SD,12805400.0,32738300.0,False,0.0,13:21:52
18800.0,100,-1150.0,-0.1,SD,12805400.0,32738200.0,False,0.0,13:21:52
18800.0,400,-1150.0,-0.1,SD,12805400.0,32738100.0,False,0.0,13:21:52
18800.0,1000,-1150.0,-0.1,SD,12805400.0,32737700.0,False,0.0,13:21:52
18800.0,500,-1150.0,-0.1,SD,12805400.0,32736700.0,False,0.0,13:21:52
18800.0,2000,-1150.0,-0.1,SD,12805400.0,32736200.0,False,0.0,13:21:52
18800.0,1700,-1150.0,-0.1,SD,12805400.0,32734200.0,False,0.0,13:21:52
18800.0,400,-1150.0,-0.1,SD,12805400.0,32732500.0,False,0.0,13:21:52
18800.0,500,-1150.0,-0.1,SD,12805400.0,32732100.0,False,0.0,13:21:52
18800.0,1100,-1150.0,-0.1,SD,12805400.0,32731600.0,False,0.0,13:21:52
18800.0,2100,-1150.0,-0.1,SD,12805400.0,32730500.0,False,0.0,13:21:52
18800.0,1500,-1150.0,-0.1,SD,12805400.0,32728400.0,False,0.0,13:21:52
18800.0,1000,-1150.0,-0.1,SD,12805400.0,32726900.0,False,0.0,13:21:52
18800.0,2000,-1150.0,-0.1,SD,12805400.0,32725900.0,False,0.0,13:21:52
18800.0,3000,-1150.0,-0.1,SD,12805400.0,32723900.0,False,0.0,13:21:52
18800.0,1000,-1150.0,-0.1,SD,12805400.0,32720900.0,False,0.0,13:21:52
18800.0,900,-1150.0,-0.1,SD,12805400.0,32719900.0,False,0.0,13:21:52
18800.0,1000,-1150.0,-0.1,SD,12805400.0,32719000.0,False,0.0,13:21:52
18800.0,500,-1150.0,-0.1,SD,12805400.0,32718000.0,False,0.0,13:21:52
18800.0,1000,-1150.0,-0.1,SD,12805400.0,32717500.0,False,0.0,13:21:52
18800.0,5000,-1150.0,-0.1,SD,12805400.0,32716500.0,False,0.0,13:21:52
18800.0,100,-1150.0,-0.1,SD,12805400.0,32711500.0,False,0.0,13:21:52
18800.0,100,-1150.0,-0.1,SD,12805400.0,32711400.0,False,0.0,13:21:52
18800.0,500,-1150.0,-0.1,SD,12805400.0,32711300.0,False,0.0,13:21:52
18800.0,100,-1150.0,-0.1,SD,12805400.0,32710800.0,False,0.0,13:21:52
18800.0,900,-1150.0,-0.1,SD,12805400.0,32710700.0,False,0.0,13:21:52
18800.0,100,-1150.0,-0.1,SD,12805400.0,32709800.0,False,0.0,13:21:52
18800.0,500,-1150.0,-0.1,SD,12805400.0,32709700.0,False,0.0,13:21:52
18800.0,1000,-1150.0,-0.1,SD,12805400.0,32709200.0,False,0.0,13:21:52
18800.0,100,-1150.0,-0.1,SD,12805400.0,32708200.0,False,0.0,13:21:52
18800.0,1000,-1150.0,-0.1,SD,12805400.0,32708100.0,False,0.0,13:21:52
18800.0,5800,-1150.0,-0.1,SD,12805400.0,32707100.0,False,0.0,13:21:52
18800.0,2000,-1150.0,-0.1,SD,12805400.0,32701300.0,False,0.0,13:21:52
18800.0,100,-1150.0,-0.1,SD,12805400.0,32699300.0,False,0.0,13:21:52
18800.0,100,-1150.0,-0.1,SD,12805400.0,32699200.0,False,0.0,13:21:52
18800.0,1000,-1150.0,-0.1,SD,12805400.0,32699100.0,False,0.0,13:21:52
18800.0,2000,-1150.0,-0.1,SD,12805400.0,32698100.0,False,0.0,13:21:52
18800.0,100,-1150.0,-0.1,SD,12805400.0,32696100.0,False,0.0,13:21:52
18800.0,131300,-1150.0,-0.1,SD,12805400.0,32696000.0,True,0.0,13:21:52
18800.0,28700,-1150.0,-0.1,SD,12805400.0,32564700.0,True,0.0,13:21:52
18800.0,2000,-1150.0,-0.1,SD,12805400.0,32536000.0,False,0.0,13:21:52
18800.0,100,-1150.0,-0.1,SD,12805400.0,32534000.0,False,0.0,13:21:52
18800.0,1000,-1150.0,-0.1,SD,12805400.0,32533900.0,False,0.0,13:21:52
18800.0,800,-1150.0,-0.1,SD,12805400.0,32532900.0,False,0.0,13:21:52
18800.0,3000,-1150.0,-0.1,SD,12805400.0,32532100.0,False,0.0,13:21:52
18800.0,500,-1150.0,-0.1,SD,12805400.0,32529100.0,False,0.0,13:21:52
18800.0,1000,-1150.0,-0.1,SD,12805400.0,32528600.0,False,0.0,13:21:52
18800.0,5000,-1150.0,-0.1,SD,12805400.0,32527600.0,False,0.0,13:21:52
18800.0,1000,-1150.0,-0.1,SD,12805400.0,32522600.0,False,0.0,13:21:52
18800.0,1000,-1150.0,-0.1,SD,12805400.0,32521600.0,False,0.0,13:21:52
18800.0,200,-1150.0,-0.1,SD,12805400.0,32520600.0,False,0.0,13:21:52
18800.0,100,-1150.0,-0.1,SD,12805400.0,32520400.0,False,0.0,13:21:52
18800.0,100,-1150.0,-0.1,SD,12805400.0,32520300.0,False,0.0,13:21:52
18800.0,50000,-1150.0,-0.1,SD,12805400.0,32520200.0,True,0.0,13:21:52
18800.0,500,-1150.0,-0.1,SD,12805400.0,32470200.0,False,0.0,13:21:52
18800.0,200,-1150.0,-0.1,SD,12805400.0,32469700.0,False,0.0,13:21:52
18800.0,1000,-1150.0,-0.1,SD,12805400.0,32469500.0,False,0.0,13:21:52
18800.0,100,-1150.0,-0.1,SD,12805400.0,32468500.0,False,0.0,13:21:52
18800.0,200,-1150.0,-0.1,SD,12805400.0,32468400.0,False,0.0,13:21:52
18800.0,100,-1150.0,-0.1,SD,12805400.0,32468200.0,False,0.0,13:21:52
18800.0,700,-1150.0,-0.1,SD,12805400.0,32468100.0,False,0.0,13:21:52
18800.0,300,-1150.0,-0.1,SD,12805400.0,32467400.0,False,0.0,13:21:52
18800.0,900,-1150.0,-0.1,SD,12805400.0,32467100.0,False,0.0,13:21:52
18800.0,100,-1150.0,-0.1,SD,12805400.0,32466200.0,False,0.0,13:21:52
18800.0,100,-1150.0,-0.1,SD,12805400.0,32466100.0,False,0.0,13:21:52
18800.0,500,-1150.0,-0.1,SD,12805400.0,32466000.0,False,0.0,13:21:52
18800.0,5000,-1150.0,-0.1,SD,12805400.0,32465500.0,False,0.0,13:21:52
18800.0,500,-1150.0,-0.1,SD,12805400.0,32460500.0,False,0.0,13:21:52
18800.0,10000,-1150.0,-0.1,SD,12805400.0,32460000.0,False,0.0,13:21:52
18800.0,500,-1150.0,-0.1,SD,12805400.0,32450000.0,False,0.0,13:21:52
18800.0,3800,-1150.0,-0.1,SD,12805400.0,32449500.0,False,0.0,13:21:52
18800.0,1000,-1150.0,-0.1,SD,12805400.0,32445700.0,False,0.0,13:21:52
18800.0,500,-1150.0,-0.1,SD,12805400.0,32444700.0,False,0.0,13:21:52
18800.0,2200,-1150.0,-0.1,SD,12805400.0,32444200.0,False,0.0,13:21:52
18800.0,4000,-1150.0,-0.1,SD,12805400.0,32442000.0,False,0.0,13:21:52
18800.0,500,-1150.0,-0.1,SD,12805400.0,32438000.0,False,0.0,13:21:52
18800.0,4000,-1150.0,-0.1,SD,12805400.0,32437500.0,False,0.0,13:21:52
18800.0,200,-1150.0,-0.1,SD,12805400.0,32433500.0,False,0.0,13:21:52
18800.0,5000,-1150.0,-0.1,SD,12805400.0,32433300.0,False,0.0,13:21:52
18800.0,5500,-1150.0,-0.1,SD,12805400.0,32428300.0,False,0.0,13:21:52
18800.0,300,-1150.0,-0.1,SD,12805400.0,32422800.0,False,0.0,13:21:52
18800.0,200,-1150.0,-0.1,SD,12805400.0,32422500.0,False,0.0,13:21:52
18800.0,200,-1150.0,-0.1,SD,12805400.0,32422300.0,False,0.0,13:21:52
18800.0,100,-1150.0,-0.1,SD,12805400.0,32422100.0,False,0.0,13:21:52
18800.0,5000,-1150.0,-0.1,SD,12805400.0,32422000.0,False,0.0,13:21:52
18800.0,500,-1150.0,-0.1,SD,12805400.0,32417000.0,False,0.0,13:21:52
18800.0,500,-1150.0,-0.1,SD,12805400.0,32416500.0,False,0.0,13:21:52
18800.0,200,-1150.0,-0.1,SD,12805400.0,32416000.0,False,0.0,13:21:52
18800.0,100,-1150.0,-0.1,SD,12805400.0,32415800.0,False,0.0,13:21:52
18800.0,900,-1150.0,-0.1,SD,12805400.0,32415700.0,False,0.0,13:21:52
18800.0,3000,-1150.0,-0.1,SD,12805400.0,32414800.0,False,0.0,13:21:52
18800.0,200,-1150.0,-0.1,SD,12805400.0,32411800.0,False,0.0,13:21:52
18800.0,5000,-1150.0,-0.1,SD,12805400.0,32411600.0,False,0.0,13:21:52
18800.0,2000,-1150.0,-0.1,SD,12805400.0,32406600.0,False,0.0,13:21:52
18800.0,100,-1150.0,-0.1,SD,12805400.0,32404600.0,False,0.0,13:21:52
18800.0,10000,-1150.0,-0.1,SD,12805400.0,32404500.0,False,0.0,13:21:52
18800.0,500,-1150.0,-0.1,SD,12805400.0,32394500.0,False,0.0,13:21:52
18800.0,500,-1150.0,-0.1,SD,12805400.0,32394000.0,False,0.0,13:21:52
18800.0,200,-1150.0,-0.1,SD,12805400.0,32393500.0,False,0.0,13:21:52
18800.0,500,-1150.0,-0.1,SD,12805400.0,32393300.0,False,0.0,13:21:52
18800.0,100,-1150.0,-0.1,SD,12805400.0,32392800.0,False,0.0,13:21:52
18800.0,10000,-1150.0,-0.1,SD,12805400.0,32392700.0,False,0.0,13:21:52
18800.0,1000,-1150.0,-0.1,SD,12805400.0,32382700.0,False,0.0,13:21:52
18800.0,2000,-1150.0,-0.1,SD,12805400.0,32381700.0,False,0.0,13:21:52
18800.0,1000,-1150.0,-0.1,SD,12805400.0,32379700.0,False,0.0,13:21:52
18800.0,300,-1150.0,-0.1,SD,12805400.0,32378700.0,False,0.0,13:21:52
18800.0,1000,-1150.0,-0.1,SD,12805400.0,32378400.0,False,0.0,13:21:52
18800.0,1000,-1150.0,-0.1,SD,12805400.0,32377400.0,False,0.0,13:21:52
18800.0,300,-1150.0,-0.1,SD,12805400.0,32376400.0,False,0.0,13:21:52
18800.0,1000,-1150.0,-0.1,SD,12805400.0,32376100.0,False,0.0,13:21:52
18800.0,1000,-1150.0,-0.1,SD,12805400.0,32375100.0,False,0.0,13:21:52
18800.0,200,-1150.0,-0.1,SD,12805400.0,32374100.0,False,0.0,13:21:52
18800.0,2000,-1150.0,-0.1,SD,12805400.0,32373900.0,False,0.0,13:21:52
18800.0,1000,-1150.0,-0.1,SD,12805400.0,32371900.0,False,0.0,13:21:52
18800.0,3000,-1150.0,-0.1,SD,12805400.0,32370900.0,False,0.0,13:21:52
18800.0,500,-1150.0,-0.1,SD,12805400.0,32367900.0,False,0.0,13:21:52
18800.0,1100,-1150.0,-0.1,SD,12805400.0,32367400.0,False,0.0,13:21:52
18800.0,2000,-1150.0,-0.1,SD,12805400.0,32366300.0,False,0.0,13:21:52
18800.0,5000,-1150.0,-0.1,SD,12805400.0,32364300.0,False,0.0,13:21:52
18800.0,100,-1150.0,-0.1,SD,12805400.0,32359300.0,False,0.0,13:21:52
18800.0,1500,-1150.0,-0.1,SD,12805400.0,32359200.0,False,0.0,13:21:52
18800.0,1000,-1150.0,-0.1,SD,12805400.0,32357700.0,False,0.0,13:21:52
18800.0,200,-1150.0,-0.1,SD,12805400.0,32356700.0,False,0.0,13:21:52
18800.0,800,-1150.0,-0.1,SD,12805400.0,32356500.0,False,0.0,13:21:52
18800.0,200,-1150.0,-0.1,SD,12805400.0,32355700.0,False,0.0,13:21:52
18800.0,500,-1150.0,-0.1,SD,12805400.0,32355500.0,False,0.0,13:21:52
18800.0,20000,-1150.0,-0.1,SD,12805400.0,32355000.0,True,0.0,13:21:52
18800.0,1000,-1150.0,-0.1,SD,12805400.0,32335000.0,False,0.0,13:21:52
18800.0,1000,-1150.0,-0.1,SD,12805400.0,32334000.0,False,0.0,13:21:52
18800.0,500,-1150.0,-0.1,SD,12805400.0,32333000.0,False,0.0,13:21:52
18800.0,300,-1150.0,-0.1,SD,12805400.0,32332500.0,False,0.0,13:21:52
18800.0,500,-1150.0,-0.1,SD,12805400.0,32332200.0,False,0.0,13:21:52
18800.0,300,-1150.0,-0.1,SD,12805400.0,32331700.0,False,0.0,13:21:52
18800.0,1500,-1150.0,-0.1,SD,12805400.0,32331400.0,False,0.0,13:21:52
18800.0,100,-1150.0,-0.1,SD,12805400.0,32329900.0,False,0.0,13:21:52
18800.0,1000,-1150.0,-0.1,SD,12805400.0,32329800.0,False,0.0,13:21:52
18800.0,500,-1150.0,-0.1,SD,12805400.0,32328800.0,False,0.0,13:21:52
18800.0,1000,-1150.0,-0.1,SD,12805400.0,32328300.0,False,0.0,13:21:52
18800.0,3000,-1150.0,-0.1,SD,12805400.0,32327300.0,False,0.0,13:21:52
18800.0,500,-1150.0,-0.1,SD,12805400.0,32324300.0,False,0.0,13:21:52
18800.0,100,-1150.0,-0.1,SD,12805400.0,32323800.0,False,0.0,13:21:52
18800.0,200,-1150.0,-0.1,SD,12805400.0,32323700.0,False,0.0,13:21:52
18800.0,500,-1150.0,-0.1,SD,12805400.0,32323500.0,False,0.0,13:21:52
18800.0,2000,-1150.0,-0.1,SD,12805400.0,32323000.0,False,0.0,13:21:52
18800.0,1000,-1150.0,-0.1,SD,12805400.0,32321000.0,False,0.0,13:21:52
18800.0,100,-1150.0,-0.1,SD,12805400.0,32320000.0,False,0.0,13:21:52
18800.0,100,-1150.0,-0.1,SD,12805400.0,32319900.0,False,0.0,13:21:52
18800.0,100,-1150.0,-0.1,SD,12805400.0,32319800.0,False,0.0,13:21:52
18800.0,100,-1150.0,-0.1,SD,12805400.0,32319700.0,False,0.0,13:21:52
18800.0,300,-1150.0,-0.1,SD,12805400.0,32319600.0,False,0.0,13:21:52
18800.0,1000,-1150.0,-0.1,SD,12805400.0,32319300.0,False,0.0,13:21:52
18800.0,4000,-1150.0,-0.1,SD,12805400.0,32318300.0,False,0.0,13:21:52
18800.0,500,-1150.0,-0.1,SD,12805400.0,32314300.0,False,0.0,13:21:52
18800.0,100,-1150.0,-0.1,SD,12805400.0,32313800.0,False,0.0,13:21:52
18800.0,500,-1150.0,-0.1,SD,12805400.0,32313700.0,False,0.0,13:21:52
18800.0,400,-1150.0,-0.1,SD,12805400.0,32313200.0,False,0.0,13:21:52
18800.0,1000,-1150.0,-0.1,SD,12805400.0,32312800.0,False,0.0,13:21:52
18800.0,5000,-1150.0,-0.1,SD,12805400.0,32311800.0,False,0.0,13:21:52
18800.0,100,-1150.0,-0.1,SD,12805400.0,32306800.0,False,0.0,13:21:52
18800.0,100,-1150.0,-0.1,SD,12805400.0,32306700.0,False,0.0,13:21:52
18800.0,1000,-1150.0,-0.1,SD,12805400.0,32306600.0,False,0.0,13:21:52
18800.0,1000,-1150.0,-0.1,SD,12805400.0,32305600.0,False,0.0,13:21:52
18800.0,1000,-1150.0,-0.1,SD,12805400.0,32304600.0,False,0.0,13:21:52
18800.0,10000,-1150.0,-0.1,SD,12805400.0,32303600.0,False,0.0,13:21:52
18800.0,1000,-1150.0,-0.1,SD,12805400.0,32293600.0,False,0.0,13:21:52
18800.0,100,-1150.0,-0.1,SD,12805400.0,32292600.0,False,0.0,13:21:52
18800.0,300,-1150.0,-0.1,SD,12805400.0,32292500.0,False,0.0,13:21:52
18800.0,1000,-1150.0,-0.1,SD,12805400.0,32292200.0,False,0.0,13:21:52
18800.0,200,-1150.0,-0.1,SD,12805400.0,32291200.0,False,0.0,13:21:52
18800.0,1000,-1150.0,-0.1,SD,12805400.0,32291000.0,False,0.0,13:21:52
18800.0,1000,-1150.0,-0.1,SD,12805400.0,32290000.0,False,0.0,13:21:52
18800.0,1000,-1150.0,-0.1,SD,12805400.0,32289000.0,False,0.0,13:21:52
18800.0,200,-1150.0,-0.1,SD,12805400.0,32288000.0,False,0.0,13:21:52
18800.0,100,-1150.0,-0.1,SD,12805400.0,32287800.0,False,0.0,13:21:52
18800.0,1000,-1150.0,-0.1,SD,12805400.0,32287700.0,False,0.0,13:21:52
18800.0,200,-1150.0,-0.1,SD,12805400.0,32286700.0,False,0.0,13:21:52
18800.0,2000,-1150.0,-0.1,SD,12805400.0,32286500.0,False,0.0,13:21:52
18800.0,1000,-1150.0,-0.1,SD,12805400.0,32284500.0,False,0.0,13:21:52
18800.0,1000,-1150.0,-0.1,SD,12805400.0,32283500.0,False,0.0,13:21:52
18800.0,1000,-1150.0,-0.1,SD,12805400.0,32282500.0,False,0.0,13:21:52
18800.0,100,-1150.0,-0.1,SD,12805400.0,32281500.0,False,0.0,13:21:52
18800.0,500,-1150.0,-0.1,SD,12805400.0,32281400.0,False,0.0,13:21:52
18800.0,500,-1150.0,-0.1,SD,12805400.0,32280900.0,False,0.0,13:21:52
18800.0,200,-1150.0,-0.1,SD,12805400.0,32280400.0,False,0.0,13:21:52
18800.0,500,-1150.0,-0.1,SD,12805400.0,32280200.0,False,0.0,13:21:52
18800.0,2000,-1150.0,-0.1,SD,12805400.0,32279700.0,False,0.0,13:21:52
18800.0,10000,-1150.0,-0.1,SD,12805400.0,32277700.0,False,0.0,13:21:52
18800.0,500,-1150.0,-0.1,SD,12805400.0,32267700.0,False,0.0,13:21:52
18800.0,3000,-1150.0,-0.1,SD,12805400.0,32267200.0,False,0.0,13:21:52
18800.0,400,-1150.0,-0.1,SD,12805400.0,32264200.0,False,0.0,13:21:52
18800.0,2000,-1150.0,-0.1,SD,12805400.0,32263800.0,False,0.0,13:21:52
18800.0,100,-1150.0,-0.1,SD,12805400.0,32261800.0,False,0.0,13:21:52
18800.0,5000,-1150.0,-0.1,SD,12805400.0,32261700.0,False,0.0,13:21:52
18800.0,200,-1150.0,-0.1,SD,12805400.0,32256700.0,False,0.0,13:21:52
18800.0,500,-1150.0,-0.1,SD,12805400.0,32256500.0,False,0.0,13:21:52
18800.0,1000,-1150.0,-0.1,SD,12805400.0,32256000.0,False,0.0,13:21:52
18800.0,3000,-1150.0,-0.1,SD,12805400.0,32255000.0,False,0.0,13:21:52
18800.0,1000,-1150.0,-0.1,SD,12805400.0,32252000.0,False,0.0,13:21:52
18800.0,100,-1150.0,-0.1,SD,12805400.0,32251000.0,False,0.0,13:21:52
18800.0,6000,-1150.0,-0.1,SD,12805400.0,32250900.0,False,0.0,13:21:52
18800.0,1500,-1150.0,-0.1,SD,12805400.0,32244900.0,False,0.0,13:21:52
18800.0,100,-1150.0,-0.1,SD,12805400.0,32243400.0,False,0.0,13:21:52
18800.0,100,-1150.0,-0.1,SD,12805400.0,32243300.0,False,-50.0,13:21:52
18850.0,100,-1100.0,-0.1,SD,12805400.0,32243200.0,False,0.0,13:21:52
18850.0,1200,-1100.0,-0.1,SD,12805400.0,32243100.0,False,0.0,13:21:52
18850.0,200,-1100.0,-0.1,SD,12805400.0,32241900.0,False,0.0,13:21:52
18850.0,500,-1100.0,-0.1,SD,12805400.0,32241700.0,False,0.0,13:21:52
18850.0,1000,-1100.0,-0.1,SD,12805400.0,32241200.0,False,0.0,13:21:52
18850.0,100,-1100.0,-0.1,SD,12805400.0,32240200.0,False,0.0,13:21:52
18850.0,500,-1100.0,-0.1,SD,12805400.0,32240100.0,False,0.0,13:21:52
18850.0,200,-1100.0,-0.1,SD,12805400.0,32239600.0,False,0.0,13:21:52
18850.0,400,-1100.0,-0.1,SD,12805400.0,32239400.0,False,0.0,13:21:52
18850.0,100,-1100.0,-0.1,SD,12805400.0,32239000.0,False,0.0,13:21:52
18850.0,100,-1100.0,-0.1,SD,12805400.0,32238900.0,False,0.0,13:21:52
18850.0,100,-1100.0,-0.1,SD,12805400.0,32238800.0,False,0.0,13:21:52
18850.0,200,-1100.0,-0.1,SD,12805400.0,32238700.0,False,0.0,13:21:52
18850.0,500,-1100.0,-0.1,SD,12805400.0,32238500.0,False,0.0,13:21:52
18850.0,100,-1100.0,-0.1,SD,12805400.0,32238000.0,False,0.0,13:21:52
18850.0,100,-1100.0,-0.1,SD,12805400.0,32237900.0,False,0.0,13:21:52
18850.0,500,-1100.0,-0.1,SD,12805400.0,32237800.0,False,0.0,13:21:52
18850.0,300,-1100.0,-0.1,SD,12805400.0,32237300.0,False,0.0,13:21:52
18850.0,200,-1100.0,-0.1,SD,12805400.0,32237000.0,False,0.0,13:21:52
18850.0,1000,-1100.0,-0.1,SD,12805400.0,32236800.0,False,0.0,13:21:52
18850.0,100,-1100.0,-0.1,SD,12805400.0,32235800.0,False,0.0,13:21:52
18850.0,1000,-1100.0,-0.1,SD,12805400.0,32235700.0,False,0.0,13:21:52
18850.0,1000,-1100.0,-0.1,SD,12805400.0,32234700.0,False,0.0,13:21:52
18850.0,300,-1100.0,-0.1,SD,12805400.0,32233700.0,False,0.0,13:21:52
18850.0,100,-1100.0,-0.1,SD,12805400.0,32233400.0,False,0.0,13:21:52
18850.0,2800,-1100.0,-0.1,SD,12805400.0,32233300.0,False,0.0,13:21:52
18850.0,100,-1100.0,-0.1,SD,12805400.0,32230500.0,False,0.0,13:21:52
18850.0,10000,-1100.0,-0.1,SD,12805400.0,32230400.0,False,0.0,13:21:52
18850.0,100,-1100.0,-0.1,SD,12805400.0,32220400.0,False,0.0,13:21:52
18850.0,200,-1100.0,-0.1,SD,12805400.0,32220300.0,False,0.0,13:21:52
18850.0,2000,-1100.0,-0.1,SD,12805400.0,32220100.0,False,0.0,13:21:52
18850.0,1000,-1100.0,-0.1,SD,12805400.0,32218100.0,False,0.0,13:21:52
18850.0,200,-1100.0,-0.1,SD,12805400.0,32217100.0,False,0.0,13:21:52
18850.0,200,-1100.0,-0.1,SD,12805400.0,32216900.0,False,0.0,13:21:52
18850.0,5000,-1100.0,-0.1,SD,12805400.0,32216700.0,False,0.0,13:21:52
18850.0,400,-1100.0,-0.1,SD,12805400.0,32211700.0,False,0.0,13:21:52
18850.0,100,-1100.0,-0.1,SD,12805400.0,32211300.0,False,0.0,13:21:52
18850.0,300,-1100.0,-0.1,SD,12805400.0,32211200.0,False,0.0,13:21:52
18850.0,1000,-1100.0,-0.1,SD,12805400.0,32210900.0,False,0.0,13:21:52
18850.0,2000,-1100.0,-0.1,SD,12805400.0,32209900.0,False,0.0,13:21:52
18850.0,200,-1100.0,-0.1,SD,12805400.0,32207900.0,False,0.0,13:21:52
18850.0,100,-1100.0,-0.1,SD,12805400.0,32207700.0,False,0.0,13:21:52
18850.0,100,-1100.0,-0.1,SD,12805400.0,32207600.0,False,0.0,13:21:52
18850.0,200,-1100.0,-0.1,SD,12805400.0,32207500.0,False,0.0,13:21:52
18850.0,10000,-1100.0,-0.1,SD,12805400.0,32207300.0,False,0.0,13:21:52
18850.0,100000,-1100.0,-0.1,SD,12805400.0,32197300.0,True,0.0,13:21:52
18850.0,3000,-1100.0,-0.1,SD,12805400.0,32097300.0,False,0.0,13:21:52
18850.0,500,-1100.0,-0.1,SD,12805400.0,32094300.0,False,0.0,13:21:52
18850.0,600,-1100.0,-0.1,SD,12805400.0,32093800.0,False,0.0,13:21:52
18850.0,1400,-1100.0,-0.1,SD,12805400.0,32093200.0,False,0.0,13:21:52
18850.0,300,-1100.0,-0.1,SD,12805400.0,32091800.0,False,0.0,13:21:52
18850.0,100,-1100.0,-0.1,SD,12805400.0,32091500.0,False,0.0,13:21:52
18850.0,500,-1100.0,-0.1,SD,12805400.0,32091400.0,False,0.0,13:21:52
18850.0,300,-1100.0,-0.1,SD,12805400.0,32090900.0,False,0.0,13:21:52
18850.0,1000,-1100.0,-0.1,SD,12805400.0,32090600.0,False,0.0,13:21:52
18850.0,10000,-1100.0,-0.1,SD,12805400.0,32089600.0,False,0.0,13:21:52
18850.0,900,-1100.0,-0.1,SD,12805400.0,32079600.0,False,0.0,13:21:52
18850.0,1000,-1100.0,-0.1,SD,12805400.0,32078700.0,False,0.0,13:21:52
18850.0,5000,-1100.0,-0.1,SD,12805400.0,32077700.0,False,0.0,13:21:52
18850.0,2000,-1100.0,-0.1,SD,12805400.0,32072700.0,False,0.0,13:21:52
18850.0,700,-1100.0,-0.1,SD,12805400.0,32070700.0,False,0.0,13:21:52
18850.0,100,-1100.0,-0.1,SD,12805400.0,32070000.0,False,0.0,13:21:52
18850.0,1000,-1100.0,-0.1,SD,12805400.0,32069900.0,False,-50.0,13:21:52
18900.0,3000,-1050.0,-0.1,SD,12805400.0,32068900.0,False,0.0,13:21:52
18900.0,300,-1050.0,-0.1,SD,12805400.0,32065900.0,False,0.0,13:21:52
18900.0,900,-1050.0,-0.1,SD,12805400.0,32065600.0,False,0.0,13:21:52
18900.0,100,-1050.0,-0.1,SD,12805400.0,32064700.0,False,0.0,13:21:52
18900.0,100,-1050.0,-0.1,SD,12805400.0,32064600.0,False,-50.0,13:21:51
18950.0,500,-1000.0,-0.1,BU,12805400.0,32064500.0,False,50.0,13:21:51
18900.0,200,-1050.0,-0.1,SD,12804900.0,32064500.0,False,0.0,13:21:51
18900.0,300,-1050.0,-0.1,SD,12804900.0,32064300.0,False,0.0,13:21:51
18900.0,100,-1050.0,-0.1,SD,12804900.0,32064000.0,False,0.0,13:21:51
18900.0,1000,-1050.0,-0.1,SD,12804900.0,32063900.0,False,0.0,13:21:51
18900.0,1000,-1050.0,-0.1,SD,12804900.0,32062900.0,False,0.0,13:21:51
18900.0,500,-1050.0,-0.1,SD,12804900.0,32061900.0,False,0.0,13:21:50
18900.0,200,-1050.0,-0.1,SD,12804900.0,32061400.0,False,0.0,13:21:50
18900.0,300,-1050.0,-0.1,SD,12804900.0,32061200.0,False,0.0,13:21:50
18900.0,200,-1050.0,-0.1,SD,12804900.0,32060900.0,False,0.0,13:21:50
18900.0,100,-1050.0,-0.1,SD,12804900.0,32060700.0,False,0.0,13:21:50
18900.0,1200,-1050.0,-0.1,SD,12804900.0,32060600.0,False,0.0,13:21:50
18900.0,200,-1050.0,-0.1,SD,12804900.0,32059400.0,False,0.0,13:21:50
18900.0,5000,-1050.0,-0.1,SD,12804900.0,32059200.0,False,0.0,13:21:49
18900.0,1500,-1050.0,-0.1,SD,12804900.0,32054200.0,False,0.0,13:21:49
18900.0,1000,-1050.0,-0.1,SD,12804900.0,32052700.0,False,0.0,13:21:47
18900.0,6000,-1050.0,-0.1,SD,12804900.0,32051700.0,False,0.0,13:21:47
18900.0,400,-1050.0,-0.1,SD,12804900.0,32045700.0,False,0.0,13:21:46
18900.0,1900,-1050.0,-0.1,SD,12804900.0,32045300.0,False,0.0,13:21:46
18900.0,2800,-1050.0,-0.1,SD,12804900.0,32043400.0,False,0.0,13:21:46
18900.0,1000,-1050.0,-0.1,SD,12804900.0,32040600.0,False,0.0,13:21:46
18900.0,100,-1050.0,-0.1,SD,12804900.0,32039600.0,False,0.0,13:21:46
18900.0,1100,-1050.0,-0.1,SD,12804900.0,32039500.0,False,-50.0,13:21:46
18950.0,100,-1000.0,-0.1,BU,12804900.0,32038400.0,False,50.0,13:21:45
18900.0,900,-1050.0,-0.1,SD,12804800.0,32038400.0,False,0.0,13:21:45
18900.0,500,-1050.0,-0.1,SD,12804800.0,32037500.0,False,0.0,13:21:45
18900.0,20100,-1050.0,-0.1,SD,12804800.0,32037000.0,True,0.0,13:21:45
18900.0,3600,-1050.0,-0.1,SD,12804800.0,32016900.0,False,0.0,13:21:45
18900.0,800,-1050.0,-0.1,SD,12804800.0,32013300.0,False,0.0,13:21:44
18900.0,200,-1050.0,-0.1,SD,12804800.0,32012500.0,False,0.0,13:21:44
18900.0,500,-1050.0,-0.1,SD,12804800.0,32012300.0,False,0.0,13:21:44
18900.0,400,-1050.0,-0.1,SD,12804800.0,32011800.0,False,0.0,13:21:44
18900.0,100,-1050.0,-0.1,SD,12804800.0,32011400.0,False,0.0,13:21:44
18900.0,900,-1050.0,-0.1,SD,12804800.0,32011300.0,False,0.0,13:21:43
18900.0,1200,-1050.0,-0.1,SD,12804800.0,32010400.0,False,0.0,13:21:43
18900.0,1000,-1050.0,-0.1,SD,12804800.0,32009200.0,False,0.0,13:21:43
18900.0,1900,-1050.0,-0.1,SD,12804800.0,32008200.0,False,0.0,13:21:43
18900.0,1800,-1050.0,-0.1,SD,12804800.0,32006300.0,False,0.0,13:21:43
18900.0,200,-1050.0,-0.1,SD,12804800.0,32004500.0,False,0.0,13:21:43
18900.0,300,-1050.0,-0.1,BU,12804800.0,32004300.0,False,0.0,13:21:38
18900.0,2700,-1050.0,-0.1,BU,12804500.0,32004300.0,False,0.0,13:21:38
18900.0,500,-1050.0,-0.1,BU,12801800.0,32004300.0,False,0.0,13:21:37
18900.0,300,-1050.0,-0.1,BU,12801300.0,32004300.0,False,0.0,13:21:37
18900.0,200,-1050.0,-0.1,BU,12801000.0,32004300.0,False,0.0,13:21:37
18900.0,100,-1050.0,-0.1,BU,12800800.0,32004300.0,False,0.0,13:21:37
18900.0,3300,-1050.0,-0.1,BU,12800700.0,32004300.0,False,0.0,13:21:36
18900.0,200,-1050.0,-0.1,SD,12797400.0,32004300.0,False,0.0,13:21:36
18900.0,600,-1050.0,-0.1,SD,12797400.0,32004100.0,False,0.0,13:21:36
18900.0,100,-1050.0,-0.1,SD,12797400.0,32003500.0,False,0.0,13:21:36
18900.0,2200,-1050.0,-0.1,SD,12797400.0,32003400.0,False,0.0,13:21:36
18900.0,1000,-1050.0,-0.1,SD,12797400.0,32001200.0,False,0.0,13:21:34
18900.0,1000,-1050.0,-0.1,SD,12797400.0,32000200.0,False,0.0,13:21:34
18900.0,1000,-1050.0,-0.1,SD,12797400.0,31999200.0,False,0.0,13:21:34
18900.0,700,-1050.0,-0.1,SD,12797400.0,31998200.0,False,0.0,13:21:33
18900.0,400,-1050.0,-0.1,SD,12797400.0,31997500.0,False,0.0,13:21:33
18900.0,7000,-1050.0,-0.1,SD,12797400.0,31997100.0,False,0.0,13:21:32
18900.0,300,-1050.0,-0.1,SD,12797400.0,31990100.0,False,0.0,13:21:30
18900.0,1000,-1050.0,-0.1,SD,12797400.0,31989800.0,False,0.0,13:21:30
18900.0,7400,-1050.0,-0.1,SD,12797400.0,31988800.0,False,0.0,13:21:30
18900.0,1000,-1050.0,-0.1,BU,12797400.0,31981400.0,False,0.0,13:21:29
18900.0,600,-1050.0,-0.1,BU,12796400.0,31981400.0,False,0.0,13:21:29
18900.0,1400,-1050.0,-0.1,BU,12795800.0,31981400.0,False,0.0,13:21:29
18900.0,2000,-1050.0,-0.1,BU,12794400.0,31981400.0,False,0.0,13:21:29
18900.0,2000,-1050.0,-0.1,BU,12792400.0,31981400.0,False,0.0,13:21:29
18900.0,100,-1050.0,-0.1,BU,12790400.0,31981400.0,False,0.0,13:21:29
18900.0,500,-1050.0,-0.1,BU,12790300.0,31981400.0,False,0.0,13:21:29
18900.0,500,-1050.0,-0.1,BU,12789800.0,31981400.0,False,0.0,13:21:29
18900.0,50000,-1050.0,-0.1,BU,12789300.0,31981400.0,True,0.0,13:21:29
18900.0,1000,-1050.0,-0.1,BU,12739300.0,31981400.0,False,0.0,13:21:29
18900.0,700,-1050.0,-0.1,BU,12738300.0,31981400.0,False,0.0,13:21:29
18900.0,400,-1050.0,-0.1,BU,12737600.0,31981400.0,False,0.0,13:21:29
18900.0,400,-1050.0,-0.1,BU,12737200.0,31981400.0,False,0.0,13:21:29
18900.0,2000,-1050.0,-0.1,BU,12736800.0,31981400.0,False,0.0,13:21:29
18900.0,1000,-1050.0,-0.1,BU,12734800.0,31981400.0,False,0.0,13:21:29
18900.0,600,-1050.0,-0.1,BU,12733800.0,31981400.0,False,0.0,13:21:29
18900.0,200,-1050.0,-0.1,BU,12733200.0,31981400.0,False,0.0,13:21:29
18900.0,1000,-1050.0,-0.1,BU,12733000.0,31981400.0,False,0.0,13:21:29
18900.0,200,-1050.0,-0.1,BU,12732000.0,31981400.0,False,0.0,13:21:29
18900.0,200,-1050.0,-0.1,BU,12731800.0,31981400.0,False,0.0,13:21:29
18900.0,100,-1050.0,-0.1,BU,12731600.0,31981400.0,False,0.0,13:21:29
18900.0,300,-1050.0,-0.1,BU,12731500.0,31981400.0,False,0.0,13:21:29
18900.0,800,-1050.0,-0.1,BU,12731200.0,31981400.0,False,0.0,13:21:29
18900.0,200,-1050.0,-0.1,BU,12730400.0,31981400.0,False,0.0,13:21:29
18900.0,2000,-1050.0,-0.1,BU,12730200.0,31981400.0,False,0.0,13:21:29
18900.0,2000,-1050.0,-0.1,BU,12728200.0,31981400.0,False,0.0,13:21:29
18900.0,100,-1050.0,-0.1,BU,12726200.0,31981400.0,False,0.0,13:21:29
18900.0,1000,-1050.0,-0.1,BU,12726100.0,31981400.0,False,0.0,13:21:29
18900.0,5000,-1050.0,-0.1,BU,12725100.0,31981400.0,False,0.0,13:21:29
18900.0,700,-1050.0,-0.1,BU,12720100.0,31981400.0,False,0.0,13:21:29
18900.0,100,-1050.0,-0.1,BU,12719400.0,31981400.0,False,0.0,13:21:29
18900.0,1100,-1050.0,-0.1,BU,12719300.0,31981400.0,False,50.0,13:21:29
18850.0,500,-1100.0,-0.1,SD,12718200.0,31981400.0,False,-50.0,13:21:27
18900.0,6800,-1050.0,-0.1,BU,12718200.0,31980900.0,False,0.0,13:21:26
18900.0,100,-1050.0,-0.1,BU,12711400.0,31980900.0,False,50.0,13:21:23
18850.0,200,-1100.0,-0.1,SD,12711300.0,31980900.0,False,0.0,13:21:20
18850.0,9800,-1100.0,-0.1,SD,12711300.0,31980700.0,False,-50.0,13:21:20
18900.0,200,-1050.0,-0.1,BU,12711300.0,31970900.0,False,0.0,13:21:18
18900.0,1000,-1050.0,-0.1,BU,12711100.0,31970900.0,False,0.0,13:21:17
18900.0,100,-1050.0,-0.1,BU,12710100.0,31970900.0,False,0.0,13:21:17
18900.0,100,-1050.0,-0.1,BU,12710000.0,31970900.0,False,0.0,13:21:15
18900.0,100,-1050.0,-0.1,BU,12709900.0,31970900.0,False,0.0,13:21:14
18900.0,5000,-1050.0,-0.1,BU,12709800.0,31970900.0,False,0.0,13:21:13
18900.0,2000,-1050.0,-0.1,BU,12704800.0,31970900.0,False,0.0,13:21:13
18900.0,100,-1050.0,-0.1,BU,12702800.0,31970900.0,False,50.0,13:21:13
18850.0,200,-1100.0,-0.1,SD,12702700.0,31970900.0,False,0.0,13:21:12
18850.0,300,-1100.0,-0.1,SD,12702700.0,31970700.0,False,0.0,13:21:12
18850.0,100,-1100.0,-0.1,SD,12702700.0,31970400.0,False,0.0,13:21:12
18850.0,200,-1100.0,-0.1,SD,12702700.0,31970300.0,False,0.0,13:21:12
18850.0,100,-1100.0,-0.1,SD,12702700.0,31970100.0,False,0.0,13:21:12
18850.0,2100,-1100.0,-0.1,SD,12702700.0,31970000.0,False,0.0,13:21:12
18850.0,200,-1100.0,-0.1,SD,12702700.0,31967900.0,False,0.0,13:21:12
18850.0,300,-1100.0,-0.1,SD,12702700.0,31967700.0,False,-50.0,13:21:12
18900.0,500,-1050.0,-0.1,BU,12702700.0,31967400.0,False,0.0,13:21:12
18900.0,300,-1050.0,-0.1,BU,12702200.0,31967400.0,False,0.0,13:21:12
18900.0,1000,-1050.0,-0.1,BU,12701900.0,31967400.0,False,0.0,13:21:12
18900.0,100,-1050.0,-0.1,BU,12700900.0,31967400.0,False,0.0,13:21:08
18900.0,100,-1050.0,-0.1,BU,12700800.0,31967400.0,False,0.0,13:21:08
18900.0,200,-1050.0,-0.1,BU,12700700.0,31967400.0,False,0.0,13:21:07
18900.0,100,-1050.0,-0.1,BU,12700500.0,31967400.0,False,0.0,13:21:06
18900.0,1000,-1050.0,-0.1,BU,12700400.0,31967400.0,False,0.0,13:21:05
18900.0,3000,-1050.0,-0.1,BU,12699400.0,31967400.0,False,0.0,13:21:05
18900.0,100,-1050.0,-0.1,BU,12696400.0,31967400.0,False,0.0,13:21:04
18900.0,500,-1050.0,-0.1,BU,12696300.0,31967400.0,False,0.0,13:21:02
18900.0,200,-1050.0,-0.1,BU,12695800.0,31967400.0,False,0.0,13:20:57
18900.0,500,-1050.0,-0.1,BU,12695600.0,31967400.0,False,0.0,13:20:57
18900.0,100,-1050.0,-0.1,BU,12695100.0,31967400.0,False,0.0,13:20:57
18900.0,100,-1050.0,-0.1,BU,12695000.0,31967400.0,False,0.0,13:20:56
18900.0,100,-1050.0,-0.1,SD,12694900.0,31967400.0,False,0.0,13:20:55
18900.0,1000,-1050.0,-0.1,SD,12694900.0,31967300.0,False,0.0,13:20:55
18900.0,1000,-1050.0,-0.1,SD,12694900.0,31966300.0,False,0.0,13:20:55
18900.0,100,-1050.0,-0.1,SD,12694900.0,31965300.0,False,0.0,13:20:55
18900.0,1000,-1050.0,-0.1,SD,12694900.0,31965200.0,False,0.0,13:20:55
18900.0,3000,-1050.0,-0.1,SD,12694900.0,31964200.0,False,0.0,13:20:55
18900.0,200,-1050.0,-0.1,SD,12694900.0,31961200.0,False,0.0,13:20:55
18900.0,7200,-1050.0,-0.1,SD,12694900.0,31961000.0,False,0.0,13:20:55
18900.0,200,-1050.0,-0.1,SD,12694900.0,31953800.0,False,0.0,13:20:55
18900.0,2600,-1050.0,-0.1,SD,12694900.0,31953600.0,False,0.0,13:20:54
18900.0,200,-1050.0,-0.1,SD,12694900.0,31951000.0,False,0.0,13:20:54
18900.0,200,-1050.0,-0.1,SD,12694900.0,31950800.0,False,0.0,13:20:54
18900.0,1000,-1050.0,-0.1,SD,12694900.0,31950600.0,False,0.0,13:20:52
18900.0,3800,-1050.0,-0.1,SD,12694900.0,31949600.0,False,0.0,13:20:51
18900.0,1000,-1050.0,-0.1,SD,12694900.0,31945800.0,False,0.0,13:20:51
18900.0,300,-1050.0,-0.1,SD,12694900.0,31944800.0,False,0.0,13:20:51
18900.0,1000,-1050.0,-0.1,SD,12694900.0,31944500.0,False,0.0,13:20:50
18900.0,200,-1050.0,-0.1,SD,12694900.0,31943500.0,False,0.0,13:20:49
18900.0,1500,-1050.0,-0.1,SD,12694900.0,31943300.0,False,0.0,13:20:46
18900.0,100,-1050.0,-0.1,SD,12694900.0,31941800.0,False,0.0,13:20:46
18900.0,3000,-1050.0,-0.1,SD,12694900.0,31941700.0,False,0.0,13:20:46
18900.0,400,-1050.0,-0.1,SD,12694900.0,31938700.0,False,0.0,13:20:46
18900.0,1300,-1050.0,-0.1,SD,12694900.0,31938300.0,False,0.0,13:20:45
18900.0,400,-1050.0,-0.1,BU,12694900.0,31937000.0,False,0.0,13:20:45
18900.0,500,-1050.0,-0.1,BU,12694500.0,31937000.0,False,0.0,13:20:45
18900.0,1300,-1050.0,-0.1,BU,12694000.0,31937000.0,False,0.0,13:20:45
18900.0,200,-1050.0,-0.1,BU,12692700.0,31937000.0,False,50.0,13:20:44
18850.0,2100,-1100.0,-0.1,SD,12692500.0,31937000.0,False,0.0,13:20:44
18850.0,200,-1100.0,-0.1,SD,12692500.0,31934900.0,False,0.0,13:20:44
18850.0,1000,-1100.0,-0.1,SD,12692500.0,31934700.0,False,0.0,13:20:44
18850.0,100,-1100.0,-0.1,SD,12692500.0,31933700.0,False,0.0,13:20:44
18850.0,100,-1100.0,-0.1,SD,12692500.0,31933600.0,False,0.0,13:20:44
18850.0,200,-1100.0,-0.1,SD,12692500.0,31933500.0,False,0.0,13:20:44
18850.0,200,-1100.0,-0.1,SD,12692500.0,31933300.0,False,0.0,13:20:44
18850.0,200,-1100.0,-0.1,SD,12692500.0,31933100.0,False,0.0,13:20:44
18850.0,100,-1100.0,-0.1,SD,12692500.0,31932900.0,False,0.0,13:20:44
18850.0,100,-1100.0,-0.1,SD,12692500.0,31932800.0,False,0.0,13:20:44
18850.0,100,-1100.0,-0.1,SD,12692500.0,31932700.0,False,0.0,13:20:44
18850.0,500,-1100.0,-0.1,SD,12692500.0,31932600.0,False,0.0,13:20:44
18850.0,100,-1100.0,-0.1,SD,12692500.0,31932100.0,False,0.0,13:20:44
18850.0,100,-1100.0,-0.1,SD,12692500.0,31932000.0,False,0.0,13:20:44
18850.0,1300,-1100.0,-0.1,SD,12692500.0,31931900.0,False,0.0,13:20:44
18850.0,600,-1100.0,-0.1,SD,12692500.0,31930600.0,False,0.0,13:20:44
18850.0,1000,-1100.0,-0.1,SD,12692500.0,31930000.0,False,0.0,13:20:44
18850.0,500,-1100.0,-0.1,SD,12692500.0,31929000.0,False,0.0,13:20:44
18850.0,2000,-1100.0,-0.1,SD,12692500.0,31928500.0,False,0.0,13:20:44
18850.0,500,-1100.0,-0.1,SD,12692500.0,31926500.0,False,0.0,13:20:44
18850.0,1000,-1100.0,-0.1,SD,12692500.0,31926000.0,False,0.0,13:20:44
18850.0,3000,-1100.0,-0.1,SD,12692500.0,31925000.0,False,0.0,13:20:44
18850.0,300,-1100.0,-0.1,SD,12692500.0,31922000.0,False,0.0,13:20:44
18850.0,1000,-1100.0,-0.1,SD,12692500.0,31921700.0,False,0.0,13:20:44
18850.0,500,-1100.0,-0.1,SD,12692500.0,31920700.0,False,0.0,13:20:44
18850.0,5000,-1100.0,-0.1,SD,12692500.0,31920200.0,False,0.0,13:20:44
18850.0,2000,-1100.0,-0.1,SD,12692500.0,31915200.0,False,0.0,13:20:44
18850.0,3000,-1100.0,-0.1,SD,12692500.0,31913200.0,False,0.0,13:20:44
18850.0,400,-1100.0,-0.1,SD,12692500.0,31910200.0,False,0.0,13:20:44
18850.0,1000,-1100.0,-0.1,SD,12692500.0,31909800.0,False,0.0,13:20:44
18850.0,300,-1100.0,-0.1,SD,12692500.0,31908800.0,False,0.0,13:20:44
18850.0,1000,-1100.0,-0.1,SD,12692500.0,31908500.0,False,0.0,13:20:44
18850.0,200,-1100.0,-0.1,SD,12692500.0,31907500.0,False,0.0,13:20:44
18850.0,1000,-1100.0,-0.1,SD,12692500.0,31907300.0,False,0.0,13:20:44
18850.0,500,-1100.0,-0.1,SD,12692500.0,31906300.0,False,0.0,13:20:44
18850.0,100,-1100.0,-0.1,SD,12692500.0,31905800.0,False,0.0,13:20:44
18850.0,200,-1100.0,-0.1,SD,12692500.0,31905700.0,False,0.0,13:20:44
18850.0,600,-1100.0,-0.1,SD,12692500.0,31905500.0,False,0.0,13:20:44
18850.0,100,-1100.0,-0.1,SD,12692500.0,31904900.0,False,0.0,13:20:44
18850.0,1000,-1100.0,-0.1,SD,12692500.0,31904800.0,False,0.0,13:20:44
18850.0,200,-1100.0,-0.1,SD,12692500.0,31903800.0,False,0.0,13:20:44
18850.0,100,-1100.0,-0.1,SD,12692500.0,31903600.0,False,0.0,13:20:44
18850.0,1000,-1100.0,-0.1,SD,12692500.0,31903500.0,False,0.0,13:20:44
18850.0,100,-1100.0,-0.1,SD,12692500.0,31902500.0,False,0.0,13:20:44
18850.0,200,-1100.0,-0.1,SD,12692500.0,31902400.0,False,0.0,13:20:44
18850.0,1000,-1100.0,-0.1,SD,12692500.0,31902200.0,False,0.0,13:20:44
18850.0,300,-1100.0,-0.1,SD,12692500.0,31901200.0,False,0.0,13:20:44
18850.0,1000,-1100.0,-0.1,SD,12692500.0,31900900.0,False,0.0,13:20:44
18850.0,300,-1100.0,-0.1,SD,12692500.0,31899900.0,False,0.0,13:20:44
18850.0,100,-1100.0,-0.1,SD,12692500.0,31899600.0,False,0.0,13:20:44
18850.0,100,-1100.0,-0.1,SD,12692500.0,31899500.0,False,0.0,13:20:44
18850.0,500,-1100.0,-0.1,SD,12692500.0,31899400.0,False,0.0,13:20:44
18850.0,200,-1100.0,-0.1,SD,12692500.0,31898900.0,False,0.0,13:20:44
18850.0,21600,-1100.0,-0.1,SD,12692500.0,31898700.0,True,0.0,13:20:44
18850.0,100,-1100.0,-0.1,SD,12692500.0,31877100.0,False,0.0,13:20:44
18850.0,5000,-1100.0,-0.1,SD,12692500.0,31877000.0,False,0.0,13:20:44
18850.0,200,-1100.0,-0.1,SD,12692500.0,31872000.0,False,0.0,13:20:44
18850.0,600,-1100.0,-0.1,SD,12692500.0,31871800.0,False,0.0,13:20:44
18850.0,1000,-1100.0,-0.1,SD,12692500.0,31871200.0,False,0.0,13:20:44
18850.0,500,-1100.0,-0.1,SD,12692500.0,31870200.0,False,0.0,13:20:44
18850.0,100,-1100.0,-0.1,SD,12692500.0,31869700.0,False,0.0,13:20:44
18850.0,5000,-1100.0,-0.1,SD,12692500.0,31869600.0,False,0.0,13:20:44
18850.0,100,-1100.0,-0.1,SD,12692500.0,31864600.0,False,0.0,13:20:44
18850.0,100,-1100.0,-0.1,SD,12692500.0,31864500.0,False,0.0,13:20:44
18850.0,200,-1100.0,-0.1,SD,12692500.0,31864400.0,False,0.0,13:20:44
18850.0,1000,-1100.0,-0.1,SD,12692500.0,31864200.0,False,0.0,13:20:44
18850.0,100,-1100.0,-0.1,SD,12692500.0,31863200.0,False,0.0,13:20:44
18850.0,100,-1100.0,-0.1,SD,12692500.0,31863100.0,False,0.0,13:20:44
18850.0,500,-1100.0,-0.1,SD,12692500.0,31863000.0,False,0.0,13:20:44
18850.0,200,-1100.0,-0.1,SD,12692500.0,31862500.0,False,0.0,13:20:44
18850.0,200,-1100.0,-0.1,SD,12692500.0,31862300.0,False,0.0,13:20:44
18850.0,2000,-1100.0,-0.1,SD,12692500.0,31862100.0,False,0.0,13:20:44
18850.0,100,-1100.0,-0.1,SD,12692500.0,31860100.0,False,0.0,13:20:44
18850.0,100,-1100.0,-0.1,SD,12692500.0,31860000.0,False,0.0,13:20:44
18850.0,2000,-1100.0,-0.1,SD,12692500.0,31859900.0,False,0.0,13:20:44
18850.0,100,-1100.0,-0.1,SD,12692500.0,31857900.0,False,0.0,13:20:44
18850.0,200,-1100.0,-0.1,SD,12692500.0,31857800.0,False,0.0,13:20:44
18850.0,100,-1100.0,-0.1,SD,12692500.0,31857600.0,False,0.0,13:20:44
18850.0,100,-1100.0,-0.1,SD,12692500.0,31857500.0,False,0.0,13:20:44
18850.0,100,-1100.0,-0.1,SD,12692500.0,31857400.0,False,0.0,13:20:44
18850.0,1000,-1100.0,-0.1,SD,12692500.0,31857300.0,False,0.0,13:20:44
18850.0,2000,-1100.0,-0.1,SD,12692500.0,31856300.0,False,0.0,13:20:44
18850.0,100,-1100.0,-0.1,SD,12692500.0,31854300.0,False,0.0,13:20:44
18850.0,500,-1100.0,-0.1,SD,12692500.0,31854200.0,False,0.0,13:20:44
18850.0,700,-1100.0,-0.1,SD,12692500.0,31853700.0,False,0.0,13:20:44
18850.0,1000,-1100.0,-0.1,SD,12692500.0,31853000.0,False,0.0,13:20:44
18850.0,100,-1100.0,-0.1,SD,12692500.0,31852000.0,False,0.0,13:20:44
18850.0,800,-1100.0,-0.1,SD,12692500.0,31851900.0,False,0.0,13:20:44
18850.0,2000,-1100.0,-0.1,SD,12692500.0,31851100.0,False,0.0,13:20:44
18850.0,10000,-1100.0,-0.1,SD,12692500.0,31849100.0,False,0.0,13:20:44
18850.0,1000,-1100.0,-0.1,SD,12692500.0,31839100.0,False,0.0,13:20:44
18850.0,1000,-1100.0,-0.1,SD,12692500.0,31838100.0,False,0.0,13:20:44
18850.0,1000,-1100.0,-0.1,SD,12692500.0,31837100.0,False,0.0,13:20:44
18850.0,200,-1100.0,-0.1,SD,12692500.0,31836100.0,False,0.0,13:20:44
18850.0,100,-1100.0,-0.1,SD,12692500.0,31835900.0,False,0.0,13:20:44
18850.0,1000,-1100.0,-0.1,SD,12692500.0,31835800.0,False,0.0,13:20:44
18850.0,3700,-1100.0,-0.1,SD,12692500.0,31834800.0,False,0.0,13:20:44
18850.0,100,-1100.0,-0.1,SD,12692500.0,31831100.0,False,0.0,13:20:44
18850.0,500,-1100.0,-0.1,SD,12692500.0,31831000.0,False,0.0,13:20:44
18850.0,100,-1100.0,-0.1,SD,12692500.0,31830500.0,False,0.0,13:20:44
18850.0,100,-1100.0,-0.1,SD,12692500.0,31830400.0,False,0.0,13:20:44
18850.0,100,-1100.0,-0.1,SD,12692500.0,31830300.0,False,0.0,13:20:44
18850.0,4000,-1100.0,-0.1,SD,12692500.0,31830200.0,False,0.0,13:20:44
18850.0,100,-1100.0,-0.1,SD,12692500.0,31826200.0,False,0.0,13:20:44
18850.0,1000,-1100.0,-0.1,SD,12692500.0,31826100.0,False,0.0,13:20:44
18850.0,1000,-1100.0,-0.1,SD,12692500.0,31825100.0,False,0.0,13:20:44
18850.0,200,-1100.0,-0.1,SD,12692500.0,31824100.0,False,0.0,13:20:44
18850.0,500,-1100.0,-0.1,SD,12692500.0,31823900.0,False,0.0,13:20:44
18850.0,100,-1100.0,-0.1,SD,12692500.0,31823400.0,False,0.0,13:20:44
18850.0,1000,-1100.0,-0.1,SD,12692500.0,31823300.0,False,0.0,13:20:44
18850.0,1000,-1100.0,-0.1,SD,12692500.0,31822300.0,False,0.0,13:20:44
18850.0,500,-1100.0,-0.1,SD,12692500.0,31821300.0,False,0.0,13:20:44
18850.0,300,-1100.0,-0.1,SD,12692500.0,31820800.0,False,0.0,13:20:44
18850.0,100,-1100.0,-0.1,SD,12692500.0,31820500.0,False,0.0,13:20:44
18850.0,200,-1100.0,-0.1,SD,12692500.0,31820400.0,False,0.0,13:20:44
18850.0,100,-1100.0,-0.1,SD,12692500.0,31820200.0,False,0.0,13:20:44
18850.0,300,-1100.0,-0.1,SD,12692500.0,31820100.0,False,0.0,13:20:44
18850.0,500,-1100.0,-0.1,SD,12692500.0,31819800.0,False,0.0,13:20:44
18850.0,100,-1100.0,-0.1,SD,12692500.0,31819300.0,False,0.0,13:20:44
18850.0,3000,-1100.0,-0.1,SD,12692500.0,31819200.0,False,0.0,13:20:44
18850.0,200,-1100.0,-0.1,SD,12692500.0,31816200.0,False,0.0,13:20:44
18850.0,1000,-1100.0,-0.1,SD,12692500.0,31816000.0,False,0.0,13:20:44
18850.0,100,-1100.0,-0.1,SD,12692500.0,31815000.0,False,0.0,13:20:44
18850.0,200,-1100.0,-0.1,SD,12692500.0,31814900.0,False,0.0,13:20:44
18850.0,200,-1100.0,-0.1,SD,12692500.0,31814700.0,False,0.0,13:20:44
18850.0,200,-1100.0,-0.1,SD,12692500.0,31814500.0,False,0.0,13:20:44
18850.0,100,-1100.0,-0.1,SD,12692500.0,31814300.0,False,0.0,13:20:44
18850.0,900,-1100.0,-0.1,SD,12692500.0,31814200.0,False,0.0,13:20:44
18850.0,100,-1100.0,-0.1,SD,12692500.0,31813300.0,False,0.0,13:20:44
18850.0,100,-1100.0,-0.1,SD,12692500.0,31813200.0,False,0.0,13:20:44
18850.0,500,-1100.0,-0.1,SD,12692500.0,31813100.0,False,0.0,13:20:44
18850.0,500,-1100.0,-0.1,SD,12692500.0,31812600.0,False,0.0,13:20:44
18850.0,100,-1100.0,-0.1,SD,12692500.0,31812100.0,False,0.0,13:20:44
18850.0,5000,-1100.0,-0.1,SD,12692500.0,31812000.0,False,0.0,13:20:44
18850.0,500,-1100.0,-0.1,SD,12692500.0,31807000.0,False,0.0,13:20:44
18850.0,200,-1100.0,-0.1,SD,12692500.0,31806500.0,False,0.0,13:20:44
18850.0,1000,-1100.0,-0.1,SD,12692500.0,31806300.0,False,0.0,13:20:44
18850.0,500,-1100.0,-0.1,SD,12692500.0,31805300.0,False,0.0,13:20:44
18850.0,1000,-1100.0,-0.1,SD,12692500.0,31804800.0,False,0.0,13:20:44
18850.0,800,-1100.0,-0.1,SD,12692500.0,31803800.0,False,0.0,13:20:44
18850.0,500,-1100.0,-0.1,SD,12692500.0,31803000.0,False,0.0,13:20:44
18850.0,500,-1100.0,-0.1,SD,12692500.0,31802500.0,False,0.0,13:20:44
18850.0,200,-1100.0,-0.1,SD,12692500.0,31802000.0,False,0.0,13:20:44
18850.0,2000,-1100.0,-0.1,SD,12692500.0,31801800.0,False,0.0,13:20:44
18850.0,100,-1100.0,-0.1,SD,12692500.0,31799800.0,False,0.0,13:20:44
18850.0,100,-1100.0,-0.1,SD,12692500.0,31799700.0,False,0.0,13:20:44
18850.0,3000,-1100.0,-0.1,SD,12692500.0,31799600.0,False,0.0,13:20:44
18850.0,100,-1100.0,-0.1,SD,12692500.0,31796600.0,False,0.0,13:20:44
18850.0,100,-1100.0,-0.1,SD,12692500.0,31796500.0,False,0.0,13:20:44
18850.0,3000,-1100.0,-0.1,SD,12692500.0,31796400.0,False,0.0,13:20:44
18850.0,200,-1100.0,-0.1,SD,12692500.0,31793400.0,False,0.0,13:20:44
18850.0,200,-1100.0,-0.1,SD,12692500.0,31793200.0,False,0.0,13:20:44
18850.0,500,-1100.0,-0.1,SD,12692500.0,31793000.0,False,0.0,13:20:44
18850.0,10000,-1100.0,-0.1,SD,12692500.0,31792500.0,False,0.0,13:20:44
18850.0,200,-1100.0,-0.1,SD,12692500.0,31782500.0,False,0.0,13:20:44
18850.0,100,-1100.0,-0.1,SD,12692500.0,31782300.0,False,0.0,13:20:44
18850.0,200,-1100.0,-0.1,SD,12692500.0,31782200.0,False,0.0,13:20:44
18850.0,100,-1100.0,-0.1,SD,12692500.0,31782000.0,False,0.0,13:20:44
18850.0,400,-1100.0,-0.1,SD,12692500.0,31781900.0,False,0.0,13:20:44
18850.0,5000,-1100.0,-0.1,SD,12692500.0,31781500.0,False,0.0,13:20:44
18850.0,1000,-1100.0,-0.1,SD,12692500.0,31776500.0,False,0.0,13:20:44
18850.0,200,-1100.0,-0.1,SD,12692500.0,31775500.0,False,0.0,13:20:44
18850.0,100,-1100.0,-0.1,SD,12692500.0,31775300.0,False,0.0,13:20:44
18850.0,400,-1100.0,-0.1,SD,12692500.0,31775200.0,False,0.0,13:20:44
18850.0,100,-1100.0,-0.1,SD,12692500.0,31774800.0,False,0.0,13:20:44
18850.0,100,-1100.0,-0.1,SD,12692500.0,31774700.0,False,0.0,13:20:44
18850.0,700,-1100.0,-0.1,SD,12692500.0,31774600.0,False,0.0,13:20:44
18850.0,2000,-1100.0,-0.1,SD,12692500.0,31773900.0,False,0.0,13:20:44
18850.0,1900,-1100.0,-0.1,SD,12692500.0,31771900.0,False,0.0,13:20:44
18850.0,1000,-1100.0,-0.1,SD,12692500.0,31770000.0,False,0.0,13:20:44
18850.0,1000,-1100.0,-0.1,SD,12692500.0,31769000.0,False,0.0,13:20:44
18850.0,2000,-1100.0,-0.1,SD,12692500.0,31768000.0,False,0.0,13:20:44
18850.0,100,-1100.0,-0.1,SD,12692500.0,31766000.0,False,0.0,13:20:44
18850.0,100,-1100.0,-0.1,SD,12692500.0,31765900.0,False,0.0,13:20:44
18850.0,900,-1100.0,-0.1,SD,12692500.0,31765800.0,False,0.0,13:20:44
18850.0,100,-1100.0,-0.1,SD,12692500.0,31764900.0,False,0.0,13:20:44
18850.0,200,-1100.0,-0.1,SD,12692500.0,31764800.0,False,0.0,13:20:44
18850.0,100,-1100.0,-0.1,SD,12692500.0,31764600.0,False,0.0,13:20:44
18850.0,100,-1100.0,-0.1,SD,12692500.0,31764500.0,False,0.0,13:20:44
18850.0,3000,-1100.0,-0.1,SD,12692500.0,31764400.0,False,0.0,13:20:44
18850.0,500,-1100.0,-0.1,SD,12692500.0,31761400.0,False,0.0,13:20:44
18850.0,300,-1100.0,-0.1,SD,12692500.0,31760900.0,False,0.0,13:20:44
18850.0,100,-1100.0,-0.1,SD,12692500.0,31760600.0,False,0.0,13:20:44
18850.0,1000,-1100.0,-0.1,SD,12692500.0,31760500.0,False,0.0,13:20:44
18850.0,2700,-1100.0,-0.1,SD,12692500.0,31759500.0,False,0.0,13:20:44
18850.0,500,-1100.0,-0.1,SD,12692500.0,31756800.0,False,0.0,13:20:44
18850.0,3300,-1100.0,-0.1,SD,12692500.0,31756300.0,False,0.0,13:20:44
18850.0,1000,-1100.0,-0.1,SD,12692500.0,31753000.0,False,0.0,13:20:44
18850.0,2700,-1100.0,-0.1,SD,12692500.0,31752000.0,False,0.0,13:20:44
18850.0,20000,-1100.0,-0.1,SD,12692500.0,31749300.0,True,0.0,13:20:44
18850.0,100,-1100.0,-0.1,SD,12692500.0,31729300.0,False,0.0,13:20:44
18850.0,1000,-1100.0,-0.1,SD,12692500.0,31729200.0,False,0.0,13:20:44
18850.0,300,-1100.0,-0.1,SD,12692500.0,31728200.0,False,0.0,13:20:44
18850.0,100,-1100.0,-0.1,SD,12692500.0,31727900.0,False,0.0,13:20:44
18850.0,500,-1100.0,-0.1,SD,12692500.0,31727800.0,False,0.0,13:20:44
18850.0,300,-1100.0,-0.1,SD,12692500.0,31727300.0,False,0.0,13:20:44
18850.0,1000,-1100.0,-0.1,SD,12692500.0,31727000.0,False,0.0,13:20:44
18850.0,3000,-1100.0,-0.1,SD,12692500.0,31726000.0,False,0.0,13:20:44
18850.0,200,-1100.0,-0.1,SD,12692500.0,31723000.0,False,0.0,13:20:44
18850.0,200,-1100.0,-0.1,SD,12692500.0,31722800.0,False,0.0,13:20:44
18850.0,7000,-1100.0,-0.1,SD,12692500.0,31722600.0,False,0.0,13:20:44
18850.0,1000,-1100.0,-0.1,SD,12692500.0,31715600.0,False,0.0,13:20:44
18850.0,200,-1100.0,-0.1,SD,12692500.0,31714600.0,False,0.0,13:20:44
18850.0,50000,-1100.0,-0.1,SD,12692500.0,31714400.0,True,0.0,13:20:44
18850.0,100,-1100.0,-0.1,SD,12692500.0,31664400.0,False,0.0,13:20:44
18850.0,2500,-1100.0,-0.1,SD,12692500.0,31664300.0,False,0.0,13:20:44
18850.0,2000,-1100.0,-0.1,SD,12692500.0,31661800.0,False,0.0,13:20:44
18850.0,200,-1100.0,-0.1,SD,12692500.0,31659800.0,False,0.0,13:20:44
18850.0,1000,-1100.0,-0.1,SD,12692500.0,31659600.0,False,0.0,13:20:44
18850.0,1200,-1100.0,-0.1,SD,12692500.0,31658600.0,False,0.0,13:20:44
18850.0,500,-1100.0,-0.1,SD,12692500.0,31657400.0,False,0.0,13:20:44
18850.0,1000,-1100.0,-0.1,SD,12692500.0,31656900.0,False,0.0,13:20:44
18850.0,100,-1100.0,-0.1,SD,12692500.0,31655900.0,False,0.0,13:20:44
18850.0,2000,-1100.0,-0.1,SD,12692500.0,31655800.0,False,0.0,13:20:44
18850.0,200,-1100.0,-0.1,SD,12692500.0,31653800.0,False,0.0,13:20:44
18850.0,5000,-1100.0,-0.1,SD,12692500.0,31653600.0,False,0.0,13:20:44
18850.0,5000,-1100.0,-0.1,SD,12692500.0,31648600.0,False,0.0,13:20:44
18850.0,100,-1100.0,-0.1,SD,12692500.0,31643600.0,False,0.0,13:20:44
18850.0,1100,-1100.0,-0.1,SD,12692500.0,31643500.0,False,0.0,13:20:44
18850.0,500,-1100.0,-0.1,SD,12692500.0,31642400.0,False,0.0,13:20:44
18850.0,500,-1100.0,-0.1,SD,12692500.0,31641900.0,False,0.0,13:20:44
18850.0,100,-1100.0,-0.1,SD,12692500.0,31641400.0,False,0.0,13:20:44
18850.0,100,-1100.0,-0.1,SD,12692500.0,31641300.0,False,0.0,13:20:44
18850.0,200,-1100.0,-0.1,SD,12692500.0,31641200.0,False,0.0,13:20:44
18850.0,100,-1100.0,-0.1,SD,12692500.0,31641000.0,False,0.0,13:20:44
18850.0,100,-1100.0,-0.1,SD,12692500.0,31640900.0,False,0.0,13:20:44
18850.0,5000,-1100.0,-0.1,SD,12692500.0,31640800.0,False,0.0,13:20:44
18850.0,10000,-1100.0,-0.1,SD,12692500.0,31635800.0,False,0.0,13:20:44
18850.0,1600,-1100.0,-0.1,SD,12692500.0,31625800.0,False,0.0,13:20:44
18850.0,100,-1100.0,-0.1,SD,12692500.0,31624200.0,False,0.0,13:20:44
18850.0,1400,-1100.0,-0.1,SD,12692500.0,31624100.0,False,0.0,13:20:44
18850.0,1000,-1100.0,-0.1,SD,12692500.0,31622700.0,False,0.0,13:20:44
18850.0,1000,-1100.0,-0.1,SD,12692500.0,31621700.0,False,0.0,13:20:44
18850.0,100,-1100.0,-0.1,SD,12692500.0,31620700.0,False,0.0,13:20:44
18850.0,1000,-1100.0,-0.1,SD,12692500.0,31620600.0,False,0.0,13:20:44
18850.0,200,-1100.0,-0.1,SD,12692500.0,31619600.0,False,0.0,13:20:44
18850.0,1000,-1100.0,-0.1,SD,12692500.0,31619400.0,False,0.0,13:20:44
18850.0,100,-1100.0,-0.1,SD,12692500.0,31618400.0,False,0.0,13:20:44
18850.0,5000,-1100.0,-0.1,SD,12692500.0,31618300.0,False,0.0,13:20:44
18850.0,300,-1100.0,-0.1,SD,12692500.0,31613300.0,False,0.0,13:20:44
18850.0,1000,-1100.0,-0.1,SD,12692500.0,31613000.0,False,0.0,13:20:44
18850.0,500,-1100.0,-0.1,SD,12692500.0,31612000.0,False,0.0,13:20:44
18850.0,200,-1100.0,-0.1,SD,12692500.0,31611500.0,False,0.0,13:20:44
18850.0,500,-1100.0,-0.1,SD,12692500.0,31611300.0,False,0.0,13:20:44
18850.0,100,-1100.0,-0.1,SD,12692500.0,31610800.0,False,0.0,13:20:44
18850.0,500,-1100.0,-0.1,SD,12692500.0,31610700.0,False,0.0,13:20:44
18850.0,200,-1100.0,-0.1,SD,12692500.0,31610200.0,False,0.0,13:20:44
18850.0,500,-1100.0,-0.1,SD,12692500.0,31610000.0,False,0.0,13:20:44
18850.0,100,-1100.0,-0.1,SD,12692500.0,31609500.0,False,0.0,13:20:44
18850.0,500,-1100.0,-0.1,SD,12692500.0,31609400.0,False,0.0,13:20:44
18850.0,200,-1100.0,-0.1,SD,12692500.0,31608900.0,False,0.0,13:20:44
18850.0,100,-1100.0,-0.1,SD,12692500.0,31608700.0,False,0.0,13:20:44
18850.0,200,-1100.0,-0.1,SD,12692500.0,31608600.0,False,0.0,13:20:44
18850.0,200,-1100.0,-0.1,SD,12692500.0,31608400.0,False,0.0,13:20:44
18850.0,100,-1100.0,-0.1,SD,12692500.0,31608200.0,False,0.0,13:20:44
18850.0,100,-1100.0,-0.1,SD,12692500.0,31608100.0,False,0.0,13:20:44
18850.0,1000,-1100.0,-0.1,SD,12692500.0,31608000.0,False,0.0,13:20:44
18850.0,100,-1100.0,-0.1,SD,12692500.0,31607000.0,False,0.0,13:20:44
18850.0,500,-1100.0,-0.1,SD,12692500.0,31606900.0,False,0.0,13:20:44
18850.0,200,-1100.0,-0.1,SD,12692500.0,31606400.0,False,0.0,13:20:44
18850.0,1000,-1100.0,-0.1,SD,12692500.0,31606200.0,False,0.0,13:20:44
18850.0,3000,-1100.0,-0.1,SD,12692500.0,31605200.0,False,0.0,13:20:44
18850.0,100,-1100.0,-0.1,SD,12692500.0,31602200.0,False,0.0,13:20:44
18850.0,500,-1100.0,-0.1,SD,12692500.0,31602100.0,False,0.0,13:20:44
18850.0,100,-1100.0,-0.1,SD,12692500.0,31601600.0,False,0.0,13:20:44
18850.0,100,-1100.0,-0.1,SD,12692500.0,31601500.0,False,0.0,13:20:44
18850.0,20000,-1100.0,-0.1,SD,12692500.0,31601400.0,True,0.0,13:20:44
18850.0,1000,-1100.0,-0.1,SD,12692500.0,31581400.0,False,0.0,13:20:44
18850.0,100,-1100.0,-0.1,SD,12692500.0,31580400.0,False,0.0,13:20:44
18850.0,200,-1100.0,-0.1,SD,12692500.0,31580300.0,False,0.0,13:20:44
18850.0,1000,-1100.0,-0.1,SD,12692500.0,31580100.0,False,0.0,13:20:44
18850.0,100,-1100.0,-0.1,SD,12692500.0,31579100.0,False,0.0,13:20:44
18850.0,200,-1100.0,-0.1,SD,12692500.0,31579000.0,False,0.0,13:20:44
18850.0,100,-1100.0,-0.1,SD,12692500.0,31578800.0,False,0.0,13:20:44
18850.0,1000,-1100.0,-0.1,SD,12692500.0,31578700.0,False,0.0,13:20:44
18850.0,100,-1100.0,-0.1,SD,12692500.0,31577700.0,False,0.0,13:20:44
18850.0,2000,-1100.0,-0.1,SD,12692500.0,31577600.0,False,0.0,13:20:44
18850.0,1000,-1100.0,-0.1,SD,12692500.0,31575600.0,False,0.0,13:20:44
18850.0,100,-1100.0,-0.1,SD,12692500.0,31574600.0,False,0.0,13:20:44
18850.0,200,-1100.0,-0.1,SD,12692500.0,31574500.0,False,0.0,13:20:44
18850.0,1000,-1100.0,-0.1,SD,12692500.0,31574300.0,False,0.0,13:20:44
18850.0,300,-1100.0,-0.1,SD,12692500.0,31573300.0,False,0.0,13:20:44
18850.0,100,-1100.0,-0.1,SD,12692500.0,31573000.0,False,0.0,13:20:44
18850.0,200,-1100.0,-0.1,SD,12692500.0,31572900.0,False,0.0,13:20:44
18850.0,500,-1100.0,-0.1,SD,12692500.0,31572700.0,False,0.0,13:20:44
18850.0,600,-1100.0,-0.1,SD,12692500.0,31572200.0,False,0.0,13:20:44
18850.0,300,-1100.0,-0.1,SD,12692500.0,31571600.0,False,0.0,13:20:44
18850.0,500,-1100.0,-0.1,SD,12692500.0,31571300.0,False,0.0,13:20:44
18850.0,200,-1100.0,-0.1,SD,12692500.0,31570800.0,False,0.0,13:20:44
18850.0,200,-1100.0,-0.1,SD,12692500.0,31570600.0,False,0.0,13:20:44
18850.0,500,-1100.0,-0.1,SD,12692500.0,31570400.0,False,0.0,13:20:44
18850.0,200,-1100.0,-0.1,SD,12692500.0,31569900.0,False,0.0,13:20:44
18850.0,500,-1100.0,-0.1,SD,12692500.0,31569700.0,False,0.0,13:20:44
18850.0,2600,-1100.0,-0.1,SD,12692500.0,31569200.0,False,0.0,13:20:44
18850.0,100,-1100.0,-0.1,SD,12692500.0,31566600.0,False,0.0,13:20:44
18850.0,1000,-1100.0,-0.1,SD,12692500.0,31566500.0,False,0.0,13:20:44
18850.0,100,-1100.0,-0.1,SD,12692500.0,31565500.0,False,0.0,13:20:44
18850.0,1000,-1100.0,-0.1,SD,12692500.0,31565400.0,False,0.0,13:20:44
18850.0,100,-1100.0,-0.1,SD,12692500.0,31564400.0,False,0.0,13:20:44
18850.0,200,-1100.0,-0.1,SD,12692500.0,31564300.0,False,0.0,13:20:44
18850.0,100,-1100.0,-0.1,SD,12692500.0,31564100.0,False,0.0,13:20:44
18850.0,400,-1100.0,-0.1,SD,12692500.0,31564000.0,False,0.0,13:20:44
18850.0,100,-1100.0,-0.1,SD,12692500.0,31563600.0,False,0.0,13:20:44
18850.0,500,-1100.0,-0.1,SD,12692500.0,31563500.0,False,0.0,13:20:44
18850.0,500,-1100.0,-0.1,SD,12692500.0,31563000.0,False,0.0,13:20:44
18850.0,100,-1100.0,-0.1,SD,12692500.0,31562500.0,False,0.0,13:20:44
18850.0,1000,-1100.0,-0.1,SD,12692500.0,31562400.0,False,0.0,13:20:44
18850.0,100,-1100.0,-0.1,SD,12692500.0,31561400.0,False,0.0,13:20:44
18850.0,1000,-1100.0,-0.1,SD,12692500.0,31561300.0,False,0.0,13:20:44
18850.0,500,-1100.0,-0.1,SD,12692500.0,31560300.0,False,0.0,13:20:44
18850.0,10000,-1100.0,-0.1,SD,12692500.0,31559800.0,False,0.0,13:20:44
18850.0,200,-1100.0,-0.1,SD,12692500.0,31549800.0,False,0.0,13:20:44
18850.0,200,-1100.0,-0.1,SD,12692500.0,31549600.0,False,0.0,13:20:44
18850.0,100,-1100.0,-0.1,SD,12692500.0,31549400.0,False,0.0,13:20:44
18850.0,1000,-1100.0,-0.1,SD,12692500.0,31549300.0,False,0.0,13:20:44
18850.0,100,-1100.0,-0.1,SD,12692500.0,31548300.0,False,0.0,13:20:44
18850.0,3000,-1100.0,-0.1,SD,12692500.0,31548200.0,False,0.0,13:20:44
18850.0,200,-1100.0,-0.1,SD,12692500.0,31545200.0,False,0.0,13:20:44
18850.0,200,-1100.0,-0.1,SD,12692500.0,31545000.0,False,0.0,13:20:44
18850.0,100,-1100.0,-0.1,SD,12692500.0,31544800.0,False,0.0,13:20:44
18850.0,1000,-1100.0,-0.1,SD,12692500.0,31544700.0,False,0.0,13:20:44
18850.0,500,-1100.0,-0.1,SD,12692500.0,31543700.0,False,0.0,13:20:44
18850.0,200,-1100.0,-0.1,SD,12692500.0,31543200.0,False,0.0,13:20:44
18850.0,500,-1100.0,-0.1,SD,12692500.0,31543000.0,False,0.0,13:20:44
18850.0,100,-1100.0,-0.1,SD,12692500.0,31542500.0,False,0.0,13:20:44
18850.0,300,-1100.0,-0.1,SD,12692500.0,31542400.0,False,0.0,13:20:44
18850.0,100,-1100.0,-0.1,SD,12692500.0,31542100.0,False,0.0,13:20:44
18850.0,2000,-1100.0,-0.1,SD,12692500.0,31542000.0,False,0.0,13:20:44
18850.0,1000,-1100.0,-0.1,SD,12692500.0,31540000.0,False,0.0,13:20:44
18850.0,100,-1100.0,-0.1,SD,12692500.0,31539000.0,False,0.0,13:20:44
18850.0,1000,-1100.0,-0.1,SD,12692500.0,31538900.0,False,0.0,13:20:44
18850.0,100,-1100.0,-0.1,SD,12692500.0,31537900.0,False,0.0,13:20:44
18850.0,100,-1100.0,-0.1,SD,12692500.0,31537800.0,False,0.0,13:20:44
18850.0,100,-1100.0,-0.1,SD,12692500.0,31537700.0,False,0.0,13:20:44
18850.0,100,-1100.0,-0.1,SD,12692500.0,31537600.0,False,0.0,13:20:44
18850.0,100,-1100.0,-0.1,SD,12692500.0,31537500.0,False,0.0,13:20:44
18850.0,500,-1100.0,-0.1,SD,12692500.0,31537400.0,False,0.0,13:20:44
18850.0,200,-1100.0,-0.1,SD,12692500.0,31536900.0,False,0.0,13:20:44
18850.0,200,-1100.0,-0.1,SD,12692500.0,31536700.0,False,0.0,13:20:44
18850.0,100,-1100.0,-0.1,SD,12692500.0,31536500.0,False,0.0,13:20:44
18850.0,500,-1100.0,-0.1,SD,12692500.0,31536400.0,False,0.0,13:20:44
18850.0,2000,-1100.0,-0.1,SD,12692500.0,31535900.0,False,0.0,13:20:44
18850.0,600,-1100.0,-0.1,SD,12692500.0,31533900.0,False,0.0,13:20:44
18850.0,500,-1100.0,-0.1,SD,12692500.0,31533300.0,False,0.0,13:20:44
18850.0,800,-1100.0,-0.1,SD,12692500.0,31532800.0,False,0.0,13:20:44
18850.0,100,-1100.0,-0.1,SD,12692500.0,31532000.0,False,0.0,13:20:44
18850.0,100,-1100.0,-0.1,SD,12692500.0,31531900.0,False,0.0,13:20:44
18850.0,2500,-1100.0,-0.1,SD,12692500.0,31531800.0,False,0.0,13:20:44
18850.0,2000,-1100.0,-0.1,SD,12692500.0,31529300.0,False,0.0,13:20:44
18850.0,100,-1100.0,-0.1,SD,12692500.0,31527300.0,False,0.0,13:20:44
18850.0,1000,-1100.0,-0.1,SD,12692500.0,31527200.0,False,0.0,13:20:44
18850.0,67200,-1100.0,-0.1,SD,12692500.0,31526200.0,True,-50.0,13:20:44
18900.0,3000,-1050.0,-0.1,SD,12692500.0,31459000.0,False,0.0,13:20:44
18900.0,2000,-1050.0,-0.1,SD,12692500.0,31456000.0,False,0.0,13:20:44
18900.0,10000,-1050.0,-0.1,SD,12692500.0,31454000.0,False,0.0,13:20:44
18900.0,1000,-1050.0,-0.1,SD,12692500.0,31444000.0,False,0.0,13:20:44
18900.0,500,-1050.0,-0.1,SD,12692500.0,31443000.0,False,0.0,13:20:44
18900.0,100,-1050.0,-0.1,SD,12692500.0,31442500.0,False,0.0,13:20:44
18900.0,200,-1050.0,-0.1,SD,12692500.0,31442400.0,False,0.0,13:20:44
18900.0,100,-1050.0,-0.1,SD,12692500.0,31442200.0,False,0.0,13:20:44
18900.0,3200,-1050.0,-0.1,SD,12692500.0,31442100.0,False,0.0,13:20:44
18900.0,100,-1050.0,-0.1,SD,12692500.0,31438900.0,False,0.0,13:20:44
18900.0,500,-1050.0,-0.1,SD,12692500.0,31438800.0,False,0.0,13:20:44
18900.0,200,-1050.0,-0.1,SD,12692500.0,31438300.0,False,0.0,13:20:44
18900.0,400,-1050.0,-0.1,SD,12692500.0,31438100.0,False,0.0,13:20:44
18900.0,5000,-1050.0,-0.1,SD,12692500.0,31437700.0,False,0.0,13:20:44
18900.0,300,-1050.0,-0.1,SD,12692500.0,31432700.0,False,0.0,13:20:44
18900.0,400,-1050.0,-0.1,SD,12692500.0,31432400.0,False,0.0,13:20:44
18900.0,300,-1050.0,-0.1,SD,12692500.0,31432000.0,False,0.0,13:20:42
18900.0,5000,-1050.0,-0.1,SD,12692500.0,31431700.0,False,0.0,13:20:42
18900.0,100,-1050.0,-0.1,SD,12692500.0,31426700.0,False,0.0,13:20:42
18900.0,1000,-1050.0,-0.1,SD,12692500.0,31426600.0,False,0.0,13:20:42
18900.0,2000,-1050.0,-0.1,SD,12692500.0,31425600.0,False,0.0,13:20:42
18900.0,100,-1050.0,-0.1,SD,12692500.0,31423600.0,False,0.0,13:20:42
18900.0,600,-1050.0,-0.1,SD,12692500.0,31423500.0,False,0.0,13:20:42
18900.0,200,-1050.0,-0.1,SD,12692500.0,31422900.0,False,0.0,13:20:42
18900.0,500,-1050.0,-0.1,SD,12692500.0,31422700.0,False,0.0,13:20:42
18900.0,2600,-1050.0,-0.1,SD,12692500.0,31422200.0,False,0.0,13:20:42
18900.0,5000,-1050.0,-0.1,SD,12692500.0,31419600.0,False,0.0,13:20:42
18900.0,300,-1050.0,-0.1,SD,12692500.0,31414600.0,False,0.0,13:20:42
18900.0,2300,-1050.0,-0.1,SD,12692500.0,31414300.0,False,-50.0,13:20:42
18950.0,200,-1000.0,-0.1,BU,12692500.0,31412000.0,False,50.0,13:20:40
18900.0,300,-1050.0,-0.1,SD,12692300.0,31412000.0,False,0.0,13:20:39
18900.0,1300,-1050.0,-0.1,SD,12692300.0,31411700.0,False,0.0,13:20:37
18900.0,5100,-1050.0,-0.1,SD,12692300.0,31410400.0,False,0.0,13:20:37
18900.0,200,-1050.0,-0.1,SD,12692300.0,31405300.0,False,0.0,13:20:37
18900.0,20000,-1050.0,-0.1,SD,12692300.0,31405100.0,True,0.0,13:20:37
18900.0,18600,-1050.0,-0.1,SD,12692300.0,31385100.0,True,0.0,13:20:37
18900.0,500,-1050.0,-0.1,SD,12692300.0,31366500.0,False,0.0,13:20:37
18900.0,2000,-1050.0,-0.1,SD,12692300.0,31366000.0,False,0.0,13:20:37
18900.0,200,-1050.0,-0.1,SD,12692300.0,31364000.0,False,0.0,13:20:37
18900.0,100,-1050.0,-0.1,SD,12692300.0,31363800.0,False,0.0,13:20:37
18900.0,700,-1050.0,-0.1,SD,12692300.0,31363700.0,False,0.0,13:20:37
18900.0,500,-1050.0,-0.1,SD,12692300.0,31363000.0,False,0.0,13:20:37
18900.0,200,-1050.0,-0.1,SD,12692300.0,31362500.0,False,0.0,13:20:37
18900.0,600,-1050.0,-0.1,SD,12692300.0,31362300.0,False,0.0,13:20:37
18900.0,400,-1050.0,-0.1,SD,12692300.0,31361700.0,False,0.0,13:20:35
18900.0,10000,-1050.0,-0.1,SD,12692300.0,31361300.0,False,0.0,13:20:35
18900.0,100,-1050.0,-0.1,SD,12692300.0,31351300.0,False,0.0,13:20:35
18900.0,1000,-1050.0,-0.1,SD,12692300.0,31351200.0,False,0.0,13:20:35
18900.0,500,-1050.0,-0.1,SD,12692300.0,31350200.0,False,0.0,13:20:35
18900.0,100,-1050.0,-0.1,SD,12692300.0,31349700.0,False,0.0,13:20:35
18900.0,100,-1050.0,-0.1,SD,12692300.0,31349600.0,False,0.0,13:20:35
18900.0,100,-1050.0,-0.1,SD,12692300.0,31349500.0,False,0.0,13:20:35
18900.0,200,-1050.0,-0.1,SD,12692300.0,31349400.0,False,0.0,13:20:35
18900.0,500,-1050.0,-0.1,SD,12692300.0,31349200.0,False,0.0,13:20:35
18900.0,200,-1050.0,-0.1,SD,12692300.0,31348700.0,False,0.0,13:20:35
18900.0,100,-1050.0,-0.1,SD,12692300.0,31348500.0,False,0.0,13:20:35
18900.0,100,-1050.0,-0.1,SD,12692300.0,31348400.0,False,0.0,13:20:35
18900.0,500,-1050.0,-0.1,SD,12692300.0,31348300.0,False,0.0,13:20:35
18900.0,200,-1050.0,-0.1,SD,12692300.0,31347800.0,False,0.0,13:20:35
18900.0,10000,-1050.0,-0.1,SD,12692300.0,31347600.0,False,0.0,13:20:35
18900.0,1000,-1050.0,-0.1,SD,12692300.0,31337600.0,False,0.0,13:20:35
18900.0,300,-1050.0,-0.1,SD,12692300.0,31336600.0,False,0.0,13:20:35
18900.0,100,-1050.0,-0.1,SD,12692300.0,31336300.0,False,0.0,13:20:35
18900.0,500,-1050.0,-0.1,SD,12692300.0,31336200.0,False,0.0,13:20:35
18900.0,100,-1050.0,-0.1,SD,12692300.0,31335700.0,False,0.0,13:20:35
18900.0,100,-1050.0,-0.1,SD,12692300.0,31335600.0,False,0.0,13:20:35
18900.0,100,-1050.0,-0.1,SD,12692300.0,31335500.0,False,0.0,13:20:35
18900.0,1000,-1050.0,-0.1,SD,12692300.0,31335400.0,False,0.0,13:20:35
18900.0,5700,-1050.0,-0.1,SD,12692300.0,31334400.0,False,0.0,13:20:35
18900.0,100,-1050.0,-0.1,SD,12692300.0,31328700.0,False,0.0,13:20:35
18900.0,200,-1050.0,-0.1,SD,12692300.0,31328600.0,False,0.0,13:20:35
18900.0,200,-1050.0,-0.1,SD,12692300.0,31328400.0,False,0.0,13:20:35
18900.0,500,-1050.0,-0.1,SD,12692300.0,31328200.0,False,0.0,13:20:35
18900.0,10000,-1050.0,-0.1,SD,12692300.0,31327700.0,False,0.0,13:20:35
18900.0,100,-1050.0,-0.1,SD,12692300.0,31317700.0,False,0.0,13:20:35
18900.0,100,-1050.0,-0.1,SD,12692300.0,31317600.0,False,0.0,13:20:35
18900.0,3000,-1050.0,-0.1,SD,12692300.0,31317500.0,False,0.0,13:20:35
18900.0,100,-1050.0,-0.1,SD,12692300.0,31314500.0,False,0.0,13:20:35
18900.0,300,-1050.0,-0.1,SD,12692300.0,31314400.0,False,0.0,13:20:35
18900.0,400,-1050.0,-0.1,SD,12692300.0,31314100.0,False,0.0,13:20:35
18900.0,100,-1050.0,-0.1,SD,12692300.0,31313700.0,False,0.0,13:20:35
18900.0,500,-1050.0,-0.1,SD,12692300.0,31313600.0,False,0.0,13:20:35
18900.0,100,-1050.0,-0.1,SD,12692300.0,31313100.0,False,0.0,13:20:35
18900.0,100,-1050.0,-0.1,SD,12692300.0,31313000.0,False,0.0,13:20:35
18900.0,100,-1050.0,-0.1,SD,12692300.0,31312900.0,False,0.0,13:20:35
18900.0,100,-1050.0,-0.1,SD,12692300.0,31312800.0,False,0.0,13:20:35
18900.0,1000,-1050.0,-0.1,SD,12692300.0,31312700.0,False,0.0,13:20:35
18900.0,500,-1050.0,-0.1,SD,12692300.0,31311700.0,False,0.0,13:20:35
18900.0,10000,-1050.0,-0.1,SD,12692300.0,31311200.0,False,0.0,13:20:35
18900.0,2000,-1050.0,-0.1,SD,12692300.0,31301200.0,False,0.0,13:20:35
18900.0,100,-1050.0,-0.1,SD,12692300.0,31299200.0,False,0.0,13:20:35
18900.0,100,-1050.0,-0.1,SD,12692300.0,31299100.0,False,0.0,13:20:35
18900.0,200,-1050.0,-0.1,SD,12692300.0,31299000.0,False,0.0,13:20:35
18900.0,100,-1050.0,-0.1,SD,12692300.0,31298800.0,False,0.0,13:20:35
18900.0,100,-1050.0,-0.1,SD,12692300.0,31298700.0,False,0.0,13:20:35
18900.0,300,-1050.0,-0.1,SD,12692300.0,31298600.0,False,0.0,13:20:35
18900.0,100,-1050.0,-0.1,SD,12692300.0,31298300.0,False,0.0,13:20:35
18900.0,100,-1050.0,-0.1,SD,12692300.0,31298200.0,False,0.0,13:20:35
18900.0,1000,-1050.0,-0.1,SD,12692300.0,31298100.0,False,0.0,13:20:35
18900.0,500,-1050.0,-0.1,SD,12692300.0,31297100.0,False,0.0,13:20:35
18900.0,300,-1050.0,-0.1,SD,12692300.0,31296600.0,False,0.0,13:20:35
18900.0,100,-1050.0,-0.1,SD,12692300.0,31296300.0,False,0.0,13:20:35
18900.0,5000,-1050.0,-0.1,SD,12692300.0,31296200.0,False,0.0,13:20:35
18900.0,100,-1050.0,-0.1,SD,12692300.0,31291200.0,False,0.0,13:20:35
18900.0,100,-1050.0,-0.1,SD,12692300.0,31291100.0,False,0.0,13:20:35
18900.0,200,-1050.0,-0.1,SD,12692300.0,31291000.0,False,0.0,13:20:35
18900.0,900,-1050.0,-0.1,SD,12692300.0,31290800.0,False,0.0,13:20:35
18900.0,1000,-1050.0,-0.1,SD,12692300.0,31289900.0,False,0.0,13:20:35
18900.0,2000,-1050.0,-0.1,SD,12692300.0,31288900.0,False,0.0,13:20:35
18900.0,100,-1050.0,-0.1,SD,12692300.0,31286900.0,False,0.0,13:20:35
18900.0,1000,-1050.0,-0.1,SD,12692300.0,31286800.0,False,0.0,13:20:35
18900.0,200,-1050.0,-0.1,SD,12692300.0,31285800.0,False,0.0,13:20:35
18900.0,500,-1050.0,-0.1,SD,12692300.0,31285600.0,False,0.0,13:20:35
18900.0,500,-1050.0,-0.1,SD,12692300.0,31285100.0,False,0.0,13:20:35
18900.0,2000,-1050.0,-0.1,SD,12692300.0,31284600.0,False,0.0,13:20:35
18900.0,3500,-1050.0,-0.1,SD,12692300.0,31282600.0,False,0.0,13:20:35
18900.0,100,-1050.0,-0.1,SD,12692300.0,31279100.0,False,0.0,13:20:35
18900.0,100,-1050.0,-0.1,SD,12692300.0,31279000.0,False,0.0,13:20:35
18900.0,5000,-1050.0,-0.1,SD,12692300.0,31278900.0,False,0.0,13:20:35
18900.0,5000,-1050.0,-0.1,SD,12692300.0,31273900.0,False,0.0,13:20:35
18900.0,2000,-1050.0,-0.1,SD,12692300.0,31268900.0,False,0.0,13:20:35
18900.0,100,-1050.0,-0.1,SD,12692300.0,31266900.0,False,0.0,13:20:35
18900.0,400,-1050.0,-0.1,SD,12692300.0,31266800.0,False,0.0,13:20:35
18900.0,500,-1050.0,-0.1,SD,12692300.0,31266400.0,False,0.0,13:20:35
18900.0,500,-1050.0,-0.1,SD,12692300.0,31265900.0,False,0.0,13:20:35
18900.0,100,-1050.0,-0.1,SD,12692300.0,31265400.0,False,0.0,13:20:35
18900.0,1000,-1050.0,-0.1,SD,12692300.0,31265300.0,False,0.0,13:20:35
18900.0,500,-1050.0,-0.1,SD,12692300.0,31264300.0,False,0.0,13:20:35
18900.0,200,-1050.0,-0.1,SD,12692300.0,31263800.0,False,0.0,13:20:35
18900.0,100,-1050.0,-0.1,SD,12692300.0,31263600.0,False,0.0,13:20:35
18900.0,1800,-1050.0,-0.1,SD,12692300.0,31263500.0,False,-50.0,13:20:35
18950.0,200,-1000.0,-0.1,BU,12692300.0,31261700.0,False,0.0,13:20:35
18950.0,1000,-1000.0,-0.1,BU,12692100.0,31261700.0,False,0.0,13:20:34
18950.0,200,-1000.0,-0.1,BU,12691100.0,31261700.0,False,50.0,13:20:33
18900.0,100,-1050.0,-0.1,SD,12690900.0,31261700.0,False,0.0,13:20:32
18900.0,800,-1050.0,-0.1,SD,12690900.0,31261600.0,False,-50.0,13:20:31
18950.0,17900,-1000.0,-0.1,BU,12690900.0,31260800.0,True,0.0,13:20:26
18950.0,200,-1000.0,-0.1,BU,12673000.0,31260800.0,False,0.0,13:20:26
18950.0,700,-1000.0,-0.1,BU,12672800.0,31260800.0,False,0.0,13:20:26
18950.0,1000,-1000.0,-0.1,BU,12672100.0,31260800.0,False,0.0,13:20:26
18950.0,1000,-1000.0,-0.1,BU,12671100.0,31260800.0,False,0.0,13:20:26
18950.0,1000,-1000.0,-0.1,BU,12670100.0,31260800.0,False,0.0,13:20:26
18950.0,5000,-1000.0,-0.1,BU,12669100.0,31260800.0,False,0.0,13:20:26
18950.0,37800,-1000.0,-0.1,BU,12664100.0,31260800.0,True,0.0,13:20:26
18950.0,10000,-1000.0,-0.1,BU,12626300.0,31260800.0,False,0.0,13:20:26
18950.0,1000,-1000.0,-0.1,BU,12616300.0,31260800.0,False,0.0,13:20:26
18950.0,300,-1000.0,-0.1,BU,12615300.0,31260800.0,False,0.0,13:20:26
18950.0,100,-1000.0,-0.1,BU,12615000.0,31260800.0,False,0.0,13:20:26
18950.0,200,-1000.0,-0.1,BU,12614900.0,31260800.0,False,0.0,13:20:26
18950.0,100,-1000.0,-0.1,BU,12614700.0,31260800.0,False,0.0,13:20:26
18950.0,200,-1000.0,-0.1,BU,12614600.0,31260800.0,False,0.0,13:20:26
18950.0,2000,-1000.0,-0.1,BU,12614400.0,31260800.0,False,0.0,13:20:26
18950.0,2000,-1000.0,-0.1,BU,12612400.0,31260800.0,False,0.0,13:20:26
18950.0,14100,-1000.0,-0.1,BU,12610400.0,31260800.0,True,0.0,13:20:26
18950.0,3000,-1000.0,-0.1,BU,12596300.0,31260800.0,False,0.0,13:20:26
18950.0,2400,-1000.0,-0.1,BU,12593300.0,31260800.0,False,50.0,13:20:26
18900.0,4200,-1050.0,-0.1,SD,12590900.0,31260800.0,False,0.0,13:20:25
18900.0,1000,-1050.0,-0.1,SD,12590900.0,31256600.0,False,0.0,13:20:25
18900.0,900,-1050.0,-0.1,SD,12590900.0,31255600.0,False,0.0,13:20:25
18900.0,3900,-1050.0,-0.1,SD,12590900.0,31254700.0,False,0.0,13:20:25
18900.0,400,-1050.0,-0.1,SD,12590900.0,31250800.0,False,0.0,13:20:21
18900.0,1000,-1050.0,-0.1,SD,12590900.0,31250400.0,False,0.0,13:20:21
18900.0,1800,-1050.0,-0.1,SD,12590900.0,31249400.0,False,0.0,13:20:21
18900.0,1500,-1050.0,-0.1,SD,12590900.0,31247600.0,False,0.0,13:20:21
18900.0,6700,-1050.0,-0.1,SD,12590900.0,31246100.0,False,0.0,13:20:20
18900.0,1300,-1050.0,-0.1,SD,12590900.0,31239400.0,False,-50.0,13:20:20
18950.0,500,-1000.0,-0.1,BU,12590900.0,31238100.0,False,0.0,13:20:19
18950.0,200,-1000.0,-0.1,BU,12590400.0,31238100.0,False,0.0,13:20:18
18950.0,500,-1000.0,-0.1,BU,12590200.0,31238100.0,False,0.0,13:20:17
18950.0,600,-1000.0,-0.1,BU,12589700.0,31238100.0,False,50.0,13:20:17
18900.0,300,-1050.0,-0.1,SD,12589100.0,31238100.0,False,-50.0,13:20:17
18950.0,100,-1000.0,-0.1,BU,12589100.0,31237800.0,False,0.0,13:20:17
18950.0,100,-1000.0,-0.1,BU,12589000.0,31237800.0,False,0.0,13:20:16
18950.0,600,-1000.0,-0.1,BU,12588900.0,31237800.0,False,0.0,13:20:15
18950.0,200,-1000.0,-0.1,BU,12588300.0,31237800.0,False,50.0,13:20:15
18900.0,200,-1050.0,-0.1,SD,12588100.0,31237800.0,False,0.0,13:20:14
18900.0,400,-1050.0,-0.1,SD,12588100.0,31237600.0,False,0.0,13:20:14
18900.0,200,-1050.0,-0.1,SD,12588100.0,31237200.0,False,0.0,13:20:14
18900.0,1200,-1050.0,-0.1,SD,12588100.0,31237000.0,False,-50.0,13:20:14
18950.0,1800,-1000.0,-0.1,BU,12588100.0,31235800.0,False,0.0,13:20:14
18950.0,200,-1000.0,-0.1,BU,12586300.0,31235800.0,False,0.0,13:20:14
18950.0,300,-1000.0,-0.1,BU,12586100.0,31235800.0,False,0.0,13:20:13
18950.0,1000,-1000.0,-0.1,BU,12585800.0,31235800.0,False,0.0,13:20:13
18950.0,200,-1000.0,-0.1,BU,12584800.0,31235800.0,False,0.0,13:20:13
18950.0,2000,-1000.0,-0.1,BU,12584600.0,31235800.0,False,0.0,13:20:13
18950.0,500,-1000.0,-0.1,BU,12582600.0,31235800.0,False,0.0,13:20:13
18950.0,100,-1000.0,-0.1,BU,12582100.0,31235800.0,False,0.0,13:20:13
18950.0,100,-1000.0,-0.1,BU,12582000.0,31235800.0,False,0.0,13:20:13
18950.0,3000,-1000.0,-0.1,BU,12581900.0,31235800.0,False,0.0,13:20:13
18950.0,800,-1000.0,-0.1,BU,12578900.0,31235800.0,False,0.0,13:20:13
18950.0,200,-1000.0,-0.1,BU,12578100.0,31235800.0,False,0.0,13:20:11
18950.0,100,-1000.0,-0.1,BU,12577900.0,31235800.0,False,0.0,13:20:10
18950.0,100,-1000.0,-0.1,BU,12577800.0,31235800.0,False,0.0,13:20:09
18950.0,1900,-1000.0,-0.1,BU,12577700.0,31235800.0,False,0.0,13:20:09
18950.0,200,-1000.0,-0.1,BU,12575800.0,31235800.0,False,0.0,13:20:08
18950.0,400,-1000.0,-0.1,BU,12575600.0,31235800.0,False,0.0,13:20:08
18950.0,1300,-1000.0,-0.1,BU,12575200.0,31235800.0,False,0.0,13:20:08
18950.0,500,-1000.0,-0.1,BU,12573900.0,31235800.0,False,0.0,13:20:08
18950.0,2100,-1000.0,-0.1,BU,12573400.0,31235800.0,False,0.0,13:20:08
18950.0,1100,-1000.0,-0.1,BU,12571300.0,31235800.0,False,0.0,13:20:08
18950.0,200,-1000.0,-0.1,BU,12570200.0,31235800.0,False,0.0,13:20:08
18950.0,100,-1000.0,-0.1,BU,12570000.0,31235800.0,False,0.0,13:20:07
18950.0,1000,-1000.0,-0.1,BU,12569900.0,31235800.0,False,0.0,13:20:06
18950.0,500,-1000.0,-0.1,BU,12568900.0,31235800.0,False,0.0,13:20:04
18950.0,2000,-1000.0,-0.1,BU,12568400.0,31235800.0,False,50.0,13:20:04
18900.0,200,-1050.0,-0.1,SD,12566400.0,31235800.0,False,0.0,13:20:04
18900.0,3800,-1050.0,-0.1,SD,12566400.0,31235600.0,False,0.0,13:20:04
18900.0,200,-1050.0,-0.1,SD,12566400.0,31231800.0,False,0.0,13:20:04
18900.0,400,-1050.0,-0.1,SD,12566400.0,31231600.0,False,0.0,13:20:04
18900.0,200,-1050.0,-0.1,SD,12566400.0,31231200.0,False,0.0,13:20:04
18900.0,500,-1050.0,-0.1,SD,12566400.0,31231000.0,False,0.0,13:20:04
18900.0,2000,-1050.0,-0.1,SD,12566400.0,31230500.0,False,0.0,13:20:04
18900.0,100,-1050.0,-0.1,SD,12566400.0,31228500.0,False,0.0,13:20:04
18900.0,100,-1050.0,-0.1,SD,12566400.0,31228400.0,False,0.0,13:20:04
18900.0,300,-1050.0,-0.1,SD,12566400.0,31228300.0,False,0.0,13:20:03
18900.0,1700,-1050.0,-0.1,SD,12566400.0,31228000.0,False,0.0,13:20:03
18900.0,300,-1050.0,-0.1,SD,12566400.0,31226300.0,False,0.0,13:20:03
18900.0,3000,-1050.0,-0.1,SD,12566400.0,31226000.0,False,0.0,13:20:03
18900.0,1000,-1050.0,-0.1,SD,12566400.0,31223000.0,False,0.0,13:20:03
18900.0,700,-1050.0,-0.1,SD,12566400.0,31222000.0,False,-50.0,13:20:03
18950.0,200,-1000.0,-0.1,BU,12566400.0,31221300.0,False,0.0,13:20:00
18950.0,200,-1000.0,-0.1,BU,12566200.0,31221300.0,False,0.0,13:20:00
18950.0,100,-1000.0,-0.1,BU,12566000.0,31221300.0,False,0.0,13:19:59
18950.0,100,-1000.0,-0.1,BU,12565900.0,31221300.0,False,0.0,13:19:56
18950.0,100,-1000.0,-0.1,BU,12565800.0,31221300.0,False,50.0,13:19:56
18900.0,300,-1050.0,-0.1,SD,12565700.0,31221300.0,False,0.0,13:19:55
18900.0,500,-1050.0,-0.1,SD,12565700.0,31221000.0,False,0.0,13:19:55
18900.0,1000,-1050.0,-0.1,SD,12565700.0,31220500.0,False,0.0,13:19:55
18900.0,100,-1050.0,-0.1,SD,12565700.0,31219500.0,False,0.0,13:19:55
18900.0,100,-1050.0,-0.1,SD,12565700.0,31219400.0,False,0.0,13:19:55
18900.0,500,-1050.0,-0.1,SD,12565700.0,31219300.0,False,0.0,13:19:55
18900.0,300,-1050.0,-0.1,SD,12565700.0,31218800.0,False,0.0,13:19:55
18900.0,1200,-1050.0,-0.1,SD,12565700.0,31218500.0,False,0.0,13:19:55
18900.0,100,-1050.0,-0.1,SD,12565700.0,31217300.0,False,0.0,13:19:55
18900.0,500,-1050.0,-0.1,SD,12565700.0,31217200.0,False,0.0,13:19:55
18900.0,1000,-1050.0,-0.1,SD,12565700.0,31216700.0,False,0.0,13:19:55
18900.0,100,-1050.0,-0.1,SD,12565700.0,31215700.0,False,0.0,13:19:55
18900.0,100,-1050.0,-0.1,SD,12565700.0,31215600.0,False,0.0,13:19:55
18900.0,900,-1050.0,-0.1,SD,12565700.0,31215500.0,False,-50.0,13:19:55
18950.0,1000,-1000.0,-0.1,BU,12565700.0,31214600.0,False,0.0,13:19:54
18950.0,500,-1000.0,-0.1,BU,12564700.0,31214600.0,False,0.0,13:19:53
18950.0,2900,-1000.0,-0.1,BU,12564200.0,31214600.0,False,0.0,13:19:53
18950.0,100,-1000.0,-0.1,BU,12561300.0,31214600.0,False,0.0,13:19:53
18950.0,600,-1000.0,-0.1,BU,12561200.0,31214600.0,False,0.0,13:19:52
18950.0,400,-1000.0,-0.1,BU,12560600.0,31214600.0,False,0.0,13:19:52
18950.0,9600,-1000.0,-0.1,BU,12560200.0,31214600.0,False,0.0,13:19:52
18950.0,500,-1000.0,-0.1,BU,12550600.0,31214600.0,False,0.0,13:19:52
18950.0,1800,-1000.0,-0.1,BU,12550100.0,31214600.0,False,0.0,13:19:52
18950.0,1000,-1000.0,-0.1,BU,12548300.0,31214600.0,False,0.0,13:19:52
18950.0,12100,-1000.0,-0.1,BU,12547300.0,31214600.0,True,50.0,13:19:52
18900.0,900,-1050.0,-0.1,SD,12535200.0,31214600.0,False,0.0,13:19:51
18900.0,300,-1050.0,-0.1,SD,12535200.0,31213700.0,False,0.0,13:19:51
18900.0,100,-1050.0,-0.1,SD,12535200.0,31213400.0,False,0.0,13:19:51
18900.0,1300,-1050.0,-0.1,SD,12535200.0,31213300.0,False,0.0,13:19:51
18900.0,1000,-1050.0,-0.1,SD,12535200.0,31212000.0,False,0.0,13:19:51
18900.0,1000,-1050.0,-0.1,SD,12535200.0,31211000.0,False,0.0,13:19:51
18900.0,200,-1050.0,-0.1,SD,12535200.0,31210000.0,False,0.0,13:19:51
18900.0,10200,-1050.0,-0.1,SD,12535200.0,31209800.0,False,-50.0,13:19:51
18950.0,100,-1000.0,-0.1,BU,12535200.0,31199600.0,False,0.0,13:19:50
18950.0,100,-1000.0,-0.1,BU,12535100.0,31199600.0,False,0.0,13:19:50
18950.0,300,-1000.0,-0.1,BU,12535000.0,31199600.0,False,0.0,13:19:50
18950.0,200,-1000.0,-0.1,BU,12534700.0,31199600.0,False,50.0,13:19:50
18900.0,100,-1050.0,-0.1,SD,12534500.0,31199600.0,False,-50.0,13:19:49
18950.0,200,-1000.0,-0.1,BU,12534500.0,31199500.0,False,0.0,13:19:48
18950.0,2000,-1000.0,-0.1,BU,12534300.0,31199500.0,False,0.0,13:19:47
18950.0,200,-1000.0,-0.1,BU,12532300.0,31199500.0,False,0.0,13:19:47
18950.0,900,-1000.0,-0.1,BU,12532100.0,31199500.0,False,0.0,13:19:47
18950.0,100,-1000.0,-0.1,BU,12531200.0,31199500.0,False,0.0,13:19:45
18950.0,100,-1000.0,-0.1,BU,12531100.0,31199500.0,False,0.0,13:19:45
18950.0,2500,-1000.0,-0.1,BU,12531000.0,31199500.0,False,0.0,13:19:45
18950.0,300,-1000.0,-0.1,BU,12528500.0,31199500.0,False,0.0,13:19:45
18950.0,1000,-1000.0,-0.1,BU,12528200.0,31199500.0,False,0.0,13:19:44
18950.0,100,-1000.0,-0.1,BU,12527200.0,31199500.0,False,0.0,13:19:43
18950.0,5000,-1000.0,-0.1,BU,12527100.0,31199500.0,False,0.0,13:19:42
18950.0,500,-1000.0,-0.1,BU,12522100.0,31199500.0,False,50.0,13:19:41
18900.0,1500,-1050.0,-0.1,SD,12521600.0,31199500.0,False,-50.0,13:19:41
18950.0,1500,-1000.0,-0.1,BU,12521600.0,31198000.0,False,50.0,13:19:41
18900.0,2000,-1050.0,-0.1,SD,12520100.0,31198000.0,False,-50.0,13:19:40
18950.0,1000,-1000.0,-0.1,BU,12520100.0,31196000.0,False,0.0,13:19:39
18950.0,100,-1000.0,-0.1,BU,12519100.0,31196000.0,False,0.0,13:19:39
18950.0,100,-1000.0,-0.1,BU,12519000.0,31196000.0,False,0.0,13:19:38
18950.0,1000,-1000.0,-0.1,BU,12518900.0,31196000.0,False,0.0,13:19:37
18950.0,1000,-1000.0,-0.1,BU,12517900.0,31196000.0,False,0.0,13:19:37
18950.0,500,-1000.0,-0.1,BU,12516900.0,31196000.0,False,0.0,13:19:37
18950.0,4800,-1000.0,-0.1,BU,12516400.0,31196000.0,False,0.0,13:19:36
18950.0,100,-1000.0,-0.1,BU,12511600.0,31196000.0,False,0.0,13:19:35
18950.0,500,-1000.0,-0.1,BU,12511500.0,31196000.0,False,0.0,13:19:33
18950.0,400,-1000.0,-0.1,BU,12511000.0,31196000.0,False,0.0,13:19:32
18950.0,1000,-1000.0,-0.1,BU,12510600.0,31196000.0,False,0.0,13:19:32
18950.0,400,-1000.0,-0.1,BU,12509600.0,31196000.0,False,0.0,13:19:32
18950.0,800,-1000.0,-0.1,BU,12509200.0,31196000.0,False,0.0,13:19:31
18950.0,2000,-1000.0,-0.1,BU,12508400.0,31196000.0,False,0.0,13:19:31
18950.0,300,-1000.0,-0.1,BU,12506400.0,31196000.0,False,0.0,13:19:31
18950.0,200,-1000.0,-0.1,BU,12506100.0,31196000.0,False,0.0,13:19:31
18950.0,1600,-1000.0,-0.1,BU,12505900.0,31196000.0,False,0.0,13:19:30
18950.0,2800,-1000.0,-0.1,BU,12504300.0,31196000.0,False,0.0,13:19:29
18950.0,5000,-1000.0,-0.1,BU,12501500.0,31196000.0,False,0.0,13:19:29
18950.0,500,-1000.0,-0.1,BU,12496500.0,31196000.0,False,0.0,13:19:29
18950.0,500,-1000.0,-0.1,BU,12496000.0,31196000.0,False,0.0,13:19:29
18950.0,100,-1000.0,-0.1,BU,12495500.0,31196000.0,False,0.0,13:19:26
18950.0,200,-1000.0,-0.1,BU,12495400.0,31196000.0,False,0.0,13:19:25
18950.0,300,-1000.0,-0.1,BU,12495200.0,31196000.0,False,0.0,13:19:24
18950.0,200,-1000.0,-0.1,BU,12494900.0,31196000.0,False,0.0,13:19:24
18950.0,200,-1000.0,-0.1,BU,12494700.0,31196000.0,False,0.0,13:19:24
18950.0,1400,-1000.0,-0.1,BU,12494500.0,31196000.0,False,0.0,13:19:23
18950.0,1300,-1000.0,-0.1,BU,12493100.0,31196000.0,False,0.0,13:19:23
18950.0,100,-1000.0,-0.1,SD,12491800.0,31196000.0,False,0.0,13:19:23
18950.0,14400,-1000.0,-0.1,SD,12491800.0,31195900.0,True,-50.0,13:19:23
19000.0,100,-950.0,0.0,BU,12491800.0,31181500.0,False,50.0,13:19:22
18950.0,1000,-1000.0,-0.1,SD,12491700.0,31181500.0,False,-50.0,13:19:21
19000.0,2000,-950.0,0.0,BU,12491700.0,31180500.0,False,50.0,13:19:18
18950.0,100,-1000.0,-0.1,SD,12489700.0,31180500.0,False,-50.0,13:19:18
19000.0,200,-950.0,0.0,BU,12489700.0,31180400.0,False,0.0,13:19:17
19000.0,100,-950.0,0.0,BU,12489500.0,31180400.0,False,50.0,13:19:16
18950.0,300,-1000.0,-0.1,SD,12489400.0,31180400.0,False,0.0,13:19:16
18950.0,3000,-1000.0,-0.1,SD,12489400.0,31180100.0,False,0.0,13:19:16
18950.0,800,-1000.0,-0.1,SD,12489400.0,31177100.0,False,0.0,13:19:16
18950.0,200,-1000.0,-0.1,BU,12489400.0,31176300.0,False,0.0,13:19:15
18950.0,200,-1000.0,-0.1,BU,12489200.0,31176300.0,False,0.0,13:19:15
18950.0,2300,-1000.0,-0.1,BU,12489000.0,31176300.0,False,-50.0,13:19:12
19000.0,600,-950.0,0.0,BU,12486700.0,31176300.0,False,50.0,13:19:12
18950.0,100,-1000.0,-0.1,BU,12486100.0,31176300.0,False,0.0,13:19:12
18950.0,100,-1000.0,-0.1,BU,12486000.0,31176300.0,False,0.0,13:19:10
18950.0,2000,-1000.0,-0.1,BU,12485900.0,31176300.0,False,0.0,13:19:09
18950.0,100,-1000.0,-0.1,SD,12483900.0,31176300.0,False,0.0,13:19:09
18950.0,800,-1000.0,-0.1,SD,12483900.0,31176200.0,False,0.0,13:19:09
18950.0,600,-1000.0,-0.1,SD,12483900.0,31175400.0,False,0.0,13:19:09
18950.0,1000,-1000.0,-0.1,SD,12483900.0,31174800.0,False,0.0,13:19:09
18950.0,300,-1000.0,-0.1,SD,12483900.0,31173800.0,False,0.0,13:19:09
18950.0,200,-1000.0,-0.1,SD,12483900.0,31173500.0,False,0.0,13:19:06
18950.0,400,-1000.0,-0.1,SD,12483900.0,31173300.0,False,0.0,13:19:06
18950.0,100,-1000.0,-0.1,SD,12483900.0,31172900.0,False,0.0,13:19:06
18950.0,200,-1000.0,-0.1,SD,12483900.0,31172800.0,False,0.0,13:19:06
18950.0,100,-1000.0,-0.1,SD,12483900.0,31172600.0,False,0.0,13:19:04
18950.0,200,-1000.0,-0.1,SD,12483900.0,31172500.0,False,0.0,13:19:04
18950.0,500,-1000.0,-0.1,SD,12483900.0,31172300.0,False,0.0,13:19:04
18950.0,100,-1000.0,-0.1,BU,12483900.0,31171800.0,False,0.0,13:19:04
18950.0,1000,-1000.0,-0.1,BU,12483800.0,31171800.0,False,0.0,13:19:03
18950.0,200,-1000.0,-0.1,BU,12482800.0,31171800.0,False,50.0,13:19:03
18900.0,6200,-1050.0,-0.1,SD,12482600.0,31171800.0,False,0.0,13:19:03
18900.0,1000,-1050.0,-0.1,SD,12482600.0,31165600.0,False,0.0,13:19:03
18900.0,2700,-1050.0,-0.1,SD,12482600.0,31164600.0,False,0.0,13:19:03
18900.0,100,-1050.0,-0.1,SD,12482600.0,31161900.0,False,-50.0,13:19:03
18950.0,2000,-1000.0,-0.1,BU,12482600.0,31161800.0,False,0.0,13:19:03
18950.0,400,-1000.0,-0.1,BU,12480600.0,31161800.0,False,0.0,13:19:02
18950.0,200,-1000.0,-0.1,SD,12480200.0,31161800.0,False,0.0,13:19:02
18950.0,300,-1000.0,-0.1,SD,12480200.0,31161600.0,False,0.0,13:19:02
18950.0,100,-1000.0,-0.1,SD,12480200.0,31161300.0,False,0.0,13:19:02
18950.0,2000,-1000.0,-0.1,SD,12480200.0,31161200.0,False,0.0,13:19:02
18950.0,200,-1000.0,-0.1,SD,12480200.0,31159200.0,False,0.0,13:19:02
18950.0,500,-1000.0,-0.1,SD,12480200.0,31159000.0,False,0.0,13:19:02
18950.0,600,-1000.0,-0.1,SD,12480200.0,31158500.0,False,0.0,13:19:02
18950.0,600,-1000.0,-0.1,SD,12480200.0,31157900.0,False,0.0,13:19:02
18950.0,100,-1000.0,-0.1,SD,12480200.0,31157300.0,False,0.0,13:19:02
18950.0,500,-1000.0,-0.1,SD,12480200.0,31157200.0,False,0.0,13:19:02
18950.0,100,-1000.0,-0.1,SD,12480200.0,31156700.0,False,0.0,13:19:02
18950.0,200,-1000.0,-0.1,SD,12480200.0,31156600.0,False,0.0,13:19:02
18950.0,400,-1000.0,-0.1,SD,12480200.0,31156400.0,False,-50.0,13:19:02
19000.0,400,-950.0,0.0,BU,12480200.0,31156000.0,False,50.0,13:19:02
18950.0,1600,-1000.0,-0.1,SD,12479800.0,31156000.0,False,0.0,13:19:02
18950.0,1000,-1000.0,-0.1,SD,12479800.0,31154400.0,False,0.0,13:19:02
18950.0,100,-1000.0,-0.1,SD,12479800.0,31153400.0,False,0.0,13:19:02
18950.0,100,-1000.0,-0.1,SD,12479800.0,31153300.0,False,0.0,13:19:02
18950.0,1000,-1000.0,-0.1,SD,12479800.0,31153200.0,False,0.0,13:19:02
18950.0,500,-1000.0,-0.1,SD,12479800.0,31152200.0,False,0.0,13:19:02
18950.0,600,-1000.0,-0.1,SD,12479800.0,31151700.0,False,0.0,13:19:02
18950.0,100,-1000.0,-0.1,SD,12479800.0,31151100.0,False,0.0,13:19:02
18950.0,900,-1000.0,-0.1,SD,12479800.0,31151000.0,False,0.0,13:19:00
18950.0,500,-1000.0,-0.1,SD,12479800.0,31150100.0,False,0.0,13:19:00
18950.0,6100,-1000.0,-0.1,SD,12479800.0,31149600.0,False,0.0,13:19:00
18950.0,100,-1000.0,-0.1,SD,12479800.0,31143500.0,False,0.0,13:19:00
18950.0,100,-1000.0,-0.1,SD,12479800.0,31143400.0,False,0.0,13:19:00
18950.0,200,-1000.0,-0.1,SD,12479800.0,31143300.0,False,0.0,13:19:00
18950.0,200,-1000.0,-0.1,SD,12479800.0,31143100.0,False,0.0,13:19:00
18950.0,3200,-1000.0,-0.1,SD,12479800.0,31142900.0,False,0.0,13:19:00
18950.0,3700,-1000.0,-0.1,SD,12479800.0,31139700.0,False,0.0,13:19:00
18950.0,100,-1000.0,-0.1,SD,12479800.0,31136000.0,False,0.0,13:19:00
18950.0,300,-1000.0,-0.1,SD,12479800.0,31135900.0,False,0.0,13:19:00
18950.0,100,-1000.0,-0.1,SD,12479800.0,31135600.0,False,0.0,13:19:00
18950.0,100,-1000.0,-0.1,SD,12479800.0,31135500.0,False,0.0,13:19:00
18950.0,100,-1000.0,-0.1,SD,12479800.0,31135400.0,False,0.0,13:19:00
18950.0,300,-1000.0,-0.1,SD,12479800.0,31135300.0,False,0.0,13:19:00
18950.0,2000,-1000.0,-0.1,SD,12479800.0,31135000.0,False,0.0,13:18:59
18950.0,700,-1000.0,-0.1,SD,12479800.0,31133000.0,False,0.0,13:18:58
18950.0,2000,-1000.0,-0.1,SD,12479800.0,31132300.0,False,0.0,13:18:58
18950.0,1000,-1000.0,-0.1,SD,12479800.0,31130300.0,False,0.0,13:18:58
18950.0,500,-1000.0,-0.1,SD,12479800.0,31129300.0,False,0.0,13:18:58
18950.0,2000,-1000.0,-0.1,SD,12479800.0,31128800.0,False,0.0,13:18:58
18950.0,200,-1000.0,-0.1,SD,12479800.0,31126800.0,False,0.0,13:18:58
18950.0,2300,-1000.0,-0.1,SD,12479800.0,31126600.0,False,0.0,13:18:58
18950.0,1000,-1000.0,-0.1,SD,12479800.0,31124300.0,False,0.0,13:18:58
18950.0,200,-1000.0,-0.1,SD,12479800.0,31123300.0,False,0.0,13:18:58
18950.0,100,-1000.0,-0.1,SD,12479800.0,31123100.0,False,0.0,13:18:58
18950.0,500,-1000.0,-0.1,SD,12479800.0,31123000.0,False,0.0,13:18:58
18950.0,200,-1000.0,-0.1,SD,12479800.0,31122500.0,False,0.0,13:18:57
18950.0,100,-1000.0,-0.1,SD,12479800.0,31122300.0,False,0.0,13:18:57
18950.0,1500,-1000.0,-0.1,SD,12479800.0,31122200.0,False,0.0,13:18:55
18950.0,100,-1000.0,-0.1,SD,12479800.0,31120700.0,False,0.0,13:18:55
18950.0,600,-1000.0,-0.1,SD,12479800.0,31120600.0,False,0.0,13:18:55
18950.0,300,-1000.0,-0.1,SD,12479800.0,31120000.0,False,0.0,13:18:55
18950.0,300,-1000.0,-0.1,SD,12479800.0,31119700.0,False,0.0,13:18:54
18950.0,200,-1000.0,-0.1,SD,12479800.0,31119400.0,False,0.0,13:18:54
18950.0,200,-1000.0,-0.1,SD,12479800.0,31119200.0,False,0.0,13:18:54
18950.0,100,-1000.0,-0.1,SD,12479800.0,31119000.0,False,0.0,13:18:54
18950.0,500,-1000.0,-0.1,SD,12479800.0,31118900.0,False,0.0,13:18:54
18950.0,100,-1000.0,-0.1,SD,12479800.0,31118400.0,False,0.0,13:18:54
18950.0,100,-1000.0,-0.1,SD,12479800.0,31118300.0,False,0.0,13:18:54
18950.0,2000,-1000.0,-0.1,SD,12479800.0,31118200.0,False,0.0,13:18:52
18950.0,100,-1000.0,-0.1,SD,12479800.0,31116200.0,False,0.0,13:18:52
18950.0,100,-1000.0,-0.1,SD,12479800.0,31116100.0,False,0.0,13:18:52
18950.0,300,-1000.0,-0.1,SD,12479800.0,31116000.0,False,0.0,13:18:52
18950.0,300,-1000.0,-0.1,SD,12479800.0,31115700.0,False,0.0,13:18:52
18950.0,100,-1000.0,-0.1,SD,12479800.0,31115400.0,False,-50.0,13:18:50
19000.0,2000,-950.0,0.0,BU,12479800.0,31115300.0,False,50.0,13:18:48
18950.0,600,-1000.0,-0.1,SD,12477800.0,31115300.0,False,0.0,13:18:48
18950.0,100,-1000.0,-0.1,SD,12477800.0,31114700.0,False,0.0,13:18:48
18950.0,200,-1000.0,-0.1,SD,12477800.0,31114600.0,False,0.0,13:18:48
18950.0,600,-1000.0,-0.1,SD,12477800.0,31114400.0,False,0.0,13:18:48
18950.0,200,-1000.0,-0.1,SD,12477800.0,31113800.0,False,0.0,13:18:48
18950.0,8300,-1000.0,-0.1,SD,12477800.0,31113600.0,False,0.0,13:18:48
18950.0,1200,-1000.0,-0.1,SD,12477800.0,31105300.0,False,0.0,13:18:47
18950.0,1100,-1000.0,-0.1,SD,12477800.0,31104100.0,False,0.0,13:18:46
18950.0,100,-1000.0,-0.1,SD,12477800.0,31103000.0,False,0.0,13:18:46
18950.0,1700,-1000.0,-0.1,SD,12477800.0,31102900.0,False,0.0,13:18:44
18950.0,2000,-1000.0,-0.1,SD,12477800.0,31101200.0,False,0.0,13:18:44
18950.0,2500,-1000.0,-0.1,SD,12477800.0,31099200.0,False,0.0,13:18:44
18950.0,1000,-1000.0,-0.1,SD,12477800.0,31096700.0,False,-50.0,13:18:40
19000.0,300,-950.0,0.0,BU,12477800.0,31095700.0,False,50.0,13:18:37
18950.0,3000,-1000.0,-0.1,SD,12477500.0,31095700.0,False,0.0,13:18:37
18950.0,2300,-1000.0,-0.1,SD,12477500.0,31092700.0,False,0.0,13:18:37
18950.0,500,-1000.0,-0.1,SD,12477500.0,31090400.0,False,0.0,13:18:36
18950.0,500,-1000.0,-0.1,SD,12477500.0,31089900.0,False,0.0,13:18:35
18950.0,2000,-1000.0,-0.1,SD,12477500.0,31089400.0,False,0.0,13:18:34
18950.0,1000,-1000.0,-0.1,SD,12477500.0,31087400.0,False,0.0,13:18:34
18950.0,1500,-1000.0,-0.1,SD,12477500.0,31086400.0,False,-50.0,13:18:33
19000.0,500,-950.0,0.0,BU,12477500.0,31084900.0,False,50.0,13:18:33
18950.0,11500,-1000.0,-0.1,SD,12477000.0,31084900.0,True,-50.0,13:18:30
19000.0,100,-950.0,0.0,BU,12477000.0,31073400.0,False,0.0,13:18:23
19000.0,500,-950.0,0.0,BU,12476900.0,31073400.0,False,0.0,13:18:23
19000.0,400,-950.0,0.0,BU,12476400.0,31073400.0,False,50.0,13:18:23
18950.0,18000,-1000.0,-0.1,SD,12476000.0,31073400.0,True,-50.0,13:18:22
19000.0,500,-950.0,0.0,BU,12476000.0,31055400.0,False,50.0,13:18:21
18950.0,1800,-1000.0,-0.1,SD,12475500.0,31055400.0,False,0.0,13:18:20
18950.0,200,-1000.0,-0.1,SD,12475500.0,31053600.0,False,-50.0,13:18:20
19000.0,100,-950.0,0.0,BU,12475500.0,31053400.0,False,100.0,13:18:17
18900.0,1000,-1050.0,-0.1,SD,12475400.0,31053400.0,False,0.0,13:18:15
18900.0,2200,-1050.0,-0.1,SD,12475400.0,31052400.0,False,0.0,13:18:15
18900.0,10000,-1050.0,-0.1,SD,12475400.0,31050200.0,False,0.0,13:18:15
18900.0,2000,-1050.0,-0.1,SD,12475400.0,31040200.0,False,0.0,13:18:15
18900.0,2000,-1050.0,-0.1,SD,12475400.0,31038200.0,False,0.0,13:18:15
18900.0,2000,-1050.0,-0.1,SD,12475400.0,31036200.0,False,0.0,13:18:15
18900.0,100,-1050.0,-0.1,SD,12475400.0,31034200.0,False,0.0,13:18:15
18900.0,100,-1050.0,-0.1,SD,12475400.0,31034100.0,False,0.0,13:18:15
18900.0,1000,-1050.0,-0.1,SD,12475400.0,31034000.0,False,0.0,13:18:15
18900.0,100,-1050.0,-0.1,SD,12475400.0,31033000.0,False,0.0,13:18:15
18900.0,2000,-1050.0,-0.1,SD,12475400.0,31032900.0,False,0.0,13:18:15
18900.0,100,-1050.0,-0.1,SD,12475400.0,31030900.0,False,0.0,13:18:15
18900.0,500,-1050.0,-0.1,SD,12475400.0,31030800.0,False,0.0,13:18:15
18900.0,200,-1050.0,-0.1,SD,12475400.0,31030300.0,False,0.0,13:18:15
18900.0,500,-1050.0,-0.1,SD,12475400.0,31030100.0,False,0.0,13:18:15
18900.0,100,-1050.0,-0.1,SD,12475400.0,31029600.0,False,0.0,13:18:15
18900.0,1000,-1050.0,-0.1,SD,12475400.0,31029500.0,False,0.0,13:18:15
18900.0,100,-1050.0,-0.1,SD,12475400.0,31028500.0,False,0.0,13:18:15
18900.0,100,-1050.0,-0.1,SD,12475400.0,31028400.0,False,0.0,13:18:15
18900.0,1500,-1050.0,-0.1,SD,12475400.0,31028300.0,False,0.0,13:18:15
18900.0,1000,-1050.0,-0.1,SD,12475400.0,31026800.0,False,0.0,13:18:15
18900.0,2000,-1050.0,-0.1,SD,12475400.0,31025800.0,False,0.0,13:18:15
18900.0,100,-1050.0,-0.1,SD,12475400.0,31023800.0,False,0.0,13:18:15
18900.0,200,-1050.0,-0.1,SD,12475400.0,31023700.0,False,0.0,13:18:15
18900.0,500,-1050.0,-0.1,SD,12475400.0,31023500.0,False,0.0,13:18:15
18900.0,1000,-1050.0,-0.1,SD,12475400.0,31023000.0,False,0.0,13:18:15
18900.0,100,-1050.0,-0.1,SD,12475400.0,31022000.0,False,0.0,13:18:15
18900.0,100,-1050.0,-0.1,SD,12475400.0,31021900.0,False,0.0,13:18:15
18900.0,100,-1050.0,-0.1,SD,12475400.0,31021800.0,False,0.0,13:18:15
18900.0,1000,-1050.0,-0.1,SD,12475400.0,31021700.0,False,0.0,13:18:15
18900.0,800,-1050.0,-0.1,SD,12475400.0,31020700.0,False,0.0,13:18:15
18900.0,100,-1050.0,-0.1,SD,12475400.0,31019900.0,False,0.0,13:18:15
18900.0,100,-1050.0,-0.1,SD,12475400.0,31019800.0,False,0.0,13:18:15
18900.0,200,-1050.0,-0.1,SD,12475400.0,31019700.0,False,0.0,13:18:15
18900.0,1000,-1050.0,-0.1,SD,12475400.0,31019500.0,False,0.0,13:18:15
18900.0,500,-1050.0,-0.1,SD,12475400.0,31018500.0,False,0.0,13:18:15
18900.0,200,-1050.0,-0.1,SD,12475400.0,31018000.0,False,0.0,13:18:15
18900.0,300,-1050.0,-0.1,SD,12475400.0,31017800.0,False,0.0,13:18:15
18900.0,300,-1050.0,-0.1,SD,12475400.0,31017500.0,False,0.0,13:18:15
18900.0,1000,-1050.0,-0.1,SD,12475400.0,31017200.0,False,0.0,13:18:15
18900.0,2000,-1050.0,-0.1,SD,12475400.0,31016200.0,False,0.0,13:18:15
18900.0,1000,-1050.0,-0.1,SD,12475400.0,31014200.0,False,0.0,13:18:15
18900.0,100,-1050.0,-0.1,SD,12475400.0,31013200.0,False,0.0,13:18:15
18900.0,200,-1050.0,-0.1,SD,12475400.0,31013100.0,False,0.0,13:18:15
18900.0,200,-1050.0,-0.1,SD,12475400.0,31012900.0,False,0.0,13:18:15
18900.0,300,-1050.0,-0.1,SD,12475400.0,31012700.0,False,0.0,13:18:15
18900.0,1000,-1050.0,-0.1,SD,12475400.0,31012400.0,False,0.0,13:18:15
18900.0,100,-1050.0,-0.1,SD,12475400.0,31011400.0,False,0.0,13:18:15
18900.0,1000,-1050.0,-0.1,SD,12475400.0,31011300.0,False,0.0,13:18:15
18900.0,1000,-1050.0,-0.1,SD,12475400.0,31010300.0,False,0.0,13:18:15
18900.0,100,-1050.0,-0.1,SD,12475400.0,31009300.0,False,0.0,13:18:15
18900.0,1000,-1050.0,-0.1,SD,12475400.0,31009200.0,False,0.0,13:18:15
18900.0,200,-1050.0,-0.1,SD,12475400.0,31008200.0,False,0.0,13:18:15
18900.0,100,-1050.0,-0.1,SD,12475400.0,31008000.0,False,0.0,13:18:15
18900.0,500,-1050.0,-0.1,SD,12475400.0,31007900.0,False,0.0,13:18:15
18900.0,300,-1050.0,-0.1,SD,12475400.0,31007400.0,False,0.0,13:18:15
18900.0,100,-1050.0,-0.1,SD,12475400.0,31007100.0,False,0.0,13:18:15
18900.0,800,-1050.0,-0.1,SD,12475400.0,31007000.0,False,0.0,13:18:15
18900.0,100,-1050.0,-0.1,SD,12475400.0,31006200.0,False,0.0,13:18:15
18900.0,2800,-1050.0,-0.1,SD,12475400.0,31006100.0,False,0.0,13:18:15
18900.0,300,-1050.0,-0.1,SD,12475400.0,31003300.0,False,0.0,13:18:15
18900.0,200,-1050.0,-0.1,SD,12475400.0,31003000.0,False,0.0,13:18:15
18900.0,100,-1050.0,-0.1,SD,12475400.0,31002800.0,False,0.0,13:18:15
18900.0,20000,-1050.0,-0.1,SD,12475400.0,31002700.0,True,0.0,13:18:15
18900.0,100,-1050.0,-0.1,SD,12475400.0,30982700.0,False,0.0,13:18:15
18900.0,1000,-1050.0,-0.1,SD,12475400.0,30982600.0,False,0.0,13:18:15
18900.0,3000,-1050.0,-0.1,SD,12475400.0,30981600.0,False,0.0,13:18:15
18900.0,100,-1050.0,-0.1,SD,12475400.0,30978600.0,False,0.0,13:18:15
18900.0,300,-1050.0,-0.1,SD,12475400.0,30978500.0,False,0.0,13:18:15
18900.0,900,-1050.0,-0.1,SD,12475400.0,30978200.0,False,0.0,13:18:15
18900.0,200,-1050.0,-0.1,SD,12475400.0,30977300.0,False,0.0,13:18:15
18900.0,100,-1050.0,-0.1,SD,12475400.0,30977100.0,False,0.0,13:18:15
18900.0,200,-1050.0,-0.1,SD,12475400.0,30977000.0,False,0.0,13:18:15
18900.0,100,-1050.0,-0.1,SD,12475400.0,30976800.0,False,0.0,13:18:15
18900.0,300,-1050.0,-0.1,SD,12475400.0,30976700.0,False,0.0,13:18:15
18900.0,500,-1050.0,-0.1,SD,12475400.0,30976400.0,False,0.0,13:18:15
18900.0,8000,-1050.0,-0.1,SD,12475400.0,30975900.0,False,0.0,13:18:15
18900.0,6900,-1050.0,-0.1,SD,12475400.0,30967900.0,False,0.0,13:18:15
18900.0,100,-1050.0,-0.1,SD,12475400.0,30961000.0,False,-50.0,13:18:15
18950.0,100,-1000.0,-0.1,SD,12475400.0,30960900.0,False,0.0,13:18:15
18950.0,300,-1000.0,-0.1,SD,12475400.0,30960800.0,False,0.0,13:18:15
18950.0,7100,-1000.0,-0.1,SD,12475400.0,30960500.0,False,-50.0,13:18:15
19000.0,100,-950.0,0.0,BU,12475400.0,30953400.0,False,50.0,13:18:15
18950.0,2900,-1000.0,-0.1,SD,12475300.0,30953400.0,False,0.0,13:18:15
18950.0,100,-1000.0,-0.1,SD,12475300.0,30950500.0,False,0.0,13:18:15
18950.0,1000,-1000.0,-0.1,SD,12475300.0,30950400.0,False,-50.0,13:18:14
19000.0,2000,-950.0,0.0,BU,12475300.0,30949400.0,False,100.0,13:18:12
18900.0,2500,-1050.0,-0.1,SD,12473300.0,30949400.0,False,0.0,13:18:12
18900.0,200,-1050.0,-0.1,SD,12473300.0,30946900.0,False,0.0,13:18:12
18900.0,500,-1050.0,-0.1,SD,12473300.0,30946700.0,False,0.0,13:18:12
18900.0,100,-1050.0,-0.1,SD,12473300.0,30946200.0,False,0.0,13:18:12
18900.0,500,-1050.0,-0.1,SD,12473300.0,30946100.0,False,0.0,13:18:12
18900.0,500,-1050.0,-0.1,SD,12473300.0,30945600.0,False,0.0,13:18:12
18900.0,100000,-1050.0,-0.1,SD,12473300.0,30945100.0,True,0.0,13:18:12
18900.0,500,-1050.0,-0.1,SD,12473300.0,30845100.0,False,0.0,13:18:12
18900.0,200,-1050.0,-0.1,SD,12473300.0,30844600.0,False,0.0,13:18:12
18900.0,1000,-1050.0,-0.1,SD,12473300.0,30844400.0,False,0.0,13:18:12
18900.0,2000,-1050.0,-0.1,SD,12473300.0,30843400.0,False,0.0,13:18:12
18900.0,500,-1050.0,-0.1,SD,12473300.0,30841400.0,False,0.0,13:18:12
18900.0,100,-1050.0,-0.1,SD,12473300.0,30840900.0,False,0.0,13:18:12
18900.0,100,-1050.0,-0.1,SD,12473300.0,30840800.0,False,0.0,13:18:12
18900.0,200,-1050.0,-0.1,SD,12473300.0,30840700.0,False,0.0,13:18:12
18900.0,3000,-1050.0,-0.1,SD,12473300.0,30840500.0,False,0.0,13:18:12
18900.0,1000,-1050.0,-0.1,SD,12473300.0,30837500.0,False,0.0,13:18:12
18900.0,200,-1050.0,-0.1,SD,12473300.0,30836500.0,False,0.0,13:18:12
18900.0,300,-1050.0,-0.1,SD,12473300.0,30836300.0,False,0.0,13:18:12
18900.0,100,-1050.0,-0.1,SD,12473300.0,30836000.0,False,0.0,13:18:12
18900.0,3500,-1050.0,-0.1,SD,12473300.0,30835900.0,False,0.0,13:18:12
18900.0,1000,-1050.0,-0.1,SD,12473300.0,30832400.0,False,0.0,13:18:12
18900.0,1000,-1050.0,-0.1,SD,12473300.0,30831400.0,False,0.0,13:18:12
18900.0,100,-1050.0,-0.1,SD,12473300.0,30830400.0,False,0.0,13:18:12
18900.0,100,-1050.0,-0.1,SD,12473300.0,30830300.0,False,0.0,13:18:12
18900.0,500,-1050.0,-0.1,SD,12473300.0,30830200.0,False,0.0,13:18:12
18900.0,100,-1050.0,-0.1,SD,12473300.0,30829700.0,False,0.0,13:18:12
18900.0,200,-1050.0,-0.1,SD,12473300.0,30829600.0,False,0.0,13:18:12
18900.0,8900,-1050.0,-0.1,SD,12473300.0,30829400.0,False,0.0,13:18:12
18900.0,100,-1050.0,-0.1,SD,12473300.0,30820500.0,False,0.0,13:18:12
18900.0,100,-1050.0,-0.1,SD,12473300.0,30820400.0,False,0.0,13:18:12
18900.0,500,-1050.0,-0.1,SD,12473300.0,30820300.0,False,0.0,13:18:12
18900.0,2000,-1050.0,-0.1,SD,12473300.0,30819800.0,False,0.0,13:18:12
18900.0,100,-1050.0,-0.1,SD,12473300.0,30817800.0,False,0.0,13:18:12
18900.0,100,-1050.0,-0.1,SD,12473300.0,30817700.0,False,0.0,13:18:12
18900.0,100,-1050.0,-0.1,SD,12473300.0,30817600.0,False,0.0,13:18:12
18900.0,1000,-1050.0,-0.1,SD,12473300.0,30817500.0,False,0.0,13:18:12
18900.0,200,-1050.0,-0.1,SD,12473300.0,30816500.0,False,0.0,13:18:12
18900.0,1000,-1050.0,-0.1,SD,12473300.0,30816300.0,False,0.0,13:18:12
18900.0,1000,-1050.0,-0.1,SD,12473300.0,30815300.0,False,0.0,13:18:12
18900.0,300,-1050.0,-0.1,SD,12473300.0,30814300.0,False,0.0,13:18:12
18900.0,100,-1050.0,-0.1,SD,12473300.0,30814000.0,False,0.0,13:18:12
18900.0,200,-1050.0,-0.1,SD,12473300.0,30813900.0,False,0.0,13:18:12
18900.0,1000,-1050.0,-0.1,SD,12473300.0,30813700.0,False,0.0,13:18:12
18900.0,100,-1050.0,-0.1,SD,12473300.0,30812700.0,False,0.0,13:18:12
18900.0,200,-1050.0,-0.1,SD,12473300.0,30812600.0,False,0.0,13:18:12
18900.0,100,-1050.0,-0.1,SD,12473300.0,30812400.0,False,0.0,13:18:12
18900.0,3000,-1050.0,-0.1,SD,12473300.0,30812300.0,False,0.0,13:18:12
18900.0,2400,-1050.0,-0.1,SD,12473300.0,30809300.0,False,0.0,13:18:12
18900.0,100,-1050.0,-0.1,SD,12473300.0,30806900.0,False,0.0,13:18:12
18900.0,100,-1050.0,-0.1,SD,12473300.0,30806800.0,False,0.0,13:18:12
18900.0,100,-1050.0,-0.1,SD,12473300.0,30806700.0,False,0.0,13:18:12
18900.0,100,-1050.0,-0.1,SD,12473300.0,30806600.0,False,0.0,13:18:12
18900.0,1000,-1050.0,-0.1,SD,12473300.0,30806500.0,False,0.0,13:18:12
18900.0,100,-1050.0,-0.1,SD,12473300.0,30805500.0,False,0.0,13:18:12
18900.0,10000,-1050.0,-0.1,SD,12473300.0,30805400.0,False,0.0,13:18:12
18900.0,300,-1050.0,-0.1,SD,12473300.0,30795400.0,False,0.0,13:18:12
18900.0,1000,-1050.0,-0.1,SD,12473300.0,30795100.0,False,0.0,13:18:12
18900.0,500,-1050.0,-0.1,SD,12473300.0,30794100.0,False,0.0,13:18:12
18900.0,100,-1050.0,-0.1,SD,12473300.0,30793600.0,False,0.0,13:18:12
18900.0,1000,-1050.0,-0.1,SD,12473300.0,30793500.0,False,0.0,13:18:12
18900.0,500,-1050.0,-0.1,SD,12473300.0,30792500.0,False,0.0,13:18:12
18900.0,2000,-1050.0,-0.1,SD,12473300.0,30792000.0,False,0.0,13:18:12
18900.0,500,-1050.0,-0.1,SD,12473300.0,30790000.0,False,0.0,13:18:12
18900.0,10000,-1050.0,-0.1,SD,12473300.0,30789500.0,False,0.0,13:18:12
18900.0,100,-1050.0,-0.1,SD,12473300.0,30779500.0,False,0.0,13:18:12
18900.0,2000,-1050.0,-0.1,SD,12473300.0,30779400.0,False,0.0,13:18:12
18900.0,300,-1050.0,-0.1,SD,12473300.0,30777400.0,False,0.0,13:18:12
18900.0,500,-1050.0,-0.1,SD,12473300.0,30777100.0,False,0.0,13:18:12
18900.0,100,-1050.0,-0.1,SD,12473300.0,30776600.0,False,0.0,13:18:12
18900.0,100,-1050.0,-0.1,SD,12473300.0,30776500.0,False,0.0,13:18:12
18900.0,100,-1050.0,-0.1,SD,12473300.0,30776400.0,False,0.0,13:18:12
18900.0,1000,-1050.0,-0.1,SD,12473300.0,30776300.0,False,0.0,13:18:12
18900.0,5500,-1050.0,-0.1,SD,12473300.0,30775300.0,False,0.0,13:18:12
18900.0,1000,-1050.0,-0.1,SD,12473300.0,30769800.0,False,0.0,13:18:12
18900.0,1000,-1050.0,-0.1,SD,12473300.0,30768800.0,False,0.0,13:18:12
18900.0,200,-1050.0,-0.1,SD,12473300.0,30767800.0,False,0.0,13:18:12
18900.0,400,-1050.0,-0.1,SD,12473300.0,30767600.0,False,-50.0,13:18:12
18950.0,500,-1000.0,-0.1,SD,12473300.0,30767200.0,False,0.0,13:18:12
18950.0,800,-1000.0,-0.1,SD,12473300.0,30766700.0,False,0.0,13:18:12
18950.0,100,-1000.0,-0.1,SD,12473300.0,30765900.0,False,0.0,13:18:12
18950.0,1000,-1000.0,-0.1,SD,12473300.0,30765800.0,False,0.0,13:18:12
18950.0,1000,-1000.0,-0.1,SD,12473300.0,30764800.0,False,0.0,13:18:12
18950.0,600,-1000.0,-0.1,SD,12473300.0,30763800.0,False,0.0,13:18:12
18950.0,100,-1000.0,-0.1,SD,12473300.0,30763200.0,False,0.0,13:18:12
18950.0,500,-1000.0,-0.1,SD,12473300.0,30763100.0,False,0.0,13:18:12
18950.0,4200,-1000.0,-0.1,SD,12473300.0,30762600.0,False,0.0,13:18:12
18950.0,500,-1000.0,-0.1,SD,12473300.0,30758400.0,False,0.0,13:18:12
18950.0,100,-1000.0,-0.1,SD,12473300.0,30757900.0,False,0.0,13:18:12
18950.0,500,-1000.0,-0.1,SD,12473300.0,30757800.0,False,0.0,13:18:12
18950.0,300,-1000.0,-0.1,SD,12473300.0,30757300.0,False,0.0,13:18:12
18950.0,100,-1000.0,-0.1,SD,12473300.0,30757000.0,False,0.0,13:18:12
18950.0,100,-1000.0,-0.1,SD,12473300.0,30756900.0,False,0.0,13:18:12
18950.0,7400,-1000.0,-0.1,SD,12473300.0,30756800.0,False,-50.0,13:18:12
19000.0,200,-950.0,0.0,BU,12473300.0,30749400.0,False,50.0,13:18:11
18950.0,2000,-1000.0,-0.1,SD,12473100.0,30749400.0,False,0.0,13:18:11
18950.0,20000,-1000.0,-0.1,SD,12473100.0,30747400.0,True,0.0,13:18:11
18950.0,1500,-1000.0,-0.1,SD,12473100.0,30727400.0,False,0.0,13:18:09
18950.0,1600,-1000.0,-0.1,SD,12473100.0,30725900.0,False,-50.0,13:18:09
19000.0,1600,-950.0,0.0,BU,12473100.0,30724300.0,False,0.0,13:18:09
19000.0,1100,-950.0,0.0,BU,12471500.0,30724300.0,False,0.0,13:18:06
19000.0,700,-950.0,0.0,BU,12470400.0,30724300.0,False,0.0,13:18:06
19000.0,200,-950.0,0.0,BU,12469700.0,30724300.0,False,50.0,13:18:06
18950.0,500,-1000.0,-0.1,SD,12469500.0,30724300.0,False,0.0,13:18:06
18950.0,27000,-1000.0,-0.1,SD,12469500.0,30723800.0,True,0.0,13:18:06
18950.0,200,-1000.0,-0.1,SD,12469500.0,30696800.0,False,0.0,13:18:06
18950.0,500,-1000.0,-0.1,SD,12469500.0,30696600.0,False,0.0,13:18:06
18950.0,100,-1000.0,-0.1,SD,12469500.0,30696100.0,False,0.0,13:18:06
18950.0,100,-1000.0,-0.1,SD,12469500.0,30696000.0,False,0.0,13:18:06
18950.0,500,-1000.0,-0.1,SD,12469500.0,30695900.0,False,0.0,13:18:06
18950.0,1000,-1000.0,-0.1,SD,12469500.0,30695400.0,False,0.0,13:18:06
18950.0,800,-1000.0,-0.1,SD,12469500.0,30694400.0,False,0.0,13:18:06
18950.0,1900,-1000.0,-0.1,SD,12469500.0,30693600.0,False,0.0,13:18:06
18950.0,100,-1000.0,-0.1,SD,12469500.0,30691700.0,False,0.0,13:18:06
18950.0,1200,-1000.0,-0.1,SD,12469500.0,30691600.0,False,0.0,13:18:06
18950.0,500,-1000.0,-0.1,SD,12469500.0,30690400.0,False,0.0,13:18:06
18950.0,5000,-1000.0,-0.1,SD,12469500.0,30689900.0,False,0.0,13:18:06
18950.0,1000,-1000.0,-0.1,SD,12469500.0,30684900.0,False,0.0,13:18:06
18950.0,300,-1000.0,-0.1,SD,12469500.0,30683900.0,False,0.0,13:18:05
18950.0,100,-1000.0,-0.1,SD,12469500.0,30683600.0,False,0.0,13:18:05
18950.0,1100,-1000.0,-0.1,SD,12469500.0,30683500.0,False,0.0,13:18:05
18950.0,800,-1000.0,-0.1,SD,12469500.0,30682400.0,False,0.0,13:18:05
18950.0,2000,-1000.0,-0.1,SD,12469500.0,30681600.0,False,0.0,13:18:05
18950.0,100,-1000.0,-0.1,SD,12469500.0,30679600.0,False,0.0,13:18:05
18950.0,300,-1000.0,-0.1,SD,12469500.0,30679500.0,False,0.0,13:18:05
18950.0,1000,-1000.0,-0.1,SD,12469500.0,30679200.0,False,0.0,13:18:05
18950.0,300,-1000.0,-0.1,SD,12469500.0,30678200.0,False,0.0,13:18:05
18950.0,100,-1000.0,-0.1,SD,12469500.0,30677900.0,False,0.0,13:18:05
18950.0,200,-1000.0,-0.1,SD,12469500.0,30677800.0,False,0.0,13:18:05
18950.0,3800,-1000.0,-0.1,SD,12469500.0,30677600.0,False,0.0,13:18:05
18950.0,200,-1000.0,-0.1,SD,12469500.0,30673800.0,False,-50.0,13:18:05
19000.0,500,-950.0,0.0,BU,12469500.0,30673600.0,False,50.0,13:18:04
18950.0,100,-1000.0,-0.1,SD,12469000.0,30673600.0,False,-50.0,13:18:01
19000.0,100,-950.0,0.0,BU,12469000.0,30673500.0,False,50.0,13:18:01
18950.0,200,-1000.0,-0.1,SD,12468900.0,30673500.0,False,-50.0,13:17:58
19000.0,200,-950.0,0.0,BU,12468900.0,30673300.0,False,0.0,13:17:58
19000.0,1000,-950.0,0.0,BU,12468700.0,30673300.0,False,0.0,13:17:57
19000.0,100,-950.0,0.0,BU,12467700.0,30673300.0,False,0.0,13:17:57
19000.0,8900,-950.0,0.0,BU,12467600.0,30673300.0,False,50.0,13:17:57
18950.0,300,-1000.0,-0.1,SD,12458700.0,30673300.0,False,0.0,13:17:55
18950.0,3000,-1000.0,-0.1,SD,12458700.0,30673000.0,False,-50.0,13:17:54
19000.0,1000,-950.0,0.0,BU,12458700.0,30670000.0,False,50.0,13:17:54
18950.0,200,-1000.0,-0.1,SD,12457700.0,30670000.0,False,0.0,13:17:53
18950.0,1000,-1000.0,-0.1,SD,12457700.0,30669800.0,False,-50.0,13:17:52
19000.0,100,-950.0,0.0,BU,12457700.0,30668800.0,False,50.0,13:17:51
18950.0,800,-1000.0,-0.1,SD,12457600.0,30668800.0,False,0.0,13:17:49
18950.0,200,-1000.0,-0.1,SD,12457600.0,30668000.0,False,0.0,13:17:49
18950.0,400,-1000.0,-0.1,SD,12457600.0,30667800.0,False,0.0,13:17:48
18950.0,1200,-1000.0,-0.1,BU,12457600.0,30667400.0,False,0.0,13:17:47
18950.0,300,-1000.0,-0.1,BU,12456400.0,30667400.0,False,0.0,13:17:47
18950.0,200,-1000.0,-0.1,BU,12456100.0,30667400.0,False,0.0,13:17:47
18950.0,100,-1000.0,-0.1,SD,12455900.0,30667400.0,False,0.0,13:17:46
18950.0,100,-1000.0,-0.1,SD,12455900.0,30667300.0,False,0.0,13:17:46
18950.0,1000,-1000.0,-0.1,SD,12455900.0,30667200.0,False,0.0,13:17:46
18950.0,300,-1000.0,-0.1,SD,12455900.0,30666200.0,False,0.0,13:17:46
18950.0,200,-1000.0,-0.1,SD,12455900.0,30665900.0,False,0.0,13:17:46
18950.0,2000,-1000.0,-0.1,SD,12455900.0,30665700.0,False,0.0,13:17:46
18950.0,500,-1000.0,-0.1,SD,12455900.0,30663700.0,False,0.0,13:17:46
18950.0,200,-1000.0,-0.1,SD,12455900.0,30663200.0,False,0.0,13:17:46
18950.0,100,-1000.0,-0.1,SD,12455900.0,30663000.0,False,0.0,13:17:46
18950.0,800,-1000.0,-0.1,SD,12455900.0,30662900.0,False,-50.0,13:17:46
19000.0,2300,-950.0,0.0,BU,12455900.0,30662100.0,False,50.0,13:17:45
18950.0,3300,-1000.0,-0.1,SD,12453600.0,30662100.0,False,0.0,13:17:45
18950.0,100,-1000.0,-0.1,SD,12453600.0,30658800.0,False,0.0,13:17:44
18950.0,1700,-1000.0,-0.1,SD,12453600.0,30658700.0,False,0.0,13:17:43
18950.0,100,-1000.0,-0.1,SD,12453600.0,30657000.0,False,0.0,13:17:43
18950.0,400,-1000.0,-0.1,SD,12453600.0,30656900.0,False,0.0,13:17:43
18950.0,100,-1000.0,-0.1,SD,12453600.0,30656500.0,False,0.0,13:17:43
18950.0,1000,-1000.0,-0.1,SD,12453600.0,30656400.0,False,0.0,13:17:43
18950.0,400,-1000.0,-0.1,SD,12453600.0,30655400.0,False,0.0,13:17:43
18950.0,600,-1000.0,-0.1,SD,12453600.0,30655000.0,False,0.0,13:17:43
18950.0,700,-1000.0,-0.1,SD,12453600.0,30654400.0,False,0.0,13:17:43
18950.0,1000,-1000.0,-0.1,SD,12453600.0,30653700.0,False,0.0,13:17:43
18950.0,100,-1000.0,-0.1,SD,12453600.0,30652700.0,False,0.0,13:17:43
18950.0,100,-1000.0,-0.1,SD,12453600.0,30652600.0,False,0.0,13:17:43
18950.0,300,-1000.0,-0.1,SD,12453600.0,30652500.0,False,0.0,13:17:43
18950.0,500,-1000.0,-0.1,SD,12453600.0,30652200.0,False,0.0,13:17:43
18950.0,1000,-1000.0,-0.1,SD,12453600.0,30651700.0,False,0.0,13:17:43
18950.0,500,-1000.0,-0.1,SD,12453600.0,30650700.0,False,0.0,13:17:43
18950.0,700,-1000.0,-0.1,SD,12453600.0,30650200.0,False,0.0,13:17:43
18950.0,2000,-1000.0,-0.1,SD,12453600.0,30649500.0,False,0.0,13:17:42
18950.0,2300,-1000.0,-0.1,SD,12453600.0,30647500.0,False,0.0,13:17:42
18950.0,100,-1000.0,-0.1,SD,12453600.0,30645200.0,False,0.0,13:17:42
18950.0,100,-1000.0,-0.1,SD,12453600.0,30645100.0,False,0.0,13:17:42
18950.0,100,-1000.0,-0.1,SD,12453600.0,30645000.0,False,0.0,13:17:42
18950.0,200,-1000.0,-0.1,SD,12453600.0,30644900.0,False,0.0,13:17:42
18950.0,1000,-1000.0,-0.1,SD,12453600.0,30644700.0,False,0.0,13:17:42
18950.0,100,-1000.0,-0.1,SD,12453600.0,30643700.0,False,0.0,13:17:42
18950.0,100,-1000.0,-0.1,SD,12453600.0,30643600.0,False,0.0,13:17:42
18950.0,100,-1000.0,-0.1,SD,12453600.0,30643500.0,False,0.0,13:17:42
18950.0,3000,-1000.0,-0.1,SD,12453600.0,30643400.0,False,0.0,13:17:42
18950.0,500,-1000.0,-0.1,SD,12453600.0,30640400.0,False,0.0,13:17:42
18950.0,100,-1000.0,-0.1,SD,12453600.0,30639900.0,False,0.0,13:17:42
18950.0,1500,-1000.0,-0.1,SD,12453600.0,30639800.0,False,0.0,13:17:42
18950.0,600,-1000.0,-0.1,SD,12453600.0,30638300.0,False,0.0,13:17:42
18950.0,200,-1000.0,-0.1,SD,12453600.0,30637700.0,False,0.0,13:17:42
18950.0,3000,-1000.0,-0.1,SD,12453600.0,30637500.0,False,-50.0,13:17:42
19000.0,700,-950.0,0.0,BU,12453600.0,30634500.0,False,0.0,13:17:41
19000.0,300,-950.0,0.0,BU,12452900.0,30634500.0,False,50.0,13:17:41
18950.0,500,-1000.0,-0.1,SD,12452600.0,30634500.0,False,0.0,13:17:41
18950.0,100,-1000.0,-0.1,SD,12452600.0,30634000.0,False,0.0,13:17:41
18950.0,300,-1000.0,-0.1,SD,12452600.0,30633900.0,False,0.0,13:17:41
18950.0,100,-1000.0,-0.1,SD,12452600.0,30633600.0,False,0.0,13:17:41
18950.0,900,-1000.0,-0.1,SD,12452600.0,30633500.0,False,0.0,13:17:39
18950.0,500,-1000.0,-0.1,SD,12452600.0,30632600.0,False,0.0,13:17:39
18950.0,200,-1000.0,-0.1,SD,12452600.0,30632100.0,False,0.0,13:17:39
18950.0,200,-1000.0,-0.1,SD,12452600.0,30631900.0,False,0.0,13:17:39
18950.0,5000,-1000.0,-0.1,SD,12452600.0,30631700.0,False,0.0,13:17:39
18950.0,500,-1000.0,-0.1,SD,12452600.0,30626700.0,False,0.0,13:17:39
18950.0,100,-1000.0,-0.1,SD,12452600.0,30626200.0,False,0.0,13:17:39
18950.0,100,-1000.0,-0.1,SD,12452600.0,30626100.0,False,0.0,13:17:39
18950.0,2500,-1000.0,-0.1,SD,12452600.0,30626000.0,False,0.0,13:17:39
18950.0,1000,-1000.0,-0.1,SD,12452600.0,30623500.0,False,-50.0,13:17:38
19000.0,300,-950.0,0.0,BU,12452600.0,30622500.0,False,50.0,13:17:38
18950.0,500,-1000.0,-0.1,SD,12452300.0,30622500.0,False,0.0,13:17:37
18950.0,2000,-1000.0,-0.1,SD,12452300.0,30622000.0,False,0.0,13:17:35
18950.0,1000,-1000.0,-0.1,SD,12452300.0,30620000.0,False,0.0,13:17:35
18950.0,10000,-1000.0,-0.1,SD,12452300.0,30619000.0,False,0.0,13:17:35
18950.0,400,-1000.0,-0.1,SD,12452300.0,30609000.0,False,0.0,13:17:35
18950.0,100,-1000.0,-0.1,SD,12452300.0,30608600.0,False,0.0,13:17:35
18950.0,5000,-1000.0,-0.1,SD,12452300.0,30608500.0,False,0.0,13:17:35
18950.0,200,-1000.0,-0.1,SD,12452300.0,30603500.0,False,0.0,13:17:35
18950.0,2000,-1000.0,-0.1,SD,12452300.0,30603300.0,False,0.0,13:17:35
18950.0,100,-1000.0,-0.1,SD,12452300.0,30601300.0,False,0.0,13:17:35
18950.0,100,-1000.0,-0.1,SD,12452300.0,30601200.0,False,0.0,13:17:35
18950.0,600,-1000.0,-0.1,SD,12452300.0,30601100.0,False,0.0,13:17:35
18950.0,100,-1000.0,-0.1,SD,12452300.0,30600500.0,False,0.0,13:17:35
18950.0,100,-1000.0,-0.1,SD,12452300.0,30600400.0,False,0.0,13:17:35
18950.0,6600,-1000.0,-0.1,SD,12452300.0,30600300.0,False,0.0,13:17:35
18950.0,200,-1000.0,-0.1,SD,12452300.0,30593700.0,False,0.0,13:17:35
18950.0,3500,-1000.0,-0.1,SD,12452300.0,30593500.0,False,0.0,13:17:35
18950.0,1000,-1000.0,-0.1,SD,12452300.0,30590000.0,False,0.0,13:17:35
18950.0,600,-1000.0,-0.1,SD,12452300.0,30589000.0,False,0.0,13:17:35
18950.0,100,-1000.0,-0.1,SD,12452300.0,30588400.0,False,0.0,13:17:35
18950.0,1700,-1000.0,-0.1,SD,12452300.0,30588300.0,False,0.0,13:17:35
18950.0,700,-1000.0,-0.1,SD,12452300.0,30586600.0,False,0.0,13:17:35
18950.0,100,-1000.0,-0.1,SD,12452300.0,30585900.0,False,0.0,13:17:35
18950.0,1000,-1000.0,-0.1,SD,12452300.0,30585800.0,False,0.0,13:17:35
18950.0,500,-1000.0,-0.1,SD,12452300.0,30584800.0,False,0.0,13:17:35
18950.0,200,-1000.0,-0.1,SD,12452300.0,30584300.0,False,0.0,13:17:35
18950.0,200,-1000.0,-0.1,SD,12452300.0,30584100.0,False,0.0,13:17:35
18950.0,100,-1000.0,-0.1,SD,12452300.0,30583900.0,False,0.0,13:17:35
18950.0,1000,-1000.0,-0.1,SD,12452300.0,30583800.0,False,0.0,13:17:35
18950.0,31200,-1000.0,-0.1,SD,12452300.0,30582800.0,True,0.0,13:17:35
18950.0,1000,-1000.0,-0.1,SD,12452300.0,30551600.0,False,0.0,13:17:35
18950.0,1000,-1000.0,-0.1,SD,12452300.0,30550600.0,False,0.0,13:17:35
18950.0,500,-1000.0,-0.1,SD,12452300.0,30549600.0,False,0.0,13:17:35
18950.0,1800,-1000.0,-0.1,SD,12452300.0,30549100.0,False,0.0,13:17:35
18950.0,100,-1000.0,-0.1,SD,12452300.0,30547300.0,False,0.0,13:17:35
18950.0,200,-1000.0,-0.1,SD,12452300.0,30547200.0,False,0.0,13:17:35
18950.0,100,-1000.0,-0.1,SD,12452300.0,30547000.0,False,-50.0,13:17:35
19000.0,500,-950.0,0.0,BU,12452300.0,30546900.0,False,0.0,13:17:32
19000.0,100,-950.0,0.0,BU,12451800.0,30546900.0,False,50.0,13:17:31
18950.0,400,-1000.0,-0.1,SD,12451700.0,30546900.0,False,-50.0,13:17:31
19000.0,800,-950.0,0.0,BU,12451700.0,30546500.0,False,0.0,13:17:30
19000.0,800,-950.0,0.0,BU,12450900.0,30546500.0,False,50.0,13:17:30
18950.0,300,-1000.0,-0.1,SD,12450100.0,30546500.0,False,0.0,13:17:28
18950.0,300,-1000.0,-0.1,SD,12450100.0,30546200.0,False,0.0,13:17:25
18950.0,500,-1000.0,-0.1,SD,12450100.0,30545900.0,False,-50.0,13:17:24
19000.0,3000,-950.0,0.0,BU,12450100.0,30545400.0,False,50.0,13:17:21
18950.0,300,-1000.0,-0.1,SD,12447100.0,30545400.0,False,0.0,13:17:18
18950.0,100,-1000.0,-0.1,SD,12447100.0,30545100.0,False,-50.0,13:17:17
19000.0,2200,-950.0,0.0,BU,12447100.0,30545000.0,False,0.0,13:17:16
19000.0,1400,-950.0,0.0,BU,12444900.0,30545000.0,False,0.0,13:17:16
19000.0,100,-950.0,0.0,BU,12443500.0,30545000.0,False,0.0,13:17:14
19000.0,100,-950.0,0.0,BU,12443400.0,30545000.0,False,50.0,13:17:14
18950.0,2000,-1000.0,-0.1,SD,12443300.0,30545000.0,False,0.0,13:17:12
18950.0,1000,-1000.0,-0.1,SD,12443300.0,30543000.0,False,-50.0,13:17:10
19000.0,400,-950.0,0.0,BU,12443300.0,30542000.0,False,0.0,13:17:08
19000.0,100,-950.0,0.0,BU,12442900.0,30542000.0,False,0.0,13:17:08
19000.0,5000,-950.0,0.0,BU,12442800.0,30542000.0,False,0.0,13:17:08
19000.0,100,-950.0,0.0,BU,12437800.0,30542000.0,False,0.0,13:17:05
19000.0,9900,-950.0,0.0,BU,12437700.0,30542000.0,False,0.0,13:17:05
19000.0,10000,-950.0,0.0,BU,12427800.0,30542000.0,False,0.0,13:17:05
19000.0,400,-950.0,0.0,BU,12417800.0,30542000.0,False,0.0,13:17:05
19000.0,500,-950.0,0.0,BU,12417400.0,30542000.0,False,0.0,13:17:05
19000.0,1000,-950.0,0.0,BU,12416900.0,30542000.0,False,0.0,13:17:05
19000.0,3000,-950.0,0.0,BU,12415900.0,30542000.0,False,0.0,13:17:05
19000.0,200,-950.0,0.0,BU,12412900.0,30542000.0,False,0.0,13:17:05
19000.0,1000,-950.0,0.0,BU,12412700.0,30542000.0,False,0.0,13:17:05
19000.0,600,-950.0,0.0,BU,12411700.0,30542000.0,False,0.0,13:17:05
19000.0,100,-950.0,0.0,BU,12411100.0,30542000.0,False,0.0,13:17:05
19000.0,300,-950.0,0.0,BU,12411000.0,30542000.0,False,0.0,13:17:05
19000.0,100,-950.0,0.0,BU,12410700.0,30542000.0,False,0.0,13:17:05
19000.0,100,-950.0,0.0,BU,12410600.0,30542000.0,False,0.0,13:17:05
19000.0,2800,-950.0,0.0,BU,12410500.0,30542000.0,False,0.0,13:17:05
19000.0,100,-950.0,0.0,BU,12407700.0,30542000.0,False,0.0,13:17:03
19000.0,200,-950.0,0.0,BU,12407600.0,30542000.0,False,50.0,13:17:03
18950.0,100,-1000.0,-0.1,SD,12407400.0,30542000.0,False,0.0,13:17:02
18950.0,10000,-1000.0,-0.1,SD,12407400.0,30541900.0,False,-50.0,13:17:01
19000.0,100,-950.0,0.0,BU,12407400.0,30531900.0,False,0.0,13:16:58
19000.0,800,-950.0,0.0,BU,12407300.0,30531900.0,False,0.0,13:16:58
19000.0,900,-950.0,0.0,BU,12406500.0,30531900.0,False,0.0,13:16:58
19000.0,200,-950.0,0.0,BU,12405600.0,30531900.0,False,0.0,13:16:58
19000.0,10000,-950.0,0.0,BU,12405400.0,30531900.0,False,0.0,13:16:57
19000.0,1000,-950.0,0.0,BU,12395400.0,30531900.0,False,50.0,13:16:53
18950.0,600,-1000.0,-0.1,SD,12394400.0,30531900.0,False,0.0,13:16:53
18950.0,5000,-1000.0,-0.1,SD,12394400.0,30531300.0,False,0.0,13:16:52
18950.0,1000,-1000.0,-0.1,SD,12394400.0,30526300.0,False,-50.0,13:16:50
19000.0,500,-950.0,0.0,BU,12394400.0,30525300.0,False,0.0,13:16:50
19000.0,500,-950.0,0.0,BU,12393900.0,30525300.0,False,0.0,13:16:49
19000.0,5000,-950.0,0.0,BU,12393400.0,30525300.0,False,0.0,13:16:49
19000.0,200,-950.0,0.0,BU,12388400.0,30525300.0,False,0.0,13:16:49
19000.0,300,-950.0,0.0,BU,12388200.0,30525300.0,False,0.0,13:16:49
19000.0,3000,-950.0,0.0,BU,12387900.0,30525300.0,False,0.0,13:16:49
19000.0,300,-950.0,0.0,BU,12384900.0,30525300.0,False,0.0,13:16:49
19000.0,100,-950.0,0.0,BU,12384600.0,30525300.0,False,0.0,13:16:49
19000.0,500,-950.0,0.0,BU,12384500.0,30525300.0,False,0.0,13:16:49
19000.0,2000,-950.0,0.0,BU,12384000.0,30525300.0,False,0.0,13:16:49
19000.0,6000,-950.0,0.0,BU,12382000.0,30525300.0,False,0.0,13:16:49
19000.0,1100,-950.0,0.0,BU,12376000.0,30525300.0,False,0.0,13:16:49
19000.0,300,-950.0,0.0,BU,12374900.0,30525300.0,False,0.0,13:16:49
19000.0,100,-950.0,0.0,BU,12374600.0,30525300.0,False,0.0,13:16:49
19000.0,1000,-950.0,0.0,BU,12374500.0,30525300.0,False,0.0,13:16:49
19000.0,3500,-950.0,0.0,BU,12373500.0,30525300.0,False,0.0,13:16:49
19000.0,500,-950.0,0.0,BU,12370000.0,30525300.0,False,0.0,13:16:49
19000.0,4700,-950.0,0.0,BU,12369500.0,30525300.0,False,0.0,13:16:49
19000.0,15000,-950.0,0.0,BU,12364800.0,30525300.0,True,0.0,13:16:49
19000.0,500,-950.0,0.0,BU,12349800.0,30525300.0,False,0.0,13:16:49
19000.0,100,-950.0,0.0,BU,12349300.0,30525300.0,False,0.0,13:16:49
19000.0,200,-950.0,0.0,BU,12349200.0,30525300.0,False,0.0,13:16:49
19000.0,100,-950.0,0.0,BU,12349000.0,30525300.0,False,0.0,13:16:49
19000.0,500,-950.0,0.0,BU,12348900.0,30525300.0,False,0.0,13:16:49
19000.0,6400,-950.0,0.0,BU,12348400.0,30525300.0,False,0.0,13:16:49
19000.0,2000,-950.0,0.0,BU,12342000.0,30525300.0,False,0.0,13:16:49
19000.0,10000,-950.0,0.0,BU,12340000.0,30525300.0,False,0.0,13:16:49
19000.0,2000,-950.0,0.0,BU,12330000.0,30525300.0,False,0.0,13:16:49
19000.0,100,-950.0,0.0,BU,12328000.0,30525300.0,False,0.0,13:16:49
19000.0,500,-950.0,0.0,BU,12327900.0,30525300.0,False,0.0,13:16:49
19000.0,1500,-950.0,0.0,BU,12327400.0,30525300.0,False,0.0,13:16:49
19000.0,1000,-950.0,0.0,BU,12325900.0,30525300.0,False,0.0,13:16:49
19000.0,200,-950.0,0.0,BU,12324900.0,30525300.0,False,0.0,13:16:49
19000.0,100,-950.0,0.0,BU,12324700.0,30525300.0,False,0.0,13:16:49
19000.0,100,-950.0,0.0,BU,12324600.0,30525300.0,False,0.0,13:16:49
19000.0,800,-950.0,0.0,BU,12324500.0,30525300.0,False,0.0,13:16:49
19000.0,500,-950.0,0.0,BU,12323700.0,30525300.0,False,0.0,13:16:49
19000.0,200,-950.0,0.0,BU,12323200.0,30525300.0,False,0.0,13:16:49
19000.0,1000,-950.0,0.0,BU,12323000.0,30525300.0,False,0.0,13:16:49
19000.0,400,-950.0,0.0,BU,12322000.0,30525300.0,False,0.0,13:16:49
19000.0,2300,-950.0,0.0,BU,12321600.0,30525300.0,False,0.0,13:16:49
19000.0,1000,-950.0,0.0,BU,12319300.0,30525300.0,False,0.0,13:16:49
19000.0,200,-950.0,0.0,BU,12318300.0,30525300.0,False,0.0,13:16:49
19000.0,500,-950.0,0.0,BU,12318100.0,30525300.0,False,0.0,13:16:49
19000.0,300,-950.0,0.0,BU,12317600.0,30525300.0,False,0.0,13:16:49
19000.0,10000,-950.0,0.0,BU,12317300.0,30525300.0,False,0.0,13:16:49
19000.0,100,-950.0,0.0,BU,12307300.0,30525300.0,False,0.0,13:16:49
19000.0,100,-950.0,0.0,BU,12307200.0,30525300.0,False,0.0,13:16:49
19000.0,100,-950.0,0.0,BU,12307100.0,30525300.0,False,0.0,13:16:49
19000.0,100,-950.0,0.0,BU,12307000.0,30525300.0,False,0.0,13:16:49
19000.0,700,-950.0,0.0,BU,12306900.0,30525300.0,False,0.0,13:16:49
19000.0,10000,-950.0,0.0,BU,12306200.0,30525300.0,False,0.0,13:16:49
19000.0,200,-950.0,0.0,BU,12296200.0,30525300.0,False,0.0,13:16:49
19000.0,10000,-950.0,0.0,BU,12296000.0,30525300.0,False,0.0,13:16:49
19000.0,1000,-950.0,0.0,BU,12286000.0,30525300.0,False,0.0,13:16:49
19000.0,500,-950.0,0.0,BU,12285000.0,30525300.0,False,0.0,13:16:49
19000.0,1000,-950.0,0.0,BU,12284500.0,30525300.0,False,0.0,13:16:49
19000.0,10000,-950.0,0.0,BU,12283500.0,30525300.0,False,0.0,13:16:49
19000.0,10000,-950.0,0.0,BU,12273500.0,30525300.0,False,0.0,13:16:49
19000.0,18700,-950.0,0.0,BU,12263500.0,30525300.0,True,0.0,13:16:49
19000.0,7000,-950.0,0.0,BU,12244800.0,30525300.0,False,0.0,13:16:49
19000.0,100,-950.0,0.0,BU,12237800.0,30525300.0,False,0.0,13:16:49
19000.0,6300,-950.0,0.0,BU,12237700.0,30525300.0,False,0.0,13:16:49
19000.0,20000,-950.0,0.0,BU,12231400.0,30525300.0,True,0.0,13:16:49
19000.0,500,-950.0,0.0,BU,12211400.0,30525300.0,False,0.0,13:16:49
19000.0,500,-950.0,0.0,BU,12210900.0,30525300.0,False,0.0,13:16:49
19000.0,1000,-950.0,0.0,BU,12210400.0,30525300.0,False,0.0,13:16:49
19000.0,200,-950.0,0.0,BU,12209400.0,30525300.0,False,0.0,13:16:49
19000.0,1000,-950.0,0.0,BU,12209200.0,30525300.0,False,0.0,13:16:49
19000.0,1000,-950.0,0.0,BU,12208200.0,30525300.0,False,0.0,13:16:49
19000.0,2000,-950.0,0.0,BU,12207200.0,30525300.0,False,0.0,13:16:49
19000.0,10000,-950.0,0.0,BU,12205200.0,30525300.0,False,0.0,13:16:49
19000.0,200,-950.0,0.0,BU,12195200.0,30525300.0,False,0.0,13:16:49
19000.0,1600,-950.0,0.0,BU,12195000.0,30525300.0,False,0.0,13:16:49
19000.0,1000,-950.0,0.0,BU,12193400.0,30525300.0,False,50.0,13:16:48
18950.0,1700,-1000.0,-0.1,SD,12192400.0,30525300.0,False,0.0,13:16:47
18950.0,1000,-1000.0,-0.1,SD,12192400.0,30523600.0,False,0.0,13:16:46
18950.0,5000,-1000.0,-0.1,SD,12192400.0,30522600.0,False,0.0,13:16:44
18950.0,3000,-1000.0,-0.1,SD,12192400.0,30517600.0,False,0.0,13:16:43
18950.0,3000,-1000.0,-0.1,SD,12192400.0,30514600.0,False,0.0,13:16:43
18950.0,300,-1000.0,-0.1,SD,12192400.0,30511600.0,False,0.0,13:16:43
18950.0,27900,-1000.0,-0.1,SD,12192400.0,30511300.0,True,-50.0,13:16:42
19000.0,2000,-950.0,0.0,BU,12192400.0,30483400.0,False,50.0,13:16:41
18950.0,2400,-1000.0,-0.1,SD,12190400.0,30483400.0,False,0.0,13:16:40
18950.0,500,-1000.0,-0.1,BU,12190400.0,30481000.0,False,0.0,13:16:40
18950.0,1000,-1000.0,-0.1,BU,12189900.0,30481000.0,False,0.0,13:16:40
18950.0,1300,-1000.0,-0.1,BU,12188900.0,30481000.0,False,0.0,13:16:40
18950.0,100,-1000.0,-0.1,BU,12187600.0,30481000.0,False,0.0,13:16:38
18950.0,100,-1000.0,-0.1,BU,12187500.0,30481000.0,False,0.0,13:16:38
18950.0,500,-1000.0,-0.1,BU,12187400.0,30481000.0,False,0.0,13:16:38
18950.0,1900,-1000.0,-0.1,BU,12186900.0,30481000.0,False,50.0,13:16:38
18900.0,200,-1050.0,-0.1,SD,12185000.0,30481000.0,False,-50.0,13:16:37
18950.0,100,-1000.0,-0.1,BU,12185000.0,30480800.0,False,50.0,13:16:37
18900.0,3400,-1050.0,-0.1,SD,12184900.0,30480800.0,False,0.0,13:16:36
18900.0,1600,-1050.0,-0.1,SD,12184900.0,30477400.0,False,-50.0,13:16:36
18950.0,5000,-1000.0,-0.1,BU,12184900.0,30475800.0,False,0.0,13:16:35
18950.0,400,-1000.0,-0.1,BU,12179900.0,30475800.0,False,0.0,13:16:35
18950.0,200,-1000.0,-0.1,BU,12179500.0,30475800.0,False,0.0,13:16:35
18950.0,94400,-1000.0,-0.1,BU,12179300.0,30475800.0,True,0.0,13:16:35
18950.0,100,-1000.0,-0.1,BU,12084900.0,30475800.0,False,0.0,13:16:35
18950.0,100,-1000.0,-0.1,BU,12084800.0,30475800.0,False,50.0,13:16:35
18900.0,400,-1050.0,-0.1,SD,12084700.0,30475800.0,False,0.0,13:16:34
18900.0,100,-1050.0,-0.1,SD,12084700.0,30475400.0,False,0.0,13:16:34
18900.0,200,-1050.0,-0.1,SD,12084700.0,30475300.0,False,0.0,13:16:34
18900.0,300,-1050.0,-0.1,SD,12084700.0,30475100.0,False,-50.0,13:16:34
18950.0,1600,-1000.0,-0.1,BU,12084700.0,30474800.0,False,0.0,13:16:32
18950.0,500,-1000.0,-0.1,BU,12083100.0,30474800.0,False,0.0,13:16:31
18950.0,2000,-1000.0,-0.1,BU,12082600.0,30474800.0,False,50.0,13:16:30
18900.0,100,-1050.0,-0.1,SD,12080600.0,30474800.0,False,0.0,13:16:29
18900.0,100,-1050.0,-0.1,SD,12080600.0,30474700.0,False,0.0,13:16:29
18900.0,100,-1050.0,-0.1,SD,12080600.0,30474600.0,False,0.0,13:16:29
18900.0,200,-1050.0,-0.1,SD,12080600.0,30474500.0,False,-50.0,13:16:29
18950.0,500,-1000.0,-0.1,BU,12080600.0,30474300.0,False,0.0,13:16:28
18950.0,800,-1000.0,-0.1,BU,12080100.0,30474300.0,False,0.0,13:16:27
18950.0,500,-1000.0,-0.1,BU,12079300.0,30474300.0,False,0.0,13:16:27
18950.0,200,-1000.0,-0.1,BU,12078800.0,30474300.0,False,0.0,13:16:27
18950.0,200,-1000.0,-0.1,BU,12078600.0,30474300.0,False,50.0,13:16:27
18900.0,500,-1050.0,-0.1,SD,12078400.0,30474300.0,False,0.0,13:16:27
18900.0,200,-1050.0,-0.1,SD,12078400.0,30473800.0,False,0.0,13:16:25
18900.0,100,-1050.0,-0.1,SD,12078400.0,30473600.0,False,-50.0,13:16:24
18950.0,500,-1000.0,-0.1,BU,12078400.0,30473500.0,False,0.0,13:16:24
18950.0,1000,-1000.0,-0.1,BU,12077900.0,30473500.0,False,0.0,13:16:24
18950.0,1400,-1000.0,-0.1,BU,12076900.0,30473500.0,False,0.0,13:16:24
18950.0,200,-1000.0,-0.1,BU,12075500.0,30473500.0,False,50.0,13:16:24
18900.0,2000,-1050.0,-0.1,SD,12075300.0,30473500.0,False,0.0,13:16:23
18900.0,1000,-1050.0,-0.1,SD,12075300.0,30471500.0,False,0.0,13:16:23
18900.0,500,-1050.0,-0.1,SD,12075300.0,30470500.0,False,0.0,13:16:23
18900.0,500,-1050.0,-0.1,SD,12075300.0,30470000.0,False,0.0,13:16:23
18900.0,1000,-1050.0,-0.1,SD,12075300.0,30469500.0,False,0.0,13:16:23
18900.0,200,-1050.0,-0.1,SD,12075300.0,30468500.0,False,0.0,13:16:23
18900.0,2000,-1050.0,-0.1,SD,12075300.0,30468300.0,False,0.0,13:16:23
18900.0,2000,-1050.0,-0.1,SD,12075300.0,30466300.0,False,0.0,13:16:23
18900.0,1000,-1050.0,-0.1,SD,12075300.0,30464300.0,False,0.0,13:16:23
18900.0,3000,-1050.0,-0.1,SD,12075300.0,30463300.0,False,0.0,13:16:23
18900.0,900,-1050.0,-0.1,SD,12075300.0,30460300.0,False,0.0,13:16:23
18900.0,100,-1050.0,-0.1,SD,12075300.0,30459400.0,False,0.0,13:16:23
18900.0,200,-1050.0,-0.1,SD,12075300.0,30459300.0,False,0.0,13:16:23
18900.0,100,-1050.0,-0.1,SD,12075300.0,30459100.0,False,0.0,13:16:23
18900.0,100,-1050.0,-0.1,SD,12075300.0,30459000.0,False,0.0,13:16:23
18900.0,100,-1050.0,-0.1,SD,12075300.0,30458900.0,False,0.0,13:16:23
18900.0,6700,-1050.0,-0.1,SD,12075300.0,30458800.0,False,0.0,13:16:23
18900.0,500,-1050.0,-0.1,SD,12075300.0,30452100.0,False,0.0,13:16:23
18900.0,100,-1050.0,-0.1,SD,12075300.0,30451600.0,False,0.0,13:16:23
18900.0,500,-1050.0,-0.1,SD,12075300.0,30451500.0,False,0.0,13:16:23
18900.0,200,-1050.0,-0.1,SD,12075300.0,30451000.0,False,0.0,13:16:23
18900.0,300,-1050.0,-0.1,SD,12075300.0,30450800.0,False,0.0,13:16:23
18900.0,300,-1050.0,-0.1,SD,12075300.0,30450500.0,False,0.0,13:16:23
18900.0,100,-1050.0,-0.1,SD,12075300.0,30450200.0,False,0.0,13:16:23
18900.0,100,-1050.0,-0.1,SD,12075300.0,30450100.0,False,0.0,13:16:23
18900.0,500,-1050.0,-0.1,SD,12075300.0,30450000.0,False,0.0,13:16:23
18900.0,100,-1050.0,-0.1,SD,12075300.0,30449500.0,False,0.0,13:16:23
18900.0,10000,-1050.0,-0.1,SD,12075300.0,30449400.0,False,0.0,13:16:23
18900.0,100,-1050.0,-0.1,SD,12075300.0,30439400.0,False,0.0,13:16:23
18900.0,15000,-1050.0,-0.1,SD,12075300.0,30439300.0,True,0.0,13:16:23
18900.0,1200,-1050.0,-0.1,SD,12075300.0,30424300.0,False,0.0,13:16:23
18900.0,5000,-1050.0,-0.1,SD,12075300.0,30423100.0,False,0.0,13:16:23
18900.0,100,-1050.0,-0.1,SD,12075300.0,30418100.0,False,0.0,13:16:23
18900.0,200,-1050.0,-0.1,SD,12075300.0,30418000.0,False,0.0,13:16:23
18900.0,200,-1050.0,-0.1,SD,12075300.0,30417800.0,False,0.0,13:16:23
18900.0,600,-1050.0,-0.1,SD,12075300.0,30417600.0,False,0.0,13:16:23
18900.0,100,-1050.0,-0.1,SD,12075300.0,30417000.0,False,0.0,13:16:23
18900.0,200,-1050.0,-0.1,SD,12075300.0,30416900.0,False,0.0,13:16:23
18900.0,300,-1050.0,-0.1,SD,12075300.0,30416700.0,False,0.0,13:16:23
18900.0,100,-1050.0,-0.1,SD,12075300.0,30416400.0,False,0.0,13:16:23
18900.0,1000,-1050.0,-0.1,SD,12075300.0,30416300.0,False,0.0,13:16:23
18900.0,300,-1050.0,-0.1,SD,12075300.0,30415300.0,False,0.0,13:16:23
18900.0,3000,-1050.0,-0.1,SD,12075300.0,30415000.0,False,0.0,13:16:23
18900.0,38500,-1050.0,-0.1,SD,12075300.0,30412000.0,True,-50.0,13:16:23
18950.0,100,-1000.0,-0.1,BU,12075300.0,30373500.0,False,50.0,13:16:23
18900.0,100,-1050.0,-0.1,SD,12075200.0,30373500.0,False,-50.0,13:16:23
18950.0,200,-1000.0,-0.1,BU,12075200.0,30373400.0,False,50.0,13:16:23
18900.0,61400,-1050.0,-0.1,SD,12075000.0,30373400.0,True,0.0,13:16:22
18900.0,200,-1050.0,-0.1,SD,12075000.0,30312000.0,False,0.0,13:16:22
18900.0,200,-1050.0,-0.1,SD,12075000.0,30311800.0,False,0.0,13:16:22
18900.0,100,-1050.0,-0.1,SD,12075000.0,30311600.0,False,0.0,13:16:22
18900.0,100,-1050.0,-0.1,SD,12075000.0,30311500.0,False,0.0,13:16:22
18900.0,200,-1050.0,-0.1,SD,12075000.0,30311400.0,False,0.0,13:16:22
18900.0,1000,-1050.0,-0.1,SD,12075000.0,30311200.0,False,0.0,13:16:22
18900.0,1000,-1050.0,-0.1,SD,12075000.0,30310200.0,False,0.0,13:16:22
18900.0,100,-1050.0,-0.1,SD,12075000.0,30309200.0,False,0.0,13:16:22
18900.0,4600,-1050.0,-0.1,SD,12075000.0,30309100.0,False,0.0,13:16:22
18900.0,200,-1050.0,-0.1,SD,12075000.0,30304500.0,False,0.0,13:16:22
18900.0,100,-1050.0,-0.1,SD,12075000.0,30304300.0,False,0.0,13:16:22
18900.0,500,-1050.0,-0.1,SD,12075000.0,30304200.0,False,0.0,13:16:22
18900.0,1200,-1050.0,-0.1,SD,12075000.0,30303700.0,False,0.0,13:16:22
18900.0,200,-1050.0,-0.1,SD,12075000.0,30302500.0,False,0.0,13:16:22
18900.0,100,-1050.0,-0.1,SD,12075000.0,30302300.0,False,0.0,13:16:22
18900.0,2000,-1050.0,-0.1,SD,12075000.0,30302200.0,False,0.0,13:16:22
18900.0,10000,-1050.0,-0.1,SD,12075000.0,30300200.0,False,0.0,13:16:22
18900.0,100,-1050.0,-0.1,SD,12075000.0,30290200.0,False,0.0,13:16:22
18900.0,500,-1050.0,-0.1,SD,12075000.0,30290100.0,False,0.0,13:16:22
18900.0,500,-1050.0,-0.1,SD,12075000.0,30289600.0,False,0.0,13:16:22
18900.0,300,-1050.0,-0.1,SD,12075000.0,30289100.0,False,0.0,13:16:22
18900.0,1000,-1050.0,-0.1,SD,12075000.0,30288800.0,False,0.0,13:16:22
18900.0,4000,-1050.0,-0.1,SD,12075000.0,30287800.0,False,0.0,13:16:22
18900.0,100,-1050.0,-0.1,SD,12075000.0,30283800.0,False,0.0,13:16:22
18900.0,100,-1050.0,-0.1,SD,12075000.0,30283700.0,False,0.0,13:16:22
18900.0,400,-1050.0,-0.1,SD,12075000.0,30283600.0,False,0.0,13:16:22
18900.0,1000,-1050.0,-0.1,SD,12075000.0,30283200.0,False,0.0,13:16:22
18900.0,500,-1050.0,-0.1,SD,12075000.0,30282200.0,False,0.0,13:16:22
18900.0,500,-1050.0,-0.1,SD,12075000.0,30281700.0,False,0.0,13:16:22
18900.0,100,-1050.0,-0.1,SD,12075000.0,30281200.0,False,0.0,13:16:22
18900.0,200,-1050.0,-0.1,SD,12075000.0,30281100.0,False,0.0,13:16:22
18900.0,7500,-1050.0,-0.1,SD,12075000.0,30280900.0,False,0.0,13:16:22
18900.0,1000,-1050.0,-0.1,SD,12075000.0,30273400.0,False,0.0,13:16:22
18900.0,1000,-1050.0,-0.1,SD,12075000.0,30272400.0,False,-50.0,13:16:22
18950.0,200,-1000.0,-0.1,BU,12075000.0,30271400.0,False,0.0,13:16:22
18950.0,500,-1000.0,-0.1,BU,12074800.0,30271400.0,False,0.0,13:16:21
18950.0,1000,-1000.0,-0.1,BU,12074300.0,30271400.0,False,0.0,13:16:21
18950.0,100,-1000.0,-0.1,BU,12073300.0,30271400.0,False,0.0,13:16:20
18950.0,1100,-1000.0,-0.1,BU,12073200.0,30271400.0,False,0.0,13:16:19
18950.0,700,-1000.0,-0.1,BU,12072100.0,30271400.0,False,0.0,13:16:19
18950.0,400,-1000.0,-0.1,BU,12071400.0,30271400.0,False,0.0,13:16:19
18950.0,200,-1000.0,-0.1,BU,12071000.0,30271400.0,False,0.0,13:16:19
18950.0,200,-1000.0,-0.1,BU,12070800.0,30271400.0,False,50.0,13:16:19
18900.0,8500,-1050.0,-0.1,SD,12070600.0,30271400.0,False,0.0,13:16:19
18900.0,100,-1050.0,-0.1,SD,12070600.0,30262900.0,False,0.0,13:16:19
18900.0,100,-1050.0,-0.1,SD,12070600.0,30262800.0,False,0.0,13:16:19
18900.0,100,-1050.0,-0.1,SD,12070600.0,30262700.0,False,0.0,13:16:19
18900.0,400,-1050.0,-0.1,SD,12070600.0,30262600.0,False,0.0,13:16:19
18900.0,100,-1050.0,-0.1,SD,12070600.0,30262200.0,False,0.0,13:16:19
18900.0,1000,-1050.0,-0.1,SD,12070600.0,30262100.0,False,0.0,13:16:19
18900.0,2000,-1050.0,-0.1,SD,12070600.0,30261100.0,False,0.0,13:16:19
18900.0,1300,-1050.0,-0.1,SD,12070600.0,30259100.0,False,0.0,13:16:19
18900.0,200,-1050.0,-0.1,SD,12070600.0,30257800.0,False,0.0,13:16:19
18900.0,200,-1050.0,-0.1,SD,12070600.0,30257600.0,False,0.0,13:16:19
18900.0,10000,-1050.0,-0.1,SD,12070600.0,30257400.0,False,0.0,13:16:19
18900.0,1000,-1050.0,-0.1,SD,12070600.0,30247400.0,False,0.0,13:16:19
18900.0,300,-1050.0,-0.1,SD,12070600.0,30246400.0,False,0.0,13:16:19
18900.0,500,-1050.0,-0.1,SD,12070600.0,30246100.0,False,0.0,13:16:19
18900.0,1900,-1050.0,-0.1,SD,12070600.0,30245600.0,False,0.0,13:16:19
18900.0,4100,-1050.0,-0.1,SD,12070600.0,30243700.0,False,0.0,13:16:19
18900.0,100,-1050.0,-0.1,SD,12070600.0,30239600.0,False,0.0,13:16:19
18900.0,100,-1050.0,-0.1,SD,12070600.0,30239500.0,False,0.0,13:16:19
18900.0,1000,-1050.0,-0.1,SD,12070600.0,30239400.0,False,0.0,13:16:19
18900.0,1200,-1050.0,-0.1,SD,12070600.0,30238400.0,False,0.0,13:16:19
18900.0,1000,-1050.0,-0.1,SD,12070600.0,30237200.0,False,0.0,13:16:19
18900.0,5000,-1050.0,-0.1,SD,12070600.0,30236200.0,False,0.0,13:16:19
18900.0,200,-1050.0,-0.1,SD,12070600.0,30231200.0,False,0.0,13:16:19
18900.0,500,-1050.0,-0.1,SD,12070600.0,30231000.0,False,0.0,13:16:19
18900.0,200,-1050.0,-0.1,SD,12070600.0,30230500.0,False,0.0,13:16:19
18900.0,200,-1050.0,-0.1,SD,12070600.0,30230300.0,False,0.0,13:16:19
18900.0,300,-1050.0,-0.1,SD,12070600.0,30230100.0,False,0.0,13:16:19
18900.0,1000,-1050.0,-0.1,SD,12070600.0,30229800.0,False,0.0,13:16:19
18900.0,600,-1050.0,-0.1,SD,12070600.0,30228800.0,False,0.0,13:16:19
18900.0,100,-1050.0,-0.1,SD,12070600.0,30228200.0,False,0.0,13:16:19
18900.0,100,-1050.0,-0.1,SD,12070600.0,30228100.0,False,0.0,13:16:19
18900.0,200,-1050.0,-0.1,SD,12070600.0,30228000.0,False,0.0,13:16:19
18900.0,200,-1050.0,-0.1,SD,12070600.0,30227800.0,False,0.0,13:16:19
18900.0,500,-1050.0,-0.1,SD,12070600.0,30227600.0,False,0.0,13:16:19
18900.0,300,-1050.0,-0.1,SD,12070600.0,30227100.0,False,0.0,13:16:19
18900.0,100,-1050.0,-0.1,SD,12070600.0,30226800.0,False,0.0,13:16:19
18900.0,500,-1050.0,-0.1,SD,12070600.0,30226700.0,False,0.0,13:16:19
18900.0,1000,-1050.0,-0.1,SD,12070600.0,30226200.0,False,0.0,13:16:19
18900.0,100,-1050.0,-0.1,SD,12070600.0,30225200.0,False,0.0,13:16:19
18900.0,100,-1050.0,-0.1,SD,12070600.0,30225100.0,False,0.0,13:16:19
18900.0,100,-1050.0,-0.1,SD,12070600.0,30225000.0,False,0.0,13:16:19
18900.0,100,-1050.0,-0.1,SD,12070600.0,30224900.0,False,0.0,13:16:19
18900.0,7000,-1050.0,-0.1,SD,12070600.0,30224800.0,False,0.0,13:16:19
18900.0,200,-1050.0,-0.1,SD,12070600.0,30217800.0,False,0.0,13:16:19
18900.0,100,-1050.0,-0.1,SD,12070600.0,30217600.0,False,0.0,13:16:19
18900.0,5400,-1050.0,-0.1,SD,12070600.0,30217500.0,False,0.0,13:16:19
18900.0,500,-1050.0,-0.1,SD,12070600.0,30212100.0,False,0.0,13:16:19
18900.0,300,-1050.0,-0.1,SD,12070600.0,30211600.0,False,0.0,13:16:19
18900.0,500,-1050.0,-0.1,SD,12070600.0,30211300.0,False,0.0,13:16:19
18900.0,1000,-1050.0,-0.1,SD,12070600.0,30210800.0,False,0.0,13:16:19
18900.0,400,-1050.0,-0.1,SD,12070600.0,30209800.0,False,0.0,13:16:19
18900.0,5000,-1050.0,-0.1,SD,12070600.0,30209400.0,False,0.0,13:16:19
18900.0,100,-1050.0,-0.1,SD,12070600.0,30204400.0,False,0.0,13:16:19
18900.0,500,-1050.0,-0.1,SD,12070600.0,30204300.0,False,0.0,13:16:19
18900.0,500,-1050.0,-0.1,SD,12070600.0,30203800.0,False,0.0,13:16:19
18900.0,1000,-1050.0,-0.1,SD,12070600.0,30203300.0,False,0.0,13:16:19
18900.0,1000,-1050.0,-0.1,SD,12070600.0,30202300.0,False,0.0,13:16:19
18900.0,1000,-1050.0,-0.1,SD,12070600.0,30201300.0,False,0.0,13:16:19
18900.0,500,-1050.0,-0.1,SD,12070600.0,30200300.0,False,0.0,13:16:19
18900.0,500,-1050.0,-0.1,SD,12070600.0,30199800.0,False,0.0,13:16:19
18900.0,800,-1050.0,-0.1,SD,12070600.0,30199300.0,False,0.0,13:16:19
18900.0,500,-1050.0,-0.1,SD,12070600.0,30198500.0,False,0.0,13:16:19
18900.0,100,-1050.0,-0.1,SD,12070600.0,30198000.0,False,0.0,13:16:19
18900.0,1000,-1050.0,-0.1,SD,12070600.0,30197900.0,False,0.0,13:16:19
18900.0,200,-1050.0,-0.1,SD,12070600.0,30196900.0,False,0.0,13:16:19
18900.0,500,-1050.0,-0.1,SD,12070600.0,30196700.0,False,0.0,13:16:19
18900.0,100,-1050.0,-0.1,SD,12070600.0,30196200.0,False,0.0,13:16:19
18900.0,10000,-1050.0,-0.1,SD,12070600.0,30196100.0,False,0.0,13:16:19
18900.0,1100,-1050.0,-0.1,SD,12070600.0,30186100.0,False,0.0,13:16:19
18900.0,100,-1050.0,-0.1,SD,12070600.0,30185000.0,False,0.0,13:16:19
18900.0,1500,-1050.0,-0.1,SD,12070600.0,30184900.0,False,0.0,13:16:19
18900.0,100,-1050.0,-0.1,SD,12070600.0,30183400.0,False,0.0,13:16:19
18900.0,500,-1050.0,-0.1,SD,12070600.0,30183300.0,False,0.0,13:16:19
18900.0,200,-1050.0,-0.1,SD,12070600.0,30182800.0,False,0.0,13:16:19
18900.0,10000,-1050.0,-0.1,SD,12070600.0,30182600.0,False,0.0,13:16:19
18900.0,1000,-1050.0,-0.1,SD,12070600.0,30172600.0,False,0.0,13:16:19
18900.0,100,-1050.0,-0.1,SD,12070600.0,30171600.0,False,0.0,13:16:19
18900.0,2000,-1050.0,-0.1,SD,12070600.0,30171500.0,False,0.0,13:16:19
18900.0,100,-1050.0,-0.1,SD,12070600.0,30169500.0,False,0.0,13:16:19
18900.0,1000,-1050.0,-0.1,SD,12070600.0,30169400.0,False,0.0,13:16:19
18900.0,1000,-1050.0,-0.1,SD,12070600.0,30168400.0,False,0.0,13:16:19
18900.0,200,-1050.0,-0.1,SD,12070600.0,30167400.0,False,0.0,13:16:19
18900.0,100,-1050.0,-0.1,SD,12070600.0,30167200.0,False,0.0,13:16:19
18900.0,500,-1050.0,-0.1,SD,12070600.0,30167100.0,False,0.0,13:16:19
18900.0,500,-1050.0,-0.1,SD,12070600.0,30166600.0,False,0.0,13:16:19
18900.0,300,-1050.0,-0.1,SD,12070600.0,30166100.0,False,0.0,13:16:19
18900.0,1000,-1050.0,-0.1,SD,12070600.0,30165800.0,False,0.0,13:16:19
18900.0,200,-1050.0,-0.1,SD,12070600.0,30164800.0,False,0.0,13:16:19
18900.0,1700,-1050.0,-0.1,SD,12070600.0,30164600.0,False,0.0,13:16:19
18900.0,300,-1050.0,-0.1,SD,12070600.0,30162900.0,False,0.0,13:16:19
18900.0,500,-1050.0,-0.1,SD,12070600.0,30162600.0,False,0.0,13:16:19
18900.0,300,-1050.0,-0.1,SD,12070600.0,30162100.0,False,0.0,13:16:19
18900.0,5000,-1050.0,-0.1,SD,12070600.0,30161800.0,False,0.0,13:16:19
18900.0,1000,-1050.0,-0.1,SD,12070600.0,30156800.0,False,0.0,13:16:19
18900.0,300,-1050.0,-0.1,SD,12070600.0,30155800.0,False,0.0,13:16:19
18900.0,5000,-1050.0,-0.1,SD,12070600.0,30155500.0,False,0.0,13:16:19
18900.0,1800,-1050.0,-0.1,SD,12070600.0,30150500.0,False,0.0,13:16:19
18900.0,300,-1050.0,-0.1,SD,12070600.0,30148700.0,False,0.0,13:16:19
18900.0,300,-1050.0,-0.1,SD,12070600.0,30148400.0,False,0.0,13:16:19
18900.0,500,-1050.0,-0.1,SD,12070600.0,30148100.0,False,0.0,13:16:19
18900.0,1000,-1050.0,-0.1,SD,12070600.0,30147600.0,False,0.0,13:16:19
18900.0,400,-1050.0,-0.1,SD,12070600.0,30146600.0,False,0.0,13:16:19
18900.0,500,-1050.0,-0.1,SD,12070600.0,30146200.0,False,0.0,13:16:19
18900.0,1000,-1050.0,-0.1,SD,12070600.0,30145700.0,False,0.0,13:16:19
18900.0,3000,-1050.0,-0.1,SD,12070600.0,30144700.0,False,0.0,13:16:19
18900.0,1000,-1050.0,-0.1,SD,12070600.0,30141700.0,False,0.0,13:16:19
18900.0,200,-1050.0,-0.1,SD,12070600.0,30140700.0,False,0.0,13:16:19
18900.0,300,-1050.0,-0.1,SD,12070600.0,30140500.0,False,0.0,13:16:19
18900.0,1000,-1050.0,-0.1,SD,12070600.0,30140200.0,False,0.0,13:16:19
18900.0,200,-1050.0,-0.1,SD,12070600.0,30139200.0,False,0.0,13:16:19
18900.0,100,-1050.0,-0.1,SD,12070600.0,30139000.0,False,0.0,13:16:19
18900.0,1000,-1050.0,-0.1,SD,12070600.0,30138900.0,False,0.0,13:16:19
18900.0,5000,-1050.0,-0.1,SD,12070600.0,30137900.0,False,0.0,13:16:19
18900.0,100,-1050.0,-0.1,SD,12070600.0,30132900.0,False,0.0,13:16:19
18900.0,500,-1050.0,-0.1,SD,12070600.0,30132800.0,False,0.0,13:16:19
18900.0,400,-1050.0,-0.1,SD,12070600.0,30132300.0,False,0.0,13:16:19
18900.0,100,-1050.0,-0.1,SD,12070600.0,30131900.0,False,0.0,13:16:19
18900.0,1000,-1050.0,-0.1,SD,12070600.0,30131800.0,False,0.0,13:16:19
18900.0,2500,-1050.0,-0.1,SD,12070600.0,30130800.0,False,0.0,13:16:19
18900.0,100,-1050.0,-0.1,SD,12070600.0,30128300.0,False,0.0,13:16:19
18900.0,300,-1050.0,-0.1,SD,12070600.0,30128200.0,False,0.0,13:16:19
18900.0,1000,-1050.0,-0.1,SD,12070600.0,30127900.0,False,0.0,13:16:19
18900.0,2100,-1050.0,-0.1,SD,12070600.0,30126900.0,False,0.0,13:16:19
18900.0,100,-1050.0,-0.1,SD,12070600.0,30124800.0,False,0.0,13:16:19
18900.0,100,-1050.0,-0.1,SD,12070600.0,30124700.0,False,0.0,13:16:19
18900.0,100,-1050.0,-0.1,SD,12070600.0,30124600.0,False,0.0,13:16:19
18900.0,100,-1050.0,-0.1,SD,12070600.0,30124500.0,False,0.0,13:16:19
18900.0,200,-1050.0,-0.1,SD,12070600.0,30124400.0,False,0.0,13:16:19
18900.0,1000,-1050.0,-0.1,SD,12070600.0,30124200.0,False,0.0,13:16:19
18900.0,5000,-1050.0,-0.1,SD,12070600.0,30123200.0,False,0.0,13:16:19
18900.0,400,-1050.0,-0.1,SD,12070600.0,30118200.0,False,0.0,13:16:19
18900.0,200,-1050.0,-0.1,SD,12070600.0,30117800.0,False,0.0,13:16:19
18900.0,200,-1050.0,-0.1,SD,12070600.0,30117600.0,False,0.0,13:16:19
18900.0,100,-1050.0,-0.1,SD,12070600.0,30117400.0,False,0.0,13:16:19
18900.0,1700,-1050.0,-0.1,SD,12070600.0,30117300.0,False,0.0,13:16:19
18900.0,100,-1050.0,-0.1,SD,12070600.0,30115600.0,False,0.0,13:16:19
18900.0,200,-1050.0,-0.1,SD,12070600.0,30115500.0,False,0.0,13:16:19
18900.0,6000,-1050.0,-0.1,SD,12070600.0,30115300.0,False,0.0,13:16:19
18900.0,1000,-1050.0,-0.1,SD,12070600.0,30109300.0,False,0.0,13:16:19
18900.0,100,-1050.0,-0.1,SD,12070600.0,30108300.0,False,0.0,13:16:19
18900.0,400,-1050.0,-0.1,SD,12070600.0,30108200.0,False,0.0,13:16:19
18900.0,1000,-1050.0,-0.1,SD,12070600.0,30107800.0,False,0.0,13:16:19
18900.0,100,-1050.0,-0.1,SD,12070600.0,30106800.0,False,0.0,13:16:19
18900.0,500,-1050.0,-0.1,SD,12070600.0,30106700.0,False,0.0,13:16:19
18900.0,4900,-1050.0,-0.1,SD,12070600.0,30106200.0,False,0.0,13:16:19
18900.0,100,-1050.0,-0.1,SD,12070600.0,30101300.0,False,0.0,13:16:19
18900.0,19000,-1050.0,-0.1,SD,12070600.0,30101200.0,True,0.0,13:16:19
18900.0,500,-1050.0,-0.1,SD,12070600.0,30082200.0,False,0.0,13:16:19
18900.0,2000,-1050.0,-0.1,SD,12070600.0,30081700.0,False,0.0,13:16:19
18900.0,200,-1050.0,-0.1,SD,12070600.0,30079700.0,False,0.0,13:16:19
18900.0,200,-1050.0,-0.1,SD,12070600.0,30079500.0,False,0.0,13:16:19
18900.0,500,-1050.0,-0.1,SD,12070600.0,30079300.0,False,0.0,13:16:19
18900.0,100,-1050.0,-0.1,SD,12070600.0,30078800.0,False,0.0,13:16:19
18900.0,1000,-1050.0,-0.1,SD,12070600.0,30078700.0,False,0.0,13:16:19
18900.0,13200,-1050.0,-0.1,SD,12070600.0,30077700.0,True,0.0,13:16:19
18900.0,100,-1050.0,-0.1,SD,12070600.0,30064500.0,False,0.0,13:16:19
18900.0,100,-1050.0,-0.1,SD,12070600.0,30064400.0,False,0.0,13:16:19
18900.0,1000,-1050.0,-0.1,SD,12070600.0,30064300.0,False,0.0,13:16:19
18900.0,3800,-1050.0,-0.1,SD,12070600.0,30063300.0,False,0.0,13:16:19
18900.0,88100,-1050.0,-0.1,SD,12070600.0,30059500.0,True,-50.0,13:16:19
18950.0,500,-1000.0,-0.1,BU,12070600.0,29971400.0,False,0.0,13:16:18
18950.0,500,-1000.0,-0.1,BU,12070100.0,29971400.0,False,0.0,13:16:18
18950.0,100,-1000.0,-0.1,BU,12069600.0,29971400.0,False,0.0,13:16:17
18950.0,100,-1000.0,-0.1,BU,12069500.0,29971400.0,False,0.0,13:16:17
18950.0,100,-1000.0,-0.1,BU,12069400.0,29971400.0,False,0.0,13:16:17
18950.0,1000,-1000.0,-0.1,BU,12069300.0,29971400.0,False,0.0,13:16:17
18950.0,3400,-1000.0,-0.1,BU,12068300.0,29971400.0,False,0.0,13:16:17
18950.0,500,-1000.0,-0.1,BU,12064900.0,29971400.0,False,0.0,13:16:16
18950.0,400,-1000.0,-0.1,BU,12064400.0,29971400.0,False,0.0,13:16:15
18950.0,100,-1000.0,-0.1,BU,12064000.0,29971400.0,False,50.0,13:16:15
18900.0,5000,-1050.0,-0.1,SD,12063900.0,29971400.0,False,0.0,13:16:15
18900.0,41900,-1050.0,-0.1,SD,12063900.0,29966400.0,True,0.0,13:16:15
18900.0,300,-1050.0,-0.1,SD,12063900.0,29924500.0,False,0.0,13:16:15
18900.0,200,-1050.0,-0.1,SD,12063900.0,29924200.0,False,0.0,13:16:15
18900.0,500,-1050.0,-0.1,SD,12063900.0,29924000.0,False,0.0,13:16:15
18900.0,400,-1050.0,-0.1,SD,12063900.0,29923500.0,False,0.0,13:16:15
18900.0,500,-1050.0,-0.1,SD,12063900.0,29923100.0,False,0.0,13:16:15
18900.0,1000,-1050.0,-0.1,SD,12063900.0,29922600.0,False,0.0,13:16:15
18900.0,1000,-1050.0,-0.1,SD,12063900.0,29921600.0,False,0.0,13:16:15
18900.0,200,-1050.0,-0.1,SD,12063900.0,29920600.0,False,0.0,13:16:15
18900.0,100,-1050.0,-0.1,SD,12063900.0,29920400.0,False,0.0,13:16:15
18900.0,500,-1050.0,-0.1,SD,12063900.0,29920300.0,False,0.0,13:16:15
18900.0,2000,-1050.0,-0.1,SD,12063900.0,29919800.0,False,0.0,13:16:15
18900.0,3000,-1050.0,-0.1,SD,12063900.0,29917800.0,False,0.0,13:16:15
18900.0,50000,-1050.0,-0.1,SD,12063900.0,29914800.0,True,0.0,13:16:15
18900.0,500,-1050.0,-0.1,SD,12063900.0,29864800.0,False,0.0,13:16:15
18900.0,1000,-1050.0,-0.1,SD,12063900.0,29864300.0,False,0.0,13:16:15
18900.0,100,-1050.0,-0.1,SD,12063900.0,29863300.0,False,0.0,13:16:15
18900.0,1000,-1050.0,-0.1,SD,12063900.0,29863200.0,False,0.0,13:16:15
18900.0,1000,-1050.0,-0.1,SD,12063900.0,29862200.0,False,0.0,13:16:15
18900.0,1000,-1050.0,-0.1,SD,12063900.0,29861200.0,False,0.0,13:16:15
18900.0,100,-1050.0,-0.1,SD,12063900.0,29860200.0,False,0.0,13:16:15
18900.0,1700,-1050.0,-0.1,SD,12063900.0,29860100.0,False,0.0,13:16:15
18900.0,1000,-1050.0,-0.1,SD,12063900.0,29858400.0,False,0.0,13:16:15
18900.0,1800,-1050.0,-0.1,SD,12063900.0,29857400.0,False,0.0,13:16:15
18900.0,500,-1050.0,-0.1,SD,12063900.0,29855600.0,False,0.0,13:16:15
18900.0,2000,-1050.0,-0.1,SD,12063900.0,29855100.0,False,0.0,13:16:15
18900.0,100,-1050.0,-0.1,SD,12063900.0,29853100.0,False,0.0,13:16:15
18900.0,300,-1050.0,-0.1,SD,12063900.0,29853000.0,False,0.0,13:16:15
18900.0,200,-1050.0,-0.1,SD,12063900.0,29852700.0,False,0.0,13:16:15
18900.0,100,-1050.0,-0.1,SD,12063900.0,29852500.0,False,0.0,13:16:15
18900.0,100,-1050.0,-0.1,SD,12063900.0,29852400.0,False,0.0,13:16:15
18900.0,20000,-1050.0,-0.1,SD,12063900.0,29852300.0,True,0.0,13:16:15
18900.0,100,-1050.0,-0.1,SD,12063900.0,29832300.0,False,0.0,13:16:15
18900.0,50000,-1050.0,-0.1,SD,12063900.0,29832200.0,True,0.0,13:16:15
18900.0,1000,-1050.0,-0.1,SD,12063900.0,29782200.0,False,0.0,13:16:15
18900.0,1000,-1050.0,-0.1,SD,12063900.0,29781200.0,False,0.0,13:16:15
18900.0,100,-1050.0,-0.1,SD,12063900.0,29780200.0,False,0.0,13:16:15
18900.0,300,-1050.0,-0.1,SD,12063900.0,29780100.0,False,0.0,13:16:15
18900.0,100,-1050.0,-0.1,SD,12063900.0,29779800.0,False,0.0,13:16:15
18900.0,200,-1050.0,-0.1,SD,12063900.0,29779700.0,False,0.0,13:16:15
18900.0,100,-1050.0,-0.1,SD,12063900.0,29779500.0,False,0.0,13:16:15
18900.0,200,-1050.0,-0.1,SD,12063900.0,29779400.0,False,0.0,13:16:15
18900.0,100,-1050.0,-0.1,SD,12063900.0,29779200.0,False,0.0,13:16:15
18900.0,5000,-1050.0,-0.1,SD,12063900.0,29779100.0,False,0.0,13:16:15
18900.0,1000,-1050.0,-0.1,SD,12063900.0,29774100.0,False,0.0,13:16:15
18900.0,100,-1050.0,-0.1,SD,12063900.0,29773100.0,False,0.0,13:16:15
18900.0,300,-1050.0,-0.1,SD,12063900.0,29773000.0,False,0.0,13:16:15
18900.0,100,-1050.0,-0.1,SD,12063900.0,29772700.0,False,0.0,13:16:15
18900.0,100,-1050.0,-0.1,SD,12063900.0,29772600.0,False,0.0,13:16:15
18900.0,500,-1050.0,-0.1,SD,12063900.0,29772500.0,False,0.0,13:16:15
18900.0,300,-1050.0,-0.1,SD,12063900.0,29772000.0,False,0.0,13:16:15
18900.0,300,-1050.0,-0.1,SD,12063900.0,29771700.0,False,-50.0,13:16:15
18950.0,2000,-1000.0,-0.1,BU,12063900.0,29771400.0,False,0.0,13:16:15
18950.0,400,-1000.0,-0.1,BU,12061900.0,29771400.0,False,0.0,13:16:15
18950.0,100,-1000.0,-0.1,BU,12061500.0,29771400.0,False,0.0,13:16:14
18950.0,7100,-1000.0,-0.1,BU,12061400.0,29771400.0,False,0.0,13:16:14
18950.0,100,-1000.0,-0.1,BU,12054300.0,29771400.0,False,0.0,13:16:14
18950.0,100,-1000.0,-0.1,BU,12054200.0,29771400.0,False,0.0,13:16:14
18950.0,800,-1000.0,-0.1,BU,12054100.0,29771400.0,False,0.0,13:16:14
18950.0,1900,-1000.0,-0.1,BU,12053300.0,29771400.0,False,0.0,13:16:14
18950.0,100,-1000.0,-0.1,BU,12051400.0,29771400.0,False,0.0,13:16:13
18950.0,1000,-1000.0,-0.1,BU,12051300.0,29771400.0,False,0.0,13:16:13
18950.0,100,-1000.0,-0.1,BU,12050300.0,29771400.0,False,0.0,13:16:13
18950.0,1000,-1000.0,-0.1,BU,12050200.0,29771400.0,False,0.0,13:16:12
18950.0,100,-1000.0,-0.1,BU,12049200.0,29771400.0,False,0.0,13:16:12
18950.0,200,-1000.0,-0.1,BU,12049100.0,29771400.0,False,0.0,13:16:11
18950.0,300,-1000.0,-0.1,BU,12048900.0,29771400.0,False,0.0,13:16:10
18950.0,3000,-1000.0,-0.1,BU,12048600.0,29771400.0,False,0.0,13:16:09
18950.0,100,-1000.0,-0.1,BU,12045600.0,29771400.0,False,0.0,13:16:08
18950.0,100,-1000.0,-0.1,BU,12045500.0,29771400.0,False,0.0,13:16:08
18950.0,1000,-1000.0,-0.1,BU,12045400.0,29771400.0,False,0.0,13:16:08
18950.0,1000,-1000.0,-0.1,BU,12044400.0,29771400.0,False,0.0,13:16:08
18950.0,200,-1000.0,-0.1,BU,12043400.0,29771400.0,False,0.0,13:16:07
18950.0,1300,-1000.0,-0.1,BU,12043200.0,29771400.0,False,0.0,13:16:07
18950.0,500,-1000.0,-0.1,BU,12041900.0,29771400.0,False,0.0,13:16:06
18950.0,100,-1000.0,-0.1,BU,12041400.0,29771400.0,False,0.0,13:16:06
18950.0,1000,-1000.0,-0.1,BU,12041300.0,29771400.0,False,0.0,13:16:06
18950.0,500,-1000.0,-0.1,BU,12040300.0,29771400.0,False,0.0,13:16:05
18950.0,200,-1000.0,-0.1,BU,12039800.0,29771400.0,False,0.0,13:16:04
18950.0,500,-1000.0,-0.1,BU,12039600.0,29771400.0,False,0.0,13:16:04
18950.0,500,-1000.0,-0.1,BU,12039100.0,29771400.0,False,0.0,13:16:03
18950.0,200,-1000.0,-0.1,BU,12038600.0,29771400.0,False,0.0,13:16:03
18950.0,1000,-1000.0,-0.1,BU,12038400.0,29771400.0,False,0.0,13:16:03
18950.0,100,-1000.0,-0.1,BU,12037400.0,29771400.0,False,0.0,13:16:03
18950.0,300,-1000.0,-0.1,BU,12037300.0,29771400.0,False,0.0,13:16:02
18950.0,100,-1000.0,-0.1,BU,12037000.0,29771400.0,False,0.0,13:16:02
18950.0,200,-1000.0,-0.1,SD,12036900.0,29771400.0,False,0.0,13:16:01
18950.0,200,-1000.0,-0.1,SD,12036900.0,29771200.0,False,0.0,13:16:01
18950.0,400,-1000.0,-0.1,SD,12036900.0,29771000.0,False,0.0,13:16:01
18950.0,100,-1000.0,-0.1,SD,12036900.0,29770600.0,False,0.0,13:16:01
18950.0,300,-1000.0,-0.1,SD,12036900.0,29770500.0,False,0.0,13:16:01
18950.0,1000,-1000.0,-0.1,SD,12036900.0,29770200.0,False,0.0,13:16:01
18950.0,100,-1000.0,-0.1,SD,12036900.0,29769200.0,False,0.0,13:16:01
18950.0,200,-1000.0,-0.1,SD,12036900.0,29769100.0,False,0.0,13:16:01
18950.0,2000,-1000.0,-0.1,SD,12036900.0,29768900.0,False,0.0,13:16:01
18950.0,200,-1000.0,-0.1,SD,12036900.0,29766900.0,False,0.0,13:16:01
18950.0,100,-1000.0,-0.1,SD,12036900.0,29766700.0,False,0.0,13:16:01
18950.0,200,-1000.0,-0.1,SD,12036900.0,29766600.0,False,0.0,13:16:01
18950.0,700,-1000.0,-0.1,SD,12036900.0,29766400.0,False,0.0,13:16:01
18950.0,200,-1000.0,-0.1,SD,12036900.0,29765700.0,False,0.0,13:16:01
18950.0,100,-1000.0,-0.1,SD,12036900.0,29765500.0,False,0.0,13:16:01
18950.0,1000,-1000.0,-0.1,SD,12036900.0,29765400.0,False,0.0,13:16:01
18950.0,500,-1000.0,-0.1,SD,12036900.0,29764400.0,False,0.0,13:16:01
18950.0,600,-1000.0,-0.1,SD,12036900.0,29763900.0,False,0.0,13:16:01
18950.0,1000,-1000.0,-0.1,SD,12036900.0,29763300.0,False,0.0,13:16:01
18950.0,100,-1000.0,-0.1,SD,12036900.0,29762300.0,False,0.0,13:16:01
18950.0,100,-1000.0,-0.1,SD,12036900.0,29762200.0,False,0.0,13:16:01
18950.0,300,-1000.0,-0.1,SD,12036900.0,29762100.0,False,0.0,13:16:01
18950.0,100,-1000.0,-0.1,SD,12036900.0,29761800.0,False,0.0,13:16:01
18950.0,200,-1000.0,-0.1,SD,12036900.0,29761700.0,False,0.0,13:16:01
18950.0,100,-1000.0,-0.1,SD,12036900.0,29761500.0,False,0.0,13:16:01
18950.0,100,-1000.0,-0.1,SD,12036900.0,29761400.0,False,0.0,13:16:01
18950.0,100,-1000.0,-0.1,SD,12036900.0,29761300.0,False,0.0,13:16:01
18950.0,100,-1000.0,-0.1,SD,12036900.0,29761200.0,False,0.0,13:16:01
18950.0,1000,-1000.0,-0.1,SD,12036900.0,29761100.0,False,0.0,13:16:01
18950.0,500,-1000.0,-0.1,SD,12036900.0,29760100.0,False,0.0,13:16:01
18950.0,200,-1000.0,-0.1,SD,12036900.0,29759600.0,False,0.0,13:16:01
18950.0,200,-1000.0,-0.1,SD,12036900.0,29759400.0,False,0.0,13:16:01
18950.0,300,-1000.0,-0.1,SD,12036900.0,29759200.0,False,0.0,13:16:01
18950.0,100,-1000.0,-0.1,SD,12036900.0,29758900.0,False,0.0,13:16:01
18950.0,500,-1000.0,-0.1,SD,12036900.0,29758800.0,False,0.0,13:16:01
18950.0,100,-1000.0,-0.1,SD,12036900.0,29758300.0,False,0.0,13:16:01
18950.0,500,-1000.0,-0.1,SD,12036900.0,29758200.0,False,0.0,13:16:01
18950.0,300,-1000.0,-0.1,SD,12036900.0,29757700.0,False,0.0,13:16:01
18950.0,100,-1000.0,-0.1,SD,12036900.0,29757400.0,False,0.0,13:16:01
18950.0,200,-1000.0,-0.1,SD,12036900.0,29757300.0,False,-50.0,13:15:58
19000.0,20000,-950.0,0.0,BU,12036900.0,29757100.0,True,50.0,13:15:56
18950.0,2200,-1000.0,-0.1,SD,12016900.0,29757100.0,False,0.0,13:15:55
18950.0,500,-1000.0,-0.1,SD,12016900.0,29754900.0,False,-50.0,13:15:55
19000.0,3500,-950.0,0.0,BU,12016900.0,29754400.0,False,0.0,13:15:54
19000.0,2500,-950.0,0.0,BU,12013400.0,29754400.0,False,50.0,13:15:54
18950.0,200,-1000.0,-0.1,SD,12010900.0,29754400.0,False,-50.0,13:15:54
19000.0,9400,-950.0,0.0,BU,12010900.0,29754200.0,False,0.0,13:15:51
19000.0,8300,-950.0,0.0,BU,12001500.0,29754200.0,False,0.0,13:15:51
19000.0,1500,-950.0,0.0,BU,11993200.0,29754200.0,False,0.0,13:15:51
19000.0,2000,-950.0,0.0,BU,11991700.0,29754200.0,False,0.0,13:15:51
19000.0,100,-950.0,0.0,BU,11989700.0,29754200.0,False,0.0,13:15:51
19000.0,2000,-950.0,0.0,BU,11989600.0,29754200.0,False,0.0,13:15:51
19000.0,5000,-950.0,0.0,BU,11987600.0,29754200.0,False,0.0,13:15:51
19000.0,1700,-950.0,0.0,BU,11982600.0,29754200.0,False,50.0,13:15:51
18950.0,1500,-1000.0,-0.1,SD,11980900.0,29754200.0,False,0.0,13:15:51
18950.0,2000,-1000.0,-0.1,SD,11980900.0,29752700.0,False,0.0,13:15:50
18950.0,200,-1000.0,-0.1,SD,11980900.0,29750700.0,False,0.0,13:15:49
18950.0,3100,-1000.0,-0.1,SD,11980900.0,29750500.0,False,0.0,13:15:45
18950.0,100,-1000.0,-0.1,SD,11980900.0,29747400.0,False,0.0,13:15:45
18950.0,100,-1000.0,-0.1,SD,11980900.0,29747300.0,False,0.0,13:15:45
18950.0,500,-1000.0,-0.1,SD,11980900.0,29747200.0,False,0.0,13:15:45
18950.0,10000,-1000.0,-0.1,SD,11980900.0,29746700.0,False,0.0,13:15:45
18950.0,300,-1000.0,-0.1,SD,11980900.0,29736700.0,False,0.0,13:15:45
18950.0,100,-1000.0,-0.1,SD,11980900.0,29736400.0,False,0.0,13:15:45
18950.0,200,-1000.0,-0.1,SD,11980900.0,29736300.0,False,0.0,13:15:45
18950.0,300,-1000.0,-0.1,SD,11980900.0,29736100.0,False,0.0,13:15:45
18950.0,5000,-1000.0,-0.1,SD,11980900.0,29735800.0,False,0.0,13:15:45
18950.0,100,-1000.0,-0.1,SD,11980900.0,29730800.0,False,0.0,13:15:45
18950.0,1500,-1000.0,-0.1,SD,11980900.0,29730700.0,False,0.0,13:15:45
18950.0,1000,-1000.0,-0.1,SD,11980900.0,29729200.0,False,0.0,13:15:45
18950.0,500,-1000.0,-0.1,SD,11980900.0,29728200.0,False,0.0,13:15:45
18950.0,100,-1000.0,-0.1,SD,11980900.0,29727700.0,False,0.0,13:15:45
18950.0,2000,-1000.0,-0.1,SD,11980900.0,29727600.0,False,0.0,13:15:45
18950.0,200,-1000.0,-0.1,SD,11980900.0,29725600.0,False,0.0,13:15:45
18950.0,500,-1000.0,-0.1,SD,11980900.0,29725400.0,False,0.0,13:15:45
18950.0,1000,-1000.0,-0.1,SD,11980900.0,29724900.0,False,0.0,13:15:45
18950.0,900,-1000.0,-0.1,SD,11980900.0,29723900.0,False,0.0,13:15:45
18950.0,100,-1000.0,-0.1,SD,11980900.0,29723000.0,False,0.0,13:15:45
18950.0,500,-1000.0,-0.1,SD,11980900.0,29722900.0,False,0.0,13:15:45
18950.0,100,-1000.0,-0.1,SD,11980900.0,29722400.0,False,0.0,13:15:45
18950.0,1200,-1000.0,-0.1,SD,11980900.0,29722300.0,False,0.0,13:15:45
18950.0,500,-1000.0,-0.1,SD,11980900.0,29721100.0,False,0.0,13:15:45
18950.0,100,-1000.0,-0.1,SD,11980900.0,29720600.0,False,0.0,13:15:45
18950.0,200,-1000.0,-0.1,SD,11980900.0,29720500.0,False,0.0,13:15:45
18950.0,900,-1000.0,-0.1,SD,11980900.0,29720300.0,False,0.0,13:15:45
18950.0,300,-1000.0,-0.1,SD,11980900.0,29719400.0,False,0.0,13:15:45
18950.0,700,-1000.0,-0.1,SD,11980900.0,29719100.0,False,0.0,13:15:45
18950.0,100,-1000.0,-0.1,SD,11980900.0,29718400.0,False,0.0,13:15:45
18950.0,300,-1000.0,-0.1,SD,11980900.0,29718300.0,False,0.0,13:15:45
18950.0,1000,-1000.0,-0.1,SD,11980900.0,29718000.0,False,0.0,13:15:45
18950.0,300,-1000.0,-0.1,SD,11980900.0,29717000.0,False,0.0,13:15:45
18950.0,100,-1000.0,-0.1,SD,11980900.0,29716700.0,False,0.0,13:15:45
18950.0,400,-1000.0,-0.1,SD,11980900.0,29716600.0,False,0.0,13:15:45
18950.0,5000,-1000.0,-0.1,SD,11980900.0,29716200.0,False,0.0,13:15:45
18950.0,100,-1000.0,-0.1,SD,11980900.0,29711200.0,False,0.0,13:15:45
18950.0,100,-1000.0,-0.1,SD,11980900.0,29711100.0,False,0.0,13:15:45
18950.0,800,-1000.0,-0.1,SD,11980900.0,29711000.0,False,0.0,13:15:45
18950.0,200,-1000.0,-0.1,SD,11980900.0,29710200.0,False,0.0,13:15:45
18950.0,1000,-1000.0,-0.1,SD,11980900.0,29710000.0,False,0.0,13:15:45
18950.0,100,-1000.0,-0.1,SD,11980900.0,29709000.0,False,0.0,13:15:45
18950.0,200,-1000.0,-0.1,SD,11980900.0,29708900.0,False,0.0,13:15:45
18950.0,1000,-1000.0,-0.1,SD,11980900.0,29708700.0,False,0.0,13:15:45
18950.0,7200,-1000.0,-0.1,SD,11980900.0,29707700.0,False,0.0,13:15:45
18950.0,1300,-1000.0,-0.1,SD,11980900.0,29700500.0,False,0.0,13:15:45
18950.0,1000,-1000.0,-0.1,SD,11980900.0,29699200.0,False,0.0,13:15:45
18950.0,2100,-1000.0,-0.1,SD,11980900.0,29698200.0,False,0.0,13:15:45
18950.0,100,-1000.0,-0.1,SD,11980900.0,29696100.0,False,0.0,13:15:45
18950.0,500,-1000.0,-0.1,SD,11980900.0,29696000.0,False,0.0,13:15:45
18950.0,500,-1000.0,-0.1,SD,11980900.0,29695500.0,False,-50.0,13:15:44
19000.0,500,-950.0,0.0,BU,11980900.0,29695000.0,False,50.0,13:15:42
18950.0,1000,-1000.0,-0.1,SD,11980400.0,29695000.0,False,0.0,13:15:42
18950.0,1000,-1000.0,-0.1,SD,11980400.0,29694000.0,False,0.0,13:15:42
18950.0,4100,-1000.0,-0.1,SD,11980400.0,29693000.0,False,-50.0,13:15:42
19000.0,4000,-950.0,0.0,BU,11980400.0,29688900.0,False,50.0,13:15:40
18950.0,10000,-1000.0,-0.1,SD,11976400.0,29688900.0,False,-50.0,13:15:35
19000.0,600,-950.0,0.0,BU,11976400.0,29678900.0,False,0.0,13:15:32
19000.0,400,-950.0,0.0,BU,11975800.0,29678900.0,False,50.0,13:15:32
18950.0,600,-1000.0,-0.1,SD,11975400.0,29678900.0,False,-50.0,13:15:30
19000.0,400,-950.0,0.0,BU,11975400.0,29678300.0,False,0.0,13:15:28
19000.0,300,-950.0,0.0,BU,11975000.0,29678300.0,False,0.0,13:15:26
19000.0,100,-950.0,0.0,BU,11974700.0,29678300.0,False,50.0,13:15:25
18950.0,800,-1000.0,-0.1,SD,11974600.0,29678300.0,False,-50.0,13:15:24
19000.0,100,-950.0,0.0,BU,11974600.0,29677500.0,False,0.0,13:15:21
19000.0,2600,-950.0,0.0,BU,11974500.0,29677500.0,False,50.0,13:15:18
18950.0,2600,-1000.0,-0.1,SD,11971900.0,29677500.0,False,-50.0,13:15:18
19000.0,1000,-950.0,0.0,BU,11971900.0,29674900.0,False,50.0,13:15:17
18950.0,1000,-1000.0,-0.1,SD,11970900.0,29674900.0,False,0.0,13:15:13
18950.0,4600,-1000.0,-0.1,SD,11970900.0,29673900.0,False,0.0,13:15:11
18950.0,2800,-1000.0,-0.1,SD,11970900.0,29669300.0,False,0.0,13:15:11
18950.0,900,-1000.0,-0.1,SD,11970900.0,29666500.0,False,0.0,13:15:11
18950.0,1000,-1000.0,-0.1,SD,11970900.0,29665600.0,False,0.0,13:15:11
18950.0,600,-1000.0,-0.1,SD,11970900.0,29664600.0,False,0.0,13:15:11
18950.0,100,-1000.0,-0.1,SD,11970900.0,29664000.0,False,0.0,13:15:11
18950.0,100,-1000.0,-0.1,SD,11970900.0,29663900.0,False,0.0,13:15:11
18950.0,100,-1000.0,-0.1,SD,11970900.0,29663800.0,False,0.0,13:15:11
18950.0,3200,-1000.0,-0.1,SD,11970900.0,29663700.0,False,0.0,13:15:11
18950.0,1000,-1000.0,-0.1,SD,11970900.0,29660500.0,False,0.0,13:15:11
18950.0,500,-1000.0,-0.1,SD,11970900.0,29659500.0,False,0.0,13:15:11
18950.0,100,-1000.0,-0.1,SD,11970900.0,29659000.0,False,-50.0,13:15:11
19000.0,900,-950.0,0.0,BU,11970900.0,29658900.0,False,0.0,13:15:10
19000.0,2500,-950.0,0.0,BU,11970000.0,29658900.0,False,50.0,13:15:10
18950.0,300,-1000.0,-0.1,SD,11967500.0,29658900.0,False,0.0,13:15:09
18950.0,200,-1000.0,-0.1,SD,11967500.0,29658600.0,False,0.0,13:15:09
18950.0,100,-1000.0,-0.1,SD,11967500.0,29658400.0,False,0.0,13:15:09
18950.0,200,-1000.0,-0.1,SD,11967500.0,29658300.0,False,0.0,13:15:09
18950.0,4200,-1000.0,-0.1,SD,11967500.0,29658100.0,False,-50.0,13:15:09
19000.0,100,-950.0,0.0,BU,11967500.0,29653900.0,False,0.0,13:15:07
19000.0,100,-950.0,0.0,BU,11967400.0,29653900.0,False,0.0,13:15:06
19000.0,500,-950.0,0.0,BU,11967300.0,29653900.0,False,50.0,13:15:06
18950.0,2000,-1000.0,-0.1,SD,11966800.0,29653900.0,False,-50.0,13:15:05
19000.0,500,-950.0,0.0,BU,11966800.0,29651900.0,False,50.0,13:15:05
18950.0,500,-1000.0,-0.1,SD,11966300.0,29651900.0,False,-50.0,13:15:05
19000.0,1000,-950.0,0.0,BU,11966300.0,29651400.0,False,0.0,13:15:04
19000.0,100,-950.0,0.0,BU,11965300.0,29651400.0,False,0.0,13:15:04
19000.0,100,-950.0,0.0,BU,11965200.0,29651400.0,False,50.0,13:15:03
18950.0,3300,-1000.0,-0.1,SD,11965100.0,29651400.0,False,0.0,13:15:03
18950.0,100,-1000.0,-0.1,SD,11965100.0,29648100.0,False,0.0,13:15:03
18950.0,22000,-1000.0,-0.1,SD,11965100.0,29648000.0,True,0.0,13:15:03
18950.0,100,-1000.0,-0.1,SD,11965100.0,29626000.0,False,0.0,13:15:03
18950.0,2000,-1000.0,-0.1,SD,11965100.0,29625900.0,False,0.0,13:15:03
18950.0,1000,-1000.0,-0.1,SD,11965100.0,29623900.0,False,0.0,13:15:03
18950.0,100,-1000.0,-0.1,SD,11965100.0,29622900.0,False,0.0,13:15:03
18950.0,900,-1000.0,-0.1,SD,11965100.0,29622800.0,False,0.0,13:15:03
18950.0,100,-1000.0,-0.1,SD,11965100.0,29621900.0,False,0.0,13:15:03
18950.0,20000,-1000.0,-0.1,SD,11965100.0,29621800.0,True,0.0,13:15:03
18950.0,12000,-1000.0,-0.1,SD,11965100.0,29601800.0,True,0.0,13:15:03
18950.0,500,-1000.0,-0.1,SD,11965100.0,29589800.0,False,0.0,13:15:03
18950.0,100,-1000.0,-0.1,SD,11965100.0,29589300.0,False,0.0,13:15:03
18950.0,10000,-1000.0,-0.1,SD,11965100.0,29589200.0,False,0.0,13:15:03
18950.0,100,-1000.0,-0.1,SD,11965100.0,29579200.0,False,0.0,13:15:03
18950.0,1000,-1000.0,-0.1,SD,11965100.0,29579100.0,False,0.0,13:15:03
18950.0,200,-1000.0,-0.1,SD,11965100.0,29578100.0,False,0.0,13:15:03
18950.0,500,-1000.0,-0.1,SD,11965100.0,29577900.0,False,0.0,13:15:03
18950.0,4000,-1000.0,-0.1,SD,11965100.0,29577400.0,False,0.0,13:15:03
18950.0,4500,-1000.0,-0.1,SD,11965100.0,29573400.0,False,0.0,13:15:03
18950.0,100,-1000.0,-0.1,SD,11965100.0,29568900.0,False,0.0,13:15:03
18950.0,1000,-1000.0,-0.1,SD,11965100.0,29568800.0,False,0.0,13:15:03
18950.0,1800,-1000.0,-0.1,SD,11965100.0,29567800.0,False,0.0,13:15:03
18950.0,200,-1000.0,-0.1,SD,11965100.0,29566000.0,False,0.0,13:15:03
18950.0,200,-1000.0,-0.1,SD,11965100.0,29565800.0,False,0.0,13:15:03
18950.0,300,-1000.0,-0.1,SD,11965100.0,29565600.0,False,0.0,13:15:03
18950.0,13900,-1000.0,-0.1,SD,11965100.0,29565300.0,True,-50.0,13:15:03
19000.0,100,-950.0,0.0,BU,11965100.0,29551400.0,False,0.0,13:15:03
19000.0,100,-950.0,0.0,BU,11965000.0,29551400.0,False,0.0,13:15:01
19000.0,100,-950.0,0.0,BU,11964900.0,29551400.0,False,0.0,13:15:00
19000.0,300,-950.0,0.0,BU,11964800.0,29551400.0,False,0.0,13:15:00
19000.0,100,-950.0,0.0,BU,11964500.0,29551400.0,False,50.0,13:15:00
18950.0,6100,-1000.0,-0.1,SD,11964400.0,29551400.0,False,0.0,13:15:00
18950.0,100,-1000.0,-0.1,SD,11964400.0,29545300.0,False,0.0,13:15:00
18950.0,5000,-1000.0,-0.1,SD,11964400.0,29545200.0,False,0.0,13:15:00
18950.0,10000,-1000.0,-0.1,SD,11964400.0,29540200.0,False,0.0,13:15:00
18950.0,1000,-1000.0,-0.1,SD,11964400.0,29530200.0,False,0.0,13:15:00
18950.0,100,-1000.0,-0.1,SD,11964400.0,29529200.0,False,0.0,13:15:00
18950.0,900,-1000.0,-0.1,SD,11964400.0,29529100.0,False,0.0,13:15:00
18950.0,100,-1000.0,-0.1,SD,11964400.0,29528200.0,False,0.0,13:15:00
18950.0,200,-1000.0,-0.1,SD,11964400.0,29528100.0,False,0.0,13:15:00
18950.0,500,-1000.0,-0.1,SD,11964400.0,29527900.0,False,0.0,13:15:00
18950.0,500,-1000.0,-0.1,SD,11964400.0,29527400.0,False,0.0,13:15:00
18950.0,100,-1000.0,-0.1,SD,11964400.0,29526900.0,False,0.0,13:15:00
18950.0,1800,-1000.0,-0.1,SD,11964400.0,29526800.0,False,0.0,13:15:00
18950.0,500,-1000.0,-0.1,SD,11964400.0,29525000.0,False,0.0,13:15:00
18950.0,500,-1000.0,-0.1,SD,11964400.0,29524500.0,False,0.0,13:15:00
18950.0,1000,-1000.0,-0.1,SD,11964400.0,29524000.0,False,0.0,13:15:00
18950.0,2000,-1000.0,-0.1,SD,11964400.0,29523000.0,False,0.0,13:15:00
18950.0,200,-1000.0,-0.1,SD,11964400.0,29521000.0,False,0.0,13:15:00
18950.0,100,-1000.0,-0.1,SD,11964400.0,29520800.0,False,0.0,13:15:00
18950.0,2000,-1000.0,-0.1,SD,11964400.0,29520700.0,False,0.0,13:15:00
18950.0,100,-1000.0,-0.1,SD,11964400.0,29518700.0,False,0.0,13:15:00
18950.0,100,-1000.0,-0.1,SD,11964400.0,29518600.0,False,0.0,13:15:00
18950.0,500,-1000.0,-0.1,SD,11964400.0,29518500.0,False,0.0,13:15:00
18950.0,100,-1000.0,-0.1,SD,11964400.0,29518000.0,False,0.0,13:15:00
18950.0,3000,-1000.0,-0.1,SD,11964400.0,29517900.0,False,0.0,13:15:00
18950.0,1000,-1000.0,-0.1,SD,11964400.0,29514900.0,False,0.0,13:15:00
18950.0,100,-1000.0,-0.1,SD,11964400.0,29513900.0,False,0.0,13:15:00
18950.0,300,-1000.0,-0.1,SD,11964400.0,29513800.0,False,0.0,13:15:00
18950.0,500,-1000.0,-0.1,SD,11964400.0,29513500.0,False,0.0,13:15:00
18950.0,1000,-1000.0,-0.1,SD,11964400.0,29513000.0,False,0.0,13:15:00
18950.0,200,-1000.0,-0.1,SD,11964400.0,29512000.0,False,0.0,13:15:00
18950.0,5000,-1000.0,-0.1,SD,11964400.0,29511800.0,False,0.0,13:15:00
18950.0,300,-1000.0,-0.1,SD,11964400.0,29506800.0,False,0.0,13:15:00
18950.0,500,-1000.0,-0.1,SD,11964400.0,29506500.0,False,0.0,13:15:00
18950.0,1000,-1000.0,-0.1,SD,11964400.0,29506000.0,False,0.0,13:15:00
18950.0,2500,-1000.0,-0.1,SD,11964400.0,29505000.0,False,0.0,13:15:00
18950.0,100,-1000.0,-0.1,SD,11964400.0,29502500.0,False,0.0,13:15:00
18950.0,600,-1000.0,-0.1,SD,11964400.0,29502400.0,False,0.0,13:15:00
18950.0,5000,-1000.0,-0.1,SD,11964400.0,29501800.0,False,0.0,13:15:00
18950.0,100,-1000.0,-0.1,SD,11964400.0,29496800.0,False,0.0,13:15:00
18950.0,100,-1000.0,-0.1,SD,11964400.0,29496700.0,False,0.0,13:15:00
18950.0,500,-1000.0,-0.1,SD,11964400.0,29496600.0,False,0.0,13:15:00
18950.0,1000,-1000.0,-0.1,SD,11964400.0,29496100.0,False,0.0,13:15:00
18950.0,1000,-1000.0,-0.1,SD,11964400.0,29495100.0,False,0.0,13:15:00
18950.0,200,-1000.0,-0.1,SD,11964400.0,29494100.0,False,0.0,13:15:00
18950.0,8400,-1000.0,-0.1,SD,11964400.0,29493900.0,False,0.0,13:15:00
18950.0,300,-1000.0,-0.1,SD,11964400.0,29485500.0,False,0.0,13:15:00
18950.0,100,-1000.0,-0.1,SD,11964400.0,29485200.0,False,0.0,13:15:00
18950.0,100,-1000.0,-0.1,SD,11964400.0,29485100.0,False,0.0,13:15:00
18950.0,200,-1000.0,-0.1,SD,11964400.0,29485000.0,False,0.0,13:15:00
18950.0,5000,-1000.0,-0.1,SD,11964400.0,29484800.0,False,0.0,13:15:00
18950.0,1000,-1000.0,-0.1,SD,11964400.0,29479800.0,False,0.0,13:15:00
18950.0,2100,-1000.0,-0.1,SD,11964400.0,29478800.0,False,0.0,13:15:00
18950.0,5000,-1000.0,-0.1,SD,11964400.0,29476700.0,False,0.0,13:15:00
18950.0,3100,-1000.0,-0.1,SD,11964400.0,29471700.0,False,0.0,13:15:00
18950.0,2000,-1000.0,-0.1,SD,11964400.0,29468600.0,False,0.0,13:15:00
18950.0,100,-1000.0,-0.1,SD,11964400.0,29466600.0,False,0.0,13:15:00
18950.0,2000,-1000.0,-0.1,SD,11964400.0,29466500.0,False,0.0,13:15:00
18950.0,1000,-1000.0,-0.1,SD,11964400.0,29464500.0,False,0.0,13:15:00
18950.0,500,-1000.0,-0.1,SD,11964400.0,29463500.0,False,0.0,13:15:00
18950.0,100,-1000.0,-0.1,SD,11964400.0,29463000.0,False,0.0,13:15:00
18950.0,600,-1000.0,-0.1,SD,11964400.0,29462900.0,False,0.0,13:15:00
18950.0,500,-1000.0,-0.1,SD,11964400.0,29462300.0,False,0.0,13:15:00
18950.0,100,-1000.0,-0.1,SD,11964400.0,29461800.0,False,0.0,13:15:00
18950.0,1500,-1000.0,-0.1,SD,11964400.0,29461700.0,False,0.0,13:15:00
18950.0,500,-1000.0,-0.1,SD,11964400.0,29460200.0,False,0.0,13:15:00
18950.0,300,-1000.0,-0.1,SD,11964400.0,29459700.0,False,0.0,13:15:00
18950.0,300,-1000.0,-0.1,SD,11964400.0,29459400.0,False,0.0,13:15:00
18950.0,7700,-1000.0,-0.1,SD,11964400.0,29459100.0,False,-50.0,13:15:00
19000.0,1000,-950.0,0.0,BU,11964400.0,29451400.0,False,0.0,13:14:59
19000.0,2400,-950.0,0.0,BU,11963400.0,29451400.0,False,0.0,13:14:56
19000.0,300,-950.0,0.0,BU,11961000.0,29451400.0,False,0.0,13:14:56
19000.0,100,-950.0,0.0,BU,11960700.0,29451400.0,False,0.0,13:14:56
19000.0,1300,-950.0,0.0,BU,11960600.0,29451400.0,False,0.0,13:14:56
19000.0,100,-950.0,0.0,BU,11959300.0,29451400.0,False,0.0,13:14:56
19000.0,600,-950.0,0.0,BU,11959200.0,29451400.0,False,0.0,13:14:55
19000.0,3000,-950.0,0.0,BU,11958600.0,29451400.0,False,0.0,13:14:55
19000.0,2000,-950.0,0.0,BU,11955600.0,29451400.0,False,50.0,13:14:55
18950.0,600,-1000.0,-0.1,SD,11953600.0,29451400.0,False,-50.0,13:14:55
19000.0,500,-950.0,0.0,BU,11953600.0,29450800.0,False,0.0,13:14:54
19000.0,200,-950.0,0.0,BU,11953100.0,29450800.0,False,0.0,13:14:53
19000.0,300,-950.0,0.0,BU,11952900.0,29450800.0,False,0.0,13:14:52
19000.0,1000,-950.0,0.0,BU,11952600.0,29450800.0,False,50.0,13:14:51
18950.0,12400,-1000.0,-0.1,SD,11951600.0,29450800.0,True,-50.0,13:14:51
19000.0,800,-950.0,0.0,BU,11951600.0,29438400.0,False,0.0,13:14:50
19000.0,2000,-950.0,0.0,BU,11950800.0,29438400.0,False,0.0,13:14:49
19000.0,4000,-950.0,0.0,BU,11948800.0,29438400.0,False,0.0,13:14:48
19000.0,500,-950.0,0.0,BU,11944800.0,29438400.0,False,0.0,13:14:48
19000.0,2000,-950.0,0.0,BU,11944300.0,29438400.0,False,0.0,13:14:47
19000.0,100,-950.0,0.0,BU,11942300.0,29438400.0,False,0.0,13:14:47
19000.0,1500,-950.0,0.0,BU,11942200.0,29438400.0,False,0.0,13:14:46
19000.0,500,-950.0,0.0,BU,11940700.0,29438400.0,False,0.0,13:14:46
19000.0,1000,-950.0,0.0,BU,11940200.0,29438400.0,False,0.0,13:14:45
19000.0,100,-950.0,0.0,BU,11939200.0,29438400.0,False,0.0,13:14:44
19000.0,700,-950.0,0.0,BU,11939100.0,29438400.0,False,0.0,13:14:44
19000.0,1000,-950.0,0.0,BU,11938400.0,29438400.0,False,0.0,13:14:43
19000.0,800,-950.0,0.0,BU,11937400.0,29438400.0,False,0.0,13:14:43
19000.0,1000,-950.0,0.0,BU,11936600.0,29438400.0,False,0.0,13:14:42
19000.0,10000,-950.0,0.0,BU,11935600.0,29438400.0,False,0.0,13:14:40
19000.0,900,-950.0,0.0,BU,11925600.0,29438400.0,False,0.0,13:14:39
19000.0,200,-950.0,0.0,BU,11924700.0,29438400.0,False,0.0,13:14:38
19000.0,400,-950.0,0.0,BU,11924500.0,29438400.0,False,50.0,13:14:38
18950.0,3000,-1000.0,-0.1,SD,11924100.0,29438400.0,False,-50.0,13:14:37
19000.0,500,-950.0,0.0,BU,11924100.0,29435400.0,False,0.0,13:14:36
19000.0,200,-950.0,0.0,BU,11923600.0,29435400.0,False,0.0,13:14:34
19000.0,2500,-950.0,0.0,BU,11923400.0,29435400.0,False,0.0,13:14:33
19000.0,500,-950.0,0.0,BU,11920900.0,29435400.0,False,50.0,13:14:32
18950.0,100,-1000.0,-0.1,SD,11920400.0,29435400.0,False,-50.0,13:14:32
19000.0,100,-950.0,0.0,BU,11920400.0,29435300.0,False,0.0,13:14:31
19000.0,200,-950.0,0.0,BU,11920300.0,29435300.0,False,0.0,13:14:31
19000.0,100,-950.0,0.0,BU,11920100.0,29435300.0,False,0.0,13:14:31
19000.0,100,-950.0,0.0,BU,11920000.0,29435300.0,False,0.0,13:14:30
19000.0,1300,-950.0,0.0,BU,11919900.0,29435300.0,False,0.0,13:14:30
19000.0,200,-950.0,0.0,BU,11918600.0,29435300.0,False,0.0,13:14:30
19000.0,1000,-950.0,0.0,BU,11918400.0,29435300.0,False,0.0,13:14:30
19000.0,2500,-950.0,0.0,BU,11917400.0,29435300.0,False,0.0,13:14:30
19000.0,500,-950.0,0.0,BU,11914900.0,29435300.0,False,0.0,13:14:30
19000.0,4500,-950.0,0.0,BU,11914400.0,29435300.0,False,0.0,13:14:30
19000.0,10000,-950.0,0.0,BU,11909900.0,29435300.0,False,0.0,13:14:30
19000.0,300,-950.0,0.0,BU,11899900.0,29435300.0,False,0.0,13:14:30
19000.0,1100,-950.0,0.0,BU,11899600.0,29435300.0,False,0.0,13:14:29
19000.0,2000,-950.0,0.0,BU,11898500.0,29435300.0,False,50.0,13:14:28
18950.0,2000,-1000.0,-0.1,SD,11896500.0,29435300.0,False,-50.0,13:14:28
19000.0,100,-950.0,0.0,BU,11896500.0,29433300.0,False,0.0,13:14:27
19000.0,500,-950.0,0.0,BU,11896400.0,29433300.0,False,0.0,13:14:27
19000.0,200,-950.0,0.0,BU,11895900.0,29433300.0,False,0.0,13:14:27
19000.0,3500,-950.0,0.0,BU,11895700.0,29433300.0,False,0.0,13:14:27
19000.0,500,-950.0,0.0,BU,11892200.0,29433300.0,False,0.0,13:14:27
19000.0,200,-950.0,0.0,BU,11891700.0,29433300.0,False,50.0,13:14:27
18950.0,3000,-1000.0,-0.1,SD,11891500.0,29433300.0,False,-50.0,13:14:27
19000.0,200,-950.0,0.0,BU,11891500.0,29430300.0,False,50.0,13:14:26
18950.0,500,-1000.0,-0.1,SD,11891300.0,29430300.0,False,-50.0,13:14:25
19000.0,100,-950.0,0.0,BU,11891300.0,29429800.0,False,0.0,13:14:25
19000.0,800,-950.0,0.0,BU,11891200.0,29429800.0,False,0.0,13:14:25
19000.0,100,-950.0,0.0,BU,11890400.0,29429800.0,False,0.0,13:14:25
19000.0,100,-950.0,0.0,BU,11890300.0,29429800.0,False,0.0,13:14:25
19000.0,400,-950.0,0.0,BU,11890200.0,29429800.0,False,0.0,13:14:25
19000.0,200,-950.0,0.0,BU,11889800.0,29429800.0,False,0.0,13:14:25
19000.0,500,-950.0,0.0,BU,11889600.0,29429800.0,False,0.0,13:14:24
19000.0,100,-950.0,0.0,BU,11889100.0,29429800.0,False,0.0,13:14:24
19000.0,100,-950.0,0.0,BU,11889000.0,29429800.0,False,0.0,13:14:23
19000.0,100,-950.0,0.0,BU,11888900.0,29429800.0,False,0.0,13:14:22
19000.0,100,-950.0,0.0,BU,11888800.0,29429800.0,False,0.0,13:14:21
19000.0,500,-950.0,0.0,BU,11888700.0,29429800.0,False,0.0,13:14:19
19000.0,2000,-950.0,0.0,BU,11888200.0,29429800.0,False,0.0,13:14:17
19000.0,1600,-950.0,0.0,SD,11886200.0,29429800.0,False,0.0,13:14:17
19000.0,3400,-950.0,0.0,SD,11886200.0,29428200.0,False,0.0,13:14:16
19000.0,100,-950.0,0.0,SD,11886200.0,29424800.0,False,0.0,13:14:16
19000.0,1500,-950.0,0.0,SD,11886200.0,29424700.0,False,0.0,13:14:15
19000.0,1600,-950.0,0.0,BU,11886200.0,29423200.0,False,0.0,13:14:15
19000.0,500,-950.0,0.0,BU,11884600.0,29423200.0,False,0.0,13:14:15
19000.0,200,-950.0,0.0,BU,11884100.0,29423200.0,False,0.0,13:14:15
19000.0,1200,-950.0,0.0,BU,11883900.0,29423200.0,False,0.0,13:14:15
19000.0,1000,-950.0,0.0,BU,11882700.0,29423200.0,False,0.0,13:14:14
19000.0,800,-950.0,0.0,BU,11881700.0,29423200.0,False,0.0,13:14:14
19000.0,200,-950.0,0.0,BU,11880900.0,29423200.0,False,0.0,13:14:14
19000.0,100,-950.0,0.0,BU,11880700.0,29423200.0,False,0.0,13:14:14
19000.0,1000,-950.0,0.0,BU,11880600.0,29423200.0,False,0.0,13:14:14
19000.0,100,-950.0,0.0,BU,11879600.0,29423200.0,False,0.0,13:14:14
19000.0,100,-950.0,0.0,BU,11879500.0,29423200.0,False,0.0,13:14:13
19000.0,300,-950.0,0.0,BU,11879400.0,29423200.0,False,0.0,13:14:13
19000.0,100,-950.0,0.0,BU,11879100.0,29423200.0,False,0.0,13:14:13
19000.0,2000,-950.0,0.0,BU,11879000.0,29423200.0,False,0.0,13:14:12
19000.0,2000,-950.0,0.0,BU,11877000.0,29423200.0,False,0.0,13:14:12
19000.0,200,-950.0,0.0,BU,11875000.0,29423200.0,False,0.0,13:14:12
19000.0,1000,-950.0,0.0,BU,11874800.0,29423200.0,False,0.0,13:14:11
19000.0,100,-950.0,0.0,BU,11873800.0,29423200.0,False,0.0,13:14:09
19000.0,1000,-950.0,0.0,BU,11873700.0,29423200.0,False,0.0,13:14:09
19000.0,11800,-950.0,0.0,BU,11872700.0,29423200.0,True,0.0,13:14:09
19000.0,100,-950.0,0.0,BU,11860900.0,29423200.0,False,0.0,13:14:09
19000.0,100,-950.0,0.0,BU,11860800.0,29423200.0,False,0.0,13:14:09
19000.0,5000,-950.0,0.0,BU,11860700.0,29423200.0,False,0.0,13:14:09
19000.0,200,-950.0,0.0,BU,11855700.0,29423200.0,False,0.0,13:14:09
19000.0,2000,-950.0,0.0,BU,11855500.0,29423200.0,False,0.0,13:14:09
19000.0,100,-950.0,0.0,BU,11853500.0,29423200.0,False,0.0,13:14:09
19000.0,200,-950.0,0.0,BU,11853400.0,29423200.0,False,0.0,13:14:09
19000.0,500,-950.0,0.0,BU,11853200.0,29423200.0,False,0.0,13:14:09
19000.0,500,-950.0,0.0,BU,11852700.0,29423200.0,False,0.0,13:14:09
19000.0,10000,-950.0,0.0,BU,11852200.0,29423200.0,False,0.0,13:14:09
19000.0,1000,-950.0,0.0,BU,11842200.0,29423200.0,False,0.0,13:14:09
19000.0,200,-950.0,0.0,BU,11841200.0,29423200.0,False,0.0,13:14:09
19000.0,3000,-950.0,0.0,BU,11841000.0,29423200.0,False,0.0,13:14:09
19000.0,200,-950.0,0.0,BU,11838000.0,29423200.0,False,0.0,13:14:09
19000.0,1000,-950.0,0.0,BU,11837800.0,29423200.0,False,0.0,13:14:09
19000.0,2000,-950.0,0.0,BU,11836800.0,29423200.0,False,0.0,13:14:09
19000.0,100,-950.0,0.0,BU,11834800.0,29423200.0,False,0.0,13:14:09
19000.0,300,-950.0,0.0,BU,11834700.0,29423200.0,False,0.0,13:14:09
19000.0,5000,-950.0,0.0,BU,11834400.0,29423200.0,False,0.0,13:14:09
19000.0,300,-950.0,0.0,BU,11829400.0,29423200.0,False,0.0,13:14:09
19000.0,1000,-950.0,0.0,BU,11829100.0,29423200.0,False,0.0,13:14:09
19000.0,5000,-950.0,0.0,BU,11828100.0,29423200.0,False,0.0,13:14:09
19000.0,300,-950.0,0.0,BU,11823100.0,29423200.0,False,0.0,13:14:09
19000.0,100,-950.0,0.0,BU,11822800.0,29423200.0,False,50.0,13:14:09
18950.0,200,-1000.0,-0.1,SD,11822700.0,29423200.0,False,-50.0,13:14:08
19000.0,1000,-950.0,0.0,BU,11822700.0,29423000.0,False,0.0,13:14:08
19000.0,2300,-950.0,0.0,BU,11821700.0,29423000.0,False,0.0,13:14:06
19000.0,100,-950.0,0.0,BU,11819400.0,29423000.0,False,0.0,13:14:06
19000.0,200,-950.0,0.0,BU,11819300.0,29423000.0,False,0.0,13:14:06
19000.0,100,-950.0,0.0,BU,11819100.0,29423000.0,False,0.0,13:14:03
19000.0,200,-950.0,0.0,BU,11819000.0,29423000.0,False,0.0,13:14:03
19000.0,500,-950.0,0.0,BU,11818800.0,29423000.0,False,0.0,13:14:03
19000.0,200,-950.0,0.0,BU,11818300.0,29423000.0,False,0.0,13:14:03
19000.0,300,-950.0,0.0,BU,11818100.0,29423000.0,False,0.0,13:14:03
19000.0,1000,-950.0,0.0,BU,11817800.0,29423000.0,False,0.0,13:14:03
19000.0,200,-950.0,0.0,BU,11816800.0,29423000.0,False,0.0,13:14:03
19000.0,300,-950.0,0.0,BU,11816600.0,29423000.0,False,0.0,13:14:02
19000.0,3000,-950.0,0.0,BU,11816300.0,29423000.0,False,0.0,13:14:02
19000.0,1500,-950.0,0.0,BU,11813300.0,29423000.0,False,0.0,13:14:02
19000.0,1000,-950.0,0.0,BU,11811800.0,29423000.0,False,0.0,13:14:02
19000.0,500,-950.0,0.0,BU,11810800.0,29423000.0,False,0.0,13:14:02
19000.0,500,-950.0,0.0,BU,11810300.0,29423000.0,False,0.0,13:14:00
19000.0,100,-950.0,0.0,BU,11809800.0,29423000.0,False,0.0,13:13:59
19000.0,600,-950.0,0.0,BU,11809700.0,29423000.0,False,0.0,13:13:59
19000.0,4400,-950.0,0.0,BU,11809100.0,29423000.0,False,50.0,13:13:59
18950.0,300,-1000.0,-0.1,SD,11804700.0,29423000.0,False,-50.0,13:13:58
19000.0,400,-950.0,0.0,BU,11804700.0,29422700.0,False,0.0,13:13:58
19000.0,1000,-950.0,0.0,BU,11804300.0,29422700.0,False,0.0,13:13:58
19000.0,100,-950.0,0.0,BU,11803300.0,29422700.0,False,0.0,13:13:57
19000.0,900,-950.0,0.0,BU,11803200.0,29422700.0,False,0.0,13:13:57
19000.0,100,-950.0,0.0,BU,11802300.0,29422700.0,False,0.0,13:13:57
19000.0,9000,-950.0,0.0,BU,11802200.0,29422700.0,False,0.0,13:13:57
19000.0,100,-950.0,0.0,BU,11793200.0,29422700.0,False,0.0,13:13:57
19000.0,5000,-950.0,0.0,BU,11793100.0,29422700.0,False,0.0,13:13:56
19000.0,500,-950.0,0.0,BU,11788100.0,29422700.0,False,0.0,13:13:55
19000.0,200,-950.0,0.0,BU,11787600.0,29422700.0,False,0.0,13:13:55
19000.0,500,-950.0,0.0,BU,11787400.0,29422700.0,False,0.0,13:13:54
19000.0,500,-950.0,0.0,BU,11786900.0,29422700.0,False,0.0,13:13:53
19000.0,100,-950.0,0.0,BU,11786400.0,29422700.0,False,0.0,13:13:53
19000.0,100,-950.0,0.0,BU,11786300.0,29422700.0,False,0.0,13:13:53
19000.0,1000,-950.0,0.0,BU,11786200.0,29422700.0,False,0.0,13:13:53
19000.0,2000,-950.0,0.0,BU,11785200.0,29422700.0,False,0.0,13:13:53
19000.0,1000,-950.0,0.0,BU,11783200.0,29422700.0,False,0.0,13:13:50
19000.0,1000,-950.0,0.0,BU,11782200.0,29422700.0,False,0.0,13:13:50
19000.0,600,-950.0,0.0,BU,11781200.0,29422700.0,False,0.0,13:13:50
19000.0,1000,-950.0,0.0,BU,11780600.0,29422700.0,False,0.0,13:13:49
19000.0,2000,-950.0,0.0,BU,11779600.0,29422700.0,False,0.0,13:13:47
19000.0,100,-950.0,0.0,BU,11777600.0,29422700.0,False,0.0,13:13:47
19000.0,1000,-950.0,0.0,BU,11777500.0,29422700.0,False,0.0,13:13:45
19000.0,800,-950.0,0.0,BU,11776500.0,29422700.0,False,0.0,13:13:45
19000.0,200,-950.0,0.0,BU,11775700.0,29422700.0,False,0.0,13:13:44
19000.0,800,-950.0,0.0,BU,11775500.0,29422700.0,False,0.0,13:13:41
19000.0,2000,-950.0,0.0,BU,11774700.0,29422700.0,False,0.0,13:13:41
19000.0,100,-950.0,0.0,BU,11772700.0,29422700.0,False,0.0,13:13:41
19000.0,1300,-950.0,0.0,BU,11772600.0,29422700.0,False,0.0,13:13:41
19000.0,600,-950.0,0.0,BU,11771300.0,29422700.0,False,0.0,13:13:40
19000.0,600,-950.0,0.0,BU,11770700.0,29422700.0,False,0.0,13:13:40
19000.0,100,-950.0,0.0,BU,11770100.0,29422700.0,False,0.0,13:13:40
19000.0,300,-950.0,0.0,BU,11770000.0,29422700.0,False,0.0,13:13:40
19000.0,200,-950.0,0.0,BU,11769700.0,29422700.0,False,0.0,13:13:40
19000.0,500,-950.0,0.0,BU,11769500.0,29422700.0,False,0.0,13:13:39
19000.0,2000,-950.0,0.0,BU,11769000.0,29422700.0,False,0.0,13:13:39
19000.0,1100,-950.0,0.0,BU,11767000.0,29422700.0,False,0.0,13:13:38
19000.0,500,-950.0,0.0,BU,11765900.0,29422700.0,False,0.0,13:13:38
19000.0,100,-950.0,0.0,BU,11765400.0,29422700.0,False,0.0,13:13:35
19000.0,300,-950.0,0.0,BU,11765300.0,29422700.0,False,0.0,13:13:34
19000.0,100,-950.0,0.0,BU,11765000.0,29422700.0,False,0.0,13:13:34
19000.0,500,-950.0,0.0,BU,11764900.0,29422700.0,False,0.0,13:13:34
19000.0,700,-950.0,0.0,BU,11764400.0,29422700.0,False,0.0,13:13:34
19000.0,100,-950.0,0.0,BU,11763700.0,29422700.0,False,0.0,13:13:34
19000.0,900,-950.0,0.0,BU,11763600.0,29422700.0,False,0.0,13:13:34
19000.0,3000,-950.0,0.0,BU,11762700.0,29422700.0,False,0.0,13:13:34
19000.0,4700,-950.0,0.0,BU,11759700.0,29422700.0,False,0.0,13:13:34
19000.0,1000,-950.0,0.0,BU,11755000.0,29422700.0,False,0.0,13:13:33
19000.0,100,-950.0,0.0,BU,11754000.0,29422700.0,False,50.0,13:13:33
18950.0,107200,-1000.0,-0.1,SD,11753900.0,29422700.0,True,0.0,13:13:33
18950.0,1500,-1000.0,-0.1,SD,11753900.0,29315500.0,False,0.0,13:13:33
18950.0,4800,-1000.0,-0.1,SD,11753900.0,29314000.0,False,0.0,13:13:33
18950.0,200,-1000.0,-0.1,SD,11753900.0,29309200.0,False,0.0,13:13:33
18950.0,2000,-1000.0,-0.1,SD,11753900.0,29309000.0,False,0.0,13:13:33
18950.0,1300,-1000.0,-0.1,SD,11753900.0,29307000.0,False,0.0,13:13:33
18950.0,2700,-1000.0,-0.1,SD,11753900.0,29305700.0,False,0.0,13:13:33
18950.0,2000,-1000.0,-0.1,SD,11753900.0,29303000.0,False,0.0,13:13:33
18950.0,100,-1000.0,-0.1,SD,11753900.0,29301000.0,False,0.0,13:13:33
18950.0,100,-1000.0,-0.1,SD,11753900.0,29300900.0,False,0.0,13:13:33
18950.0,30000,-1000.0,-0.1,SD,11753900.0,29300800.0,True,0.0,13:13:33
18950.0,5000,-1000.0,-0.1,SD,11753900.0,29270800.0,False,0.0,13:13:33
18950.0,500,-1000.0,-0.1,SD,11753900.0,29265800.0,False,0.0,13:13:33
18950.0,100,-1000.0,-0.1,SD,11753900.0,29265300.0,False,0.0,13:13:33
18950.0,1000,-1000.0,-0.1,SD,11753900.0,29265200.0,False,0.0,13:13:33
18950.0,5000,-1000.0,-0.1,SD,11753900.0,29264200.0,False,0.0,13:13:33
18950.0,1300,-1000.0,-0.1,SD,11753900.0,29259200.0,False,0.0,13:13:33
18950.0,100,-1000.0,-0.1,SD,11753900.0,29257900.0,False,0.0,13:13:33
18950.0,100,-1000.0,-0.1,SD,11753900.0,29257800.0,False,0.0,13:13:33
18950.0,100,-1000.0,-0.1,SD,11753900.0,29257700.0,False,0.0,13:13:33
18950.0,1200,-1000.0,-0.1,SD,11753900.0,29257600.0,False,0.0,13:13:33
18950.0,100,-1000.0,-0.1,SD,11753900.0,29256400.0,False,0.0,13:13:33
18950.0,5000,-1000.0,-0.1,SD,11753900.0,29256300.0,False,0.0,13:13:33
18950.0,100,-1000.0,-0.1,SD,11753900.0,29251300.0,False,0.0,13:13:33
18950.0,100,-1000.0,-0.1,SD,11753900.0,29251200.0,False,0.0,13:13:33
18950.0,2000,-1000.0,-0.1,SD,11753900.0,29251100.0,False,0.0,13:13:33
18950.0,200,-1000.0,-0.1,SD,11753900.0,29249100.0,False,0.0,13:13:33
18950.0,100,-1000.0,-0.1,SD,11753900.0,29248900.0,False,0.0,13:13:33
18950.0,2000,-1000.0,-0.1,SD,11753900.0,29248800.0,False,0.0,13:13:33
18950.0,200,-1000.0,-0.1,SD,11753900.0,29246800.0,False,0.0,13:13:33
18950.0,200,-1000.0,-0.1,SD,11753900.0,29246600.0,False,0.0,13:13:33
18950.0,100,-1000.0,-0.1,SD,11753900.0,29246400.0,False,0.0,13:13:33
18950.0,2000,-1000.0,-0.1,SD,11753900.0,29246300.0,False,0.0,13:13:33
18950.0,2000,-1000.0,-0.1,SD,11753900.0,29244300.0,False,0.0,13:13:33
18950.0,5000,-1000.0,-0.1,SD,11753900.0,29242300.0,False,0.0,13:13:33
18950.0,5000,-1000.0,-0.1,SD,11753900.0,29237300.0,False,0.0,13:13:33
18950.0,100,-1000.0,-0.1,SD,11753900.0,29232300.0,False,0.0,13:13:33
18950.0,2000,-1000.0,-0.1,SD,11753900.0,29232200.0,False,0.0,13:13:33
18950.0,200,-1000.0,-0.1,SD,11753900.0,29230200.0,False,0.0,13:13:33
18950.0,1000,-1000.0,-0.1,SD,11753900.0,29230000.0,False,0.0,13:13:33
18950.0,100,-1000.0,-0.1,SD,11753900.0,29229000.0,False,0.0,13:13:33
18950.0,600,-1000.0,-0.1,SD,11753900.0,29228900.0,False,0.0,13:13:33
18950.0,200,-1000.0,-0.1,SD,11753900.0,29228300.0,False,0.0,13:13:33
18950.0,500,-1000.0,-0.1,SD,11753900.0,29228100.0,False,0.0,13:13:33
18950.0,1000,-1000.0,-0.1,SD,11753900.0,29227600.0,False,0.0,13:13:33
18950.0,200,-1000.0,-0.1,SD,11753900.0,29226600.0,False,0.0,13:13:33
18950.0,200,-1000.0,-0.1,SD,11753900.0,29226400.0,False,0.0,13:13:33
18950.0,100,-1000.0,-0.1,SD,11753900.0,29226200.0,False,0.0,13:13:33
18950.0,100,-1000.0,-0.1,SD,11753900.0,29226100.0,False,0.0,13:13:33
18950.0,200,-1000.0,-0.1,SD,11753900.0,29226000.0,False,0.0,13:13:33
18950.0,100,-1000.0,-0.1,SD,11753900.0,29225800.0,False,0.0,13:13:33
18950.0,3000,-1000.0,-0.1,SD,11753900.0,29225700.0,False,-50.0,13:13:33
19000.0,100,-950.0,0.0,BU,11753900.0,29222700.0,False,0.0,13:13:32
19000.0,200,-950.0,0.0,BU,11753800.0,29222700.0,False,0.0,13:13:32
19000.0,100,-950.0,0.0,BU,11753600.0,29222700.0,False,0.0,13:13:32
19000.0,1000,-950.0,0.0,BU,11753500.0,29222700.0,False,0.0,13:13:32
19000.0,100,-950.0,0.0,BU,11752500.0,29222700.0,False,0.0,13:13:30
19000.0,300,-950.0,0.0,BU,11752400.0,29222700.0,False,0.0,13:13:30
19000.0,4600,-950.0,0.0,BU,11752100.0,29222700.0,False,0.0,13:13:30
19000.0,500,-950.0,0.0,BU,11747500.0,29222700.0,False,0.0,13:13:30
19000.0,200,-950.0,0.0,BU,11747000.0,29222700.0,False,0.0,13:13:27
19000.0,100,-950.0,0.0,BU,11746800.0,29222700.0,False,0.0,13:13:27
19000.0,500,-950.0,0.0,BU,11746700.0,29222700.0,False,0.0,13:13:27
19000.0,500,-950.0,0.0,BU,11746200.0,29222700.0,False,0.0,13:13:26
19000.0,1100,-950.0,0.0,BU,11745700.0,29222700.0,False,0.0,13:13:26
19000.0,100,-950.0,0.0,BU,11744600.0,29222700.0,False,0.0,13:13:26
19000.0,500,-950.0,0.0,BU,11744500.0,29222700.0,False,0.0,13:13:26
19000.0,5300,-950.0,0.0,SD,11744000.0,29222700.0,False,0.0,13:13:26
19000.0,300,-950.0,0.0,SD,11744000.0,29217400.0,False,0.0,13:13:26
19000.0,100,-950.0,0.0,SD,11744000.0,29217100.0,False,0.0,13:13:26
19000.0,500,-950.0,0.0,SD,11744000.0,29217000.0,False,0.0,13:13:26
19000.0,700,-950.0,0.0,SD,11744000.0,29216500.0,False,0.0,13:13:26
19000.0,500,-950.0,0.0,SD,11744000.0,29215800.0,False,0.0,13:13:26
19000.0,500,-950.0,0.0,SD,11744000.0,29215300.0,False,0.0,13:13:26
19000.0,100,-950.0,0.0,SD,11744000.0,29214800.0,False,0.0,13:13:26
19000.0,100,-950.0,0.0,SD,11744000.0,29214700.0,False,0.0,13:13:26
19000.0,1000,-950.0,0.0,SD,11744000.0,29214600.0,False,0.0,13:13:26
19000.0,600,-950.0,0.0,SD,11744000.0,29213600.0,False,0.0,13:13:26
19000.0,1000,-950.0,0.0,SD,11744000.0,29213000.0,False,0.0,13:13:26
19000.0,700,-950.0,0.0,SD,11744000.0,29212000.0,False,0.0,13:13:26
19000.0,500,-950.0,0.0,SD,11744000.0,29211300.0,False,0.0,13:13:26
19000.0,100,-950.0,0.0,SD,11744000.0,29210800.0,False,0.0,13:13:26
19000.0,100,-950.0,0.0,SD,11744000.0,29210700.0,False,0.0,13:13:26
19000.0,500,-950.0,0.0,SD,11744000.0,29210600.0,False,0.0,13:13:26
19000.0,21700,-950.0,0.0,SD,11744000.0,29210100.0,True,0.0,13:13:26
19000.0,600,-950.0,0.0,SD,11744000.0,29188400.0,False,0.0,13:13:25
19000.0,500,-950.0,0.0,SD,11744000.0,29187800.0,False,0.0,13:13:25
19000.0,5000,-950.0,0.0,SD,11744000.0,29187300.0,False,0.0,13:13:23
19000.0,2000,-950.0,0.0,SD,11744000.0,29182300.0,False,-50.0,13:13:22
19050.0,100,-900.0,0.0,BU,11744000.0,29180300.0,False,50.0,13:13:22
19000.0,200,-950.0,0.0,SD,11743900.0,29180300.0,False,0.0,13:13:22
19000.0,100,-950.0,0.0,SD,11743900.0,29180100.0,False,0.0,13:13:22
19000.0,100,-950.0,0.0,SD,11743900.0,29180000.0,False,0.0,13:13:22
19000.0,100,-950.0,0.0,SD,11743900.0,29179900.0,False,0.0,13:13:22
19000.0,500,-950.0,0.0,SD,11743900.0,29179800.0,False,0.0,13:13:22
19000.0,300,-950.0,0.0,SD,11743900.0,29179300.0,False,0.0,13:13:20
19000.0,300,-950.0,0.0,SD,11743900.0,29179000.0,False,0.0,13:13:20
19000.0,500,-950.0,0.0,SD,11743900.0,29178700.0,False,0.0,13:13:20
19000.0,1500,-950.0,0.0,SD,11743900.0,29178200.0,False,0.0,13:13:20
19000.0,1700,-950.0,0.0,SD,11743900.0,29176700.0,False,-50.0,13:13:20
19050.0,100,-900.0,0.0,BU,11743900.0,29175000.0,False,0.0,13:13:17
19050.0,100,-900.0,0.0,BU,11743800.0,29175000.0,False,50.0,13:13:15
19000.0,300,-950.0,0.0,SD,11743700.0,29175000.0,False,0.0,13:13:14
19000.0,200,-950.0,0.0,SD,11743700.0,29174700.0,False,0.0,13:13:14
19000.0,2000,-950.0,0.0,SD,11743700.0,29174500.0,False,0.0,13:13:12
19000.0,300,-950.0,0.0,SD,11743700.0,29172500.0,False,0.0,13:13:10
19000.0,100,-950.0,0.0,SD,11743700.0,29172200.0,False,0.0,13:13:10
19000.0,700,-950.0,0.0,SD,11743700.0,29172100.0,False,0.0,13:13:10
19000.0,1300,-950.0,0.0,SD,11743700.0,29171400.0,False,-50.0,13:13:08
19050.0,9000,-900.0,0.0,BU,11743700.0,29170100.0,False,50.0,13:13:06
19000.0,200,-950.0,0.0,BU,11734700.0,29170100.0,False,0.0,13:13:06
19000.0,800,-950.0,0.0,BU,11734500.0,29170100.0,False,0.0,13:13:06
19000.0,100,-950.0,0.0,BU,11733700.0,29170100.0,False,0.0,13:13:05
19000.0,200,-950.0,0.0,BU,11733600.0,29170100.0,False,0.0,13:13:05
19000.0,100,-950.0,0.0,BU,11733400.0,29170100.0,False,0.0,13:13:05
19000.0,100,-950.0,0.0,BU,11733300.0,29170100.0,False,0.0,13:13:05
19000.0,100,-950.0,0.0,BU,11733200.0,29170100.0,False,0.0,13:13:05
19000.0,1900,-950.0,0.0,BU,11733100.0,29170100.0,False,0.0,13:13:05
19000.0,600,-950.0,0.0,BU,11731200.0,29170100.0,False,0.0,13:13:05
19000.0,100,-950.0,0.0,SD,11730600.0,29170100.0,False,0.0,13:13:04
19000.0,400,-950.0,0.0,SD,11730600.0,29170000.0,False,0.0,13:13:04
19000.0,600,-950.0,0.0,SD,11730600.0,29169600.0,False,0.0,13:13:04
19000.0,1400,-950.0,0.0,SD,11730600.0,29169000.0,False,0.0,13:13:04
19000.0,100,-950.0,0.0,SD,11730600.0,29167600.0,False,0.0,13:13:04
19000.0,1500,-950.0,0.0,SD,11730600.0,29167500.0,False,0.0,13:13:04
19000.0,3500,-950.0,0.0,SD,11730600.0,29166000.0,False,0.0,13:13:02
19000.0,200,-950.0,0.0,SD,11730600.0,29162500.0,False,0.0,13:13:02
19000.0,2000,-950.0,0.0,SD,11730600.0,29162300.0,False,0.0,13:13:02
19000.0,9000,-950.0,0.0,SD,11730600.0,29160300.0,False,0.0,13:13:02
19000.0,200,-950.0,0.0,SD,11730600.0,29151300.0,False,0.0,13:13:02
19000.0,700,-950.0,0.0,SD,11730600.0,29151100.0,False,0.0,13:13:02
19000.0,1000,-950.0,0.0,SD,11730600.0,29150400.0,False,0.0,13:13:02
19000.0,200,-950.0,0.0,SD,11730600.0,29149400.0,False,0.0,13:13:02
19000.0,20000,-950.0,0.0,SD,11730600.0,29149200.0,True,0.0,13:13:02
19000.0,1000,-950.0,0.0,SD,11730600.0,29129200.0,False,0.0,13:13:02
19000.0,1700,-950.0,0.0,SD,11730600.0,29128200.0,False,0.0,13:13:02
19000.0,100,-950.0,0.0,SD,11730600.0,29126500.0,False,0.0,13:13:02
19000.0,10000,-950.0,0.0,SD,11730600.0,29126400.0,False,0.0,13:13:02
19000.0,400,-950.0,0.0,SD,11730600.0,29116400.0,False,0.0,13:13:02
19000.0,500,-950.0,0.0,SD,11730600.0,29116000.0,False,50.0,13:12:59
18950.0,100,-1000.0,-0.1,SD,11730600.0,29115500.0,False,0.0,13:12:54
18950.0,200,-1000.0,-0.1,SD,11730600.0,29115400.0,False,0.0,13:12:54
18950.0,400,-1000.0,-0.1,SD,11730600.0,29115200.0,False,-50.0,13:12:54
19000.0,100,-950.0,0.0,SD,11730600.0,29114800.0,False,0.0,13:12:54
19000.0,1000,-950.0,0.0,SD,11730600.0,29114700.0,False,0.0,13:12:54
19000.0,500,-950.0,0.0,SD,11730600.0,29113700.0,False,0.0,13:12:54
19000.0,700,-950.0,0.0,SD,11730600.0,29113200.0,False,0.0,13:12:54
19000.0,9300,-950.0,0.0,SD,11730600.0,29112500.0,False,0.0,13:12:54
19000.0,15000,-950.0,0.0,SD,11730600.0,29103200.0,True,0.0,13:12:54
19000.0,1000,-950.0,0.0,SD,11730600.0,29088200.0,False,0.0,13:12:54
19000.0,1000,-950.0,0.0,SD,11730600.0,29087200.0,False,0.0,13:12:54
19000.0,500,-950.0,0.0,SD,11730600.0,29086200.0,False,0.0,13:12:54
19000.0,3200,-950.0,0.0,SD,11730600.0,29085700.0,False,-50.0,13:12:54
19050.0,2000,-900.0,0.0,BU,11730600.0,29082500.0,False,0.0,13:12:53
19050.0,100,-900.0,0.0,BU,11728600.0,29082500.0,False,50.0,13:12:53
19000.0,100,-950.0,0.0,SD,11728500.0,29082500.0,False,0.0,13:12:53
19000.0,6800,-950.0,0.0,SD,11728500.0,29082400.0,False,0.0,13:12:53
19000.0,200,-950.0,0.0,SD,11728500.0,29075600.0,False,0.0,13:12:53
19000.0,300,-950.0,0.0,SD,11728500.0,29075400.0,False,0.0,13:12:53
19000.0,100,-950.0,0.0,SD,11728500.0,29075100.0,False,0.0,13:12:53
19000.0,1300,-950.0,0.0,SD,11728500.0,29075000.0,False,0.0,13:12:53
19000.0,1000,-950.0,0.0,SD,11728500.0,29073700.0,False,0.0,13:12:53
19000.0,1700,-950.0,0.0,SD,11728500.0,29072700.0,False,0.0,13:12:53
19000.0,700,-950.0,0.0,SD,11728500.0,29071000.0,False,-50.0,13:12:53
19050.0,100,-900.0,0.0,BU,11728500.0,29070300.0,False,50.0,13:12:50
19000.0,300,-950.0,0.0,SD,11728400.0,29070300.0,False,0.0,13:12:50
19000.0,1000,-950.0,0.0,SD,11728400.0,29070000.0,False,0.0,13:12:50
19000.0,300,-950.0,0.0,SD,11728400.0,29069000.0,False,0.0,13:12:50
19000.0,1400,-950.0,0.0,SD,11728400.0,29068700.0,False,-50.0,13:12:50
19050.0,100,-900.0,0.0,BU,11728400.0,29067300.0,False,0.0,13:12:48
19050.0,900,-900.0,0.0,BU,11728300.0,29067300.0,False,0.0,13:12:48
19050.0,100,-900.0,0.0,BU,11727400.0,29067300.0,False,0.0,13:12:48
19050.0,100,-900.0,0.0,BU,11727300.0,29067300.0,False,0.0,13:12:48
19050.0,100,-900.0,0.0,BU,11727200.0,29067300.0,False,0.0,13:12:48
19050.0,200,-900.0,0.0,BU,11727100.0,29067300.0,False,0.0,13:12:48
19050.0,1000,-900.0,0.0,BU,11726900.0,29067300.0,False,0.0,13:12:48
19050.0,1500,-900.0,0.0,BU,11725900.0,29067300.0,False,0.0,13:12:48
19050.0,300,-900.0,0.0,BU,11724400.0,29067300.0,False,0.0,13:12:46
19050.0,500,-900.0,0.0,BU,11724100.0,29067300.0,False,0.0,13:12:46
19050.0,200,-900.0,0.0,BU,11723600.0,29067300.0,False,0.0,13:12:46
19050.0,900,-900.0,0.0,BU,11723400.0,29067300.0,False,0.0,13:12:46
19050.0,100,-900.0,0.0,BU,11722500.0,29067300.0,False,0.0,13:12:46
19050.0,100,-900.0,0.0,BU,11722400.0,29067300.0,False,0.0,13:12:46
19050.0,500,-900.0,0.0,BU,11722300.0,29067300.0,False,0.0,13:12:46
19050.0,200,-900.0,0.0,BU,11721800.0,29067300.0,False,0.0,13:12:46
19050.0,500,-900.0,0.0,BU,11721600.0,29067300.0,False,0.0,13:12:46
19050.0,700,-900.0,0.0,BU,11721100.0,29067300.0,False,50.0,13:12:46
19000.0,100,-950.0,0.0,SD,11720400.0,29067300.0,False,0.0,13:12:46
19000.0,400,-950.0,0.0,SD,11720400.0,29067200.0,False,0.0,13:12:46
19000.0,100,-950.0,0.0,SD,11720400.0,29066800.0,False,0.0,13:12:46
19000.0,1900,-950.0,0.0,SD,11720400.0,29066700.0,False,-50.0,13:12:46
19050.0,400,-900.0,0.0,BU,11720400.0,29064800.0,False,50.0,13:12:46
19000.0,4100,-950.0,0.0,SD,11720000.0,29064800.0,False,0.0,13:12:45
19000.0,3000,-950.0,0.0,SD,11720000.0,29060700.0,False,0.0,13:12:45
19000.0,1000,-950.0,0.0,SD,11720000.0,29057700.0,False,0.0,13:12:45
19000.0,2600,-950.0,0.0,SD,11720000.0,29056700.0,False,0.0,13:12:45
19000.0,600,-950.0,0.0,SD,11720000.0,29054100.0,False,0.0,13:12:45
19000.0,5000,-950.0,0.0,SD,11720000.0,29053500.0,False,0.0,13:12:45
19000.0,200,-950.0,0.0,SD,11720000.0,29048500.0,False,0.0,13:12:45
19000.0,3000,-950.0,0.0,SD,11720000.0,29048300.0,False,0.0,13:12:45
19000.0,100,-950.0,0.0,SD,11720000.0,29045300.0,False,0.0,13:12:45
19000.0,500,-950.0,0.0,SD,11720000.0,29045200.0,False,0.0,13:12:45
19000.0,800,-950.0,0.0,SD,11720000.0,29044700.0,False,0.0,13:12:45
19000.0,100,-950.0,0.0,SD,11720000.0,29043900.0,False,0.0,13:12:45
19000.0,1000,-950.0,0.0,SD,11720000.0,29043800.0,False,0.0,13:12:45
19000.0,100,-950.0,0.0,SD,11720000.0,29042800.0,False,0.0,13:12:45
19000.0,1700,-950.0,0.0,SD,11720000.0,29042700.0,False,0.0,13:12:45
19000.0,100000,-950.0,0.0,SD,11720000.0,29041000.0,True,0.0,13:12:45
19000.0,1600,-950.0,0.0,SD,11720000.0,28941000.0,False,0.0,13:12:45
19000.0,100,-950.0,0.0,SD,11720000.0,28939400.0,False,0.0,13:12:45
19000.0,1000,-950.0,0.0,SD,11720000.0,28939300.0,False,0.0,13:12:45
19000.0,1000,-950.0,0.0,SD,11720000.0,28938300.0,False,0.0,13:12:45
19000.0,2500,-950.0,0.0,SD,11720000.0,28937300.0,False,0.0,13:12:45
19000.0,100,-950.0,0.0,SD,11720000.0,28934800.0,False,0.0,13:12:45
19000.0,2500,-950.0,0.0,SD,11720000.0,28934700.0,False,0.0,13:12:45
19000.0,1000,-950.0,0.0,SD,11720000.0,28932200.0,False,0.0,13:12:45
19000.0,200,-950.0,0.0,SD,11720000.0,28931200.0,False,0.0,13:12:45
19000.0,200,-950.0,0.0,SD,11720000.0,28931000.0,False,0.0,13:12:45
19000.0,700,-950.0,0.0,SD,11720000.0,28930800.0,False,0.0,13:12:45
19000.0,1000,-950.0,0.0,SD,11720000.0,28930100.0,False,0.0,13:12:45
19000.0,100,-950.0,0.0,SD,11720000.0,28929100.0,False,0.0,13:12:45
19000.0,500,-950.0,0.0,SD,11720000.0,28929000.0,False,0.0,13:12:45
19000.0,1000,-950.0,0.0,SD,11720000.0,28928500.0,False,0.0,13:12:45
19000.0,600,-950.0,0.0,SD,11720000.0,28927500.0,False,0.0,13:12:45
19000.0,100,-950.0,0.0,SD,11720000.0,28926900.0,False,0.0,13:12:45
19000.0,1600,-950.0,0.0,SD,11720000.0,28926800.0,False,0.0,13:12:45
19000.0,2400,-950.0,0.0,SD,11720000.0,28925200.0,False,0.0,13:12:45
19000.0,600,-950.0,0.0,SD,11720000.0,28922800.0,False,0.0,13:12:45
19000.0,500,-950.0,0.0,SD,11720000.0,28922200.0,False,-50.0,13:12:45
19050.0,100,-900.0,0.0,BU,11720000.0,28921700.0,False,0.0,13:12:44
19050.0,800,-900.0,0.0,BU,11719900.0,28921700.0,False,0.0,13:12:44
19050.0,1000,-900.0,0.0,BU,11719100.0,28921700.0,False,0.0,13:12:44
19050.0,3200,-900.0,0.0,BU,11718100.0,28921700.0,False,0.0,13:12:44
19050.0,1700,-900.0,0.0,BU,11714900.0,28921700.0,False,50.0,13:12:42
19000.0,100,-950.0,0.0,SD,11713200.0,28921700.0,False,0.0,13:12:41
19000.0,100,-950.0,0.0,SD,11713200.0,28921600.0,False,0.0,13:12:40
19000.0,8200,-950.0,0.0,SD,11713200.0,28921500.0,False,0.0,13:12:40
19000.0,100,-950.0,0.0,SD,11713200.0,28913300.0,False,0.0,13:12:40
19000.0,200,-950.0,0.0,SD,11713200.0,28913200.0,False,0.0,13:12:40
19000.0,200,-950.0,0.0,SD,11713200.0,28913000.0,False,0.0,13:12:40
19000.0,300,-950.0,0.0,SD,11713200.0,28912800.0,False,0.0,13:12:40
19000.0,200,-950.0,0.0,SD,11713200.0,28912500.0,False,0.0,13:12:40
19000.0,100,-950.0,0.0,SD,11713200.0,28912300.0,False,0.0,13:12:40
19000.0,1000,-950.0,0.0,SD,11713200.0,28912200.0,False,0.0,13:12:40
19000.0,100,-950.0,0.0,SD,11713200.0,28911200.0,False,0.0,13:12:40
19000.0,500,-950.0,0.0,SD,11713200.0,28911100.0,False,0.0,13:12:40
19000.0,1100,-950.0,0.0,SD,11713200.0,28910600.0,False,0.0,13:12:40
19000.0,4600,-950.0,0.0,SD,11713200.0,28909500.0,False,0.0,13:12:40
19000.0,1000,-950.0,0.0,SD,11713200.0,28904900.0,False,0.0,13:12:40
19000.0,3000,-950.0,0.0,SD,11713200.0,28903900.0,False,0.0,13:12:40
19000.0,200,-950.0,0.0,SD,11713200.0,28900900.0,False,0.0,13:12:40
19000.0,10000,-950.0,0.0,SD,11713200.0,28900700.0,False,0.0,13:12:40
19000.0,1500,-950.0,0.0,SD,11713200.0,28890700.0,False,0.0,13:12:40
19000.0,500,-950.0,0.0,SD,11713200.0,28889200.0,False,0.0,13:12:40
19000.0,200,-950.0,0.0,SD,11713200.0,28888700.0,False,0.0,13:12:40
19000.0,300,-950.0,0.0,SD,11713200.0,28888500.0,False,0.0,13:12:40
19000.0,100,-950.0,0.0,SD,11713200.0,28888200.0,False,0.0,13:12:40
19000.0,2900,-950.0,0.0,SD,11713200.0,28888100.0,False,0.0,13:12:40
19000.0,1000,-950.0,0.0,SD,11713200.0,28885200.0,False,0.0,13:12:40
19000.0,300,-950.0,0.0,SD,11713200.0,28884200.0,False,0.0,13:12:40
19000.0,1000,-950.0,0.0,SD,11713200.0,28883900.0,False,0.0,13:12:40
19000.0,100,-950.0,0.0,SD,11713200.0,28882900.0,False,0.0,13:12:40
19000.0,100,-950.0,0.0,SD,11713200.0,28882800.0,False,0.0,13:12:40
19000.0,500,-950.0,0.0,SD,11713200.0,28882700.0,False,0.0,13:12:40
19000.0,500,-950.0,0.0,SD,11713200.0,28882200.0,False,0.0,13:12:40
19000.0,700,-950.0,0.0,SD,11713200.0,28881700.0,False,0.0,13:12:40
19000.0,100,-950.0,0.0,SD,11713200.0,28881000.0,False,0.0,13:12:40
19000.0,5000,-950.0,0.0,SD,11713200.0,28880900.0,False,0.0,13:12:40
19000.0,600,-950.0,0.0,SD,11713200.0,28875900.0,False,0.0,13:12:40
19000.0,1500,-950.0,0.0,SD,11713200.0,28875300.0,False,0.0,13:12:40
19000.0,1000,-950.0,0.0,SD,11713200.0,28873800.0,False,0.0,13:12:40
19000.0,1000,-950.0,0.0,SD,11713200.0,28872800.0,False,0.0,13:12:40
19000.0,2000,-950.0,0.0,SD,11713200.0,28871800.0,False,0.0,13:12:40
19000.0,1000,-950.0,0.0,SD,11713200.0,28869800.0,False,0.0,13:12:40
19000.0,300,-950.0,0.0,SD,11713200.0,28868800.0,False,0.0,13:12:40
19000.0,300,-950.0,0.0,SD,11713200.0,28868500.0,False,0.0,13:12:40
19000.0,100,-950.0,0.0,SD,11713200.0,28868200.0,False,0.0,13:12:40
19000.0,1000,-950.0,0.0,SD,11713200.0,28868100.0,False,0.0,13:12:40
19000.0,2000,-950.0,0.0,SD,11713200.0,28867100.0,False,0.0,13:12:40
19000.0,1100,-950.0,0.0,SD,11713200.0,28865100.0,False,0.0,13:12:40
19000.0,3900,-950.0,0.0,SD,11713200.0,28864000.0,False,0.0,13:12:40
19000.0,2600,-950.0,0.0,SD,11713200.0,28860100.0,False,0.0,13:12:40
19000.0,8000,-950.0,0.0,SD,11713200.0,28857500.0,False,0.0,13:12:40
19000.0,2000,-950.0,0.0,SD,11713200.0,28849500.0,False,0.0,13:12:40
19000.0,1000,-950.0,0.0,SD,11713200.0,28847500.0,False,0.0,13:12:40
19000.0,200,-950.0,0.0,SD,11713200.0,28846500.0,False,0.0,13:12:40
19000.0,700,-950.0,0.0,SD,11713200.0,28846300.0,False,0.0,13:12:40
19000.0,4000,-950.0,0.0,SD,11713200.0,28845600.0,False,-50.0,13:12:40
19050.0,1000,-900.0,0.0,BU,11713200.0,28841600.0,False,0.0,13:12:39
19050.0,100,-900.0,0.0,BU,11712200.0,28841600.0,False,0.0,13:12:38
19050.0,100,-900.0,0.0,BU,11712100.0,28841600.0,False,0.0,13:12:38
19050.0,1000,-900.0,0.0,BU,11712000.0,28841600.0,False,50.0,13:12:38
19000.0,600,-950.0,0.0,SD,11711000.0,28841600.0,False,-50.0,13:12:38
19050.0,1000,-900.0,0.0,BU,11711000.0,28841000.0,False,0.0,13:12:37
19050.0,1000,-900.0,0.0,BU,11710000.0,28841000.0,False,50.0,13:12:37
19000.0,1300,-950.0,0.0,SD,11709000.0,28841000.0,False,-50.0,13:12:36
19050.0,1500,-900.0,0.0,BU,11709000.0,28839700.0,False,0.0,13:12:35
19050.0,2000,-900.0,0.0,BU,11707500.0,28839700.0,False,0.0,13:12:34
19050.0,1000,-900.0,0.0,BU,11705500.0,28839700.0,False,50.0,13:12:34
19000.0,600,-950.0,0.0,SD,11704500.0,28839700.0,False,0.0,13:12:33
19000.0,3000,-950.0,0.0,SD,11704500.0,28839100.0,False,0.0,13:12:30
19000.0,200,-950.0,0.0,SD,11704500.0,28836100.0,False,0.0,13:12:29
19000.0,4600,-950.0,0.0,SD,11704500.0,28835900.0,False,0.0,13:12:29
19000.0,10000,-950.0,0.0,SD,11704500.0,28831300.0,False,0.0,13:12:29
19000.0,6500,-950.0,0.0,SD,11704500.0,28821300.0,False,0.0,13:12:29
19000.0,300,-950.0,0.0,SD,11704500.0,28814800.0,False,0.0,13:12:29
19000.0,1000,-950.0,0.0,SD,11704500.0,28814500.0,False,0.0,13:12:29
19000.0,200,-950.0,0.0,SD,11704500.0,28813500.0,False,0.0,13:12:29
19000.0,200,-950.0,0.0,SD,11704500.0,28813300.0,False,0.0,13:12:29
19000.0,500,-950.0,0.0,SD,11704500.0,28813100.0,False,0.0,13:12:29
19000.0,2800,-950.0,0.0,SD,11704500.0,28812600.0,False,0.0,13:12:29
19000.0,1000,-950.0,0.0,SD,11704500.0,28809800.0,False,0.0,13:12:29
19000.0,200,-950.0,0.0,SD,11704500.0,28808800.0,False,0.0,13:12:29
19000.0,100,-950.0,0.0,SD,11704500.0,28808600.0,False,0.0,13:12:29
19000.0,500,-950.0,0.0,SD,11704500.0,28808500.0,False,0.0,13:12:29
19000.0,1000,-950.0,0.0,SD,11704500.0,28808000.0,False,0.0,13:12:29
19000.0,10000,-950.0,0.0,SD,11704500.0,28807000.0,False,0.0,13:12:29
19000.0,1000,-950.0,0.0,SD,11704500.0,28797000.0,False,0.0,13:12:29
19000.0,100,-950.0,0.0,SD,11704500.0,28796000.0,False,0.0,13:12:29
19000.0,900,-950.0,0.0,SD,11704500.0,28795900.0,False,0.0,13:12:29
19000.0,10000,-950.0,0.0,SD,11704500.0,28795000.0,False,0.0,13:12:29
19000.0,5000,-950.0,0.0,SD,11704500.0,28785000.0,False,0.0,13:12:29
19000.0,300,-950.0,0.0,SD,11704500.0,28780000.0,False,0.0,13:12:29
19000.0,3000,-950.0,0.0,SD,11704500.0,28779700.0,False,0.0,13:12:29
19000.0,1300,-950.0,0.0,SD,11704500.0,28776700.0,False,0.0,13:12:29
19000.0,100,-950.0,0.0,SD,11704500.0,28775400.0,False,0.0,13:12:29
19000.0,200,-950.0,0.0,SD,11704500.0,28775300.0,False,0.0,13:12:29
19000.0,500,-950.0,0.0,SD,11704500.0,28775100.0,False,0.0,13:12:29
19000.0,2000,-950.0,0.0,SD,11704500.0,28774600.0,False,0.0,13:12:29
19000.0,5000,-950.0,0.0,SD,11704500.0,28772600.0,False,0.0,13:12:29
19000.0,900,-950.0,0.0,SD,11704500.0,28767600.0,False,0.0,13:12:29
19000.0,5000,-950.0,0.0,SD,11704500.0,28766700.0,False,0.0,13:12:29
19000.0,400,-950.0,0.0,SD,11704500.0,28761700.0,False,0.0,13:12:29
19000.0,3700,-950.0,0.0,SD,11704500.0,28761300.0,False,0.0,13:12:29
19000.0,100,-950.0,0.0,SD,11704500.0,28757600.0,False,0.0,13:12:29
19000.0,3000,-950.0,0.0,SD,11704500.0,28757500.0,False,0.0,13:12:29
19000.0,1000,-950.0,0.0,SD,11704500.0,28754500.0,False,0.0,13:12:29
19000.0,500,-950.0,0.0,SD,11704500.0,28753500.0,False,0.0,13:12:29
19000.0,1100,-950.0,0.0,SD,11704500.0,28753000.0,False,0.0,13:12:29
19000.0,4200,-950.0,0.0,SD,11704500.0,28751900.0,False,0.0,13:12:29
19000.0,100,-950.0,0.0,SD,11704500.0,28747700.0,False,0.0,13:12:29
19000.0,100,-950.0,0.0,SD,11704500.0,28747600.0,False,0.0,13:12:29
19000.0,100,-950.0,0.0,SD,11704500.0,28747500.0,False,0.0,13:12:29
19000.0,100,-950.0,0.0,SD,11704500.0,28747400.0,False,0.0,13:12:29
19000.0,300,-950.0,0.0,SD,11704500.0,28747300.0,False,0.0,13:12:29
19000.0,1000,-950.0,0.0,SD,11704500.0,28747000.0,False,0.0,13:12:29
19000.0,9900,-950.0,0.0,SD,11704500.0,28746000.0,False,-50.0,13:12:29
19050.0,100,-900.0,0.0,BU,11704500.0,28736100.0,False,0.0,13:12:28
19050.0,10000,-900.0,0.0,BU,11704400.0,28736100.0,False,0.0,13:12:28
19050.0,100,-900.0,0.0,BU,11694400.0,28736100.0,False,0.0,13:12:27
19050.0,100,-900.0,0.0,BU,11694300.0,28736100.0,False,0.0,13:12:27
19050.0,1200,-900.0,0.0,BU,11694200.0,28736100.0,False,0.0,13:12:27
19050.0,1200,-900.0,0.0,BU,11693000.0,28736100.0,False,0.0,13:12:25
19050.0,23700,-900.0,0.0,BU,11691800.0,28736100.0,True,0.0,13:12:24
19050.0,500,-900.0,0.0,BU,11668100.0,28736100.0,False,0.0,13:12:24
19050.0,5800,-900.0,0.0,BU,11667600.0,28736100.0,False,50.0,13:12:24
19000.0,1000,-950.0,0.0,SD,11661800.0,28736100.0,False,0.0,13:12:21
19000.0,8100,-950.0,0.0,SD,11661800.0,28735100.0,False,0.0,13:12:21
19000.0,200,-950.0,0.0,SD,11661800.0,28727000.0,False,0.0,13:12:21
19000.0,100,-950.0,0.0,SD,11661800.0,28726800.0,False,0.0,13:12:21
19000.0,300,-950.0,0.0,SD,11661800.0,28726700.0,False,0.0,13:12:21
19000.0,100,-950.0,0.0,SD,11661800.0,28726400.0,False,0.0,13:12:21
19000.0,500,-950.0,0.0,SD,11661800.0,28726300.0,False,0.0,13:12:21
19000.0,100,-950.0,0.0,SD,11661800.0,28725800.0,False,0.0,13:12:21
19000.0,500,-950.0,0.0,SD,11661800.0,28725700.0,False,0.0,13:12:21
19000.0,100,-950.0,0.0,SD,11661800.0,28725200.0,False,0.0,13:12:21
19000.0,1000,-950.0,0.0,SD,11661800.0,28725100.0,False,0.0,13:12:21
19000.0,3000,-950.0,0.0,SD,11661800.0,28724100.0,False,0.0,13:12:21
19000.0,100,-950.0,0.0,SD,11661800.0,28721100.0,False,0.0,13:12:21
19000.0,200,-950.0,0.0,SD,11661800.0,28721000.0,False,0.0,13:12:21
19000.0,100,-950.0,0.0,SD,11661800.0,28720800.0,False,-50.0,13:12:21
19050.0,100,-900.0,0.0,BU,11661800.0,28720700.0,False,0.0,13:12:19
19050.0,100,-900.0,0.0,BU,11661700.0,28720700.0,False,0.0,13:12:19
19050.0,300,-900.0,0.0,BU,11661600.0,28720700.0,False,50.0,13:12:19
19000.0,1000,-950.0,0.0,SD,11661300.0,28720700.0,False,-50.0,13:12:18
19050.0,900,-900.0,0.0,BU,11661300.0,28719700.0,False,0.0,13:12:18
19050.0,5000,-900.0,0.0,BU,11660400.0,28719700.0,False,50.0,13:12:17
19000.0,100,-950.0,0.0,SD,11655400.0,28719700.0,False,-50.0,13:12:17
19050.0,100,-900.0,0.0,BU,11655400.0,28719600.0,False,0.0,13:12:17
19050.0,2000,-900.0,0.0,BU,11655300.0,28719600.0,False,0.0,13:12:16
19050.0,1000,-900.0,0.0,BU,11653300.0,28719600.0,False,0.0,13:12:15
19050.0,10000,-900.0,0.0,BU,11652300.0,28719600.0,False,0.0,13:12:15
19050.0,1000,-900.0,0.0,BU,11642300.0,28719600.0,False,0.0,13:12:14
19050.0,13000,-900.0,0.0,BU,11641300.0,28719600.0,True,50.0,13:12:14
19000.0,2300,-950.0,0.0,SD,11628300.0,28719600.0,False,0.0,13:12:12
19000.0,11000,-950.0,0.0,SD,11628300.0,28717300.0,True,0.0,13:12:12
19000.0,5000,-950.0,0.0,SD,11628300.0,28706300.0,False,0.0,13:12:12
19000.0,1000,-950.0,0.0,SD,11628300.0,28701300.0,False,0.0,13:12:12
19000.0,900,-950.0,0.0,SD,11628300.0,28700300.0,False,0.0,13:12:12
19000.0,2000,-950.0,0.0,SD,11628300.0,28699400.0,False,0.0,13:12:12
19000.0,100,-950.0,0.0,SD,11628300.0,28697400.0,False,0.0,13:12:12
19000.0,3000,-950.0,0.0,SD,11628300.0,28697300.0,False,0.0,13:12:12
19000.0,2000,-950.0,0.0,SD,11628300.0,28694300.0,False,0.0,13:12:12
19000.0,100,-950.0,0.0,SD,11628300.0,28692300.0,False,0.0,13:12:12
19000.0,100,-950.0,0.0,SD,11628300.0,28692200.0,False,0.0,13:12:12
19000.0,600,-950.0,0.0,SD,11628300.0,28692100.0,False,0.0,13:12:12
19000.0,100,-950.0,0.0,SD,11628300.0,28691500.0,False,0.0,13:12:12
19000.0,600,-950.0,0.0,SD,11628300.0,28691400.0,False,0.0,13:12:12
19000.0,500,-950.0,0.0,SD,11628300.0,28690800.0,False,0.0,13:12:12
19000.0,100,-950.0,0.0,SD,11628300.0,28690300.0,False,0.0,13:12:12
19000.0,200,-950.0,0.0,SD,11628300.0,28690200.0,False,0.0,13:12:12
19000.0,500,-950.0,0.0,SD,11628300.0,28690000.0,False,0.0,13:12:12
19000.0,3000,-950.0,0.0,SD,11628300.0,28689500.0,False,0.0,13:12:12
19000.0,100,-950.0,0.0,SD,11628300.0,28686500.0,False,0.0,13:12:12
19000.0,100,-950.0,0.0,SD,11628300.0,28686400.0,False,0.0,13:12:12
19000.0,2000,-950.0,0.0,SD,11628300.0,28686300.0,False,0.0,13:12:12
19000.0,100,-950.0,0.0,SD,11628300.0,28684300.0,False,0.0,13:12:12
19000.0,200,-950.0,0.0,SD,11628300.0,28684200.0,False,0.0,13:12:12
19000.0,100,-950.0,0.0,SD,11628300.0,28684000.0,False,0.0,13:12:12
19000.0,500,-950.0,0.0,SD,11628300.0,28683900.0,False,0.0,13:12:12
19000.0,300,-950.0,0.0,SD,11628300.0,28683400.0,False,0.0,13:12:12
19000.0,300,-950.0,0.0,SD,11628300.0,28683100.0,False,0.0,13:12:12
19000.0,1000,-950.0,0.0,SD,11628300.0,28682800.0,False,0.0,13:12:12
19000.0,1000,-950.0,0.0,SD,11628300.0,28681800.0,False,0.0,13:12:12
19000.0,2000,-950.0,0.0,SD,11628300.0,28680800.0,False,0.0,13:12:12
19000.0,100,-950.0,0.0,SD,11628300.0,28678800.0,False,0.0,13:12:12
19000.0,3500,-950.0,0.0,SD,11628300.0,28678700.0,False,0.0,13:12:12
19000.0,900,-950.0,0.0,SD,11628300.0,28675200.0,False,0.0,13:12:12
19000.0,500,-950.0,0.0,SD,11628300.0,28674300.0,False,0.0,13:12:12
19000.0,1000,-950.0,0.0,SD,11628300.0,28673800.0,False,0.0,13:12:12
19000.0,3000,-950.0,0.0,SD,11628300.0,28672800.0,False,0.0,13:12:12
19000.0,1000,-950.0,0.0,SD,11628300.0,28669800.0,False,0.0,13:12:12
19000.0,100,-950.0,0.0,SD,11628300.0,28668800.0,False,0.0,13:12:12
19000.0,2000,-950.0,0.0,SD,11628300.0,28668700.0,False,0.0,13:12:12
19000.0,7100,-950.0,0.0,SD,11628300.0,28666700.0,False,-50.0,13:12:12
19050.0,500,-900.0,0.0,BU,11628300.0,28659600.0,False,0.0,13:12:11
19050.0,100,-900.0,0.0,BU,11627800.0,28659600.0,False,0.0,13:12:10
19050.0,100,-900.0,0.0,BU,11627700.0,28659600.0,False,50.0,13:12:10
19000.0,300,-950.0,0.0,SD,11627600.0,28659600.0,False,-50.0,13:12:09
19050.0,100,-900.0,0.0,BU,11627600.0,28659300.0,False,0.0,13:12:08
19050.0,1000,-900.0,0.0,BU,11627500.0,28659300.0,False,0.0,13:12:08
19050.0,300,-900.0,0.0,BU,11626500.0,28659300.0,False,0.0,13:12:08
19050.0,900,-900.0,0.0,BU,11626200.0,28659300.0,False,0.0,13:12:07
19050.0,1000,-900.0,0.0,BU,11625300.0,28659300.0,False,0.0,13:12:07
19050.0,500,-900.0,0.0,BU,11624300.0,28659300.0,False,0.0,13:12:06
19050.0,100,-900.0,0.0,BU,11623800.0,28659300.0,False,0.0,13:12:06
19050.0,500,-900.0,0.0,BU,11623700.0,28659300.0,False,0.0,13:12:06
19050.0,600,-900.0,0.0,BU,11623200.0,28659300.0,False,0.0,13:12:05
19050.0,1000,-900.0,0.0,BU,11622600.0,28659300.0,False,0.0,13:12:05
19050.0,1200,-900.0,0.0,BU,11621600.0,28659300.0,False,0.0,13:12:05
19050.0,100,-900.0,0.0,BU,11620400.0,28659300.0,False,0.0,13:12:04
19050.0,2700,-900.0,0.0,BU,11620300.0,28659300.0,False,0.0,13:12:04
19050.0,3300,-900.0,0.0,BU,11617600.0,28659300.0,False,0.0,13:12:04
19050.0,1700,-900.0,0.0,BU,11614300.0,28659300.0,False,0.0,13:12:04
19050.0,300,-900.0,0.0,BU,11612600.0,28659300.0,False,0.0,13:12:04
19050.0,100,-900.0,0.0,BU,11612300.0,28659300.0,False,0.0,13:12:03
19050.0,100,-900.0,0.0,BU,11612200.0,28659300.0,False,0.0,13:12:03
19050.0,200,-900.0,0.0,BU,11612100.0,28659300.0,False,0.0,13:12:02
19050.0,100,-900.0,0.0,BU,11611900.0,28659300.0,False,0.0,13:12:01
19050.0,300,-900.0,0.0,BU,11611800.0,28659300.0,False,0.0,13:12:01
19050.0,100,-900.0,0.0,BU,11611500.0,28659300.0,False,0.0,13:12:01
19050.0,200,-900.0,0.0,BU,11611400.0,28659300.0,False,0.0,13:12:00
19050.0,100,-900.0,0.0,BU,11611200.0,28659300.0,False,0.0,13:12:00
19050.0,200,-900.0,0.0,BU,11611100.0,28659300.0,False,0.0,13:11:59
19050.0,100,-900.0,0.0,BU,11610900.0,28659300.0,False,0.0,13:11:59
19050.0,100,-900.0,0.0,BU,11610800.0,28659300.0,False,0.0,13:11:59
19050.0,2000,-900.0,0.0,BU,11610700.0,28659300.0,False,0.0,13:11:59
19050.0,400,-900.0,0.0,BU,11608700.0,28659300.0,False,50.0,13:11:58
19000.0,1000,-950.0,0.0,SD,11608300.0,28659300.0,False,-50.0,13:11:58
19050.0,1000,-900.0,0.0,BU,11608300.0,28658300.0,False,0.0,13:11:57
19050.0,1000,-900.0,0.0,BU,11607300.0,28658300.0,False,0.0,13:11:56
19050.0,16000,-900.0,0.0,SD,11606300.0,28658300.0,True,0.0,13:11:52
19050.0,3900,-900.0,0.0,SD,11606300.0,28642300.0,False,0.0,13:11:52
19050.0,1000,-900.0,0.0,SD,11606300.0,28638400.0,False,0.0,13:11:52
19050.0,3900,-900.0,0.0,SD,11606300.0,28637400.0,False,0.0,13:11:52
19050.0,400,-900.0,0.0,SD,11606300.0,28633500.0,False,-50.0,13:11:52
19100.0,900,-850.0,0.0,BU,11606300.0,28633100.0,False,0.0,13:11:52
19100.0,1600,-850.0,0.0,BU,11605400.0,28633100.0,False,50.0,13:11:50
19050.0,700,-900.0,0.0,SD,11603800.0,28633100.0,False,0.0,13:11:49
19050.0,100,-900.0,0.0,SD,11603800.0,28632400.0,False,0.0,13:11:49
19050.0,700,-900.0,0.0,SD,11603800.0,28632300.0,False,0.0,13:11:49
19050.0,1500,-900.0,0.0,SD,11603800.0,28631600.0,False,-50.0,13:11:49
19100.0,2000,-850.0,0.0,BU,11603800.0,28630100.0,False,50.0,13:11:48
19050.0,500,-900.0,0.0,SD,11601800.0,28630100.0,False,0.0,13:11:48
19050.0,4500,-900.0,0.0,SD,11601800.0,28629600.0,False,0.0,13:11:47
19050.0,200,-900.0,0.0,SD,11601800.0,28625100.0,False,0.0,13:11:47
19050.0,100,-900.0,0.0,SD,11601800.0,28624900.0,False,0.0,13:11:46
19050.0,200,-900.0,0.0,SD,11601800.0,28624800.0,False,0.0,13:11:46
19050.0,5000,-900.0,0.0,SD,11601800.0,28624600.0,False,0.0,13:11:46
19050.0,100,-900.0,0.0,BU,11601800.0,28619600.0,False,0.0,13:11:45
19050.0,500,-900.0,0.0,BU,11601700.0,28619600.0,False,0.0,13:11:45
19050.0,20000,-900.0,0.0,BU,11601200.0,28619600.0,True,0.0,13:11:44
19050.0,100,-900.0,0.0,SD,11581200.0,28619600.0,False,0.0,13:11:43
19050.0,100,-900.0,0.0,SD,11581200.0,28619500.0,False,0.0,13:11:43
19050.0,500,-900.0,0.0,SD,11581200.0,28619400.0,False,0.0,13:11:43
19050.0,500,-900.0,0.0,SD,11581200.0,28618900.0,False,0.0,13:11:43
19050.0,3200,-900.0,0.0,SD,11581200.0,28618400.0,False,0.0,13:11:43
19050.0,10000,-900.0,0.0,SD,11581200.0,28615200.0,False,0.0,13:11:42
19050.0,100,-900.0,0.0,SD,11581200.0,28605200.0,False,0.0,13:11:40
19050.0,2000,-900.0,0.0,SD,11581200.0,28605100.0,False,0.0,13:11:40
19050.0,100,-900.0,0.0,BU,11581200.0,28603100.0,False,0.0,13:11:40
19050.0,2300,-900.0,0.0,BU,11581100.0,28603100.0,False,0.0,13:11:40
19050.0,200,-900.0,0.0,BU,11578800.0,28603100.0,False,0.0,13:11:40
19050.0,500,-900.0,0.0,BU,11578600.0,28603100.0,False,0.0,13:11:40
19050.0,200,-900.0,0.0,BU,11578100.0,28603100.0,False,0.0,13:11:40
19050.0,2000,-900.0,0.0,BU,11577900.0,28603100.0,False,0.0,13:11:40
19050.0,200,-900.0,0.0,BU,11575900.0,28603100.0,False,0.0,13:11:40
19050.0,29200,-900.0,0.0,BU,11575700.0,28603100.0,True,0.0,13:11:40
19050.0,800,-900.0,0.0,BU,11546500.0,28603100.0,False,0.0,13:11:39
19050.0,2900,-900.0,0.0,BU,11545700.0,28603100.0,False,0.0,13:11:39
19050.0,300,-900.0,0.0,BU,11542800.0,28603100.0,False,0.0,13:11:39
19050.0,100,-900.0,0.0,BU,11542500.0,28603100.0,False,0.0,13:11:39
19050.0,200,-900.0,0.0,BU,11542400.0,28603100.0,False,0.0,13:11:38
19050.0,300,-900.0,0.0,BU,11542200.0,28603100.0,False,0.0,13:11:38
19050.0,2700,-900.0,0.0,BU,11541900.0,28603100.0,False,0.0,13:11:37
19050.0,100,-900.0,0.0,BU,11539200.0,28603100.0,False,0.0,13:11:37
19050.0,1000,-900.0,0.0,BU,11539100.0,28603100.0,False,0.0,13:11:37
19050.0,100,-900.0,0.0,BU,11538100.0,28603100.0,False,0.0,13:11:37
19050.0,10900,-900.0,0.0,BU,11538000.0,28603100.0,True,0.0,13:11:35
19050.0,100,-900.0,0.0,BU,11527100.0,28603100.0,False,50.0,13:11:34
19000.0,16600,-950.0,0.0,SD,11527000.0,28603100.0,True,0.0,13:11:34
19000.0,500,-950.0,0.0,SD,11527000.0,28586500.0,False,0.0,13:11:34
19000.0,500,-950.0,0.0,SD,11527000.0,28586000.0,False,0.0,13:11:34
19000.0,100,-950.0,0.0,SD,11527000.0,28585500.0,False,0.0,13:11:34
19000.0,100,-950.0,0.0,SD,11527000.0,28585400.0,False,0.0,13:11:34
19000.0,30000,-950.0,0.0,SD,11527000.0,28585300.0,True,0.0,13:11:34
19000.0,300,-950.0,0.0,SD,11527000.0,28555300.0,False,0.0,13:11:34
19000.0,1000,-950.0,0.0,SD,11527000.0,28555000.0,False,0.0,13:11:34
19000.0,900,-950.0,0.0,SD,11527000.0,28554000.0,False,-50.0,13:11:34
19050.0,200,-900.0,0.0,BU,11527000.0,28553100.0,False,0.0,13:11:34
19050.0,1000,-900.0,0.0,BU,11526800.0,28553100.0,False,0.0,13:11:34
19050.0,5000,-900.0,0.0,BU,11525800.0,28553100.0,False,0.0,13:11:34
19050.0,100,-900.0,0.0,BU,11520800.0,28553100.0,False,0.0,13:11:33
19050.0,500,-900.0,0.0,BU,11520700.0,28553100.0,False,0.0,13:11:33
19050.0,100,-900.0,0.0,BU,11520200.0,28553100.0,False,0.0,13:11:32
19050.0,200,-900.0,0.0,BU,11520100.0,28553100.0,False,0.0,13:11:32
19050.0,100,-900.0,0.0,BU,11519900.0,28553100.0,False,0.0,13:11:31
19050.0,10000,-900.0,0.0,BU,11519800.0,28553100.0,False,0.0,13:11:31
19050.0,500,-900.0,0.0,BU,11509800.0,28553100.0,False,0.0,13:11:30
19050.0,300,-900.0,0.0,BU,11509300.0,28553100.0,False,0.0,13:11:29
19050.0,300,-900.0,0.0,BU,11509000.0,28553100.0,False,0.0,13:11:28
19050.0,1000,-900.0,0.0,BU,11508700.0,28553100.0,False,0.0,13:11:26
19050.0,500,-900.0,0.0,BU,11507700.0,28553100.0,False,0.0,13:11:26
19050.0,100,-900.0,0.0,BU,11507200.0,28553100.0,False,0.0,13:11:26
19050.0,1800,-900.0,0.0,BU,11507100.0,28553100.0,False,0.0,13:11:26
19050.0,400,-900.0,0.0,BU,11505300.0,28553100.0,False,0.0,13:11:26
19050.0,100,-900.0,0.0,BU,11504900.0,28553100.0,False,0.0,13:11:25
19050.0,200,-900.0,0.0,BU,11504800.0,28553100.0,False,0.0,13:11:25
19050.0,1000,-900.0,0.0,BU,11504600.0,28553100.0,False,0.0,13:11:25
19050.0,1000,-900.0,0.0,BU,11503600.0,28553100.0,False,0.0,13:11:25
19050.0,700,-900.0,0.0,BU,11502600.0,28553100.0,False,0.0,13:11:25
19050.0,100,-900.0,0.0,SD,11501900.0,28553100.0,False,0.0,13:11:25
19050.0,500,-900.0,0.0,SD,11501900.0,28553000.0,False,0.0,13:11:25
19050.0,100,-900.0,0.0,SD,11501900.0,28552500.0,False,0.0,13:11:25
19050.0,500,-900.0,0.0,SD,11501900.0,28552400.0,False,0.0,13:11:25
19050.0,200,-900.0,0.0,SD,11501900.0,28551900.0,False,0.0,13:11:25
19050.0,5200,-900.0,0.0,SD,11501900.0,28551700.0,False,0.0,13:11:25
19050.0,5000,-900.0,0.0,SD,11501900.0,28546500.0,False,0.0,13:11:25
19050.0,2000,-900.0,0.0,SD,11501900.0,28541500.0,False,0.0,13:11:25
19050.0,9200,-900.0,0.0,SD,11501900.0,28539500.0,False,0.0,13:11:25
19050.0,400,-900.0,0.0,SD,11501900.0,28530300.0,False,0.0,13:11:24
19050.0,600,-900.0,0.0,SD,11501900.0,28529900.0,False,-50.0,13:11:21
19100.0,300,-850.0,0.0,BU,11501900.0,28529300.0,False,0.0,13:11:20
19100.0,4700,-850.0,0.0,BU,11501600.0,28529300.0,False,50.0,13:11:20
19050.0,5700,-900.0,0.0,BU,11496900.0,28529300.0,False,0.0,13:11:18
19050.0,4100,-900.0,0.0,BU,11491200.0,28529300.0,False,0.0,13:11:18
19050.0,1000,-900.0,0.0,BU,11487100.0,28529300.0,False,0.0,13:11:18
19050.0,400,-900.0,0.0,BU,11486100.0,28529300.0,False,0.0,13:11:18
19050.0,100,-900.0,0.0,BU,11485700.0,28529300.0,False,0.0,13:11:17
19050.0,1100,-900.0,0.0,BU,11485600.0,28529300.0,False,50.0,13:11:17
19000.0,100,-950.0,0.0,SD,11484500.0,28529300.0,False,-50.0,13:11:17
19050.0,1000,-900.0,0.0,BU,11484500.0,28529200.0,False,0.0,13:11:16
19050.0,7600,-900.0,0.0,BU,11483500.0,28529200.0,False,0.0,13:11:15
19050.0,2500,-900.0,0.0,BU,11475900.0,28529200.0,False,0.0,13:11:15
19050.0,3000,-900.0,0.0,SD,11473400.0,28529200.0,False,0.0,13:11:14
19050.0,2000,-900.0,0.0,SD,11473400.0,28526200.0,False,0.0,13:11:14
19050.0,1000,-900.0,0.0,SD,11473400.0,28524200.0,False,0.0,13:11:14
19050.0,100,-900.0,0.0,SD,11473400.0,28523200.0,False,0.0,13:11:14
19050.0,100,-900.0,0.0,SD,11473400.0,28523100.0,False,0.0,13:11:14
19050.0,5000,-900.0,0.0,SD,11473400.0,28523000.0,False,0.0,13:11:14
19050.0,100,-900.0,0.0,SD,11473400.0,28518000.0,False,0.0,13:11:14
19050.0,300,-900.0,0.0,SD,11473400.0,28517900.0,False,0.0,13:11:14
19050.0,100,-900.0,0.0,SD,11473400.0,28517600.0,False,0.0,13:11:14
19050.0,100,-900.0,0.0,SD,11473400.0,28517500.0,False,0.0,13:11:14
19050.0,400,-900.0,0.0,SD,11473400.0,28517400.0,False,0.0,13:11:14
19050.0,300,-900.0,0.0,SD,11473400.0,28517000.0,False,0.0,13:11:11
19050.0,3500,-900.0,0.0,SD,11473400.0,28516700.0,False,0.0,13:11:10
19050.0,200,-900.0,0.0,SD,11473400.0,28513200.0,False,0.0,13:11:10
19050.0,500,-900.0,0.0,SD,11473400.0,28513000.0,False,-50.0,13:11:09
19100.0,100,-850.0,0.0,BU,11473400.0,28512500.0,False,50.0,13:11:09
19050.0,100,-900.0,0.0,SD,11473300.0,28512500.0,False,0.0,13:11:07
19050.0,1000,-900.0,0.0,SD,11473300.0,28512400.0,False,0.0,13:11:07
19050.0,500,-900.0,0.0,SD,11473300.0,28511400.0,False,0.0,13:11:07
19050.0,700,-900.0,0.0,SD,11473300.0,28510900.0,False,0.0,13:11:07
19050.0,100,-900.0,0.0,SD,11473300.0,28510200.0,False,0.0,13:11:07
19050.0,1000,-900.0,0.0,SD,11473300.0,28510100.0,False,50.0,13:11:07
19000.0,100,-950.0,0.0,SD,11473300.0,28509100.0,False,0.0,13:11:07
19000.0,500,-950.0,0.0,SD,11473300.0,28509000.0,False,0.0,13:11:07
19000.0,2300,-950.0,0.0,SD,11473300.0,28508500.0,False,-50.0,13:11:07
19050.0,1200,-900.0,0.0,BU,11473300.0,28506200.0,False,0.0,13:11:07
19050.0,100,-900.0,0.0,BU,11472100.0,28506200.0,False,0.0,13:11:07
19050.0,100,-900.0,0.0,BU,11472000.0,28506200.0,False,0.0,13:11:07
19050.0,1000,-900.0,0.0,BU,11471900.0,28506200.0,False,0.0,13:11:07
19050.0,1000,-900.0,0.0,BU,11470900.0,28506200.0,False,0.0,13:11:07
19050.0,2000,-900.0,0.0,BU,11469900.0,28506200.0,False,0.0,13:11:07
19050.0,5000,-900.0,0.0,BU,11467900.0,28506200.0,False,0.0,13:11:07
19050.0,1900,-900.0,0.0,BU,11462900.0,28506200.0,False,0.0,13:11:07
19050.0,200,-900.0,0.0,BU,11461000.0,28506200.0,False,0.0,13:11:07
19050.0,100,-900.0,0.0,BU,11460800.0,28506200.0,False,0.0,13:11:07
19050.0,2000,-900.0,0.0,BU,11460700.0,28506200.0,False,0.0,13:11:07
19050.0,20000,-900.0,0.0,BU,11458700.0,28506200.0,True,0.0,13:11:07
19050.0,4000,-900.0,0.0,BU,11438700.0,28506200.0,False,0.0,13:11:07
19050.0,300,-900.0,0.0,BU,11434700.0,28506200.0,False,0.0,13:11:07
19050.0,500,-900.0,0.0,BU,11434400.0,28506200.0,False,0.0,13:11:07
19050.0,500,-900.0,0.0,BU,11433900.0,28506200.0,False,0.0,13:11:07
19050.0,200,-900.0,0.0,BU,11433400.0,28506200.0,False,0.0,13:11:07
19050.0,1500,-900.0,0.0,BU,11433200.0,28506200.0,False,0.0,13:11:07
19050.0,100,-900.0,0.0,BU,11431700.0,28506200.0,False,0.0,13:11:07
19050.0,100,-900.0,0.0,BU,11431600.0,28506200.0,False,0.0,13:11:07
19050.0,10000,-900.0,0.0,BU,11431500.0,28506200.0,False,0.0,13:11:07
19050.0,100,-900.0,0.0,BU,11421500.0,28506200.0,False,0.0,13:11:07
19050.0,100,-900.0,0.0,BU,11421400.0,28506200.0,False,0.0,13:11:07
19050.0,200,-900.0,0.0,BU,11421300.0,28506200.0,False,0.0,13:11:07
19050.0,100,-900.0,0.0,BU,11421100.0,28506200.0,False,0.0,13:11:07
19050.0,18300,-900.0,0.0,BU,11421000.0,28506200.0,True,0.0,13:11:07
19050.0,1000,-900.0,0.0,BU,11402700.0,28506200.0,False,0.0,13:11:07
19050.0,100,-900.0,0.0,BU,11401700.0,28506200.0,False,50.0,13:11:07
19000.0,700,-950.0,0.0,SD,11401600.0,28506200.0,False,0.0,13:11:07
19000.0,2000,-950.0,0.0,SD,11401600.0,28505500.0,False,0.0,13:11:07
19000.0,100,-950.0,0.0,SD,11401600.0,28503500.0,False,0.0,13:11:07
19000.0,7800,-950.0,0.0,SD,11401600.0,28503400.0,False,0.0,13:11:07
19000.0,1000,-950.0,0.0,SD,11401600.0,28495600.0,False,0.0,13:11:07
19000.0,500,-950.0,0.0,SD,11401600.0,28494600.0,False,0.0,13:11:07
19000.0,700,-950.0,0.0,SD,11401600.0,28494100.0,False,0.0,13:11:06
19000.0,500,-950.0,0.0,SD,11401600.0,28493400.0,False,0.0,13:11:06
19000.0,1000,-950.0,0.0,SD,11401600.0,28492900.0,False,0.0,13:11:06
19000.0,2800,-950.0,0.0,SD,11401600.0,28491900.0,False,0.0,13:11:06
19000.0,47200,-950.0,0.0,SD,11401600.0,28489100.0,True,0.0,13:11:06
19000.0,600,-950.0,0.0,SD,11401600.0,28441900.0,False,0.0,13:11:06
19000.0,500,-950.0,0.0,SD,11401600.0,28441300.0,False,0.0,13:11:06
19000.0,400,-950.0,0.0,SD,11401600.0,28440800.0,False,0.0,13:11:06
19000.0,1300,-950.0,0.0,SD,11401600.0,28440400.0,False,-50.0,13:11:06
19050.0,300,-900.0,0.0,BU,11401600.0,28439100.0,False,50.0,13:11:06
19000.0,100,-950.0,0.0,SD,11401300.0,28439100.0,False,0.0,13:11:05
19000.0,1600,-950.0,0.0,SD,11401300.0,28439000.0,False,0.0,13:11:05
19000.0,100,-950.0,0.0,SD,11401300.0,28437400.0,False,0.0,13:11:05
19000.0,2000,-950.0,0.0,SD,11401300.0,28437300.0,False,0.0,13:11:05
19000.0,2400,-950.0,0.0,SD,11401300.0,28435300.0,False,-50.0,13:11:05
19050.0,100,-900.0,0.0,BU,11401300.0,28432900.0,False,50.0,13:11:05
19000.0,100,-950.0,0.0,SD,11401200.0,28432900.0,False,-50.0,13:11:05
19050.0,1000,-900.0,0.0,BU,11401200.0,28432800.0,False,0.0,13:11:03
19050.0,5000,-900.0,0.0,BU,11400200.0,28432800.0,False,50.0,13:11:03
19000.0,4000,-950.0,0.0,SD,11395200.0,28432800.0,False,-50.0,13:11:03
19050.0,100,-900.0,0.0,BU,11395200.0,28428800.0,False,0.0,13:11:02
19050.0,3000,-900.0,0.0,BU,11395100.0,28428800.0,False,0.0,13:10:58
19050.0,1000,-900.0,0.0,BU,11392100.0,28428800.0,False,0.0,13:10:58
19050.0,500,-900.0,0.0,BU,11391100.0,28428800.0,False,50.0,13:10:57
19000.0,200,-950.0,0.0,SD,11390600.0,28428800.0,False,0.0,13:10:56
19000.0,1000,-950.0,0.0,SD,11390600.0,28428600.0,False,0.0,13:10:56
19000.0,200,-950.0,0.0,SD,11390600.0,28427600.0,False,0.0,13:10:56
19000.0,1000,-950.0,0.0,SD,11390600.0,28427400.0,False,0.0,13:10:56
19000.0,500,-950.0,0.0,SD,11390600.0,28426400.0,False,0.0,13:10:56
19000.0,100,-950.0,0.0,SD,11390600.0,28425900.0,False,0.0,13:10:56
19000.0,1000,-950.0,0.0,SD,11390600.0,28425800.0,False,0.0,13:10:56
19000.0,1000,-950.0,0.0,SD,11390600.0,28424800.0,False,0.0,13:10:56
19000.0,7200,-950.0,0.0,SD,11390600.0,28423800.0,False,0.0,13:10:56
19000.0,5000,-950.0,0.0,SD,11390600.0,28416600.0,False,0.0,13:10:56
19000.0,15000,-950.0,0.0,SD,11390600.0,28411600.0,True,0.0,13:10:56
19000.0,1300,-950.0,0.0,SD,11390600.0,28396600.0,False,0.0,13:10:56
19000.0,200,-950.0,0.0,SD,11390600.0,28395300.0,False,0.0,13:10:56
19000.0,1500,-950.0,0.0,SD,11390600.0,28395100.0,False,0.0,13:10:56
19000.0,200,-950.0,0.0,SD,11390600.0,28393600.0,False,0.0,13:10:56
19000.0,100,-950.0,0.0,SD,11390600.0,28393400.0,False,0.0,13:10:56
19000.0,100,-950.0,0.0,SD,11390600.0,28393300.0,False,0.0,13:10:56
19000.0,500,-950.0,0.0,SD,11390600.0,28393200.0,False,0.0,13:10:56
19000.0,200,-950.0,0.0,SD,11390600.0,28392700.0,False,0.0,13:10:56
19000.0,600,-950.0,0.0,SD,11390600.0,28392500.0,False,0.0,13:10:56
19000.0,900,-950.0,0.0,SD,11390600.0,28391900.0,False,0.0,13:10:56
19000.0,100,-950.0,0.0,SD,11390600.0,28391000.0,False,0.0,13:10:56
19000.0,100,-950.0,0.0,SD,11390600.0,28390900.0,False,0.0,13:10:56
19000.0,500,-950.0,0.0,SD,11390600.0,28390800.0,False,0.0,13:10:56
19000.0,100,-950.0,0.0,SD,11390600.0,28390300.0,False,0.0,13:10:56
19000.0,300,-950.0,0.0,SD,11390600.0,28390200.0,False,0.0,13:10:56
19000.0,5000,-950.0,0.0,SD,11390600.0,28389900.0,False,0.0,13:10:56
19000.0,500,-950.0,0.0,SD,11390600.0,28384900.0,False,0.0,13:10:56
19000.0,1000,-950.0,0.0,SD,11390600.0,28384400.0,False,0.0,13:10:56
19000.0,1000,-950.0,0.0,SD,11390600.0,28383400.0,False,0.0,13:10:56
19000.0,900,-950.0,0.0,SD,11390600.0,28382400.0,False,0.0,13:10:56
19000.0,500,-950.0,0.0,SD,11390600.0,28381500.0,False,0.0,13:10:56
19000.0,100,-950.0,0.0,SD,11390600.0,28381000.0,False,0.0,13:10:56
19000.0,300,-950.0,0.0,SD,11390600.0,28380900.0,False,0.0,13:10:56
19000.0,200,-950.0,0.0,SD,11390600.0,28380600.0,False,0.0,13:10:56
19000.0,100,-950.0,0.0,SD,11390600.0,28380400.0,False,0.0,13:10:56
19000.0,100,-950.0,0.0,SD,11390600.0,28380300.0,False,0.0,13:10:56
19000.0,1000,-950.0,0.0,SD,11390600.0,28380200.0,False,0.0,13:10:56
19000.0,400,-950.0,0.0,SD,11390600.0,28379200.0,False,0.0,13:10:56
19000.0,200,-950.0,0.0,SD,11390600.0,28378800.0,False,-50.0,13:10:54
19050.0,700,-900.0,0.0,BU,11390600.0,28378600.0,False,0.0,13:10:54
19050.0,5000,-900.0,0.0,BU,11389900.0,28378600.0,False,0.0,13:10:54
19050.0,200,-900.0,0.0,BU,11384900.0,28378600.0,False,0.0,13:10:54
19050.0,500,-900.0,0.0,BU,11384700.0,28378600.0,False,0.0,13:10:54
19050.0,2000,-900.0,0.0,BU,11384200.0,28378600.0,False,0.0,13:10:54
19050.0,300,-900.0,0.0,BU,11382200.0,28378600.0,False,0.0,13:10:54
19050.0,100,-900.0,0.0,BU,11381900.0,28378600.0,False,0.0,13:10:54
19050.0,2000,-900.0,0.0,BU,11381800.0,28378600.0,False,0.0,13:10:54
19050.0,9200,-900.0,0.0,BU,11379800.0,28378600.0,False,50.0,13:10:54
19000.0,300,-950.0,0.0,SD,11370600.0,28378600.0,False,0.0,13:10:54
19000.0,3000,-950.0,0.0,SD,11370600.0,28378300.0,False,0.0,13:10:53
19000.0,300,-950.0,0.0,SD,11370600.0,28375300.0,False,0.0,13:10:51
19000.0,800,-950.0,0.0,SD,11370600.0,28375000.0,False,0.0,13:10:51
19000.0,100,-950.0,0.0,SD,11370600.0,28374200.0,False,0.0,13:10:51
19000.0,600,-950.0,0.0,SD,11370600.0,28374100.0,False,-50.0,13:10:51
19050.0,300,-900.0,0.0,BU,11370600.0,28373500.0,False,50.0,13:10:50
19000.0,500,-950.0,0.0,SD,11370300.0,28373500.0,False,0.0,13:10:49
19000.0,3900,-950.0,0.0,SD,11370300.0,28373000.0,False,0.0,13:10:47
19000.0,100,-950.0,0.0,SD,11370300.0,28369100.0,False,0.0,13:10:47
19000.0,36000,-950.0,0.0,SD,11370300.0,28369000.0,True,0.0,13:10:47
19000.0,100,-950.0,0.0,SD,11370300.0,28333000.0,False,-50.0,13:10:47
19050.0,100,-900.0,0.0,BU,11370300.0,28332900.0,False,0.0,13:10:44
19050.0,300,-900.0,0.0,BU,11370200.0,28332900.0,False,50.0,13:10:44
19000.0,100,-950.0,0.0,SD,11369900.0,28332900.0,False,0.0,13:10:43
19000.0,1000,-950.0,0.0,SD,11369900.0,28332800.0,False,-50.0,13:10:42
19050.0,1000,-900.0,0.0,BU,11369900.0,28331800.0,False,0.0,13:10:40
19050.0,1000,-900.0,0.0,BU,11368900.0,28331800.0,False,50.0,13:10:38
19000.0,500,-950.0,0.0,SD,11367900.0,28331800.0,False,0.0,13:10:37
19000.0,1500,-950.0,0.0,SD,11367900.0,28331300.0,False,0.0,13:10:36
19000.0,1000,-950.0,0.0,SD,11367900.0,28329800.0,False,0.0,13:10:35
19000.0,200,-950.0,0.0,SD,11367900.0,28328800.0,False,0.0,13:10:35
19000.0,100,-950.0,0.0,SD,11367900.0,28328600.0,False,0.0,13:10:32
19000.0,3500,-950.0,0.0,SD,11367900.0,28328500.0,False,-50.0,13:10:32
19050.0,10000,-900.0,0.0,BU,11367900.0,28325000.0,False,50.0,13:10:30
19000.0,2000,-950.0,0.0,SD,11357900.0,28325000.0,False,0.0,13:10:29
19000.0,2100,-950.0,0.0,SD,11357900.0,28323000.0,False,0.0,13:10:29
19000.0,200,-950.0,0.0,SD,11357900.0,28320900.0,False,0.0,13:10:29
19000.0,2500,-950.0,0.0,SD,11357900.0,28320700.0,False,0.0,13:10:29
19000.0,100,-950.0,0.0,SD,11357900.0,28318200.0,False,0.0,13:10:29
19000.0,100,-950.0,0.0,SD,11357900.0,28318100.0,False,0.0,13:10:29
19000.0,2000,-950.0,0.0,SD,11357900.0,28318000.0,False,0.0,13:10:29
19000.0,1000,-950.0,0.0,SD,11357900.0,28316000.0,False,0.0,13:10:29
19000.0,100,-950.0,0.0,SD,11357900.0,28315000.0,False,0.0,13:10:29
19000.0,100,-950.0,0.0,SD,11357900.0,28314900.0,False,0.0,13:10:29
19000.0,100,-950.0,0.0,SD,11357900.0,28314800.0,False,0.0,13:10:29
19000.0,5000,-950.0,0.0,SD,11357900.0,28314700.0,False,0.0,13:10:29
19000.0,500,-950.0,0.0,SD,11357900.0,28309700.0,False,0.0,13:10:29
19000.0,100,-950.0,0.0,SD,11357900.0,28309200.0,False,0.0,13:10:29
19000.0,200,-950.0,0.0,SD,11357900.0,28309100.0,False,0.0,13:10:29
19000.0,100,-950.0,0.0,SD,11357900.0,28308900.0,False,0.0,13:10:29
19000.0,100,-950.0,0.0,SD,11357900.0,28308800.0,False,0.0,13:10:29
19000.0,200,-950.0,0.0,SD,11357900.0,28308700.0,False,0.0,13:10:29
19000.0,300,-950.0,0.0,SD,11357900.0,28308500.0,False,0.0,13:10:29
19000.0,100,-950.0,0.0,SD,11357900.0,28308200.0,False,0.0,13:10:29
19000.0,100,-950.0,0.0,SD,11357900.0,28308100.0,False,0.0,13:10:29
19000.0,100,-950.0,0.0,SD,11357900.0,28308000.0,False,0.0,13:10:29
19000.0,10000,-950.0,0.0,SD,11357900.0,28307900.0,False,0.0,13:10:29
19000.0,400,-950.0,0.0,SD,11357900.0,28297900.0,False,0.0,13:10:29
19000.0,4500,-950.0,0.0,SD,11357900.0,28297500.0,False,0.0,13:10:29
19000.0,300,-950.0,0.0,SD,11357900.0,28293000.0,False,0.0,13:10:29
19000.0,500,-950.0,0.0,SD,11357900.0,28292700.0,False,0.0,13:10:29
19000.0,600,-950.0,0.0,SD,11357900.0,28292200.0,False,0.0,13:10:29
19000.0,100,-950.0,0.0,SD,11357900.0,28291600.0,False,0.0,13:10:29
19000.0,100,-950.0,0.0,SD,11357900.0,28291500.0,False,0.0,13:10:29
19000.0,3000,-950.0,0.0,SD,11357900.0,28291400.0,False,0.0,13:10:29
19000.0,100,-950.0,0.0,SD,11357900.0,28288400.0,False,0.0,13:10:29
19000.0,300,-950.0,0.0,SD,11357900.0,28288300.0,False,0.0,13:10:29
19000.0,200,-950.0,0.0,SD,11357900.0,28288000.0,False,0.0,13:10:26
19000.0,1600,-950.0,0.0,SD,11357900.0,28287800.0,False,0.0,13:10:26
19000.0,1200,-950.0,0.0,SD,11357900.0,28286200.0,False,-50.0,13:10:26
19050.0,2000,-900.0,0.0,BU,11357900.0,28285000.0,False,50.0,13:10:26
19000.0,300,-950.0,0.0,SD,11355900.0,28285000.0,False,0.0,13:10:23
19000.0,100,-950.0,0.0,SD,11355900.0,28284700.0,False,0.0,13:10:23
19000.0,100,-950.0,0.0,SD,11355900.0,28284600.0,False,0.0,13:10:23
19000.0,100,-950.0,0.0,SD,11355900.0,28284500.0,False,0.0,13:10:23
19000.0,2400,-950.0,0.0,SD,11355900.0,28284400.0,False,-50.0,13:10:23
19050.0,1000,-900.0,0.0,BU,11355900.0,28282000.0,False,0.0,13:10:23
19050.0,100,-900.0,0.0,BU,11354900.0,28282000.0,False,50.0,13:10:22
19000.0,200,-950.0,0.0,SD,11354800.0,28282000.0,False,0.0,13:10:22
19000.0,200,-950.0,0.0,SD,11354800.0,28281800.0,False,-50.0,13:10:21
19050.0,100,-900.0,0.0,BU,11354800.0,28281600.0,False,0.0,13:10:21
19050.0,100,-900.0,0.0,BU,11354700.0,28281600.0,False,50.0,13:10:21
19000.0,4200,-950.0,0.0,SD,11354600.0,28281600.0,False,0.0,13:10:20
19000.0,300,-950.0,0.0,SD,11354600.0,28277400.0,False,0.0,13:10:20
19000.0,100,-950.0,0.0,SD,11354600.0,28277100.0,False,0.0,13:10:20
19000.0,1000,-950.0,0.0,SD,11354600.0,28277000.0,False,0.0,13:10:20
19000.0,100,-950.0,0.0,SD,11354600.0,28276000.0,False,0.0,13:10:20
19000.0,24300,-950.0,0.0,SD,11354600.0,28275900.0,True,-50.0,13:10:20
19050.0,300,-900.0,0.0,BU,11354600.0,28251600.0,False,50.0,13:10:18
19000.0,500,-950.0,0.0,SD,11354300.0,28251600.0,False,-50.0,13:10:17
19050.0,200,-900.0,0.0,BU,11354300.0,28251100.0,False,50.0,13:10:17
19000.0,100,-950.0,0.0,SD,11354100.0,28251100.0,False,-50.0,13:10:17
19050.0,500,-900.0,0.0,BU,11354100.0,28251000.0,False,50.0,13:10:16
19000.0,20000,-950.0,0.0,SD,11353600.0,28251000.0,True,0.0,13:10:14
19000.0,2000,-950.0,0.0,SD,11353600.0,28231000.0,False,0.0,13:10:14
19000.0,3100,-950.0,0.0,SD,11353600.0,28229000.0,False,0.0,13:10:13
19000.0,5000,-950.0,0.0,SD,11353600.0,28225900.0,False,0.0,13:10:13
19000.0,300,-950.0,0.0,SD,11353600.0,28220900.0,False,0.0,13:10:13
19000.0,10000,-950.0,0.0,SD,11353600.0,28220600.0,False,0.0,13:10:13
19000.0,900,-950.0,0.0,SD,11353600.0,28210600.0,False,0.0,13:10:13
19000.0,700,-950.0,0.0,SD,11353600.0,28209700.0,False,-50.0,13:10:13
19050.0,300,-900.0,0.0,BU,11353600.0,28209000.0,False,50.0,13:10:12
19000.0,300,-950.0,0.0,SD,11353300.0,28209000.0,False,0.0,13:10:12
19000.0,200,-950.0,0.0,SD,11353300.0,28208700.0,False,0.0,13:10:12
19000.0,100,-950.0,0.0,SD,11353300.0,28208500.0,False,0.0,13:10:11
19000.0,200,-950.0,0.0,SD,11353300.0,28208400.0,False,0.0,13:10:11
19000.0,500,-950.0,0.0,SD,11353300.0,28208200.0,False,0.0,13:10:11
19000.0,600,-950.0,0.0,SD,11353300.0,28207700.0,False,0.0,13:10:11
19000.0,300,-950.0,0.0,SD,11353300.0,28207100.0,False,0.0,13:10:11
19000.0,200,-950.0,0.0,SD,11353300.0,28206800.0,False,0.0,13:10:11
19000.0,1000,-950.0,0.0,SD,11353300.0,28206600.0,False,0.0,13:10:11
19000.0,300,-950.0,0.0,SD,11353300.0,28205600.0,False,0.0,13:10:11
19000.0,200,-950.0,0.0,SD,11353300.0,28205300.0,False,0.0,13:10:11
19000.0,1100,-950.0,0.0,SD,11353300.0,28205100.0,False,-50.0,13:10:11
19050.0,400,-900.0,0.0,BU,11353300.0,28204000.0,False,50.0,13:10:11
19000.0,5000,-950.0,0.0,SD,11352900.0,28204000.0,False,0.0,13:10:10
19000.0,100,-950.0,0.0,SD,11352900.0,28199000.0,False,-50.0,13:10:08
19050.0,400,-900.0,0.0,BU,11352900.0,28198900.0,False,0.0,13:10:07
19050.0,4500,-900.0,0.0,BU,11352500.0,28198900.0,False,50.0,13:10:06
19000.0,200,-950.0,0.0,SD,11348000.0,28198900.0,False,0.0,13:10:05
19000.0,400,-950.0,0.0,SD,11348000.0,28198700.0,False,0.0,13:10:02
19000.0,200,-950.0,0.0,SD,11348000.0,28198300.0,False,0.0,13:10:02
19000.0,400,-950.0,0.0,SD,11348000.0,28198100.0,False,-50.0,13:10:02
19050.0,100,-900.0,0.0,BU,11348000.0,28197700.0,False,0.0,13:10:00
19050.0,1000,-900.0,0.0,BU,11347900.0,28197700.0,False,50.0,13:09:59
19000.0,100,-950.0,0.0,SD,11346900.0,28197700.0,False,0.0,13:09:59
19000.0,100,-950.0,0.0,SD,11346900.0,28197600.0,False,-50.0,13:09:59
19050.0,100,-900.0,0.0,BU,11346900.0,28197500.0,False,50.0,13:09:58
19000.0,100,-950.0,0.0,SD,11346800.0,28197500.0,False,0.0,13:09:57
19000.0,100,-950.0,0.0,SD,11346800.0,28197400.0,False,0.0,13:09:57
19000.0,500,-950.0,0.0,SD,11346800.0,28197300.0,False,0.0,13:09:57
19000.0,300,-950.0,0.0,SD,11346800.0,28196800.0,False,0.0,13:09:57
19000.0,100,-950.0,0.0,SD,11346800.0,28196500.0,False,-50.0,13:09:57
19050.0,2000,-900.0,0.0,BU,11346800.0,28196400.0,False,50.0,13:09:56
19000.0,9900,-950.0,0.0,SD,11344800.0,28196400.0,False,0.0,13:09:56
19000.0,100,-950.0,0.0,SD,11344800.0,28186500.0,False,0.0,13:09:56
19000.0,1000,-950.0,0.0,SD,11344800.0,28186400.0,False,0.0,13:09:56
19000.0,200,-950.0,0.0,SD,11344800.0,28185400.0,False,0.0,13:09:56
19000.0,5000,-950.0,0.0,SD,11344800.0,28185200.0,False,0.0,13:09:56
19000.0,300,-950.0,0.0,SD,11344800.0,28180200.0,False,0.0,13:09:56
19000.0,2000,-950.0,0.0,SD,11344800.0,28179900.0,False,0.0,13:09:56
19000.0,100,-950.0,0.0,SD,11344800.0,28177900.0,False,0.0,13:09:56
19000.0,100,-950.0,0.0,SD,11344800.0,28177800.0,False,0.0,13:09:56
19000.0,1300,-950.0,0.0,SD,11344800.0,28177700.0,False,0.0,13:09:56
19000.0,500,-950.0,0.0,SD,11344800.0,28176400.0,False,-50.0,13:09:55
19050.0,500,-900.0,0.0,BU,11344800.0,28175900.0,False,50.0,13:09:53
19000.0,6000,-950.0,0.0,SD,11344300.0,28175900.0,False,0.0,13:09:52
19000.0,2200,-950.0,0.0,SD,11344300.0,28169900.0,False,0.0,13:09:51
19000.0,200,-950.0,0.0,SD,11344300.0,28167700.0,False,0.0,13:09:51
19000.0,3900,-950.0,0.0,SD,11344300.0,28167500.0,False,0.0,13:09:51
19000.0,100,-950.0,0.0,SD,11344300.0,28163600.0,False,0.0,13:09:51
19000.0,200,-950.0,0.0,SD,11344300.0,28163500.0,False,0.0,13:09:50
19000.0,300,-950.0,0.0,BU,11344300.0,28163300.0,False,0.0,13:09:48
19000.0,500,-950.0,0.0,BU,11344000.0,28163300.0,False,0.0,13:09:48
19000.0,33200,-950.0,0.0,BU,11343500.0,28163300.0,True,0.0,13:09:48
19000.0,100,-950.0,0.0,BU,11310300.0,28163300.0,False,0.0,13:09:48
19000.0,1700,-950.0,0.0,BU,11310200.0,28163300.0,False,0.0,13:09:48
19000.0,100,-950.0,0.0,BU,11308500.0,28163300.0,False,0.0,13:09:47
19000.0,200,-950.0,0.0,BU,11308400.0,28163300.0,False,0.0,13:09:47
19000.0,500,-950.0,0.0,BU,11308200.0,28163300.0,False,0.0,13:09:47
19000.0,2000,-950.0,0.0,BU,11307700.0,28163300.0,False,0.0,13:09:47
19000.0,100,-950.0,0.0,BU,11305700.0,28163300.0,False,0.0,13:09:46
19000.0,100,-950.0,0.0,BU,11305600.0,28163300.0,False,0.0,13:09:45
19000.0,100,-950.0,0.0,BU,11305500.0,28163300.0,False,0.0,13:09:45
19000.0,300,-950.0,0.0,BU,11305400.0,28163300.0,False,0.0,13:09:45
19000.0,200,-950.0,0.0,BU,11305100.0,28163300.0,False,0.0,13:09:42
19000.0,200,-950.0,0.0,BU,11304900.0,28163300.0,False,0.0,13:09:41
19000.0,800,-950.0,0.0,BU,11304700.0,28163300.0,False,0.0,13:09:40
19000.0,300,-950.0,0.0,BU,11303900.0,28163300.0,False,0.0,13:09:39
19000.0,100,-950.0,0.0,BU,11303600.0,28163300.0,False,0.0,13:09:38
19000.0,500,-950.0,0.0,BU,11303500.0,28163300.0,False,0.0,13:09:38
19000.0,100,-950.0,0.0,BU,11303000.0,28163300.0,False,0.0,13:09:38
19000.0,100,-950.0,0.0,BU,11302900.0,28163300.0,False,0.0,13:09:38
19000.0,100,-950.0,0.0,BU,11302800.0,28163300.0,False,0.0,13:09:38
19000.0,4000,-950.0,0.0,BU,11302700.0,28163300.0,False,0.0,13:09:38
19000.0,300,-950.0,0.0,BU,11298700.0,28163300.0,False,0.0,13:09:38
19000.0,100,-950.0,0.0,BU,11298400.0,28163300.0,False,0.0,13:09:37
19000.0,300,-950.0,0.0,SD,11298300.0,28163300.0,False,0.0,13:09:37
19000.0,500,-950.0,0.0,SD,11298300.0,28163000.0,False,0.0,13:09:37
19000.0,1500,-950.0,0.0,SD,11298300.0,28162500.0,False,0.0,13:09:37
19000.0,1000,-950.0,0.0,SD,11298300.0,28161000.0,False,0.0,13:09:37
19000.0,5000,-950.0,0.0,SD,11298300.0,28160000.0,False,0.0,13:09:37
19000.0,2000,-950.0,0.0,SD,11298300.0,28155000.0,False,0.0,13:09:37
19000.0,400,-950.0,0.0,SD,11298300.0,28153000.0,False,0.0,13:09:37
19000.0,200,-950.0,0.0,SD,11298300.0,28152600.0,False,0.0,13:09:37
19000.0,1600,-950.0,0.0,SD,11298300.0,28152400.0,False,0.0,13:09:37
19000.0,500,-950.0,0.0,SD,11298300.0,28150800.0,False,0.0,13:09:37
19000.0,10000,-950.0,0.0,SD,11298300.0,28150300.0,False,0.0,13:09:37
19000.0,100,-950.0,0.0,SD,11298300.0,28140300.0,False,0.0,13:09:37
19000.0,100,-950.0,0.0,SD,11298300.0,28140200.0,False,0.0,13:09:37
19000.0,1000,-950.0,0.0,SD,11298300.0,28140100.0,False,0.0,13:09:37
19000.0,900,-950.0,0.0,SD,11298300.0,28139100.0,False,0.0,13:09:37
19000.0,200,-950.0,0.0,SD,11298300.0,28138200.0,False,0.0,13:09:37
19000.0,200,-950.0,0.0,SD,11298300.0,28138000.0,False,0.0,13:09:37
19000.0,100,-950.0,0.0,SD,11298300.0,28137800.0,False,0.0,13:09:37
19000.0,8900,-950.0,0.0,SD,11298300.0,28137700.0,False,0.0,13:09:37
19000.0,200,-950.0,0.0,SD,11298300.0,28128800.0,False,0.0,13:09:37
19000.0,1800,-950.0,0.0,SD,11298300.0,28128600.0,False,0.0,13:09:37
19000.0,1000,-950.0,0.0,SD,11298300.0,28126800.0,False,0.0,13:09:37
19000.0,100,-950.0,0.0,SD,11298300.0,28125800.0,False,0.0,13:09:37
19000.0,500,-950.0,0.0,SD,11298300.0,28125700.0,False,-50.0,13:09:37
19050.0,8000,-900.0,0.0,BU,11298300.0,28125200.0,False,0.0,13:09:36
19050.0,500,-900.0,0.0,BU,11290300.0,28125200.0,False,50.0,13:09:35
19000.0,500,-950.0,0.0,SD,11289800.0,28125200.0,False,-50.0,13:09:33
19050.0,100,-900.0,0.0,BU,11289800.0,28124700.0,False,0.0,13:09:33
19050.0,1300,-900.0,0.0,BU,11289700.0,28124700.0,False,50.0,13:09:33
19000.0,1000,-950.0,0.0,SD,11288400.0,28124700.0,False,-50.0,13:09:32
19050.0,1000,-900.0,0.0,BU,11288400.0,28123700.0,False,0.0,13:09:29
19050.0,1000,-900.0,0.0,BU,11287400.0,28123700.0,False,0.0,13:09:29
19050.0,1000,-900.0,0.0,BU,11286400.0,28123700.0,False,0.0,13:09:29
19050.0,5000,-900.0,0.0,BU,11285400.0,28123700.0,False,0.0,13:09:28
19050.0,200,-900.0,0.0,SD,11280400.0,28123700.0,False,0.0,13:09:27
19050.0,600,-900.0,0.0,SD,11280400.0,28123500.0,False,0.0,13:09:27
19050.0,100,-900.0,0.0,SD,11280400.0,28122900.0,False,0.0,13:09:27
19050.0,300,-900.0,0.0,SD,11280400.0,28122800.0,False,0.0,13:09:27
19050.0,5400,-900.0,0.0,SD,11280400.0,28122500.0,False,-50.0,13:09:27
19100.0,100,-850.0,0.0,BU,11280400.0,28117100.0,False,0.0,13:09:25
19100.0,100,-850.0,0.0,BU,11280300.0,28117100.0,False,0.0,13:09:24
19100.0,400,-850.0,0.0,BU,11280200.0,28117100.0,False,0.0,13:09:24
19100.0,400,-850.0,0.0,BU,11279800.0,28117100.0,False,0.0,13:09:24
19100.0,200,-850.0,0.0,BU,11279400.0,28117100.0,False,0.0,13:09:24
19100.0,500,-850.0,0.0,BU,11279200.0,28117100.0,False,0.0,13:09:24
19100.0,2400,-850.0,0.0,BU,11278700.0,28117100.0,False,50.0,13:09:24
19050.0,2000,-900.0,0.0,SD,11276300.0,28117100.0,False,0.0,13:09:24
19050.0,100,-900.0,0.0,SD,11276300.0,28115100.0,False,-50.0,13:09:24
19100.0,600,-850.0,0.0,BU,11276300.0,28115000.0,False,0.0,13:09:21
19100.0,400,-850.0,0.0,BU,11275700.0,28115000.0,False,0.0,13:09:21
19100.0,1000,-850.0,0.0,BU,11275300.0,28115000.0,False,50.0,13:09:20
19050.0,2000,-900.0,0.0,SD,11274300.0,28115000.0,False,0.0,13:09:18
19050.0,500,-900.0,0.0,SD,11274300.0,28113000.0,False,0.0,13:09:18
19050.0,500,-900.0,0.0,SD,11274300.0,28112500.0,False,-50.0,13:09:18
19100.0,100,-850.0,0.0,BU,11274300.0,28112000.0,False,0.0,13:09:17
19100.0,100,-850.0,0.0,BU,11274200.0,28112000.0,False,100.0,13:09:15
19000.0,100,-950.0,0.0,BU,11274100.0,28112000.0,False,0.0,13:09:14
19000.0,100,-950.0,0.0,BU,11274000.0,28112000.0,False,0.0,13:09:14
19000.0,6200,-950.0,0.0,BU,11273900.0,28112000.0,False,0.0,13:09:14
19000.0,200,-950.0,0.0,BU,11267700.0,28112000.0,False,0.0,13:09:14
19000.0,500,-950.0,0.0,BU,11267500.0,28112000.0,False,0.0,13:09:14
19000.0,200,-950.0,0.0,BU,11267000.0,28112000.0,False,0.0,13:09:13
19000.0,10000,-950.0,0.0,BU,11266800.0,28112000.0,False,0.0,13:09:13
19000.0,7000,-950.0,0.0,BU,11256800.0,28112000.0,False,0.0,13:09:13
19000.0,500,-950.0,0.0,BU,11249800.0,28112000.0,False,0.0,13:09:12
19000.0,1000,-950.0,0.0,BU,11249300.0,28112000.0,False,0.0,13:09:12
19000.0,2000,-950.0,0.0,BU,11248300.0,28112000.0,False,0.0,13:09:12
19000.0,5000,-950.0,0.0,BU,11246300.0,28112000.0,False,0.0,13:09:12
19000.0,1000,-950.0,0.0,BU,11241300.0,28112000.0,False,0.0,13:09:11
19000.0,500,-950.0,0.0,BU,11240300.0,28112000.0,False,0.0,13:09:11
19000.0,100,-950.0,0.0,BU,11239800.0,28112000.0,False,0.0,13:09:11
19000.0,500,-950.0,0.0,SD,11239700.0,28112000.0,False,0.0,13:09:11
19000.0,1000,-950.0,0.0,SD,11239700.0,28111500.0,False,0.0,13:09:11
19000.0,3000,-950.0,0.0,SD,11239700.0,28110500.0,False,0.0,13:09:11
19000.0,2000,-950.0,0.0,SD,11239700.0,28107500.0,False,0.0,13:09:11
19000.0,500,-950.0,0.0,SD,11239700.0,28105500.0,False,0.0,13:09:11
19000.0,100,-950.0,0.0,SD,11239700.0,28105000.0,False,0.0,13:09:11
19000.0,10000,-950.0,0.0,SD,11239700.0,28104900.0,False,0.0,13:09:11
19000.0,300,-950.0,0.0,SD,11239700.0,28094900.0,False,0.0,13:09:11
19000.0,5100,-950.0,0.0,SD,11239700.0,28094600.0,False,0.0,13:09:11
19000.0,500,-950.0,0.0,SD,11239700.0,28089500.0,False,0.0,13:09:11
19000.0,500,-950.0,0.0,SD,11239700.0,28089000.0,False,0.0,13:09:11
19000.0,100,-950.0,0.0,SD,11239700.0,28088500.0,False,0.0,13:09:11
19000.0,700,-950.0,0.0,SD,11239700.0,28088400.0,False,0.0,13:09:11
19000.0,900,-950.0,0.0,SD,11239700.0,28087700.0,False,0.0,13:09:11
19000.0,200,-950.0,0.0,SD,11239700.0,28086800.0,False,0.0,13:09:11
19000.0,1000,-950.0,0.0,SD,11239700.0,28086600.0,False,0.0,13:09:11
19000.0,100,-950.0,0.0,SD,11239700.0,28085600.0,False,0.0,13:09:11
19000.0,1200,-950.0,0.0,SD,11239700.0,28085500.0,False,0.0,13:09:11
19000.0,100,-950.0,0.0,SD,11239700.0,28084300.0,False,0.0,13:09:11
19000.0,1000,-950.0,0.0,SD,11239700.0,28084200.0,False,0.0,13:09:11
19000.0,500,-950.0,0.0,SD,11239700.0,28083200.0,False,0.0,13:09:11
19000.0,100,-950.0,0.0,SD,11239700.0,28082700.0,False,0.0,13:09:11
19000.0,500,-950.0,0.0,SD,11239700.0,28082600.0,False,0.0,13:09:11
19000.0,100,-950.0,0.0,SD,11239700.0,28082100.0,False,0.0,13:09:11
19000.0,100,-950.0,0.0,SD,11239700.0,28082000.0,False,0.0,13:09:11
19000.0,500,-950.0,0.0,SD,11239700.0,28081900.0,False,0.0,13:09:11
19000.0,1000,-950.0,0.0,SD,11239700.0,28081400.0,False,0.0,13:09:11
19000.0,300,-950.0,0.0,SD,11239700.0,28080400.0,False,0.0,13:09:11
19000.0,500,-950.0,0.0,SD,11239700.0,28080100.0,False,0.0,13:09:11
19000.0,3000,-950.0,0.0,SD,11239700.0,28079600.0,False,0.0,13:09:11
19000.0,100,-950.0,0.0,SD,11239700.0,28076600.0,False,0.0,13:09:11
19000.0,1000,-950.0,0.0,SD,11239700.0,28076500.0,False,0.0,13:09:11
19000.0,4300,-950.0,0.0,SD,11239700.0,28075500.0,False,0.0,13:09:11
19000.0,100,-950.0,0.0,SD,11239700.0,28071200.0,False,0.0,13:09:11
19000.0,2000,-950.0,0.0,SD,11239700.0,28071100.0,False,0.0,13:09:11
19000.0,100,-950.0,0.0,SD,11239700.0,28069100.0,False,0.0,13:09:11
19000.0,100,-950.0,0.0,SD,11239700.0,28069000.0,False,0.0,13:09:11
19000.0,1500,-950.0,0.0,SD,11239700.0,28068900.0,False,0.0,13:09:11
19000.0,100,-950.0,0.0,SD,11239700.0,28067400.0,False,0.0,13:09:11
19000.0,300,-950.0,0.0,SD,11239700.0,28067300.0,False,0.0,13:09:11
19000.0,200,-950.0,0.0,SD,11239700.0,28067000.0,False,0.0,13:09:11
19000.0,300,-950.0,0.0,SD,11239700.0,28066800.0,False,0.0,13:09:11
19000.0,100,-950.0,0.0,SD,11239700.0,28066500.0,False,0.0,13:09:11
19000.0,1000,-950.0,0.0,SD,11239700.0,28066400.0,False,0.0,13:09:11
19000.0,100,-950.0,0.0,SD,11239700.0,28065400.0,False,0.0,13:09:11
19000.0,200,-950.0,0.0,SD,11239700.0,28065300.0,False,0.0,13:09:11
19000.0,300,-950.0,0.0,SD,11239700.0,28065100.0,False,0.0,13:09:11
19000.0,1000,-950.0,0.0,SD,11239700.0,28064800.0,False,0.0,13:09:11
19000.0,500,-950.0,0.0,SD,11239700.0,28063800.0,False,0.0,13:09:11
19000.0,100,-950.0,0.0,SD,11239700.0,28063300.0,False,0.0,13:09:11
19000.0,100,-950.0,0.0,SD,11239700.0,28063200.0,False,0.0,13:09:11
19000.0,5000,-950.0,0.0,SD,11239700.0,28063100.0,False,0.0,13:09:11
19000.0,1000,-950.0,0.0,SD,11239700.0,28058100.0,False,0.0,13:09:11
19000.0,800,-950.0,0.0,SD,11239700.0,28057100.0,False,0.0,13:09:11
19000.0,300,-950.0,0.0,SD,11239700.0,28056300.0,False,0.0,13:09:11
19000.0,300,-950.0,0.0,SD,11239700.0,28056000.0,False,0.0,13:09:11
19000.0,500,-950.0,0.0,SD,11239700.0,28055700.0,False,0.0,13:09:11
19000.0,100,-950.0,0.0,SD,11239700.0,28055200.0,False,0.0,13:09:11
19000.0,2500,-950.0,0.0,SD,11239700.0,28055100.0,False,-50.0,13:09:11
19050.0,500,-900.0,0.0,SD,11239700.0,28052600.0,False,0.0,13:09:11
19050.0,3000,-900.0,0.0,SD,11239700.0,28052100.0,False,0.0,13:09:11
19050.0,2700,-900.0,0.0,SD,11239700.0,28049100.0,False,-50.0,13:09:11
19100.0,500,-850.0,0.0,BU,11239700.0,28046400.0,False,0.0,13:09:11
19100.0,2000,-850.0,0.0,BU,11239200.0,28046400.0,False,0.0,13:09:11
19100.0,600,-850.0,0.0,BU,11237200.0,28046400.0,False,0.0,13:09:09
19100.0,1000,-850.0,0.0,BU,11236600.0,28046400.0,False,0.0,13:09:09
19100.0,100,-850.0,0.0,BU,11235600.0,28046400.0,False,0.0,13:09:09
19100.0,1500,-850.0,0.0,BU,11235500.0,28046400.0,False,0.0,13:09:09
19100.0,200,-850.0,0.0,BU,11234000.0,28046400.0,False,0.0,13:09:09
19100.0,500,-850.0,0.0,BU,11233800.0,28046400.0,False,0.0,13:09:09
19100.0,100,-850.0,0.0,BU,11233300.0,28046400.0,False,0.0,13:09:09
19100.0,5000,-850.0,0.0,BU,11233200.0,28046400.0,False,0.0,13:09:09
19100.0,1000,-850.0,0.0,BU,11228200.0,28046400.0,False,0.0,13:09:09
19100.0,800,-850.0,0.0,BU,11227200.0,28046400.0,False,0.0,13:09:09
19100.0,200,-850.0,0.0,BU,11226400.0,28046400.0,False,0.0,13:09:09
19100.0,1000,-850.0,0.0,BU,11226200.0,28046400.0,False,100.0,13:09:08
19000.0,1000,-950.0,0.0,SD,11225200.0,28046400.0,False,0.0,13:09:07
19000.0,57000,-950.0,0.0,SD,11225200.0,28045400.0,True,-50.0,13:09:07
19050.0,2000,-900.0,0.0,SD,11225200.0,27988400.0,False,50.0,13:09:07
19000.0,68400,-950.0,0.0,SD,11225200.0,27986400.0,True,-50.0,13:09:07
19050.0,2800,-900.0,0.0,SD,11225200.0,27918000.0,False,0.0,13:09:07
19050.0,6900,-900.0,0.0,SD,11225200.0,27915200.0,False,0.0,13:09:07
19050.0,200,-900.0,0.0,SD,11225200.0,27908300.0,False,0.0,13:09:07
19050.0,200,-900.0,0.0,SD,11225200.0,27908100.0,False,0.0,13:09:07
19050.0,400,-900.0,0.0,SD,11225200.0,27907900.0,False,0.0,13:09:07
19050.0,200,-900.0,0.0,SD,11225200.0,27907500.0,False,0.0,13:09:07
19050.0,2000,-900.0,0.0,SD,11225200.0,27907300.0,False,0.0,13:09:07
19050.0,1000,-900.0,0.0,SD,11225200.0,27905300.0,False,0.0,13:09:07
19050.0,6000,-900.0,0.0,SD,11225200.0,27904300.0,False,0.0,13:09:07
19050.0,2600,-900.0,0.0,SD,11225200.0,27898300.0,False,0.0,13:09:07
19050.0,500,-900.0,0.0,SD,11225200.0,27895700.0,False,0.0,13:09:07
19050.0,100,-900.0,0.0,SD,11225200.0,27895200.0,False,0.0,13:09:07
19050.0,1000,-900.0,0.0,SD,11225200.0,27895100.0,False,0.0,13:09:07
19050.0,200,-900.0,0.0,SD,11225200.0,27894100.0,False,0.0,13:09:07
19050.0,100,-900.0,0.0,SD,11225200.0,27893900.0,False,0.0,13:09:07
19050.0,2000,-900.0,0.0,SD,11225200.0,27893800.0,False,0.0,13:09:07
19050.0,1200,-900.0,0.0,SD,11225200.0,27891800.0,False,0.0,13:09:07
19050.0,1700,-900.0,0.0,SD,11225200.0,27890600.0,False,0.0,13:09:07
19050.0,100,-900.0,0.0,SD,11225200.0,27888900.0,False,0.0,13:09:07
19050.0,500,-900.0,0.0,SD,11225200.0,27888800.0,False,0.0,13:09:07
19050.0,1000,-900.0,0.0,SD,11225200.0,27888300.0,False,0.0,13:09:07
19050.0,400,-900.0,0.0,SD,11225200.0,27887300.0,False,0.0,13:09:07
19050.0,500,-900.0,0.0,SD,11225200.0,27886900.0,False,-50.0,13:09:07
19100.0,1000,-850.0,0.0,BU,11225200.0,27886400.0,False,0.0,13:09:07
19100.0,200,-850.0,0.0,BU,11224200.0,27886400.0,False,50.0,13:09:05
19050.0,1500,-900.0,0.0,SD,11224000.0,27886400.0,False,-50.0,13:09:05
19100.0,100,-850.0,0.0,BU,11224000.0,27884900.0,False,50.0,13:09:03
19050.0,18000,-900.0,0.0,SD,11223900.0,27884900.0,True,0.0,13:09:02
19050.0,2000,-900.0,0.0,SD,11223900.0,27866900.0,False,0.0,13:09:02
19050.0,100,-900.0,0.0,SD,11223900.0,27864900.0,False,0.0,13:09:02
19050.0,100,-900.0,0.0,SD,11223900.0,27864800.0,False,0.0,13:09:02
19050.0,2000,-900.0,0.0,SD,11223900.0,27864700.0,False,0.0,13:09:02
19050.0,500,-900.0,0.0,SD,11223900.0,27862700.0,False,0.0,13:09:02
19050.0,100,-900.0,0.0,SD,11223900.0,27862200.0,False,0.0,13:09:02
19050.0,100,-900.0,0.0,SD,11223900.0,27862100.0,False,0.0,13:09:02
19050.0,5000,-900.0,0.0,SD,11223900.0,27862000.0,False,0.0,13:09:02
19050.0,11000,-900.0,0.0,SD,11223900.0,27857000.0,True,0.0,13:09:02
19050.0,5000,-900.0,0.0,SD,11223900.0,27846000.0,False,0.0,13:09:02
19050.0,600,-900.0,0.0,SD,11223900.0,27841000.0,False,0.0,13:09:02
19050.0,2000,-900.0,0.0,SD,11223900.0,27840400.0,False,0.0,13:09:02
19050.0,100,-900.0,0.0,SD,11223900.0,27838400.0,False,0.0,13:09:02
19050.0,400,-900.0,0.0,SD,11223900.0,27838300.0,False,0.0,13:09:02
19050.0,10000,-900.0,0.0,SD,11223900.0,27837900.0,False,0.0,13:09:02
19050.0,300,-900.0,0.0,SD,11223900.0,27827900.0,False,0.0,13:09:02
19050.0,4000,-900.0,0.0,SD,11223900.0,27827600.0,False,0.0,13:09:02
19050.0,1200,-900.0,0.0,SD,11223900.0,27823600.0,False,0.0,13:09:02
19050.0,8000,-900.0,0.0,SD,11223900.0,27822400.0,False,0.0,13:09:02
19050.0,1600,-900.0,0.0,SD,11223900.0,27814400.0,False,0.0,13:09:02
19050.0,1100,-900.0,0.0,SD,11223900.0,27812800.0,False,0.0,13:09:02
19050.0,100,-900.0,0.0,SD,11223900.0,27811700.0,False,0.0,13:09:02
19050.0,26700,-900.0,0.0,SD,11223900.0,27811600.0,True,-50.0,13:09:02
19100.0,100,-850.0,0.0,BU,11223900.0,27784900.0,False,0.0,13:09:00
19100.0,3000,-850.0,0.0,BU,11223800.0,27784900.0,False,0.0,13:08:59
19100.0,1000,-850.0,0.0,BU,11220800.0,27784900.0,False,0.0,13:08:57
19100.0,2000,-850.0,0.0,BU,11219800.0,27784900.0,False,0.0,13:08:57
19100.0,100,-850.0,0.0,BU,11217800.0,27784900.0,False,50.0,13:08:56
19050.0,100,-900.0,0.0,SD,11217700.0,27784900.0,False,-50.0,13:08:56
19100.0,200,-850.0,0.0,BU,11217700.0,27784800.0,False,0.0,13:08:56
19100.0,500,-850.0,0.0,BU,11217500.0,27784800.0,False,0.0,13:08:54
19100.0,500,-850.0,0.0,BU,11217000.0,27784800.0,False,0.0,13:08:54
19100.0,100,-850.0,0.0,BU,11216500.0,27784800.0,False,0.0,13:08:54
19100.0,400,-850.0,0.0,BU,11216400.0,27784800.0,False,50.0,13:08:54
19050.0,2000,-900.0,0.0,SD,11216000.0,27784800.0,False,-50.0,13:08:53
19100.0,100,-850.0,0.0,BU,11216000.0,27782800.0,False,0.0,13:08:52
19100.0,1000,-850.0,0.0,BU,11215900.0,27782800.0,False,0.0,13:08:52
19100.0,1000,-850.0,0.0,BU,11214900.0,27782800.0,False,0.0,13:08:52
19100.0,10000,-850.0,0.0,BU,11213900.0,27782800.0,False,0.0,13:08:52
19100.0,100,-850.0,0.0,BU,11203900.0,27782800.0,False,0.0,13:08:52
19100.0,300,-850.0,0.0,BU,11203800.0,27782800.0,False,0.0,13:08:52
19100.0,3000,-850.0,0.0,BU,11203500.0,27782800.0,False,0.0,13:08:52
19100.0,1000,-850.0,0.0,BU,11200500.0,27782800.0,False,0.0,13:08:52
19100.0,300,-850.0,0.0,BU,11199500.0,27782800.0,False,0.0,13:08:52
19100.0,1000,-850.0,0.0,BU,11199200.0,27782800.0,False,0.0,13:08:52
19100.0,400,-850.0,0.0,BU,11198200.0,27782800.0,False,0.0,13:08:52
19100.0,1000,-850.0,0.0,BU,11197800.0,27782800.0,False,0.0,13:08:52
19100.0,1000,-850.0,0.0,BU,11196800.0,27782800.0,False,0.0,13:08:52
19100.0,10000,-850.0,0.0,BU,11195800.0,27782800.0,False,0.0,13:08:52
19100.0,10000,-850.0,0.0,BU,11185800.0,27782800.0,False,0.0,13:08:52
19100.0,1000,-850.0,0.0,BU,11175800.0,27782800.0,False,0.0,13:08:52
19100.0,7000,-850.0,0.0,BU,11174800.0,27782800.0,False,0.0,13:08:52
19100.0,100,-850.0,0.0,BU,11167800.0,27782800.0,False,0.0,13:08:52
19100.0,1000,-850.0,0.0,BU,11167700.0,27782800.0,False,0.0,13:08:52
19100.0,100,-850.0,0.0,BU,11166700.0,27782800.0,False,0.0,13:08:52
19100.0,600,-850.0,0.0,BU,11166600.0,27782800.0,False,50.0,13:08:52
19050.0,100,-900.0,0.0,SD,11166000.0,27782800.0,False,0.0,13:08:51
19050.0,100,-900.0,0.0,SD,11166000.0,27782700.0,False,-50.0,13:08:50
19100.0,100,-850.0,0.0,BU,11166000.0,27782600.0,False,0.0,13:08:49
19100.0,200,-850.0,0.0,BU,11165900.0,27782600.0,False,0.0,13:08:49
19100.0,100,-850.0,0.0,BU,11165700.0,27782600.0,False,0.0,13:08:49
19100.0,1700,-850.0,0.0,BU,11165600.0,27782600.0,False,0.0,13:08:49
19100.0,100,-850.0,0.0,BU,11163900.0,27782600.0,False,0.0,13:08:49
19100.0,1000,-850.0,0.0,BU,11163800.0,27782600.0,False,0.0,13:08:47
19100.0,100,-850.0,0.0,BU,11162800.0,27782600.0,False,0.0,13:08:45
19100.0,200,-850.0,0.0,BU,11162700.0,27782600.0,False,0.0,13:08:43
19100.0,900,-850.0,0.0,BU,11162500.0,27782600.0,False,0.0,13:08:41
19100.0,100,-850.0,0.0,BU,11161600.0,27782600.0,False,0.0,13:08:41
19100.0,200,-850.0,0.0,BU,11161500.0,27782600.0,False,0.0,13:08:40
19100.0,100,-850.0,0.0,BU,11161300.0,27782600.0,False,0.0,13:08:40
19100.0,1800,-850.0,0.0,BU,11161200.0,27782600.0,False,0.0,13:08:40
19100.0,1200,-850.0,0.0,BU,11159400.0,27782600.0,False,50.0,13:08:38
19050.0,1000,-900.0,0.0,SD,11158200.0,27782600.0,False,0.0,13:08:33
19050.0,1000,-900.0,0.0,SD,11158200.0,27781600.0,False,-50.0,13:08:31
19100.0,1200,-850.0,0.0,BU,11158200.0,27780600.0,False,0.0,13:08:30
19100.0,800,-850.0,0.0,BU,11157000.0,27780600.0,False,0.0,13:08:30
19100.0,300,-850.0,0.0,BU,11156200.0,27780600.0,False,0.0,13:08:30
19100.0,900,-850.0,0.0,BU,11155900.0,27780600.0,False,0.0,13:08:30
19100.0,300,-850.0,0.0,BU,11155000.0,27780600.0,False,50.0,13:08:29
19050.0,5000,-900.0,0.0,SD,11154700.0,27780600.0,False,-50.0,13:08:28
19100.0,200,-850.0,0.0,BU,11154700.0,27775600.0,False,0.0,13:08:28
19100.0,200,-850.0,0.0,BU,11154500.0,27775600.0,False,0.0,13:08:27
19100.0,100,-850.0,0.0,BU,11154300.0,27775600.0,False,50.0,13:08:22
19050.0,100,-900.0,0.0,SD,11154200.0,27775600.0,False,0.0,13:08:22
19050.0,3000,-900.0,0.0,BU,11154200.0,27775500.0,False,0.0,13:08:22
19050.0,100,-900.0,0.0,BU,11151200.0,27775500.0,False,0.0,13:08:22
19050.0,4500,-900.0,0.0,BU,11151100.0,27775500.0,False,0.0,13:08:22
19050.0,200,-900.0,0.0,BU,11146600.0,27775500.0,False,0.0,13:08:22
19050.0,5100,-900.0,0.0,BU,11146400.0,27775500.0,False,0.0,13:08:22
19050.0,500,-900.0,0.0,BU,11141300.0,27775500.0,False,0.0,13:08:22
19050.0,100,-900.0,0.0,BU,11140800.0,27775500.0,False,0.0,13:08:22
19050.0,400,-900.0,0.0,BU,11140700.0,27775500.0,False,0.0,13:08:22
19050.0,100,-900.0,0.0,BU,11140300.0,27775500.0,False,0.0,13:08:22
19050.0,1900,-900.0,0.0,BU,11140200.0,27775500.0,False,50.0,13:08:22
19000.0,100,-950.0,0.0,SD,11138300.0,27775500.0,False,-50.0,13:08:21
19050.0,1000,-900.0,0.0,BU,11138300.0,27775400.0,False,0.0,13:08:21
19050.0,100,-900.0,0.0,BU,11137300.0,27775400.0,False,0.0,13:08:21
19050.0,400,-900.0,0.0,BU,11137200.0,27775400.0,False,0.0,13:08:21
19050.0,200,-900.0,0.0,BU,11136800.0,27775400.0,False,0.0,13:08:21
19050.0,3000,-900.0,0.0,BU,11136600.0,27775400.0,False,0.0,13:08:21
19050.0,400,-900.0,0.0,BU,11133600.0,27775400.0,False,0.0,13:08:21
19050.0,2000,-900.0,0.0,BU,11133200.0,27775400.0,False,0.0,13:08:20
19050.0,600,-900.0,0.0,BU,11131200.0,27775400.0,False,0.0,13:08:20
19050.0,200,-900.0,0.0,BU,11130600.0,27775400.0,False,0.0,13:08:20
19050.0,700,-900.0,0.0,BU,11130400.0,27775400.0,False,0.0,13:08:20
19050.0,100,-900.0,0.0,BU,11129700.0,27775400.0,False,0.0,13:08:20
19050.0,1000,-900.0,0.0,BU,11129600.0,27775400.0,False,0.0,13:08:20
19050.0,100,-900.0,0.0,BU,11128600.0,27775400.0,False,0.0,13:08:20
19050.0,300,-900.0,0.0,BU,11128500.0,27775400.0,False,0.0,13:08:20
19050.0,200,-900.0,0.0,BU,11128200.0,27775400.0,False,0.0,13:08:20
19050.0,100,-900.0,0.0,BU,11128000.0,27775400.0,False,0.0,13:08:20
19050.0,400,-900.0,0.0,BU,11127900.0,27775400.0,False,0.0,13:08:20
19050.0,500,-900.0,0.0,BU,11127500.0,27775400.0,False,0.0,13:08:19
19050.0,100,-900.0,0.0,BU,11127000.0,27775400.0,False,0.0,13:08:19
19050.0,900,-900.0,0.0,BU,11126900.0,27775400.0,False,0.0,13:08:19
19050.0,500,-900.0,0.0,BU,11126000.0,27775400.0,False,0.0,13:08:18
19050.0,1000,-900.0,0.0,BU,11125500.0,27775400.0,False,0.0,13:08:18
19050.0,500,-900.0,0.0,BU,11124500.0,27775400.0,False,0.0,13:08:18
19050.0,200,-900.0,0.0,BU,11124000.0,27775400.0,False,50.0,13:08:18
19000.0,100,-950.0,0.0,SD,11123800.0,27775400.0,False,0.0,13:08:18
19000.0,200,-950.0,0.0,SD,11123800.0,27775300.0,False,-50.0,13:08:17
19050.0,8800,-900.0,0.0,BU,11123800.0,27775100.0,False,0.0,13:08:17
19050.0,900,-900.0,0.0,BU,11115000.0,27775100.0,False,0.0,13:08:17
19050.0,300,-900.0,0.0,BU,11114100.0,27775100.0,False,0.0,13:08:17
19050.0,2300,-900.0,0.0,BU,11113800.0,27775100.0,False,0.0,13:08:16
19050.0,2500,-900.0,0.0,BU,11111500.0,27775100.0,False,0.0,13:08:16
19050.0,100,-900.0,0.0,BU,11109000.0,27775100.0,False,0.0,13:08:16
19050.0,100,-900.0,0.0,BU,11108900.0,27775100.0,False,0.0,13:08:16
19050.0,1000,-900.0,0.0,BU,11108800.0,27775100.0,False,0.0,13:08:16
19050.0,1000,-900.0,0.0,BU,11107800.0,27775100.0,False,0.0,13:08:16
19050.0,5000,-900.0,0.0,BU,11106800.0,27775100.0,False,0.0,13:08:16
19050.0,200,-900.0,0.0,BU,11101800.0,27775100.0,False,0.0,13:08:16
19050.0,500,-900.0,0.0,BU,11101600.0,27775100.0,False,0.0,13:08:16
19050.0,5500,-900.0,0.0,BU,11101100.0,27775100.0,False,0.0,13:08:16
19050.0,1100,-900.0,0.0,BU,11095600.0,27775100.0,False,0.0,13:08:16
19050.0,3000,-900.0,0.0,BU,11094500.0,27775100.0,False,0.0,13:08:16
19050.0,100,-900.0,0.0,BU,11091500.0,27775100.0,False,0.0,13:08:15
19050.0,200,-900.0,0.0,BU,11091400.0,27775100.0,False,50.0,13:08:15
19000.0,10000,-950.0,0.0,SD,11091200.0,27775100.0,False,-50.0,13:08:15
19050.0,500,-900.0,0.0,BU,11091200.0,27765100.0,False,0.0,13:08:15
19050.0,700,-900.0,0.0,BU,11090700.0,27765100.0,False,0.0,13:08:15
19050.0,300,-900.0,0.0,BU,11090000.0,27765100.0,False,0.0,13:08:14
19050.0,4100,-900.0,0.0,BU,11089700.0,27765100.0,False,0.0,13:08:14
19050.0,300,-900.0,0.0,BU,11085600.0,27765100.0,False,0.0,13:08:14
19050.0,1000,-900.0,0.0,BU,11085300.0,27765100.0,False,0.0,13:08:14
19050.0,500,-900.0,0.0,BU,11084300.0,27765100.0,False,0.0,13:08:14
19050.0,100,-900.0,0.0,BU,11083800.0,27765100.0,False,0.0,13:08:14
19050.0,500,-900.0,0.0,BU,11083700.0,27765100.0,False,0.0,13:08:14
19050.0,100,-900.0,0.0,BU,11083200.0,27765100.0,False,0.0,13:08:14
19050.0,500,-900.0,0.0,BU,11083100.0,27765100.0,False,0.0,13:08:14
19050.0,600,-900.0,0.0,BU,11082600.0,27765100.0,False,0.0,13:08:13
19050.0,3300,-900.0,0.0,BU,11082000.0,27765100.0,False,0.0,13:08:13
19050.0,400,-900.0,0.0,BU,11078700.0,27765100.0,False,0.0,13:08:13
19050.0,500,-900.0,0.0,BU,11078300.0,27765100.0,False,0.0,13:08:13
19050.0,100,-900.0,0.0,BU,11077800.0,27765100.0,False,0.0,13:08:13
19050.0,300,-900.0,0.0,BU,11077700.0,27765100.0,False,0.0,13:08:13
19050.0,2100,-900.0,0.0,BU,11077400.0,27765100.0,False,0.0,13:08:13
19050.0,400,-900.0,0.0,BU,11075300.0,27765100.0,False,0.0,13:08:13
19050.0,1900,-900.0,0.0,BU,11074900.0,27765100.0,False,0.0,13:08:13
19050.0,100,-900.0,0.0,BU,11073000.0,27765100.0,False,0.0,13:08:13
19050.0,200,-900.0,0.0,BU,11072900.0,27765100.0,False,0.0,13:08:12
19050.0,1000,-900.0,0.0,BU,11072700.0,27765100.0,False,0.0,13:08:10
19050.0,100,-900.0,0.0,BU,11071700.0,27765100.0,False,0.0,13:08:10
19050.0,100,-900.0,0.0,BU,11071600.0,27765100.0,False,0.0,13:08:10
19050.0,100,-900.0,0.0,BU,11071500.0,27765100.0,False,50.0,13:08:09
19000.0,100,-950.0,0.0,SD,11071400.0,27765100.0,False,-50.0,13:08:09
19050.0,3000,-900.0,0.0,BU,11071400.0,27765000.0,False,50.0,13:08:08
19000.0,800,-950.0,0.0,SD,11068400.0,27765000.0,False,-50.0,13:08:07
19050.0,300,-900.0,0.0,BU,11068400.0,27764200.0,False,50.0,13:08:07
19000.0,100,-950.0,0.0,SD,11068100.0,27764200.0,False,-50.0,13:08:07
19050.0,200,-900.0,0.0,BU,11068100.0,27764100.0,False,50.0,13:08:06
19000.0,300,-950.0,0.0,SD,11067900.0,27764100.0,False,-50.0,13:08:04
19050.0,300,-900.0,0.0,BU,11067900.0,27763800.0,False,0.0,13:08:04
19050.0,200,-900.0,0.0,BU,11067600.0,27763800.0,False,0.0,13:08:03
19050.0,100,-900.0,0.0,BU,11067400.0,27763800.0,False,0.0,13:08:03
19050.0,1100,-900.0,0.0,BU,11067300.0,27763800.0,False,50.0,13:08:02
19000.0,4000,-950.0,0.0,SD,11066200.0,27763800.0,False,0.0,13:08:01
19000.0,3000,-950.0,0.0,SD,11066200.0,27759800.0,False,0.0,13:07:57
19000.0,5400,-950.0,0.0,BU,11066200.0,27756800.0,False,0.0,13:07:57
19000.0,500,-950.0,0.0,BU,11060800.0,27756800.0,False,0.0,13:07:57
19000.0,1500,-950.0,0.0,BU,11060300.0,27756800.0,False,0.0,13:07:57
19000.0,4000,-950.0,0.0,BU,11058800.0,27756800.0,False,0.0,13:07:57
19000.0,200,-950.0,0.0,BU,11054800.0,27756800.0,False,0.0,13:07:57
19000.0,2000,-950.0,0.0,BU,11054600.0,27756800.0,False,0.0,13:07:57
19000.0,5000,-950.0,0.0,BU,11052600.0,27756800.0,False,0.0,13:07:57
19000.0,100,-950.0,0.0,BU,11047600.0,27756800.0,False,0.0,13:07:57
19000.0,100,-950.0,0.0,BU,11047500.0,27756800.0,False,0.0,13:07:57
19000.0,700,-950.0,0.0,BU,11047400.0,27756800.0,False,0.0,13:07:57
19000.0,100,-950.0,0.0,BU,11046700.0,27756800.0,False,0.0,13:07:57
19000.0,300,-950.0,0.0,BU,11046600.0,27756800.0,False,0.0,13:07:57
19000.0,1000,-950.0,0.0,BU,11046300.0,27756800.0,False,0.0,13:07:57
19000.0,300,-950.0,0.0,BU,11045300.0,27756800.0,False,0.0,13:07:57
19000.0,400,-950.0,0.0,BU,11045000.0,27756800.0,False,0.0,13:07:57
19000.0,100,-950.0,0.0,BU,11044600.0,27756800.0,False,0.0,13:07:57
19000.0,500,-950.0,0.0,BU,11044500.0,27756800.0,False,0.0,13:07:57
19000.0,1200,-950.0,0.0,BU,11044000.0,27756800.0,False,0.0,13:07:57
19000.0,1000,-950.0,0.0,BU,11042800.0,27756800.0,False,0.0,13:07:57
19000.0,100,-950.0,0.0,BU,11041800.0,27756800.0,False,0.0,13:07:57
19000.0,1000,-950.0,0.0,BU,11041700.0,27756800.0,False,0.0,13:07:57
19000.0,500,-950.0,0.0,BU,11040700.0,27756800.0,False,0.0,13:07:57
19000.0,3000,-950.0,0.0,BU,11040200.0,27756800.0,False,0.0,13:07:57
19000.0,1500,-950.0,0.0,BU,11037200.0,27756800.0,False,0.0,13:07:57
19000.0,100,-950.0,0.0,BU,11035700.0,27756800.0,False,0.0,13:07:57
19000.0,1000,-950.0,0.0,BU,11035600.0,27756800.0,False,0.0,13:07:57
19000.0,100,-950.0,0.0,BU,11034600.0,27756800.0,False,0.0,13:07:57
19000.0,300,-950.0,0.0,BU,11034500.0,27756800.0,False,0.0,13:07:57
19000.0,200,-950.0,0.0,BU,11034200.0,27756800.0,False,0.0,13:07:57
19000.0,100,-950.0,0.0,BU,11034000.0,27756800.0,False,0.0,13:07:57
19000.0,10000,-950.0,0.0,BU,11033900.0,27756800.0,False,0.0,13:07:57
19000.0,3000,-950.0,0.0,BU,11023900.0,27756800.0,False,0.0,13:07:57
19000.0,600,-950.0,0.0,BU,11020900.0,27756800.0,False,0.0,13:07:57
19000.0,300,-950.0,0.0,BU,11020300.0,27756800.0,False,0.0,13:07:57
19000.0,2000,-950.0,0.0,BU,11020000.0,27756800.0,False,0.0,13:07:57
19000.0,100,-950.0,0.0,BU,11018000.0,27756800.0,False,0.0,13:07:57
19000.0,500,-950.0,0.0,BU,11017900.0,27756800.0,False,0.0,13:07:57
19000.0,100,-950.0,0.0,BU,11017400.0,27756800.0,False,0.0,13:07:57
19000.0,400,-950.0,0.0,BU,11017300.0,27756800.0,False,0.0,13:07:57
19000.0,400,-950.0,0.0,BU,11016900.0,27756800.0,False,0.0,13:07:57
19000.0,2000,-950.0,0.0,BU,11016500.0,27756800.0,False,0.0,13:07:57
19000.0,1400,-950.0,0.0,BU,11014500.0,27756800.0,False,0.0,13:07:57
19000.0,800,-950.0,0.0,BU,11013100.0,27756800.0,False,0.0,13:07:57
19000.0,300,-950.0,0.0,BU,11012300.0,27756800.0,False,0.0,13:07:57
19000.0,100,-950.0,0.0,BU,11012000.0,27756800.0,False,0.0,13:07:57
19000.0,2000,-950.0,0.0,BU,11011900.0,27756800.0,False,0.0,13:07:57
19000.0,2000,-950.0,0.0,BU,11009900.0,27756800.0,False,0.0,13:07:57
19000.0,1000,-950.0,0.0,BU,11007900.0,27756800.0,False,0.0,13:07:57
19000.0,700,-950.0,0.0,BU,11006900.0,27756800.0,False,0.0,13:07:57
19000.0,500,-950.0,0.0,BU,11006200.0,27756800.0,False,0.0,13:07:57
19000.0,6400,-950.0,0.0,BU,11005700.0,27756800.0,False,0.0,13:07:57
19000.0,1000,-950.0,0.0,BU,10999300.0,27756800.0,False,0.0,13:07:57
19000.0,300,-950.0,0.0,BU,10998300.0,27756800.0,False,0.0,13:07:57
19000.0,300,-950.0,0.0,BU,10998000.0,27756800.0,False,0.0,13:07:57
19000.0,7000,-950.0,0.0,BU,10997700.0,27756800.0,False,0.0,13:07:57
19000.0,1000,-950.0,0.0,BU,10990700.0,27756800.0,False,0.0,13:07:57
19000.0,500,-950.0,0.0,BU,10989700.0,27756800.0,False,0.0,13:07:57
19000.0,200,-950.0,0.0,BU,10989200.0,27756800.0,False,0.0,13:07:57
19000.0,3000,-950.0,0.0,BU,10989000.0,27756800.0,False,0.0,13:07:57
19000.0,2800,-950.0,0.0,BU,10986000.0,27756800.0,False,0.0,13:07:57
19000.0,1000,-950.0,0.0,BU,10983200.0,27756800.0,False,0.0,13:07:57
19000.0,400,-950.0,0.0,BU,10982200.0,27756800.0,False,0.0,13:07:57
19000.0,1000,-950.0,0.0,BU,10981800.0,27756800.0,False,0.0,13:07:57
19000.0,30000,-950.0,0.0,BU,10980800.0,27756800.0,True,0.0,13:07:57
19000.0,1300,-950.0,0.0,BU,10950800.0,27756800.0,False,0.0,13:07:57
19000.0,6000,-950.0,0.0,BU,10949500.0,27756800.0,False,0.0,13:07:57
19000.0,2000,-950.0,0.0,BU,10943500.0,27756800.0,False,0.0,13:07:57
19000.0,42700,-950.0,0.0,BU,10941500.0,27756800.0,True,0.0,13:07:57
19000.0,2000,-950.0,0.0,BU,10898800.0,27756800.0,False,0.0,13:07:57
19000.0,4200,-950.0,0.0,BU,10896800.0,27756800.0,False,0.0,13:07:57
19000.0,2300,-950.0,0.0,BU,10892600.0,27756800.0,False,0.0,13:07:57
19000.0,1600,-950.0,0.0,BU,10890300.0,27756800.0,False,0.0,13:07:57
19000.0,2000,-950.0,0.0,BU,10888700.0,27756800.0,False,0.0,13:07:57
19000.0,1000,-950.0,0.0,BU,10886700.0,27756800.0,False,0.0,13:07:57
19000.0,3000,-950.0,0.0,BU,10885700.0,27756800.0,False,0.0,13:07:57
19000.0,200,-950.0,0.0,BU,10882700.0,27756800.0,False,0.0,13:07:57
19000.0,500,-950.0,0.0,BU,10882500.0,27756800.0,False,0.0,13:07:57
19000.0,200,-950.0,0.0,BU,10882000.0,27756800.0,False,0.0,13:07:57
19000.0,60200,-950.0,0.0,BU,10881800.0,27756800.0,True,0.0,13:07:57
19000.0,200,-950.0,0.0,BU,10821600.0,27756800.0,False,0.0,13:07:57
19000.0,500,-950.0,0.0,BU,10821400.0,27756800.0,False,0.0,13:07:57
19000.0,5000,-950.0,0.0,BU,10820900.0,27756800.0,False,0.0,13:07:57
19000.0,1000,-950.0,0.0,BU,10815900.0,27756800.0,False,0.0,13:07:57
19000.0,1000,-950.0,0.0,BU,10814900.0,27756800.0,False,0.0,13:07:57
19000.0,1000,-950.0,0.0,BU,10813900.0,27756800.0,False,0.0,13:07:57
19000.0,5000,-950.0,0.0,BU,10812900.0,27756800.0,False,0.0,13:07:57
19000.0,400,-950.0,0.0,BU,10807900.0,27756800.0,False,0.0,13:07:57
19000.0,2000,-950.0,0.0,BU,10807500.0,27756800.0,False,0.0,13:07:57
19000.0,6000,-950.0,0.0,BU,10805500.0,27756800.0,False,0.0,13:07:57
19000.0,700,-950.0,0.0,BU,10799500.0,27756800.0,False,0.0,13:07:57
19000.0,1000,-950.0,0.0,BU,10798800.0,27756800.0,False,0.0,13:07:57
19000.0,400,-950.0,0.0,BU,10797800.0,27756800.0,False,0.0,13:07:57
19000.0,1000,-950.0,0.0,BU,10797400.0,27756800.0,False,0.0,13:07:57
19000.0,6000,-950.0,0.0,BU,10796400.0,27756800.0,False,0.0,13:07:57
19000.0,100,-950.0,0.0,BU,10790400.0,27756800.0,False,0.0,13:07:57
19000.0,2000,-950.0,0.0,BU,10790300.0,27756800.0,False,0.0,13:07:57
19000.0,600,-950.0,0.0,BU,10788300.0,27756800.0,False,0.0,13:07:57
19000.0,500,-950.0,0.0,BU,10787700.0,27756800.0,False,0.0,13:07:57
19000.0,5000,-950.0,0.0,BU,10787200.0,27756800.0,False,0.0,13:07:57
19000.0,1000,-950.0,0.0,BU,10782200.0,27756800.0,False,0.0,13:07:57
19000.0,1000,-950.0,0.0,BU,10781200.0,27756800.0,False,0.0,13:07:57
19000.0,100,-950.0,0.0,BU,10780200.0,27756800.0,False,0.0,13:07:57
19000.0,4600,-950.0,0.0,BU,10780100.0,27756800.0,False,0.0,13:07:57
19000.0,1000,-950.0,0.0,BU,10775500.0,27756800.0,False,0.0,13:07:57
19000.0,4000,-950.0,0.0,BU,10774500.0,27756800.0,False,0.0,13:07:57
19000.0,200,-950.0,0.0,BU,10770500.0,27756800.0,False,0.0,13:07:57
19000.0,30500,-950.0,0.0,BU,10770300.0,27756800.0,True,0.0,13:07:57
19000.0,100,-950.0,0.0,BU,10739800.0,27756800.0,False,0.0,13:07:57
19000.0,500,-950.0,0.0,BU,10739700.0,27756800.0,False,0.0,13:07:57
19000.0,9700,-950.0,0.0,BU,10739200.0,27756800.0,False,0.0,13:07:57
19000.0,2000,-950.0,0.0,BU,10729500.0,27756800.0,False,0.0,13:07:57
19000.0,300,-950.0,0.0,BU,10727500.0,27756800.0,False,0.0,13:07:57
19000.0,2000,-950.0,0.0,BU,10727200.0,27756800.0,False,0.0,13:07:57
19000.0,2000,-950.0,0.0,BU,10725200.0,27756800.0,False,0.0,13:07:57
19000.0,2000,-950.0,0.0,BU,10723200.0,27756800.0,False,0.0,13:07:57
19000.0,400,-950.0,0.0,BU,10721200.0,27756800.0,False,0.0,13:07:57
19000.0,1000,-950.0,0.0,BU,10720800.0,27756800.0,False,0.0,13:07:57
19000.0,100,-950.0,0.0,BU,10719800.0,27756800.0,False,0.0,13:07:57
19000.0,7000,-950.0,0.0,BU,10719700.0,27756800.0,False,0.0,13:07:57
19000.0,1000,-950.0,0.0,BU,10712700.0,27756800.0,False,0.0,13:07:57
19000.0,400,-950.0,0.0,BU,10711700.0,27756800.0,False,0.0,13:07:57
19000.0,500,-950.0,0.0,BU,10711300.0,27756800.0,False,0.0,13:07:57
19000.0,500,-950.0,0.0,BU,10710800.0,27756800.0,False,0.0,13:07:57
19000.0,3700,-950.0,0.0,BU,10710300.0,27756800.0,False,0.0,13:07:55
19000.0,6300,-950.0,0.0,BU,10706600.0,27756800.0,False,50.0,13:07:55
18950.0,500,-1000.0,-0.1,SD,10700300.0,27756800.0,False,0.0,13:07:55
18950.0,300,-1000.0,-0.1,SD,10700300.0,27756300.0,False,0.0,13:07:54
18950.0,200,-1000.0,-0.1,SD,10700300.0,27756000.0,False,0.0,13:07:54
18950.0,300,-1000.0,-0.1,SD,10700300.0,27755800.0,False,50.0,13:07:54
18900.0,500,-1050.0,-0.1,SD,10700300.0,27755500.0,False,-50.0,13:07:54
18950.0,500,-1000.0,-0.1,SD,10700300.0,27755000.0,False,50.0,13:07:53
18900.0,1200,-1050.0,-0.1,SD,10700300.0,27754500.0,False,0.0,13:07:53
18900.0,100,-1050.0,-0.1,SD,10700300.0,27753300.0,False,0.0,13:07:53
18900.0,500,-1050.0,-0.1,SD,10700300.0,27753200.0,False,0.0,13:07:53
18900.0,800,-1050.0,-0.1,SD,10700300.0,27752700.0,False,0.0,13:07:53
18900.0,1000,-1050.0,-0.1,SD,10700300.0,27751900.0,False,0.0,13:07:53
18900.0,6000,-1050.0,-0.1,SD,10700300.0,27750900.0,False,0.0,13:07:53
18900.0,1000,-1050.0,-0.1,SD,10700300.0,27744900.0,False,0.0,13:07:53
18900.0,1000,-1050.0,-0.1,SD,10700300.0,27743900.0,False,0.0,13:07:53
18900.0,100,-1050.0,-0.1,SD,10700300.0,27742900.0,False,0.0,13:07:52
18900.0,500,-1050.0,-0.1,SD,10700300.0,27742800.0,False,0.0,13:07:52
18900.0,1000,-1050.0,-0.1,SD,10700300.0,27742300.0,False,0.0,13:07:52
18900.0,100,-1050.0,-0.1,SD,10700300.0,27741300.0,False,0.0,13:07:52
18900.0,200,-1050.0,-0.1,SD,10700300.0,27741200.0,False,0.0,13:07:52
18900.0,300,-1050.0,-0.1,SD,10700300.0,27741000.0,False,0.0,13:07:52
18900.0,2000,-1050.0,-0.1,SD,10700300.0,27740700.0,False,0.0,13:07:52
18900.0,1000,-1050.0,-0.1,SD,10700300.0,27738700.0,False,0.0,13:07:52
18900.0,200,-1050.0,-0.1,SD,10700300.0,27737700.0,False,0.0,13:07:52
18900.0,200,-1050.0,-0.1,SD,10700300.0,27737500.0,False,0.0,13:07:52
18900.0,2000,-1050.0,-0.1,SD,10700300.0,27737300.0,False,0.0,13:07:52
18900.0,200,-1050.0,-0.1,SD,10700300.0,27735300.0,False,0.0,13:07:52
18900.0,500,-1050.0,-0.1,SD,10700300.0,27735100.0,False,0.0,13:07:52
18900.0,100,-1050.0,-0.1,SD,10700300.0,27734600.0,False,0.0,13:07:52
18900.0,3700,-1050.0,-0.1,SD,10700300.0,27734500.0,False,0.0,13:07:52
18900.0,500,-1050.0,-0.1,SD,10700300.0,27730800.0,False,0.0,13:07:52
18900.0,2000,-1050.0,-0.1,SD,10700300.0,27730300.0,False,0.0,13:07:52
18900.0,1000,-1050.0,-0.1,SD,10700300.0,27728300.0,False,0.0,13:07:52
18900.0,100,-1050.0,-0.1,SD,10700300.0,27727300.0,False,0.0,13:07:52
18900.0,5000,-1050.0,-0.1,SD,10700300.0,27727200.0,False,0.0,13:07:52
18900.0,600,-1050.0,-0.1,SD,10700300.0,27722200.0,False,0.0,13:07:52
18900.0,100,-1050.0,-0.1,SD,10700300.0,27721600.0,False,0.0,13:07:52
18900.0,1000,-1050.0,-0.1,SD,10700300.0,27721500.0,False,0.0,13:07:52
18900.0,500,-1050.0,-0.1,SD,10700300.0,27720500.0,False,0.0,13:07:52
18900.0,100,-1050.0,-0.1,SD,10700300.0,27720000.0,False,0.0,13:07:52
18900.0,1500,-1050.0,-0.1,SD,10700300.0,27719900.0,False,0.0,13:07:52
18900.0,1000,-1050.0,-0.1,SD,10700300.0,27718400.0,False,0.0,13:07:52
18900.0,200,-1050.0,-0.1,SD,10700300.0,27717400.0,False,0.0,13:07:52
18900.0,47800,-1050.0,-0.1,SD,10700300.0,27717200.0,True,-50.0,13:07:52
18950.0,300,-1000.0,-0.1,SD,10700300.0,27669400.0,False,0.0,13:07:52
18950.0,2700,-1000.0,-0.1,SD,10700300.0,27669100.0,False,0.0,13:07:52
18950.0,500,-1000.0,-0.1,SD,10700300.0,27666400.0,False,0.0,13:07:52
18950.0,10000,-1000.0,-0.1,SD,10700300.0,27665900.0,False,0.0,13:07:52
18950.0,1400,-1000.0,-0.1,SD,10700300.0,27655900.0,False,-50.0,13:07:52
19000.0,100,-950.0,0.0,BU,10700300.0,27654500.0,False,50.0,13:07:52
18950.0,100,-1000.0,-0.1,BU,10700200.0,27654500.0,False,0.0,13:07:51
18950.0,100,-1000.0,-0.1,BU,10700100.0,27654500.0,False,0.0,13:07:51
18950.0,1000,-1000.0,-0.1,BU,10700000.0,27654500.0,False,0.0,13:07:51
18950.0,300,-1000.0,-0.1,BU,10699000.0,27654500.0,False,0.0,13:07:51
18950.0,1000,-1000.0,-0.1,BU,10698700.0,27654500.0,False,0.0,13:07:51
18950.0,1000,-1000.0,-0.1,BU,10697700.0,27654500.0,False,0.0,13:07:51
18950.0,100,-1000.0,-0.1,BU,10696700.0,27654500.0,False,0.0,13:07:51
18950.0,1000,-1000.0,-0.1,BU,10696600.0,27654500.0,False,50.0,13:07:51
18900.0,500,-1050.0,-0.1,SD,10695600.0,27654500.0,False,0.0,13:07:50
18900.0,10000,-1050.0,-0.1,SD,10695600.0,27654000.0,False,0.0,13:07:50
18900.0,41700,-1050.0,-0.1,SD,10695600.0,27644000.0,True,0.0,13:07:50
18900.0,1000,-1050.0,-0.1,SD,10695600.0,27602300.0,False,0.0,13:07:50
18900.0,100,-1050.0,-0.1,SD,10695600.0,27601300.0,False,0.0,13:07:50
18900.0,100,-1050.0,-0.1,SD,10695600.0,27601200.0,False,0.0,13:07:50
18900.0,1000,-1050.0,-0.1,SD,10695600.0,27601100.0,False,0.0,13:07:50
18900.0,200,-1050.0,-0.1,SD,10695600.0,27600100.0,False,0.0,13:07:50
18900.0,500,-1050.0,-0.1,SD,10695600.0,27599900.0,False,0.0,13:07:50
18900.0,500,-1050.0,-0.1,SD,10695600.0,27599400.0,False,0.0,13:07:50
18900.0,500,-1050.0,-0.1,SD,10695600.0,27598900.0,False,0.0,13:07:50
18900.0,2000,-1050.0,-0.1,SD,10695600.0,27598400.0,False,0.0,13:07:50
18900.0,100,-1050.0,-0.1,SD,10695600.0,27596400.0,False,0.0,13:07:50
18900.0,500,-1050.0,-0.1,SD,10695600.0,27596300.0,False,0.0,13:07:50
18900.0,500,-1050.0,-0.1,SD,10695600.0,27595800.0,False,0.0,13:07:50
18900.0,1800,-1050.0,-0.1,SD,10695600.0,27595300.0,False,0.0,13:07:50
18900.0,100,-1050.0,-0.1,SD,10695600.0,27593500.0,False,0.0,13:07:50
18900.0,5000,-1050.0,-0.1,SD,10695600.0,27593400.0,False,0.0,13:07:50
18900.0,500,-1050.0,-0.1,SD,10695600.0,27588400.0,False,0.0,13:07:50
18900.0,10000,-1050.0,-0.1,SD,10695600.0,27587900.0,False,0.0,13:07:50
18900.0,100,-1050.0,-0.1,SD,10695600.0,27577900.0,False,0.0,13:07:50
18900.0,300,-1050.0,-0.1,SD,10695600.0,27577800.0,False,0.0,13:07:50
18900.0,100,-1050.0,-0.1,SD,10695600.0,27577500.0,False,0.0,13:07:50
18900.0,1100,-1050.0,-0.1,SD,10695600.0,27577400.0,False,0.0,13:07:50
18900.0,400,-1050.0,-0.1,SD,10695600.0,27576300.0,False,0.0,13:07:50
18900.0,500,-1050.0,-0.1,SD,10695600.0,27575900.0,False,0.0,13:07:50
18900.0,1000,-1050.0,-0.1,SD,10695600.0,27575400.0,False,0.0,13:07:50
18900.0,2000,-1050.0,-0.1,SD,10695600.0,27574400.0,False,0.0,13:07:50
18900.0,1000,-1050.0,-0.1,SD,10695600.0,27572400.0,False,0.0,13:07:50
18900.0,200,-1050.0,-0.1,SD,10695600.0,27571400.0,False,0.0,13:07:50
18900.0,2000,-1050.0,-0.1,SD,10695600.0,27571200.0,False,0.0,13:07:50
18900.0,200,-1050.0,-0.1,SD,10695600.0,27569200.0,False,0.0,13:07:50
18900.0,2000,-1050.0,-0.1,SD,10695600.0,27569000.0,False,0.0,13:07:50
18900.0,200,-1050.0,-0.1,SD,10695600.0,27567000.0,False,0.0,13:07:50
18900.0,800,-1050.0,-0.1,SD,10695600.0,27566800.0,False,0.0,13:07:50
18900.0,5000,-1050.0,-0.1,SD,10695600.0,27566000.0,False,0.0,13:07:50
18900.0,1000,-1050.0,-0.1,SD,10695600.0,27561000.0,False,0.0,13:07:50
18900.0,100,-1050.0,-0.1,SD,10695600.0,27560000.0,False,0.0,13:07:50
18900.0,300,-1050.0,-0.1,SD,10695600.0,27559900.0,False,0.0,13:07:50
18900.0,1200,-1050.0,-0.1,SD,10695600.0,27559600.0,False,0.0,13:07:50
18900.0,4900,-1050.0,-0.1,SD,10695600.0,27558400.0,False,0.0,13:07:50
18900.0,200,-1050.0,-0.1,SD,10695600.0,27553500.0,False,0.0,13:07:50
18900.0,1500,-1050.0,-0.1,SD,10695600.0,27553300.0,False,0.0,13:07:50
18900.0,200,-1050.0,-0.1,SD,10695600.0,27551800.0,False,0.0,13:07:50
18900.0,500,-1050.0,-0.1,SD,10695600.0,27551600.0,False,0.0,13:07:50
18900.0,5000,-1050.0,-0.1,SD,10695600.0,27551100.0,False,0.0,13:07:50
18900.0,1000,-1050.0,-0.1,SD,10695600.0,27546100.0,False,0.0,13:07:50
18900.0,1000,-1050.0,-0.1,SD,10695600.0,27545100.0,False,0.0,13:07:50
18900.0,200,-1050.0,-0.1,SD,10695600.0,27544100.0,False,0.0,13:07:50
18900.0,100,-1050.0,-0.1,SD,10695600.0,27543900.0,False,0.0,13:07:50
18900.0,1000,-1050.0,-0.1,SD,10695600.0,27543800.0,False,0.0,13:07:50
18900.0,400,-1050.0,-0.1,SD,10695600.0,27542800.0,False,0.0,13:07:50
18900.0,1500,-1050.0,-0.1,SD,10695600.0,27542400.0,False,0.0,13:07:50
18900.0,1000,-1050.0,-0.1,SD,10695600.0,27540900.0,False,0.0,13:07:50
18900.0,100,-1050.0,-0.1,SD,10695600.0,27539900.0,False,0.0,13:07:50
18900.0,300,-1050.0,-0.1,SD,10695600.0,27539800.0,False,0.0,13:07:50
18900.0,100,-1050.0,-0.1,SD,10695600.0,27539500.0,False,0.0,13:07:50
18900.0,500,-1050.0,-0.1,SD,10695600.0,27539400.0,False,0.0,13:07:50
18900.0,500,-1050.0,-0.1,SD,10695600.0,27538900.0,False,0.0,13:07:50
18900.0,1000,-1050.0,-0.1,SD,10695600.0,27538400.0,False,0.0,13:07:50
18900.0,600,-1050.0,-0.1,SD,10695600.0,27537400.0,False,0.0,13:07:50
18900.0,3800,-1050.0,-0.1,SD,10695600.0,27536800.0,False,0.0,13:07:50
18900.0,100,-1050.0,-0.1,SD,10695600.0,27533000.0,False,0.0,13:07:50
18900.0,2200,-1050.0,-0.1,SD,10695600.0,27532900.0,False,0.0,13:07:50
18900.0,1000,-1050.0,-0.1,SD,10695600.0,27530700.0,False,0.0,13:07:50
18900.0,1000,-1050.0,-0.1,SD,10695600.0,27529700.0,False,0.0,13:07:50
18900.0,100,-1050.0,-0.1,SD,10695600.0,27528700.0,False,0.0,13:07:50
18900.0,200,-1050.0,-0.1,SD,10695600.0,27528600.0,False,0.0,13:07:50
18900.0,200,-1050.0,-0.1,SD,10695600.0,27528400.0,False,0.0,13:07:50
18900.0,100,-1050.0,-0.1,SD,10695600.0,27528200.0,False,0.0,13:07:50
18900.0,100,-1050.0,-0.1,SD,10695600.0,27528100.0,False,0.0,13:07:50
18900.0,50000,-1050.0,-0.1,SD,10695600.0,27528000.0,True,0.0,13:07:50
18900.0,5000,-1050.0,-0.1,SD,10695600.0,27478000.0,False,0.0,13:07:50
18900.0,1000,-1050.0,-0.1,SD,10695600.0,27473000.0,False,0.0,13:07:50
18900.0,20000,-1050.0,-0.1,SD,10695600.0,27472000.0,True,0.0,13:07:50
18900.0,200,-1050.0,-0.1,SD,10695600.0,27452000.0,False,0.0,13:07:50
18900.0,100,-1050.0,-0.1,SD,10695600.0,27451800.0,False,0.0,13:07:50
18900.0,300,-1050.0,-0.1,SD,10695600.0,27451700.0,False,0.0,13:07:50
18900.0,100,-1050.0,-0.1,SD,10695600.0,27451400.0,False,0.0,13:07:50
18900.0,1000,-1050.0,-0.1,SD,10695600.0,27451300.0,False,0.0,13:07:50
18900.0,1000,-1050.0,-0.1,SD,10695600.0,27450300.0,False,0.0,13:07:50
18900.0,200,-1050.0,-0.1,SD,10695600.0,27449300.0,False,0.0,13:07:50
18900.0,2000,-1050.0,-0.1,SD,10695600.0,27449100.0,False,0.0,13:07:50
18900.0,3100,-1050.0,-0.1,SD,10695600.0,27447100.0,False,-50.0,13:07:50
18950.0,11200,-1000.0,-0.1,BU,10695600.0,27444000.0,True,0.0,13:07:49
18950.0,500,-1000.0,-0.1,BU,10684400.0,27444000.0,False,0.0,13:07:49
18950.0,600,-1000.0,-0.1,BU,10683900.0,27444000.0,False,0.0,13:07:49
18950.0,100,-1000.0,-0.1,BU,10683300.0,27444000.0,False,0.0,13:07:48
18950.0,100,-1000.0,-0.1,BU,10683200.0,27444000.0,False,0.0,13:07:48
18950.0,500,-1000.0,-0.1,BU,10683100.0,27444000.0,False,0.0,13:07:48
18950.0,500,-1000.0,-0.1,BU,10682600.0,27444000.0,False,0.0,13:07:47
18950.0,1200,-1000.0,-0.1,BU,10682100.0,27444000.0,False,0.0,13:07:47
18950.0,100,-1000.0,-0.1,BU,10680900.0,27444000.0,False,0.0,13:07:47
18950.0,200,-1000.0,-0.1,BU,10680800.0,27444000.0,False,0.0,13:07:47
18950.0,200,-1000.0,-0.1,BU,10680600.0,27444000.0,False,0.0,13:07:47
18950.0,200,-1000.0,-0.1,BU,10680400.0,27444000.0,False,0.0,13:07:46
18950.0,100,-1000.0,-0.1,BU,10680200.0,27444000.0,False,0.0,13:07:45
18950.0,1000,-1000.0,-0.1,BU,10680100.0,27444000.0,False,0.0,13:07:45
18950.0,1300,-1000.0,-0.1,BU,10679100.0,27444000.0,False,0.0,13:07:45
18950.0,9000,-1000.0,-0.1,BU,10677800.0,27444000.0,False,0.0,13:07:45
18950.0,200,-1000.0,-0.1,BU,10668800.0,27444000.0,False,0.0,13:07:45
18950.0,300,-1000.0,-0.1,BU,10668600.0,27444000.0,False,0.0,13:07:45
18950.0,1400,-1000.0,-0.1,BU,10668300.0,27444000.0,False,0.0,13:07:45
18950.0,11100,-1000.0,-0.1,BU,10666900.0,27444000.0,True,0.0,13:07:45
18950.0,1000,-1000.0,-0.1,BU,10655800.0,27444000.0,False,0.0,13:07:45
18950.0,100,-1000.0,-0.1,BU,10654800.0,27444000.0,False,0.0,13:07:45
18950.0,1100,-1000.0,-0.1,BU,10654700.0,27444000.0,False,0.0,13:07:45
18950.0,200,-1000.0,-0.1,BU,10653600.0,27444000.0,False,0.0,13:07:45
18950.0,400,-1000.0,-0.1,BU,10653400.0,27444000.0,False,0.0,13:07:45
18950.0,100,-1000.0,-0.1,BU,10653000.0,27444000.0,False,0.0,13:07:45
18950.0,200,-1000.0,-0.1,BU,10652900.0,27444000.0,False,0.0,13:07:45
18950.0,200,-1000.0,-0.1,BU,10652700.0,27444000.0,False,0.0,13:07:45
18950.0,10000,-1000.0,-0.1,BU,10652500.0,27444000.0,False,0.0,13:07:45
18950.0,1900,-1000.0,-0.1,BU,10642500.0,27444000.0,False,0.0,13:07:45
18950.0,200,-1000.0,-0.1,BU,10640600.0,27444000.0,False,0.0,13:07:45
18950.0,2700,-1000.0,-0.1,BU,10640400.0,27444000.0,False,0.0,13:07:45
18950.0,200,-1000.0,-0.1,BU,10637700.0,27444000.0,False,0.0,13:07:45
18950.0,3000,-1000.0,-0.1,BU,10637500.0,27444000.0,False,0.0,13:07:45
18950.0,500,-1000.0,-0.1,BU,10634500.0,27444000.0,False,0.0,13:07:45
18950.0,200,-1000.0,-0.1,BU,10634000.0,27444000.0,False,0.0,13:07:45
18950.0,1000,-1000.0,-0.1,BU,10633800.0,27444000.0,False,0.0,13:07:45
18950.0,800,-1000.0,-0.1,BU,10632800.0,27444000.0,False,0.0,13:07:45
18950.0,3000,-1000.0,-0.1,BU,10632000.0,27444000.0,False,0.0,13:07:45
18950.0,1000,-1000.0,-0.1,BU,10629000.0,27444000.0,False,0.0,13:07:45
18950.0,500,-1000.0,-0.1,BU,10628000.0,27444000.0,False,0.0,13:07:45
18950.0,200,-1000.0,-0.1,BU,10627500.0,27444000.0,False,0.0,13:07:45
18950.0,1300,-1000.0,-0.1,BU,10627300.0,27444000.0,False,0.0,13:07:45
18950.0,500,-1000.0,-0.1,BU,10626000.0,27444000.0,False,0.0,13:07:45
18950.0,200,-1000.0,-0.1,BU,10625500.0,27444000.0,False,0.0,13:07:45
18950.0,900,-1000.0,-0.1,BU,10625300.0,27444000.0,False,0.0,13:07:45
18950.0,1300,-1000.0,-0.1,BU,10624400.0,27444000.0,False,0.0,13:07:45
18950.0,100,-1000.0,-0.1,BU,10623100.0,27444000.0,False,0.0,13:07:45
18950.0,300,-1000.0,-0.1,BU,10623000.0,27444000.0,False,0.0,13:07:45
18950.0,500,-1000.0,-0.1,BU,10622700.0,27444000.0,False,0.0,13:07:45
18950.0,20000,-1000.0,-0.1,BU,10622200.0,27444000.0,True,0.0,13:07:45
18950.0,900,-1000.0,-0.1,BU,10602200.0,27444000.0,False,0.0,13:07:45
18950.0,1100,-1000.0,-0.1,BU,10601300.0,27444000.0,False,0.0,13:07:45
18950.0,100,-1000.0,-0.1,BU,10600200.0,27444000.0,False,0.0,13:07:45
18950.0,10000,-1000.0,-0.1,BU,10600100.0,27444000.0,False,0.0,13:07:45
18950.0,500,-1000.0,-0.1,BU,10590100.0,27444000.0,False,0.0,13:07:45
18950.0,200,-1000.0,-0.1,BU,10589600.0,27444000.0,False,0.0,13:07:45
18950.0,100,-1000.0,-0.1,BU,10589400.0,27444000.0,False,0.0,13:07:45
18950.0,200,-1000.0,-0.1,BU,10589300.0,27444000.0,False,0.0,13:07:45
18950.0,100,-1000.0,-0.1,BU,10589100.0,27444000.0,False,0.0,13:07:45
18950.0,200,-1000.0,-0.1,BU,10589000.0,27444000.0,False,0.0,13:07:45
18950.0,500,-1000.0,-0.1,BU,10588800.0,27444000.0,False,0.0,13:07:45
18950.0,500,-1000.0,-0.1,BU,10588300.0,27444000.0,False,0.0,13:07:45
18950.0,100,-1000.0,-0.1,BU,10587800.0,27444000.0,False,0.0,13:07:45
18950.0,1000,-1000.0,-0.1,BU,10587700.0,27444000.0,False,0.0,13:07:45
18950.0,7600,-1000.0,-0.1,BU,10586700.0,27444000.0,False,0.0,13:07:45
18950.0,10000,-1000.0,-0.1,BU,10579100.0,27444000.0,False,0.0,13:07:45
18950.0,400,-1000.0,-0.1,BU,10569100.0,27444000.0,False,0.0,13:07:45
18950.0,1700,-1000.0,-0.1,BU,10568700.0,27444000.0,False,0.0,13:07:45
18950.0,100,-1000.0,-0.1,BU,10567000.0,27444000.0,False,0.0,13:07:45
18950.0,400,-1000.0,-0.1,BU,10566900.0,27444000.0,False,0.0,13:07:45
18950.0,5000,-1000.0,-0.1,BU,10566500.0,27444000.0,False,0.0,13:07:45
18950.0,1000,-1000.0,-0.1,BU,10561500.0,27444000.0,False,0.0,13:07:45
18950.0,1500,-1000.0,-0.1,BU,10560500.0,27444000.0,False,0.0,13:07:45
18950.0,2000,-1000.0,-0.1,BU,10559000.0,27444000.0,False,0.0,13:07:45
18950.0,200,-1000.0,-0.1,BU,10557000.0,27444000.0,False,0.0,13:07:45
18950.0,500,-1000.0,-0.1,BU,10556800.0,27444000.0,False,0.0,13:07:45
18950.0,100,-1000.0,-0.1,BU,10556300.0,27444000.0,False,0.0,13:07:45
18950.0,700,-1000.0,-0.1,BU,10556200.0,27444000.0,False,0.0,13:07:45
18950.0,100,-1000.0,-0.1,BU,10555500.0,27444000.0,False,0.0,13:07:45
18950.0,3100,-1000.0,-0.1,BU,10555400.0,27444000.0,False,0.0,13:07:45
18950.0,800,-1000.0,-0.1,BU,10552300.0,27444000.0,False,0.0,13:07:45
18950.0,100,-1000.0,-0.1,BU,10551500.0,27444000.0,False,0.0,13:07:45
18950.0,300,-1000.0,-0.1,BU,10551400.0,27444000.0,False,0.0,13:07:45
18950.0,1500,-1000.0,-0.1,BU,10551100.0,27444000.0,False,0.0,13:07:45
18950.0,400,-1000.0,-0.1,BU,10549600.0,27444000.0,False,0.0,13:07:45
18950.0,1000,-1000.0,-0.1,BU,10549200.0,27444000.0,False,0.0,13:07:45
18950.0,3000,-1000.0,-0.1,BU,10548200.0,27444000.0,False,0.0,13:07:45
18950.0,365000,-1000.0,-0.1,BU,10545200.0,27444000.0,True,50.0,13:07:45
18900.0,1900,-1050.0,-0.1,SD,10180200.0,27444000.0,False,0.0,13:07:44
18900.0,100,-1050.0,-0.1,SD,10180200.0,27442100.0,False,-50.0,13:07:44
18950.0,2300,-1000.0,-0.1,BU,10180200.0,27442000.0,False,50.0,13:07:44
18900.0,900,-1050.0,-0.1,SD,10177900.0,27442000.0,False,-50.0,13:07:43
18950.0,300,-1000.0,-0.1,BU,10177900.0,27441100.0,False,50.0,13:07:43
18900.0,1000,-1050.0,-0.1,SD,10177600.0,27441100.0,False,0.0,13:07:42
18900.0,1700,-1050.0,-0.1,SD,10177600.0,27440100.0,False,0.0,13:07:42
18900.0,1700,-1050.0,-0.1,SD,10177600.0,27438400.0,False,0.0,13:07:41
18900.0,300,-1050.0,-0.1,SD,10177600.0,27436700.0,False,0.0,13:07:41
18900.0,100,-1050.0,-0.1,SD,10177600.0,27436400.0,False,-50.0,13:07:40
18950.0,10000,-1000.0,-0.1,BU,10177600.0,27436300.0,False,50.0,13:07:39
18900.0,600,-1050.0,-0.1,SD,10167600.0,27436300.0,False,0.0,13:07:39
18900.0,100,-1050.0,-0.1,SD,10167600.0,27435700.0,False,0.0,13:07:39
18900.0,300,-1050.0,-0.1,SD,10167600.0,27435600.0,False,0.0,13:07:39
18900.0,200,-1050.0,-0.1,SD,10167600.0,27435300.0,False,-50.0,13:07:38
18950.0,100,-1000.0,-0.1,BU,10167600.0,27435100.0,False,0.0,13:07:38
18950.0,900,-1000.0,-0.1,BU,10167500.0,27435100.0,False,50.0,13:07:37
18900.0,3500,-1050.0,-0.1,SD,10166600.0,27435100.0,False,0.0,13:07:37
18900.0,2000,-1050.0,-0.1,SD,10166600.0,27431600.0,False,0.0,13:07:37
18900.0,2000,-1050.0,-0.1,SD,10166600.0,27429600.0,False,0.0,13:07:37
18900.0,1000,-1050.0,-0.1,SD,10166600.0,27427600.0,False,0.0,13:07:37
18900.0,1000,-1050.0,-0.1,SD,10166600.0,27426600.0,False,0.0,13:07:37
18900.0,100,-1050.0,-0.1,SD,10166600.0,27425600.0,False,0.0,13:07:37
18900.0,400,-1050.0,-0.1,SD,10166600.0,27425500.0,False,0.0,13:07:37
18900.0,800,-1050.0,-0.1,SD,10166600.0,27425100.0,False,-50.0,13:07:36
18950.0,1200,-1000.0,-0.1,BU,10166600.0,27424300.0,False,50.0,13:07:35
18900.0,800,-1050.0,-0.1,SD,10165400.0,27424300.0,False,0.0,13:07:35
18900.0,100,-1050.0,-0.1,SD,10165400.0,27423500.0,False,0.0,13:07:35
18900.0,1000,-1050.0,-0.1,SD,10165400.0,27423400.0,False,-50.0,13:07:34
18950.0,400,-1000.0,-0.1,BU,10165400.0,27422400.0,False,50.0,13:07:34
18900.0,200,-1050.0,-0.1,SD,10165000.0,27422400.0,False,0.0,13:07:34
18900.0,1000,-1050.0,-0.1,SD,10165000.0,27422200.0,False,0.0,13:07:33
18900.0,500,-1050.0,-0.1,SD,10165000.0,27421200.0,False,0.0,13:07:31
18900.0,200,-1050.0,-0.1,SD,10165000.0,27420700.0,False,0.0,13:07:30
18900.0,3000,-1050.0,-0.1,SD,10165000.0,27420500.0,False,0.0,13:07:30
18900.0,600,-1050.0,-0.1,SD,10165000.0,27417500.0,False,0.0,13:07:30
18900.0,100,-1050.0,-0.1,SD,10165000.0,27416900.0,False,0.0,13:07:30
18900.0,800,-1050.0,-0.1,SD,10165000.0,27416800.0,False,0.0,13:07:30
18900.0,100,-1050.0,-0.1,SD,10165000.0,27416000.0,False,0.0,13:07:30
18900.0,1000,-1050.0,-0.1,SD,10165000.0,27415900.0,False,0.0,13:07:30
18900.0,500,-1050.0,-0.1,SD,10165000.0,27414900.0,False,0.0,13:07:30
18900.0,100,-1050.0,-0.1,SD,10165000.0,27414400.0,False,0.0,13:07:30
18900.0,1000,-1050.0,-0.1,SD,10165000.0,27414300.0,False,0.0,13:07:30
18900.0,1000,-1050.0,-0.1,SD,10165000.0,27413300.0,False,0.0,13:07:30
18900.0,2100,-1050.0,-0.1,SD,10165000.0,27412300.0,False,0.0,13:07:30
18900.0,1500,-1050.0,-0.1,SD,10165000.0,27410200.0,False,0.0,13:07:28
18900.0,100,-1050.0,-0.1,SD,10165000.0,27408700.0,False,0.0,13:07:28
18900.0,1300,-1050.0,-0.1,SD,10165000.0,27408600.0,False,0.0,13:07:26
18900.0,100,-1050.0,-0.1,SD,10165000.0,27407300.0,False,0.0,13:07:26
18900.0,100,-1050.0,-0.1,SD,10165000.0,27407200.0,False,0.0,13:07:26
18900.0,12000,-1050.0,-0.1,SD,10165000.0,27407100.0,True,0.0,13:07:26
18900.0,500,-1050.0,-0.1,SD,10165000.0,27395100.0,False,0.0,13:07:26
18900.0,100,-1050.0,-0.1,SD,10165000.0,27394600.0,False,0.0,13:07:26
18900.0,1000,-1050.0,-0.1,SD,10165000.0,27394500.0,False,0.0,13:07:26
18900.0,500,-1050.0,-0.1,SD,10165000.0,27393500.0,False,0.0,13:07:26
18900.0,200,-1050.0,-0.1,SD,10165000.0,27393000.0,False,0.0,13:07:26
18900.0,100,-1050.0,-0.1,SD,10165000.0,27392800.0,False,0.0,13:07:26
18900.0,1000,-1050.0,-0.1,SD,10165000.0,27392700.0,False,0.0,13:07:26
18900.0,400,-1050.0,-0.1,SD,10165000.0,27391700.0,False,0.0,13:07:26
18900.0,500,-1050.0,-0.1,SD,10165000.0,27391300.0,False,0.0,13:07:26
18900.0,2000,-1050.0,-0.1,SD,10165000.0,27390800.0,False,0.0,13:07:26
18900.0,400,-1050.0,-0.1,SD,10165000.0,27388800.0,False,0.0,13:07:26
18900.0,600,-1050.0,-0.1,SD,10165000.0,27388400.0,False,0.0,13:07:26
18900.0,100,-1050.0,-0.1,SD,10165000.0,27387800.0,False,0.0,13:07:26
18900.0,200,-1050.0,-0.1,SD,10165000.0,27387700.0,False,0.0,13:07:26
18900.0,100,-1050.0,-0.1,SD,10165000.0,27387500.0,False,0.0,13:07:26
18900.0,200,-1050.0,-0.1,SD,10165000.0,27387400.0,False,0.0,13:07:26
18900.0,800,-1050.0,-0.1,SD,10165000.0,27387200.0,False,0.0,13:07:26
18900.0,1200,-1050.0,-0.1,SD,10165000.0,27386400.0,False,0.0,13:07:26
18900.0,10200,-1050.0,-0.1,SD,10165000.0,27385200.0,False,0.0,13:07:25
18900.0,200,-1050.0,-0.1,SD,10165000.0,27375000.0,False,-50.0,13:07:25
18950.0,100,-1000.0,-0.1,BU,10165000.0,27374800.0,False,50.0,13:07:25
18900.0,2000,-1050.0,-0.1,SD,10164900.0,27374800.0,False,-50.0,13:07:23
18950.0,1000,-1000.0,-0.1,BU,10164900.0,27372800.0,False,50.0,13:07:22
18900.0,2000,-1050.0,-0.1,SD,10163900.0,27372800.0,False,0.0,13:07:21
18900.0,300,-1050.0,-0.1,SD,10163900.0,27370800.0,False,-50.0,13:07:21
18950.0,1000,-1000.0,-0.1,BU,10163900.0,27370500.0,False,0.0,13:07:21
18950.0,5000,-1000.0,-0.1,BU,10162900.0,27370500.0,False,0.0,13:07:20
18950.0,2000,-1000.0,-0.1,BU,10157900.0,27370500.0,False,50.0,13:07:19
18900.0,6000,-1050.0,-0.1,SD,10155900.0,27370500.0,False,0.0,13:07:18
18900.0,200,-1050.0,-0.1,SD,10155900.0,27364500.0,False,0.0,13:07:17
18900.0,1400,-1050.0,-0.1,SD,10155900.0,27364300.0,False,-50.0,13:07:17
18950.0,100,-1000.0,-0.1,BU,10155900.0,27362900.0,False,0.0,13:07:17
18950.0,200,-1000.0,-0.1,BU,10155800.0,27362900.0,False,0.0,13:07:17
18950.0,200,-1000.0,-0.1,BU,10155600.0,27362900.0,False,50.0,13:07:17
18900.0,5000,-1050.0,-0.1,SD,10155400.0,27362900.0,False,0.0,13:07:17
18900.0,3500,-1050.0,-0.1,SD,10155400.0,27357900.0,False,0.0,13:07:16
18900.0,100,-1050.0,-0.1,SD,10155400.0,27354400.0,False,-50.0,13:07:15
18950.0,500,-1000.0,-0.1,BU,10155400.0,27354300.0,False,50.0,13:07:13
18900.0,300,-1050.0,-0.1,SD,10154900.0,27354300.0,False,-50.0,13:07:12
18950.0,200,-1000.0,-0.1,BU,10154900.0,27354000.0,False,50.0,13:07:12
18900.0,200,-1050.0,-0.1,SD,10154700.0,27354000.0,False,-50.0,13:07:10
18950.0,5000,-1000.0,-0.1,BU,10154700.0,27353800.0,False,50.0,13:07:10
18900.0,500,-1050.0,-0.1,SD,10149700.0,27353800.0,False,0.0,13:07:10
18900.0,700,-1050.0,-0.1,SD,10149700.0,27353300.0,False,-50.0,13:07:09
18950.0,1000,-1000.0,-0.1,BU,10149700.0,27352600.0,False,0.0,13:07:09
18950.0,100,-1000.0,-0.1,BU,10148700.0,27352600.0,False,50.0,13:07:08
18900.0,16200,-1050.0,-0.1,SD,10148600.0,27352600.0,True,0.0,13:07:07
18900.0,10000,-1050.0,-0.1,SD,10148600.0,27336400.0,False,0.0,13:07:07
18900.0,1000,-1050.0,-0.1,SD,10148600.0,27326400.0,False,0.0,13:07:07
18900.0,100,-1050.0,-0.1,SD,10148600.0,27325400.0,False,0.0,13:07:07
18900.0,100,-1050.0,-0.1,SD,10148600.0,27325300.0,False,0.0,13:07:07
18900.0,100,-1050.0,-0.1,SD,10148600.0,27325200.0,False,0.0,13:07:07
18900.0,1000,-1050.0,-0.1,SD,10148600.0,27325100.0,False,0.0,13:07:07
18900.0,1000,-1050.0,-0.1,SD,10148600.0,27324100.0,False,0.0,13:07:07
18900.0,1500,-1050.0,-0.1,SD,10148600.0,27323100.0,False,0.0,13:07:07
18900.0,200,-1050.0,-0.1,SD,10148600.0,27321600.0,False,0.0,13:07:07
18900.0,4000,-1050.0,-0.1,SD,10148600.0,27321400.0,False,0.0,13:07:07
18900.0,200,-1050.0,-0.1,SD,10148600.0,27317400.0,False,0.0,13:07:07
18900.0,400,-1050.0,-0.1,SD,10148600.0,27317200.0,False,0.0,13:07:07
18900.0,300,-1050.0,-0.1,SD,10148600.0,27316800.0,False,0.0,13:07:07
18900.0,100,-1050.0,-0.1,SD,10148600.0,27316500.0,False,0.0,13:07:07
18900.0,21100,-1050.0,-0.1,SD,10148600.0,27316400.0,True,0.0,13:07:07
18900.0,100,-1050.0,-0.1,SD,10148600.0,27295300.0,False,0.0,13:07:07
18900.0,300,-1050.0,-0.1,SD,10148600.0,27295200.0,False,0.0,13:07:07
18900.0,3000,-1050.0,-0.1,SD,10148600.0,27294900.0,False,0.0,13:07:07
18900.0,400,-1050.0,-0.1,SD,10148600.0,27291900.0,False,0.0,13:07:07
18900.0,7000,-1050.0,-0.1,SD,10148600.0,27291500.0,False,0.0,13:07:07
18900.0,2300,-1050.0,-0.1,SD,10148600.0,27284500.0,False,0.0,13:07:07
18900.0,1500,-1050.0,-0.1,SD,10148600.0,27282200.0,False,0.0,13:07:07
18900.0,100,-1050.0,-0.1,SD,10148600.0,27280700.0,False,0.0,13:07:07
18900.0,200,-1050.0,-0.1,SD,10148600.0,27280600.0,False,-50.0,13:07:06
18950.0,2000,-1000.0,-0.1,BU,10148600.0,27280400.0,False,50.0,13:07:05
18900.0,700,-1050.0,-0.1,SD,10146600.0,27280400.0,False,0.0,13:07:05
18900.0,300,-1050.0,-0.1,SD,10146600.0,27279700.0,False,0.0,13:07:05
18900.0,500,-1050.0,-0.1,SD,10146600.0,27279400.0,False,0.0,13:07:05
18900.0,100,-1050.0,-0.1,SD,10146600.0,27278900.0,False,0.0,13:07:05
18900.0,500,-1050.0,-0.1,SD,10146600.0,27278800.0,False,0.0,13:07:05
18900.0,100,-1050.0,-0.1,SD,10146600.0,27278300.0,False,0.0,13:07:05
18900.0,500,-1050.0,-0.1,SD,10146600.0,27278200.0,False,0.0,13:07:05
18900.0,1000,-1050.0,-0.1,SD,10146600.0,27277700.0,False,0.0,13:07:05
18900.0,1000,-1050.0,-0.1,SD,10146600.0,27276700.0,False,0.0,13:07:05
18900.0,100,-1050.0,-0.1,SD,10146600.0,27275700.0,False,0.0,13:07:05
18900.0,200,-1050.0,-0.1,SD,10146600.0,27275600.0,False,-50.0,13:07:05
18950.0,400,-1000.0,-0.1,BU,10146600.0,27275400.0,False,50.0,13:07:03
18900.0,100,-1050.0,-0.1,SD,10146200.0,27275400.0,False,0.0,13:07:02
18900.0,2700,-1050.0,-0.1,SD,10146200.0,27275300.0,False,0.0,13:07:01
18900.0,700,-1050.0,-0.1,SD,10146200.0,27272600.0,False,0.0,13:07:01
18900.0,100,-1050.0,-0.1,SD,10146200.0,27271900.0,False,0.0,13:07:01
18900.0,100,-1050.0,-0.1,SD,10146200.0,27271800.0,False,0.0,13:07:01
18900.0,1000,-1050.0,-0.1,SD,10146200.0,27271700.0,False,0.0,13:07:01
18900.0,1000,-1050.0,-0.1,SD,10146200.0,27270700.0,False,0.0,13:07:01
18900.0,1000,-1050.0,-0.1,SD,10146200.0,27269700.0,False,0.0,13:07:01
18900.0,800,-1050.0,-0.1,SD,10146200.0,27268700.0,False,0.0,13:07:01
18900.0,100,-1050.0,-0.1,SD,10146200.0,27267900.0,False,0.0,13:07:01
18900.0,1000,-1050.0,-0.1,SD,10146200.0,27267800.0,False,0.0,13:07:01
18900.0,100,-1050.0,-0.1,SD,10146200.0,27266800.0,False,0.0,13:07:01
18900.0,100,-1050.0,-0.1,SD,10146200.0,27266700.0,False,0.0,13:07:01
18900.0,100,-1050.0,-0.1,SD,10146200.0,27266600.0,False,0.0,13:07:01
18900.0,1000,-1050.0,-0.1,SD,10146200.0,27266500.0,False,0.0,13:07:01
18900.0,100,-1050.0,-0.1,SD,10146200.0,27265500.0,False,0.0,13:07:01
18900.0,3000,-1050.0,-0.1,SD,10146200.0,27265400.0,False,0.0,13:07:01
18900.0,1500,-1050.0,-0.1,SD,10146200.0,27262400.0,False,0.0,13:07:01
18900.0,500,-1050.0,-0.1,SD,10146200.0,27260900.0,False,0.0,13:07:01
18900.0,100,-1050.0,-0.1,SD,10146200.0,27260400.0,False,0.0,13:07:01
18900.0,700,-1050.0,-0.1,SD,10146200.0,27260300.0,False,0.0,13:07:01
18900.0,1000,-1050.0,-0.1,SD,10146200.0,27259600.0,False,0.0,13:07:01
18900.0,10000,-1050.0,-0.1,SD,10146200.0,27258600.0,False,0.0,13:07:01
18900.0,1000,-1050.0,-0.1,SD,10146200.0,27248600.0,False,0.0,13:07:01
18900.0,300,-1050.0,-0.1,SD,10146200.0,27247600.0,False,0.0,13:07:01
18900.0,1000,-1050.0,-0.1,SD,10146200.0,27247300.0,False,0.0,13:07:01
18900.0,2000,-1050.0,-0.1,SD,10146200.0,27246300.0,False,0.0,13:07:01
18900.0,1000,-1050.0,-0.1,SD,10146200.0,27244300.0,False,0.0,13:07:01
18900.0,600,-1050.0,-0.1,SD,10146200.0,27243300.0,False,0.0,13:07:01
18900.0,1000,-1050.0,-0.1,SD,10146200.0,27242700.0,False,0.0,13:07:01
18900.0,10000,-1050.0,-0.1,SD,10146200.0,27241700.0,False,0.0,13:07:01
18900.0,2000,-1050.0,-0.1,SD,10146200.0,27231700.0,False,0.0,13:07:01
18900.0,600,-1050.0,-0.1,SD,10146200.0,27229700.0,False,0.0,13:07:01
18900.0,1000,-1050.0,-0.1,SD,10146200.0,27229100.0,False,0.0,13:07:01
18900.0,100,-1050.0,-0.1,SD,10146200.0,27228100.0,False,0.0,13:07:01
18900.0,3000,-1050.0,-0.1,SD,10146200.0,27228000.0,False,0.0,13:07:01
18900.0,100,-1050.0,-0.1,SD,10146200.0,27225000.0,False,0.0,13:07:01
18900.0,1000,-1050.0,-0.1,SD,10146200.0,27224900.0,False,0.0,13:07:01
18900.0,500,-1050.0,-0.1,SD,10146200.0,27223900.0,False,0.0,13:07:01
18900.0,1000,-1050.0,-0.1,SD,10146200.0,27223400.0,False,0.0,13:07:01
18900.0,200,-1050.0,-0.1,SD,10146200.0,27222400.0,False,0.0,13:07:01
18900.0,200,-1050.0,-0.1,SD,10146200.0,27222200.0,False,0.0,13:07:01
18900.0,2500,-1050.0,-0.1,SD,10146200.0,27222000.0,False,0.0,13:07:01
18900.0,300,-1050.0,-0.1,SD,10146200.0,27219500.0,False,0.0,13:07:01
18900.0,1000,-1050.0,-0.1,SD,10146200.0,27219200.0,False,0.0,13:07:01
18900.0,100,-1050.0,-0.1,SD,10146200.0,27218200.0,False,0.0,13:07:01
18900.0,5000,-1050.0,-0.1,SD,10146200.0,27218100.0,False,0.0,13:07:01
18900.0,500,-1050.0,-0.1,SD,10146200.0,27213100.0,False,0.0,13:07:01
18900.0,100,-1050.0,-0.1,SD,10146200.0,27212600.0,False,0.0,13:07:01
18900.0,1300,-1050.0,-0.1,SD,10146200.0,27212500.0,False,0.0,13:07:01
18900.0,7000,-1050.0,-0.1,SD,10146200.0,27211200.0,False,0.0,13:07:01
18900.0,2500,-1050.0,-0.1,SD,10146200.0,27204200.0,False,0.0,13:07:01
18900.0,1000,-1050.0,-0.1,SD,10146200.0,27201700.0,False,0.0,13:07:01
18900.0,100,-1050.0,-0.1,SD,10146200.0,27200700.0,False,0.0,13:07:01
18900.0,500,-1050.0,-0.1,SD,10146200.0,27200600.0,False,0.0,13:07:01
18900.0,500,-1050.0,-0.1,SD,10146200.0,27200100.0,False,0.0,13:07:01
18900.0,7300,-1050.0,-0.1,SD,10146200.0,27199600.0,False,0.0,13:07:01
18900.0,500,-1050.0,-0.1,SD,10146200.0,27192300.0,False,0.0,13:07:01
18900.0,100,-1050.0,-0.1,SD,10146200.0,27191800.0,False,0.0,13:07:01
18900.0,1000,-1050.0,-0.1,SD,10146200.0,27191700.0,False,0.0,13:07:01
18900.0,500,-1050.0,-0.1,SD,10146200.0,27190700.0,False,0.0,13:07:01
18900.0,2000,-1050.0,-0.1,SD,10146200.0,27190200.0,False,0.0,13:07:01
18900.0,200,-1050.0,-0.1,SD,10146200.0,27188200.0,False,0.0,13:07:01
18900.0,1300,-1050.0,-0.1,SD,10146200.0,27188000.0,False,0.0,13:07:01
18900.0,5000,-1050.0,-0.1,SD,10146200.0,27186700.0,False,0.0,13:07:01
18900.0,2000,-1050.0,-0.1,SD,10146200.0,27181700.0,False,0.0,13:07:01
18900.0,1000,-1050.0,-0.1,SD,10146200.0,27179700.0,False,0.0,13:07:01
18900.0,1500,-1050.0,-0.1,SD,10146200.0,27178700.0,False,0.0,13:07:01
18900.0,20000,-1050.0,-0.1,SD,10146200.0,27177200.0,True,0.0,13:07:01
18900.0,1000,-1050.0,-0.1,SD,10146200.0,27157200.0,False,0.0,13:07:01
18900.0,80900,-1050.0,-0.1,SD,10146200.0,27156200.0,True,-50.0,13:07:01
18950.0,600,-1000.0,-0.1,BU,10146200.0,27075300.0,False,50.0,13:06:58
18900.0,10000,-1050.0,-0.1,SD,10145600.0,27075300.0,False,0.0,13:06:58
18900.0,100,-1050.0,-0.1,SD,10145600.0,27065300.0,False,0.0,13:06:57
18900.0,300,-1050.0,-0.1,SD,10145600.0,27065200.0,False,0.0,13:06:57
18900.0,2000,-1050.0,-0.1,SD,10145600.0,27064900.0,False,-50.0,13:06:56
18950.0,100,-1000.0,-0.1,BU,10145600.0,27062900.0,False,50.0,13:06:55
18900.0,500,-1050.0,-0.1,SD,10145500.0,27062900.0,False,-50.0,13:06:53
18950.0,200,-1000.0,-0.1,BU,10145500.0,27062400.0,False,50.0,13:06:53
18900.0,1000,-1050.0,-0.1,SD,10145300.0,27062400.0,False,-50.0,13:06:52
18950.0,6100,-1000.0,-0.1,BU,10145300.0,27061400.0,False,50.0,13:06:51
18900.0,2000,-1050.0,-0.1,SD,10139200.0,27061400.0,False,-50.0,13:06:51
18950.0,300,-1000.0,-0.1,BU,10139200.0,27059400.0,False,50.0,13:06:50
18900.0,500,-1050.0,-0.1,SD,10138900.0,27059400.0,False,-50.0,13:06:49
18950.0,200,-1000.0,-0.1,BU,10138900.0,27058900.0,False,50.0,13:06:49
18900.0,2700,-1050.0,-0.1,SD,10138700.0,27058900.0,False,0.0,13:06:44
18900.0,2000,-1050.0,-0.1,SD,10138700.0,27056200.0,False,0.0,13:06:44
18900.0,1000,-1050.0,-0.1,SD,10138700.0,27054200.0,False,0.0,13:06:44
18900.0,700,-1050.0,-0.1,SD,10138700.0,27053200.0,False,0.0,13:06:44
18900.0,200,-1050.0,-0.1,SD,10138700.0,27052500.0,False,0.0,13:06:44
18900.0,2000,-1050.0,-0.1,SD,10138700.0,27052300.0,False,0.0,13:06:44
18900.0,1000,-1050.0,-0.1,SD,10138700.0,27050300.0,False,0.0,13:06:44
18900.0,300,-1050.0,-0.1,SD,10138700.0,27049300.0,False,0.0,13:06:44
18900.0,100,-1050.0,-0.1,SD,10138700.0,27049000.0,False,0.0,13:06:44
18900.0,100,-1050.0,-0.1,SD,10138700.0,27048900.0,False,0.0,13:06:44
18900.0,200,-1050.0,-0.1,SD,10138700.0,27048800.0,False,0.0,13:06:44
18900.0,200,-1050.0,-0.1,SD,10138700.0,27048600.0,False,0.0,13:06:44
18900.0,700,-1050.0,-0.1,SD,10138700.0,27048400.0,False,0.0,13:06:44
18900.0,500,-1050.0,-0.1,SD,10138700.0,27047700.0,False,0.0,13:06:44
18900.0,2000,-1050.0,-0.1,SD,10138700.0,27047200.0,False,0.0,13:06:44
18900.0,500,-1050.0,-0.1,SD,10138700.0,27045200.0,False,0.0,13:06:44
18900.0,100,-1050.0,-0.1,SD,10138700.0,27044700.0,False,0.0,13:06:44
18900.0,500,-1050.0,-0.1,SD,10138700.0,27044600.0,False,-50.0,13:06:44
18950.0,200,-1000.0,-0.1,BU,10138700.0,27044100.0,False,0.0,13:06:44
18950.0,1000,-1000.0,-0.1,BU,10138500.0,27044100.0,False,50.0,13:06:44
18900.0,500,-1050.0,-0.1,SD,10137500.0,27044100.0,False,0.0,13:06:42
18900.0,500,-1050.0,-0.1,SD,10137500.0,27043600.0,False,0.0,13:06:42
18900.0,100,-1050.0,-0.1,SD,10137500.0,27043100.0,False,0.0,13:06:41
18900.0,100,-1050.0,-0.1,SD,10137500.0,27043000.0,False,0.0,13:06:41
18900.0,1600,-1050.0,-0.1,SD,10137500.0,27042900.0,False,-50.0,13:06:40
18950.0,100,-1000.0,-0.1,BU,10137500.0,27041300.0,False,0.0,13:06:37
18950.0,1000,-1000.0,-0.1,BU,10137400.0,27041300.0,False,50.0,13:06:36
18900.0,300,-1050.0,-0.1,SD,10136400.0,27041300.0,False,0.0,13:06:36
18900.0,4000,-1050.0,-0.1,SD,10136400.0,27041000.0,False,0.0,13:06:35
18900.0,3400,-1050.0,-0.1,SD,10136400.0,27037000.0,False,0.0,13:06:34
18900.0,300,-1050.0,-0.1,SD,10136400.0,27033600.0,False,0.0,13:06:34
18900.0,100,-1050.0,-0.1,SD,10136400.0,27033300.0,False,0.0,13:06:34
18900.0,500,-1050.0,-0.1,SD,10136400.0,27033200.0,False,0.0,13:06:34
18900.0,10000,-1050.0,-0.1,SD,10136400.0,27032700.0,False,0.0,13:06:34
18900.0,5700,-1050.0,-0.1,SD,10136400.0,27022700.0,False,0.0,13:06:34
18900.0,1200,-1050.0,-0.1,SD,10136400.0,27017000.0,False,0.0,13:06:28
18900.0,1000,-1050.0,-0.1,SD,10136400.0,27015800.0,False,-50.0,13:06:27
18950.0,300,-1000.0,-0.1,BU,10136400.0,27014800.0,False,50.0,13:06:26
18900.0,1400,-1050.0,-0.1,SD,10136100.0,27014800.0,False,-50.0,13:06:26
18950.0,200,-1000.0,-0.1,BU,10136100.0,27013400.0,False,50.0,13:06:26
18900.0,400,-1050.0,-0.1,SD,10135900.0,27013400.0,False,-50.0,13:06:26
18950.0,100,-1000.0,-0.1,BU,10135900.0,27013000.0,False,50.0,13:06:25
18900.0,5000,-1050.0,-0.1,SD,10135800.0,27013000.0,False,-50.0,13:06:25
18950.0,500,-1000.0,-0.1,BU,10135800.0,27008000.0,False,50.0,13:06:24
18900.0,1100,-1050.0,-0.1,SD,10135300.0,27008000.0,False,-50.0,13:06:24
18950.0,400,-1000.0,-0.1,BU,10135300.0,27006900.0,False,50.0,13:06:23
18900.0,41400,-1050.0,-0.1,SD,10134900.0,27006900.0,True,0.0,13:06:23
18900.0,1000,-1050.0,-0.1,SD,10134900.0,26965500.0,False,0.0,13:06:23
18900.0,200,-1050.0,-0.1,SD,10134900.0,26964500.0,False,0.0,13:06:23
18900.0,2000,-1050.0,-0.1,SD,10134900.0,26964300.0,False,0.0,13:06:23
18900.0,500,-1050.0,-0.1,SD,10134900.0,26962300.0,False,0.0,13:06:23
18900.0,2000,-1050.0,-0.1,SD,10134900.0,26961800.0,False,0.0,13:06:23
18900.0,5000,-1050.0,-0.1,SD,10134900.0,26959800.0,False,0.0,13:06:23
18900.0,22000,-1050.0,-0.1,SD,10134900.0,26954800.0,True,0.0,13:06:23
18900.0,300,-1050.0,-0.1,SD,10134900.0,26932800.0,False,0.0,13:06:23
18900.0,100,-1050.0,-0.1,SD,10134900.0,26932500.0,False,0.0,13:06:23
18900.0,200,-1050.0,-0.1,SD,10134900.0,26932400.0,False,0.0,13:06:23
18900.0,500,-1050.0,-0.1,SD,10134900.0,26932200.0,False,0.0,13:06:23
18900.0,100,-1050.0,-0.1,SD,10134900.0,26931700.0,False,0.0,13:06:23
18900.0,300,-1050.0,-0.1,SD,10134900.0,26931600.0,False,0.0,13:06:23
18900.0,100,-1050.0,-0.1,SD,10134900.0,26931300.0,False,0.0,13:06:23
18900.0,200,-1050.0,-0.1,SD,10134900.0,26931200.0,False,0.0,13:06:23
18900.0,100,-1050.0,-0.1,SD,10134900.0,26931000.0,False,0.0,13:06:23
18900.0,400,-1050.0,-0.1,SD,10134900.0,26930900.0,False,0.0,13:06:23
18900.0,1000,-1050.0,-0.1,SD,10134900.0,26930500.0,False,0.0,13:06:23
18900.0,300,-1050.0,-0.1,SD,10134900.0,26929500.0,False,0.0,13:06:23
18900.0,500,-1050.0,-0.1,SD,10134900.0,26929200.0,False,0.0,13:06:23
18900.0,300,-1050.0,-0.1,SD,10134900.0,26928700.0,False,0.0,13:06:23
18900.0,100,-1050.0,-0.1,SD,10134900.0,26928400.0,False,0.0,13:06:23
18900.0,100,-1050.0,-0.1,SD,10134900.0,26928300.0,False,0.0,13:06:23
18900.0,1000,-1050.0,-0.1,SD,10134900.0,26928200.0,False,0.0,13:06:23
18900.0,9200,-1050.0,-0.1,SD,10134900.0,26927200.0,False,0.0,13:06:23
18900.0,100,-1050.0,-0.1,SD,10134900.0,26918000.0,False,0.0,13:06:23
18900.0,100,-1050.0,-0.1,SD,10134900.0,26917900.0,False,0.0,13:06:23
18900.0,100,-1050.0,-0.1,SD,10134900.0,26917800.0,False,0.0,13:06:23
18900.0,5000,-1050.0,-0.1,SD,10134900.0,26917700.0,False,0.0,13:06:23
18900.0,300,-1050.0,-0.1,SD,10134900.0,26912700.0,False,0.0,13:06:23
18900.0,2000,-1050.0,-0.1,SD,10134900.0,26912400.0,False,0.0,13:06:23
18900.0,100,-1050.0,-0.1,SD,10134900.0,26910400.0,False,0.0,13:06:23
18900.0,100,-1050.0,-0.1,SD,10134900.0,26910300.0,False,0.0,13:06:23
18900.0,3300,-1050.0,-0.1,SD,10134900.0,26910200.0,False,0.0,13:06:23
18900.0,100,-1050.0,-0.1,SD,10134900.0,26906900.0,False,0.0,13:06:23
18900.0,200,-1050.0,-0.1,SD,10134900.0,26906800.0,False,-50.0,13:06:22
18950.0,100,-1000.0,-0.1,BU,10134900.0,26906600.0,False,50.0,13:06:22
18900.0,1400,-1050.0,-0.1,SD,10134800.0,26906600.0,False,0.0,13:06:22
18900.0,1600,-1050.0,-0.1,SD,10134800.0,26905200.0,False,0.0,13:06:22
18900.0,400,-1050.0,-0.1,SD,10134800.0,26903600.0,False,0.0,13:06:21
18900.0,100,-1050.0,-0.1,SD,10134800.0,26903200.0,False,0.0,13:06:21
18900.0,1100,-1050.0,-0.1,SD,10134800.0,26903100.0,False,0.0,13:06:21
18900.0,10000,-1050.0,-0.1,SD,10134800.0,26902000.0,False,0.0,13:06:21
18900.0,500,-1050.0,-0.1,SD,10134800.0,26892000.0,False,0.0,13:06:21
18900.0,500,-1050.0,-0.1,SD,10134800.0,26891500.0,False,0.0,13:06:21
18900.0,200,-1050.0,-0.1,SD,10134800.0,26891000.0,False,0.0,13:06:21
18900.0,1000,-1050.0,-0.1,SD,10134800.0,26890800.0,False,0.0,13:06:21
18900.0,400,-1050.0,-0.1,SD,10134800.0,26889800.0,False,0.0,13:06:21
18900.0,300,-1050.0,-0.1,SD,10134800.0,26889400.0,False,0.0,13:06:21
18900.0,800,-1050.0,-0.1,SD,10134800.0,26889100.0,False,0.0,13:06:21
18900.0,400,-1050.0,-0.1,SD,10134800.0,26888300.0,False,0.0,13:06:21
18900.0,500,-1050.0,-0.1,SD,10134800.0,26887900.0,False,0.0,13:06:21
18900.0,500,-1050.0,-0.1,SD,10134800.0,26887400.0,False,0.0,13:06:21
18900.0,500,-1050.0,-0.1,SD,10134800.0,26886900.0,False,0.0,13:06:21
18900.0,700,-1050.0,-0.1,SD,10134800.0,26886400.0,False,0.0,13:06:21
18900.0,200,-1050.0,-0.1,SD,10134800.0,26885700.0,False,0.0,13:06:21
18900.0,500,-1050.0,-0.1,SD,10134800.0,26885500.0,False,0.0,13:06:21
18900.0,200,-1050.0,-0.1,SD,10134800.0,26885000.0,False,0.0,13:06:21
18900.0,4200,-1050.0,-0.1,SD,10134800.0,26884800.0,False,0.0,13:06:21
18900.0,500,-1050.0,-0.1,SD,10134800.0,26880600.0,False,0.0,13:06:21
18900.0,1000,-1050.0,-0.1,SD,10134800.0,26880100.0,False,-50.0,13:06:20
18950.0,800,-1000.0,-0.1,BU,10134800.0,26879100.0,False,50.0,13:06:19
18900.0,700,-1050.0,-0.1,SD,10134000.0,26879100.0,False,0.0,13:06:19
18900.0,500,-1050.0,-0.1,SD,10134000.0,26878400.0,False,0.0,13:06:18
18900.0,10000,-1050.0,-0.1,SD,10134000.0,26877900.0,False,0.0,13:06:17
18900.0,500,-1050.0,-0.1,SD,10134000.0,26867900.0,False,0.0,13:06:17
18900.0,1000,-1050.0,-0.1,SD,10134000.0,26867400.0,False,0.0,13:06:17
18900.0,200,-1050.0,-0.1,SD,10134000.0,26866400.0,False,0.0,13:06:17
18900.0,200,-1050.0,-0.1,SD,10134000.0,26866200.0,False,-50.0,13:06:15
18950.0,1500,-1000.0,-0.1,BU,10134000.0,26866000.0,False,0.0,13:06:13
18950.0,1000,-1000.0,-0.1,BU,10132500.0,26866000.0,False,50.0,13:06:12
18900.0,700,-1050.0,-0.1,SD,10131500.0,26866000.0,False,0.0,13:06:12
18900.0,900,-1050.0,-0.1,SD,10131500.0,26865300.0,False,0.0,13:06:12
18900.0,700,-1050.0,-0.1,SD,10131500.0,26864400.0,False,0.0,13:06:12
18900.0,2600,-1050.0,-0.1,SD,10131500.0,26863700.0,False,0.0,13:06:12
18900.0,100,-1050.0,-0.1,SD,10131500.0,26861100.0,False,0.0,13:06:12
18900.0,100,-1050.0,-0.1,SD,10131500.0,26861000.0,False,0.0,13:06:12
18900.0,500,-1050.0,-0.1,SD,10131500.0,26860900.0,False,0.0,13:06:12
18900.0,1000,-1050.0,-0.1,SD,10131500.0,26860400.0,False,0.0,13:06:12
18900.0,800,-1050.0,-0.1,SD,10131500.0,26859400.0,False,0.0,13:06:12
18900.0,8000,-1050.0,-0.1,SD,10131500.0,26858600.0,False,0.0,13:06:10
18900.0,4000,-1050.0,-0.1,SD,10131500.0,26850600.0,False,0.0,13:06:09
18900.0,1000,-1050.0,-0.1,SD,10131500.0,26846600.0,False,0.0,13:06:09
18900.0,500,-1050.0,-0.1,SD,10131500.0,26845600.0,False,0.0,13:06:08
18900.0,100,-1050.0,-0.1,SD,10131500.0,26845100.0,False,0.0,13:06:08
18900.0,1000,-1050.0,-0.1,SD,10131500.0,26845000.0,False,0.0,13:06:08
18900.0,100,-1050.0,-0.1,SD,10131500.0,26844000.0,False,0.0,13:06:07
18900.0,500,-1050.0,-0.1,BU,10131500.0,26843900.0,False,0.0,13:06:06
18900.0,500,-1050.0,-0.1,BU,10131000.0,26843900.0,False,0.0,13:06:06
18900.0,2200,-1050.0,-0.1,BU,10130500.0,26843900.0,False,0.0,13:06:06
18900.0,100,-1050.0,-0.1,BU,10128300.0,26843900.0,False,0.0,13:06:06
18900.0,100,-1050.0,-0.1,BU,10128200.0,26843900.0,False,0.0,13:06:06
18900.0,100,-1050.0,-0.1,BU,10128100.0,26843900.0,False,0.0,13:06:06
18900.0,1000,-1050.0,-0.1,BU,10128000.0,26843900.0,False,0.0,13:06:06
18900.0,5000,-1050.0,-0.1,BU,10127000.0,26843900.0,False,0.0,13:06:06
18900.0,100,-1050.0,-0.1,BU,10122000.0,26843900.0,False,0.0,13:06:06
18900.0,1600,-1050.0,-0.1,BU,10121900.0,26843900.0,False,0.0,13:06:06
18900.0,100,-1050.0,-0.1,BU,10120300.0,26843900.0,False,0.0,13:06:06
18900.0,100,-1050.0,-0.1,BU,10120200.0,26843900.0,False,0.0,13:06:06
18900.0,100,-1050.0,-0.1,BU,10120100.0,26843900.0,False,0.0,13:06:05
18900.0,2000,-1050.0,-0.1,BU,10120000.0,26843900.0,False,0.0,13:06:05
18900.0,500,-1050.0,-0.1,BU,10118000.0,26843900.0,False,0.0,13:06:05
18900.0,500,-1050.0,-0.1,BU,10117500.0,26843900.0,False,0.0,13:06:05
18900.0,100,-1050.0,-0.1,BU,10117000.0,26843900.0,False,0.0,13:06:05
18900.0,200,-1050.0,-0.1,BU,10116900.0,26843900.0,False,0.0,13:06:05
18900.0,200,-1050.0,-0.1,BU,10116700.0,26843900.0,False,0.0,13:06:04
18900.0,300,-1050.0,-0.1,BU,10116500.0,26843900.0,False,0.0,13:06:04
18900.0,2100,-1050.0,-0.1,BU,10116200.0,26843900.0,False,0.0,13:06:04
18900.0,100,-1050.0,-0.1,BU,10114100.0,26843900.0,False,0.0,13:06:03
18900.0,1000,-1050.0,-0.1,BU,10114000.0,26843900.0,False,0.0,13:06:03
18900.0,200,-1050.0,-0.1,BU,10113000.0,26843900.0,False,0.0,13:06:03
18900.0,1000,-1050.0,-0.1,BU,10112800.0,26843900.0,False,0.0,13:06:02
18900.0,500,-1050.0,-0.1,BU,10111800.0,26843900.0,False,0.0,13:06:02
18900.0,100,-1050.0,-0.1,BU,10111300.0,26843900.0,False,0.0,13:06:02
18900.0,300,-1050.0,-0.1,BU,10111200.0,26843900.0,False,0.0,13:06:02
18900.0,700,-1050.0,-0.1,BU,10110900.0,26843900.0,False,0.0,13:06:02
18900.0,1000,-1050.0,-0.1,BU,10110200.0,26843900.0,False,0.0,13:06:02
18900.0,5500,-1050.0,-0.1,BU,10109200.0,26843900.0,False,0.0,13:06:02
18900.0,500,-1050.0,-0.1,BU,10103700.0,26843900.0,False,0.0,13:06:01
18900.0,1000,-1050.0,-0.1,BU,10103200.0,26843900.0,False,0.0,13:06:00
18900.0,5000,-1050.0,-0.1,BU,10102200.0,26843900.0,False,0.0,13:06:00
18900.0,200,-1050.0,-0.1,BU,10097200.0,26843900.0,False,0.0,13:06:00
18900.0,1000,-1050.0,-0.1,SD,10097000.0,26843900.0,False,0.0,13:05:59
18900.0,100,-1050.0,-0.1,SD,10097000.0,26842900.0,False,0.0,13:05:59
18900.0,1000,-1050.0,-0.1,SD,10097000.0,26842800.0,False,0.0,13:05:59
18900.0,200,-1050.0,-0.1,SD,10097000.0,26841800.0,False,0.0,13:05:59
18900.0,3800,-1050.0,-0.1,SD,10097000.0,26841600.0,False,0.0,13:05:59
18900.0,1200,-1050.0,-0.1,SD,10097000.0,26837800.0,False,-50.0,13:05:59
18950.0,1400,-1000.0,-0.1,BU,10097000.0,26836600.0,False,50.0,13:05:58
18900.0,300,-1050.0,-0.1,BU,10095600.0,26836600.0,False,0.0,13:05:58
18900.0,500,-1050.0,-0.1,BU,10095300.0,26836600.0,False,0.0,13:05:58
18900.0,100,-1050.0,-0.1,BU,10094800.0,26836600.0,False,-50.0,13:05:58
18950.0,3200,-1000.0,-0.1,BU,10094700.0,26836600.0,False,50.0,13:05:57
18900.0,1000,-1050.0,-0.1,BU,10091500.0,26836600.0,False,0.0,13:05:57
18900.0,100,-1050.0,-0.1,BU,10090500.0,26836600.0,False,0.0,13:05:57
18900.0,1900,-1050.0,-0.1,BU,10090400.0,26836600.0,False,0.0,13:05:57
18900.0,500,-1050.0,-0.1,BU,10088500.0,26836600.0,False,0.0,13:05:56
18900.0,400,-1050.0,-0.1,BU,10088000.0,26836600.0,False,0.0,13:05:56
18900.0,200,-1050.0,-0.1,BU,10087600.0,26836600.0,False,0.0,13:05:56
18900.0,200,-1050.0,-0.1,BU,10087400.0,26836600.0,False,0.0,13:05:56
18900.0,100,-1050.0,-0.1,SD,10087200.0,26836600.0,False,0.0,13:05:55
18900.0,100,-1050.0,-0.1,SD,10087200.0,26836500.0,False,0.0,13:05:55
18900.0,1000,-1050.0,-0.1,SD,10087200.0,26836400.0,False,0.0,13:05:55
18900.0,100,-1050.0,-0.1,SD,10087200.0,26835400.0,False,0.0,13:05:55
18900.0,600,-1050.0,-0.1,SD,10087200.0,26835300.0,False,0.0,13:05:55
18900.0,4000,-1050.0,-0.1,SD,10087200.0,26834700.0,False,0.0,13:05:55
18900.0,100,-1050.0,-0.1,SD,10087200.0,26830700.0,False,0.0,13:05:55
18900.0,200,-1050.0,-0.1,SD,10087200.0,26830600.0,False,0.0,13:05:55
18900.0,1000,-1050.0,-0.1,SD,10087200.0,26830400.0,False,0.0,13:05:55
18900.0,1000,-1050.0,-0.1,SD,10087200.0,26829400.0,False,0.0,13:05:55
18900.0,6500,-1050.0,-0.1,SD,10087200.0,26828400.0,False,0.0,13:05:55
18900.0,500,-1050.0,-0.1,SD,10087200.0,26821900.0,False,0.0,13:05:55
18900.0,500,-1050.0,-0.1,SD,10087200.0,26821400.0,False,0.0,13:05:55
18900.0,1000,-1050.0,-0.1,SD,10087200.0,26820900.0,False,0.0,13:05:55
18900.0,100,-1050.0,-0.1,SD,10087200.0,26819900.0,False,0.0,13:05:55
18900.0,400,-1050.0,-0.1,SD,10087200.0,26819800.0,False,0.0,13:05:55
18900.0,400,-1050.0,-0.1,SD,10087200.0,26819400.0,False,0.0,13:05:55
18900.0,100,-1050.0,-0.1,SD,10087200.0,26819000.0,False,0.0,13:05:55
18900.0,500,-1050.0,-0.1,SD,10087200.0,26818900.0,False,0.0,13:05:55
18900.0,500,-1050.0,-0.1,SD,10087200.0,26818400.0,False,0.0,13:05:55
18900.0,400,-1050.0,-0.1,SD,10087200.0,26817900.0,False,0.0,13:05:55
18900.0,1000,-1050.0,-0.1,SD,10087200.0,26817500.0,False,0.0,13:05:55
18900.0,100,-1050.0,-0.1,SD,10087200.0,26816500.0,False,0.0,13:05:55
18900.0,500,-1050.0,-0.1,SD,10087200.0,26816400.0,False,0.0,13:05:55
18900.0,100,-1050.0,-0.1,SD,10087200.0,26815900.0,False,0.0,13:05:55
18900.0,13500,-1050.0,-0.1,SD,10087200.0,26815800.0,True,0.0,13:05:55
18900.0,2000,-1050.0,-0.1,SD,10087200.0,26802300.0,False,0.0,13:05:55
18900.0,400,-1050.0,-0.1,SD,10087200.0,26800300.0,False,0.0,13:05:55
18900.0,500,-1050.0,-0.1,SD,10087200.0,26799900.0,False,0.0,13:05:55
18900.0,100,-1050.0,-0.1,SD,10087200.0,26799400.0,False,0.0,13:05:55
18900.0,600,-1050.0,-0.1,SD,10087200.0,26799300.0,False,0.0,13:05:55
18900.0,1000,-1050.0,-0.1,SD,10087200.0,26798700.0,False,0.0,13:05:55
18900.0,100,-1050.0,-0.1,SD,10087200.0,26797700.0,False,0.0,13:05:55
18900.0,200,-1050.0,-0.1,SD,10087200.0,26797600.0,False,0.0,13:05:55
18900.0,500,-1050.0,-0.1,SD,10087200.0,26797400.0,False,0.0,13:05:55
18900.0,100,-1050.0,-0.1,SD,10087200.0,26796900.0,False,0.0,13:05:55
18900.0,2000,-1050.0,-0.1,SD,10087200.0,26796800.0,False,0.0,13:05:55
18900.0,100,-1050.0,-0.1,SD,10087200.0,26794800.0,False,0.0,13:05:55
18900.0,100,-1050.0,-0.1,SD,10087200.0,26794700.0,False,0.0,13:05:55
18900.0,400,-1050.0,-0.1,SD,10087200.0,26794600.0,False,0.0,13:05:55
18900.0,500,-1050.0,-0.1,SD,10087200.0,26794200.0,False,0.0,13:05:55
18900.0,1200,-1050.0,-0.1,SD,10087200.0,26793700.0,False,0.0,13:05:55
18900.0,100,-1050.0,-0.1,SD,10087200.0,26792500.0,False,0.0,13:05:55
18900.0,1000,-1050.0,-0.1,SD,10087200.0,26792400.0,False,0.0,13:05:55
18900.0,7900,-1050.0,-0.1,SD,10087200.0,26791400.0,False,0.0,13:05:55
18900.0,900,-1050.0,-0.1,SD,10087200.0,26783500.0,False,0.0,13:05:55
18900.0,800,-1050.0,-0.1,SD,10087200.0,26782600.0,False,0.0,13:05:55
18900.0,90900,-1050.0,-0.1,SD,10087200.0,26781800.0,True,0.0,13:05:55
18900.0,300,-1050.0,-0.1,SD,10087200.0,26690900.0,False,0.0,13:05:54
18900.0,200,-1050.0,-0.1,SD,10087200.0,26690600.0,False,0.0,13:05:54
18900.0,8600,-1050.0,-0.1,SD,10087200.0,26690400.0,False,0.0,13:05:53
18900.0,3000,-1050.0,-0.1,SD,10087200.0,26681800.0,False,0.0,13:05:53
18900.0,300,-1050.0,-0.1,SD,10087200.0,26678800.0,False,0.0,13:05:53
18900.0,500,-1050.0,-0.1,SD,10087200.0,26678500.0,False,0.0,13:05:53
18900.0,1000,-1050.0,-0.1,SD,10087200.0,26678000.0,False,0.0,13:05:53
18900.0,1000,-1050.0,-0.1,SD,10087200.0,26677000.0,False,0.0,13:05:53
18900.0,3000,-1050.0,-0.1,SD,10087200.0,26676000.0,False,0.0,13:05:53
18900.0,2000,-1050.0,-0.1,SD,10087200.0,26673000.0,False,0.0,13:05:53
18900.0,100,-1050.0,-0.1,SD,10087200.0,26671000.0,False,0.0,13:05:53
18900.0,200,-1050.0,-0.1,SD,10087200.0,26670900.0,False,0.0,13:05:52
18900.0,500,-1050.0,-0.1,SD,10087200.0,26670700.0,False,0.0,13:05:52
18900.0,100,-1050.0,-0.1,SD,10087200.0,26670200.0,False,0.0,13:05:52
18900.0,500,-1050.0,-0.1,SD,10087200.0,26670100.0,False,0.0,13:05:52
18900.0,1000,-1050.0,-0.1,SD,10087200.0,26669600.0,False,0.0,13:05:52
18900.0,100,-1050.0,-0.1,SD,10087200.0,26668600.0,False,0.0,13:05:52
18900.0,100,-1050.0,-0.1,SD,10087200.0,26668500.0,False,0.0,13:05:52
18900.0,100,-1050.0,-0.1,SD,10087200.0,26668400.0,False,0.0,13:05:52
18900.0,300,-1050.0,-0.1,SD,10087200.0,26668300.0,False,0.0,13:05:52
18900.0,200,-1050.0,-0.1,SD,10087200.0,26668000.0,False,0.0,13:05:52
18900.0,2000,-1050.0,-0.1,SD,10087200.0,26667800.0,False,0.0,13:05:52
18900.0,100,-1050.0,-0.1,SD,10087200.0,26665800.0,False,0.0,13:05:52
18900.0,200,-1050.0,-0.1,SD,10087200.0,26665700.0,False,0.0,13:05:52
18900.0,100,-1050.0,-0.1,SD,10087200.0,26665500.0,False,0.0,13:05:52
18900.0,1000,-1050.0,-0.1,SD,10087200.0,26665400.0,False,0.0,13:05:51
18900.0,4300,-1050.0,-0.1,SD,10087200.0,26664400.0,False,0.0,13:05:51
18900.0,1000,-1050.0,-0.1,SD,10087200.0,26660100.0,False,0.0,13:05:51
18900.0,1600,-1050.0,-0.1,SD,10087200.0,26659100.0,False,0.0,13:05:51
18900.0,300,-1050.0,-0.1,SD,10087200.0,26657500.0,False,0.0,13:05:51
18900.0,600,-1050.0,-0.1,SD,10087200.0,26657200.0,False,0.0,13:05:51
18900.0,1000,-1050.0,-0.1,SD,10087200.0,26656600.0,False,0.0,13:05:51
18900.0,500,-1050.0,-0.1,SD,10087200.0,26655600.0,False,0.0,13:05:51
18900.0,1500,-1050.0,-0.1,SD,10087200.0,26655100.0,False,0.0,13:05:51
18900.0,1600,-1050.0,-0.1,SD,10087200.0,26653600.0,False,0.0,13:05:51
18900.0,400,-1050.0,-0.1,SD,10087200.0,26652000.0,False,0.0,13:05:51
18900.0,4300,-1050.0,-0.1,SD,10087200.0,26651600.0,False,0.0,13:05:51
18900.0,400,-1050.0,-0.1,SD,10087200.0,26647300.0,False,0.0,13:05:51
18900.0,5000,-1050.0,-0.1,SD,10087200.0,26646900.0,False,0.0,13:05:51
18900.0,2000,-1050.0,-0.1,SD,10087200.0,26641900.0,False,0.0,13:05:51
18900.0,100,-1050.0,-0.1,SD,10087200.0,26639900.0,False,0.0,13:05:51
18900.0,100,-1050.0,-0.1,SD,10087200.0,26639800.0,False,0.0,13:05:51
18900.0,200,-1050.0,-0.1,SD,10087200.0,26639700.0,False,0.0,13:05:51
18900.0,52100,-1050.0,-0.1,SD,10087200.0,26639500.0,True,0.0,13:05:51
18900.0,3600,-1050.0,-0.1,SD,10087200.0,26587400.0,False,0.0,13:05:51
18900.0,100,-1050.0,-0.1,SD,10087200.0,26583800.0,False,0.0,13:05:51
18900.0,100,-1050.0,-0.1,SD,10087200.0,26583700.0,False,0.0,13:05:51
18900.0,100,-1050.0,-0.1,SD,10087200.0,26583600.0,False,0.0,13:05:51
18900.0,200,-1050.0,-0.1,SD,10087200.0,26583500.0,False,0.0,13:05:51
18900.0,200,-1050.0,-0.1,SD,10087200.0,26583300.0,False,0.0,13:05:51
18900.0,500,-1050.0,-0.1,SD,10087200.0,26583100.0,False,0.0,13:05:51
18900.0,500,-1050.0,-0.1,SD,10087200.0,26582600.0,False,0.0,13:05:51
18900.0,3000,-1050.0,-0.1,SD,10087200.0,26582100.0,False,0.0,13:05:51
18900.0,500,-1050.0,-0.1,SD,10087200.0,26579100.0,False,0.0,13:05:51
18900.0,200,-1050.0,-0.1,SD,10087200.0,26578600.0,False,0.0,13:05:51
18900.0,1000,-1050.0,-0.1,SD,10087200.0,26578400.0,False,0.0,13:05:51
18900.0,400,-1050.0,-0.1,SD,10087200.0,26577400.0,False,0.0,13:05:51
18900.0,1000,-1050.0,-0.1,SD,10087200.0,26577000.0,False,0.0,13:05:51
18900.0,100,-1050.0,-0.1,SD,10087200.0,26576000.0,False,0.0,13:05:51
18900.0,100,-1050.0,-0.1,SD,10087200.0,26575900.0,False,0.0,13:05:51
18900.0,100,-1050.0,-0.1,SD,10087200.0,26575800.0,False,0.0,13:05:51
18900.0,2600,-1050.0,-0.1,SD,10087200.0,26575700.0,False,0.0,13:05:51
18900.0,100,-1050.0,-0.1,SD,10087200.0,26573100.0,False,0.0,13:05:51
18900.0,100,-1050.0,-0.1,SD,10087200.0,26573000.0,False,0.0,13:05:51
18900.0,1000,-1050.0,-0.1,SD,10087200.0,26572900.0,False,0.0,13:05:51
18900.0,1700,-1050.0,-0.1,SD,10087200.0,26571900.0,False,-50.0,13:05:51
18950.0,10000,-1000.0,-0.1,BU,10087200.0,26570200.0,False,50.0,13:05:51
18900.0,100,-1050.0,-0.1,SD,10077200.0,26570200.0,False,0.0,13:05:51
18900.0,1000,-1050.0,-0.1,SD,10077200.0,26570100.0,False,0.0,13:05:51
18900.0,2000,-1050.0,-0.1,SD,10077200.0,26569100.0,False,0.0,13:05:48
18900.0,1000,-1050.0,-0.1,SD,10077200.0,26567100.0,False,-50.0,13:05:47
18950.0,100,-1000.0,-0.1,BU,10077200.0,26566100.0,False,50.0,13:05:47
18900.0,100,-1050.0,-0.1,SD,10077100.0,26566100.0,False,0.0,13:05:47
18900.0,4900,-1050.0,-0.1,SD,10077100.0,26566000.0,False,0.0,13:05:47
18900.0,300,-1050.0,-0.1,SD,10077100.0,26561100.0,False,0.0,13:05:44
18900.0,700,-1050.0,-0.1,SD,10077100.0,26560800.0,False,0.0,13:05:43
18900.0,1000,-1050.0,-0.1,SD,10077100.0,26560100.0,False,-50.0,13:05:42
18950.0,300,-1000.0,-0.1,BU,10077100.0,26559100.0,False,0.0,13:05:42
18950.0,1500,-1000.0,-0.1,BU,10076800.0,26559100.0,False,50.0,13:05:42
18900.0,1500,-1050.0,-0.1,SD,10075300.0,26559100.0,False,0.0,13:05:41
18900.0,1000,-1050.0,-0.1,SD,10075300.0,26557600.0,False,0.0,13:05:41
18900.0,500,-1050.0,-0.1,SD,10075300.0,26556600.0,False,-50.0,13:05:40
18950.0,20000,-1000.0,-0.1,BU,10075300.0,26556100.0,True,50.0,13:05:40
18900.0,100,-1050.0,-0.1,SD,10055300.0,26556100.0,False,0.0,13:05:39
18900.0,300,-1050.0,-0.1,SD,10055300.0,26556000.0,False,0.0,13:05:39
18900.0,1000,-1050.0,-0.1,SD,10055300.0,26555700.0,False,-50.0,13:05:37
18950.0,1000,-1000.0,-0.1,BU,10055300.0,26554700.0,False,50.0,13:05:37
18900.0,2400,-1050.0,-0.1,SD,10054300.0,26554700.0,False,0.0,13:05:37
18900.0,800,-1050.0,-0.1,SD,10054300.0,26552300.0,False,0.0,13:05:34
18900.0,2000,-1050.0,-0.1,SD,10054300.0,26551500.0,False,0.0,13:05:34
18900.0,1500,-1050.0,-0.1,SD,10054300.0,26549500.0,False,0.0,13:05:33
18900.0,2000,-1050.0,-0.1,SD,10054300.0,26548000.0,False,0.0,13:05:33
18900.0,200,-1050.0,-0.1,SD,10054300.0,26546000.0,False,0.0,13:05:32
18900.0,1400,-1050.0,-0.1,SD,10054300.0,26545800.0,False,0.0,13:05:31
18900.0,2500,-1050.0,-0.1,SD,10054300.0,26544400.0,False,0.0,13:05:31
18900.0,500,-1050.0,-0.1,SD,10054300.0,26541900.0,False,0.0,13:05:31
18900.0,200,-1050.0,-0.1,SD,10054300.0,26541400.0,False,0.0,13:05:31
18900.0,600,-1050.0,-0.1,SD,10054300.0,26541200.0,False,0.0,13:05:31
18900.0,100,-1050.0,-0.1,SD,10054300.0,26540600.0,False,0.0,13:05:31
18900.0,500,-1050.0,-0.1,SD,10054300.0,26540500.0,False,0.0,13:05:31
18900.0,500,-1050.0,-0.1,SD,10054300.0,26540000.0,False,0.0,13:05:31
18900.0,200,-1050.0,-0.1,SD,10054300.0,26539500.0,False,0.0,13:05:31
18900.0,600,-1050.0,-0.1,SD,10054300.0,26539300.0,False,0.0,13:05:31
18900.0,100,-1050.0,-0.1,SD,10054300.0,26538700.0,False,0.0,13:05:31
18900.0,2900,-1050.0,-0.1,SD,10054300.0,26538600.0,False,0.0,13:05:31
18900.0,100,-1050.0,-0.1,SD,10054300.0,26535700.0,False,0.0,13:05:31
18900.0,1200,-1050.0,-0.1,SD,10054300.0,26535600.0,False,-50.0,13:05:31
18950.0,400,-1000.0,-0.1,BU,10054300.0,26534400.0,False,50.0,13:05:30
18900.0,200,-1050.0,-0.1,SD,10053900.0,26534400.0,False,0.0,13:05:30
18900.0,500,-1050.0,-0.1,SD,10053900.0,26534200.0,False,0.0,13:05:29
18900.0,600,-1050.0,-0.1,SD,10053900.0,26533700.0,False,0.0,13:05:28
18900.0,400,-1050.0,-0.1,SD,10053900.0,26533100.0,False,0.0,13:05:28
18900.0,5500,-1050.0,-0.1,SD,10053900.0,26532700.0,False,0.0,13:05:28
18900.0,1000,-1050.0,-0.1,SD,10053900.0,26527200.0,False,0.0,13:05:28
18900.0,700,-1050.0,-0.1,SD,10053900.0,26526200.0,False,0.0,13:05:27
18900.0,1500,-1050.0,-0.1,SD,10053900.0,26525500.0,False,0.0,13:05:26
18900.0,11500,-1050.0,-0.1,SD,10053900.0,26524000.0,True,0.0,13:05:25
18900.0,300,-1050.0,-0.1,SD,10053900.0,26512500.0,False,0.0,13:05:25
18900.0,1000,-1050.0,-0.1,SD,10053900.0,26512200.0,False,0.0,13:05:23
18900.0,1000,-1050.0,-0.1,SD,10053900.0,26511200.0,False,0.0,13:05:23
18900.0,1900,-1050.0,-0.1,SD,10053900.0,26510200.0,False,0.0,13:05:21
18900.0,100,-1050.0,-0.1,SD,10053900.0,26508300.0,False,0.0,13:05:21
18900.0,2100,-1050.0,-0.1,SD,10053900.0,26508200.0,False,0.0,13:05:19
18900.0,1500,-1050.0,-0.1,SD,10053900.0,26506100.0,False,-50.0,13:05:17
18950.0,100,-1000.0,-0.1,BU,10053900.0,26504600.0,False,50.0,13:05:17
18900.0,200,-1050.0,-0.1,SD,10053800.0,26504600.0,False,0.0,13:05:15
18900.0,500,-1050.0,-0.1,SD,10053800.0,26504400.0,False,0.0,13:05:13
18900.0,8600,-1050.0,-0.1,SD,10053800.0,26503900.0,False,-50.0,13:05:13
18950.0,1600,-1000.0,-0.1,BU,10053800.0,26495300.0,False,50.0,13:05:13
18900.0,22200,-1050.0,-0.1,SD,10052200.0,26495300.0,True,0.0,13:05:13
18900.0,300,-1050.0,-0.1,SD,10052200.0,26473100.0,False,0.0,13:05:13
18900.0,2000,-1050.0,-0.1,SD,10052200.0,26472800.0,False,0.0,13:05:13
18900.0,5400,-1050.0,-0.1,SD,10052200.0,26470800.0,False,-50.0,13:05:13
18950.0,500,-1000.0,-0.1,BU,10052200.0,26465400.0,False,50.0,13:05:13
18900.0,600,-1050.0,-0.1,SD,10051700.0,26465400.0,False,0.0,13:05:12
18900.0,2400,-1050.0,-0.1,SD,10051700.0,26464800.0,False,-50.0,13:05:12
18950.0,100,-1000.0,-0.1,BU,10051700.0,26462400.0,False,50.0,13:05:12
18900.0,100,-1050.0,-0.1,SD,10051600.0,26462400.0,False,0.0,13:05:12
18900.0,400,-1050.0,-0.1,SD,10051600.0,26462300.0,False,-50.0,13:05:12
18950.0,5000,-1000.0,-0.1,BU,10051600.0,26461900.0,False,50.0,13:05:12
18900.0,500,-1050.0,-0.1,SD,10046600.0,26461900.0,False,0.0,13:05:10
18900.0,300,-1050.0,-0.1,SD,10046600.0,26461400.0,False,0.0,13:05:10
18900.0,4600,-1050.0,-0.1,SD,10046600.0,26461100.0,False,0.0,13:05:10
18900.0,100,-1050.0,-0.1,SD,10046600.0,26456500.0,False,0.0,13:05:10
18900.0,1000,-1050.0,-0.1,SD,10046600.0,26456400.0,False,0.0,13:05:10
18900.0,1000,-1050.0,-0.1,SD,10046600.0,26455400.0,False,0.0,13:05:10
18900.0,1000,-1050.0,-0.1,SD,10046600.0,26454400.0,False,0.0,13:05:10
18900.0,400,-1050.0,-0.1,SD,10046600.0,26453400.0,False,0.0,13:05:10
18900.0,1000,-1050.0,-0.1,SD,10046600.0,26453000.0,False,0.0,13:05:10
18900.0,100,-1050.0,-0.1,SD,10046600.0,26452000.0,False,0.0,13:05:10
18900.0,1000,-1050.0,-0.1,SD,10046600.0,26451900.0,False,0.0,13:05:10
18900.0,400,-1050.0,-0.1,SD,10046600.0,26450900.0,False,0.0,13:05:10
18900.0,300,-1050.0,-0.1,SD,10046600.0,26450500.0,False,0.0,13:05:10
18900.0,200,-1050.0,-0.1,SD,10046600.0,26450200.0,False,0.0,13:05:10
18900.0,200,-1050.0,-0.1,SD,10046600.0,26450000.0,False,0.0,13:05:10
18900.0,100,-1050.0,-0.1,SD,10046600.0,26449800.0,False,0.0,13:05:10
18900.0,5000,-1050.0,-0.1,SD,10046600.0,26449700.0,False,0.0,13:05:10
18900.0,200,-1050.0,-0.1,SD,10046600.0,26444700.0,False,0.0,13:05:10
18900.0,5000,-1050.0,-0.1,SD,10046600.0,26444500.0,False,0.0,13:05:10
18900.0,1000,-1050.0,-0.1,SD,10046600.0,26439500.0,False,0.0,13:05:10
18900.0,1000,-1050.0,-0.1,SD,10046600.0,26438500.0,False,0.0,13:05:10
18900.0,500,-1050.0,-0.1,SD,10046600.0,26437500.0,False,0.0,13:05:10
18900.0,1500,-1050.0,-0.1,SD,10046600.0,26437000.0,False,0.0,13:05:10
18900.0,200,-1050.0,-0.1,SD,10046600.0,26435500.0,False,0.0,13:05:10
18900.0,100,-1050.0,-0.1,SD,10046600.0,26435300.0,False,0.0,13:05:10
18900.0,1000,-1050.0,-0.1,SD,10046600.0,26435200.0,False,0.0,13:05:10
18900.0,1200,-1050.0,-0.1,SD,10046600.0,26434200.0,False,0.0,13:05:10
18900.0,100,-1050.0,-0.1,SD,10046600.0,26433000.0,False,0.0,13:05:10
18900.0,1000,-1050.0,-0.1,SD,10046600.0,26432900.0,False,0.0,13:05:10
18900.0,1000,-1050.0,-0.1,SD,10046600.0,26431900.0,False,0.0,13:05:10
18900.0,100,-1050.0,-0.1,SD,10046600.0,26430900.0,False,0.0,13:05:10
18900.0,100,-1050.0,-0.1,SD,10046600.0,26430800.0,False,0.0,13:05:10
18900.0,200,-1050.0,-0.1,SD,10046600.0,26430700.0,False,0.0,13:05:10
18900.0,300,-1050.0,-0.1,SD,10046600.0,26430500.0,False,0.0,13:05:10
18900.0,200,-1050.0,-0.1,SD,10046600.0,26430200.0,False,0.0,13:05:10
18900.0,500,-1050.0,-0.1,SD,10046600.0,26430000.0,False,0.0,13:05:10
18900.0,200,-1050.0,-0.1,SD,10046600.0,26429500.0,False,0.0,13:05:10
18900.0,3500,-1050.0,-0.1,SD,10046600.0,26429300.0,False,0.0,13:05:10
18900.0,100,-1050.0,-0.1,SD,10046600.0,26425800.0,False,0.0,13:05:10
18900.0,500,-1050.0,-0.1,SD,10046600.0,26425700.0,False,0.0,13:05:10
18900.0,300,-1050.0,-0.1,SD,10046600.0,26425200.0,False,0.0,13:05:10
18900.0,1000,-1050.0,-0.1,SD,10046600.0,26424900.0,False,0.0,13:05:10
18900.0,1000,-1050.0,-0.1,SD,10046600.0,26423900.0,False,0.0,13:05:10
18900.0,2000,-1050.0,-0.1,SD,10046600.0,26422900.0,False,0.0,13:05:10
18900.0,100,-1050.0,-0.1,SD,10046600.0,26420900.0,False,0.0,13:05:07
18900.0,1000,-1050.0,-0.1,SD,10046600.0,26420800.0,False,0.0,13:05:07
18900.0,500,-1050.0,-0.1,SD,10046600.0,26419800.0,False,0.0,13:05:07
18900.0,500,-1050.0,-0.1,SD,10046600.0,26419300.0,False,0.0,13:05:07
18900.0,500,-1050.0,-0.1,SD,10046600.0,26418800.0,False,0.0,13:05:07
18900.0,3000,-1050.0,-0.1,SD,10046600.0,26418300.0,False,0.0,13:05:07
18900.0,200,-1050.0,-0.1,SD,10046600.0,26415300.0,False,0.0,13:05:07
18900.0,1000,-1050.0,-0.1,SD,10046600.0,26415100.0,False,0.0,13:05:07
18900.0,2000,-1050.0,-0.1,SD,10046600.0,26414100.0,False,0.0,13:05:07
18900.0,1200,-1050.0,-0.1,SD,10046600.0,26412100.0,False,0.0,13:05:07
18900.0,15000,-1050.0,-0.1,SD,10046600.0,26410900.0,True,-50.0,13:05:07
18950.0,1000,-1000.0,-0.1,BU,10046600.0,26395900.0,False,50.0,13:05:07
18900.0,300,-1050.0,-0.1,SD,10045600.0,26395900.0,False,0.0,13:05:07
18900.0,100,-1050.0,-0.1,SD,10045600.0,26395600.0,False,0.0,13:05:07
18900.0,900,-1050.0,-0.1,SD,10045600.0,26395500.0,False,0.0,13:05:07
18900.0,100,-1050.0,-0.1,SD,10045600.0,26394600.0,False,0.0,13:05:07
18900.0,100,-1050.0,-0.1,SD,10045600.0,26394500.0,False,0.0,13:05:07
18900.0,200,-1050.0,-0.1,SD,10045600.0,26394400.0,False,0.0,13:05:07
18900.0,1000,-1050.0,-0.1,SD,10045600.0,26394200.0,False,0.0,13:05:07
18900.0,1400,-1050.0,-0.1,SD,10045600.0,26393200.0,False,0.0,13:05:07
18900.0,100,-1050.0,-0.1,SD,10045600.0,26391800.0,False,0.0,13:05:07
18900.0,100,-1050.0,-0.1,SD,10045600.0,26391700.0,False,0.0,13:05:07
18900.0,500,-1050.0,-0.1,SD,10045600.0,26391600.0,False,0.0,13:05:07
18900.0,200,-1050.0,-0.1,SD,10045600.0,26391100.0,False,0.0,13:05:07
18900.0,800,-1050.0,-0.1,SD,10045600.0,26390900.0,False,0.0,13:05:07
18900.0,200,-1050.0,-0.1,SD,10045600.0,26390100.0,False,0.0,13:05:07
18900.0,300,-1050.0,-0.1,SD,10045600.0,26389900.0,False,0.0,13:05:05
18900.0,500,-1050.0,-0.1,SD,10045600.0,26389600.0,False,0.0,13:05:05
18900.0,1300,-1050.0,-0.1,SD,10045600.0,26389100.0,False,-50.0,13:05:05
18950.0,100,-1000.0,-0.1,BU,10045600.0,26387800.0,False,50.0,13:05:04
18900.0,700,-1050.0,-0.1,SD,10045500.0,26387800.0,False,0.0,13:05:03
18900.0,500,-1050.0,-0.1,SD,10045500.0,26387100.0,False,0.0,13:05:03
18900.0,98800,-1050.0,-0.1,SD,10045500.0,26386600.0,True,0.0,13:05:03
18900.0,300,-1050.0,-0.1,SD,10045500.0,26287800.0,False,-50.0,13:05:01
18950.0,500,-1000.0,-0.1,BU,10045500.0,26287500.0,False,50.0,13:05:01
18900.0,500,-1050.0,-0.1,SD,10045000.0,26287500.0,False,-50.0,13:05:00
18950.0,100,-1000.0,-0.1,BU,10045000.0,26287000.0,False,50.0,13:04:59
18900.0,100,-1050.0,-0.1,SD,10044900.0,26287000.0,False,0.0,13:04:58
18900.0,300,-1050.0,-0.1,SD,10044900.0,26286900.0,False,0.0,13:04:58
18900.0,200,-1050.0,-0.1,SD,10044900.0,26286600.0,False,0.0,13:04:58
18900.0,100,-1050.0,-0.1,SD,10044900.0,26286400.0,False,0.0,13:04:57
18900.0,100,-1050.0,-0.1,SD,10044900.0,26286300.0,False,0.0,13:04:57
18900.0,400,-1050.0,-0.1,SD,10044900.0,26286200.0,False,0.0,13:04:56
18900.0,200,-1050.0,-0.1,SD,10044900.0,26285800.0,False,0.0,13:04:56
18900.0,100,-1050.0,-0.1,SD,10044900.0,26285600.0,False,0.0,13:04:56
18900.0,100,-1050.0,-0.1,SD,10044900.0,26285500.0,False,0.0,13:04:55
18900.0,1000,-1050.0,-0.1,SD,10044900.0,26285400.0,False,0.0,13:04:55
18900.0,900,-1050.0,-0.1,SD,10044900.0,26284400.0,False,0.0,13:04:55
18900.0,100,-1050.0,-0.1,SD,10044900.0,26283500.0,False,0.0,13:04:54
18900.0,700,-1050.0,-0.1,SD,10044900.0,26283400.0,False,-50.0,13:04:54
18950.0,200,-1000.0,-0.1,BU,10044900.0,26282700.0,False,0.0,13:04:54
18950.0,100,-1000.0,-0.1,BU,10044700.0,26282700.0,False,50.0,13:04:53
18900.0,400,-1050.0,-0.1,SD,10044600.0,26282700.0,False,0.0,13:04:53
18900.0,700,-1050.0,-0.1,SD,10044600.0,26282300.0,False,0.0,13:04:53
18900.0,200,-1050.0,-0.1,SD,10044600.0,26281600.0,False,-50.0,13:04:53
18950.0,200,-1000.0,-0.1,BU,10044600.0,26281400.0,False,0.0,13:04:52
18950.0,700,-1000.0,-0.1,BU,10044400.0,26281400.0,False,50.0,13:04:52
18900.0,100,-1050.0,-0.1,SD,10043700.0,26281400.0,False,0.0,13:04:52
18900.0,100,-1050.0,-0.1,SD,10043700.0,26281300.0,False,0.0,13:04:51
18900.0,500,-1050.0,-0.1,SD,10043700.0,26281200.0,False,0.0,13:04:51
18900.0,1000,-1050.0,-0.1,SD,10043700.0,26280700.0,False,0.0,13:04:51
18900.0,500,-1050.0,-0.1,SD,10043700.0,26279700.0,False,0.0,13:04:51
18900.0,400,-1050.0,-0.1,SD,10043700.0,26279200.0,False,0.0,13:04:51
18900.0,100,-1050.0,-0.1,SD,10043700.0,26278800.0,False,0.0,13:04:51
18900.0,500,-1050.0,-0.1,SD,10043700.0,26278700.0,False,0.0,13:04:51
18900.0,100,-1050.0,-0.1,SD,10043700.0,26278200.0,False,0.0,13:04:51
18900.0,1500,-1050.0,-0.1,SD,10043700.0,26278100.0,False,0.0,13:04:51
18900.0,100,-1050.0,-0.1,SD,10043700.0,26276600.0,False,0.0,13:04:51
18900.0,1000,-1050.0,-0.1,SD,10043700.0,26276500.0,False,0.0,13:04:51
18900.0,1000,-1050.0,-0.1,SD,10043700.0,26275500.0,False,0.0,13:04:51
18900.0,100,-1050.0,-0.1,SD,10043700.0,26274500.0,False,0.0,13:04:51
18900.0,200,-1050.0,-0.1,SD,10043700.0,26274400.0,False,0.0,13:04:51
18900.0,500,-1050.0,-0.1,SD,10043700.0,26274200.0,False,0.0,13:04:51
18900.0,500,-1050.0,-0.1,SD,10043700.0,26273700.0,False,0.0,13:04:51
18900.0,100,-1050.0,-0.1,SD,10043700.0,26273200.0,False,0.0,13:04:51
18900.0,200,-1050.0,-0.1,SD,10043700.0,26273100.0,False,0.0,13:04:51
18900.0,500,-1050.0,-0.1,SD,10043700.0,26272900.0,False,0.0,13:04:51
18900.0,600,-1050.0,-0.1,SD,10043700.0,26272400.0,False,0.0,13:04:51
18900.0,100,-1050.0,-0.1,SD,10043700.0,26271800.0,False,0.0,13:04:51
18900.0,100,-1050.0,-0.1,SD,10043700.0,26271700.0,False,0.0,13:04:51
18900.0,600,-1050.0,-0.1,SD,10043700.0,26271600.0,False,0.0,13:04:51
18900.0,500,-1050.0,-0.1,SD,10043700.0,26271000.0,False,0.0,13:04:51
18900.0,200,-1050.0,-0.1,SD,10043700.0,26270500.0,False,0.0,13:04:50
18900.0,3000,-1050.0,-0.1,SD,10043700.0,26270300.0,False,0.0,13:04:50
18900.0,3200,-1050.0,-0.1,SD,10043700.0,26267300.0,False,0.0,13:04:49
18900.0,500,-1050.0,-0.1,SD,10043700.0,26264100.0,False,0.0,13:04:49
18900.0,1300,-1050.0,-0.1,SD,10043700.0,26263600.0,False,0.0,13:04:49
18900.0,100,-1050.0,-0.1,SD,10043700.0,26262300.0,False,-50.0,13:04:49
18950.0,200,-1000.0,-0.1,BU,10043700.0,26262200.0,False,0.0,13:04:48
18950.0,10000,-1000.0,-0.1,BU,10043500.0,26262200.0,False,50.0,13:04:47
18900.0,200,-1050.0,-0.1,SD,10033500.0,26262200.0,False,0.0,13:04:47
18900.0,200,-1050.0,-0.1,SD,10033500.0,26262000.0,False,0.0,13:04:47
18900.0,1200,-1050.0,-0.1,SD,10033500.0,26261800.0,False,0.0,13:04:47
18900.0,600,-1050.0,-0.1,SD,10033500.0,26260600.0,False,0.0,13:04:47
18900.0,400,-1050.0,-0.1,SD,10033500.0,26260000.0,False,0.0,13:04:47
18900.0,100,-1050.0,-0.1,SD,10033500.0,26259600.0,False,0.0,13:04:47
18900.0,100,-1050.0,-0.1,SD,10033500.0,26259500.0,False,0.0,13:04:47
18900.0,100,-1050.0,-0.1,SD,10033500.0,26259400.0,False,0.0,13:04:47
18900.0,500,-1050.0,-0.1,SD,10033500.0,26259300.0,False,0.0,13:04:47
18900.0,100,-1050.0,-0.1,SD,10033500.0,26258800.0,False,0.0,13:04:47
18900.0,100,-1050.0,-0.1,SD,10033500.0,26258700.0,False,0.0,13:04:47
18900.0,300,-1050.0,-0.1,SD,10033500.0,26258600.0,False,0.0,13:04:47
18900.0,200,-1050.0,-0.1,SD,10033500.0,26258300.0,False,0.0,13:04:47
18900.0,100,-1050.0,-0.1,SD,10033500.0,26258100.0,False,0.0,13:04:47
18900.0,200,-1050.0,-0.1,SD,10033500.0,26258000.0,False,0.0,13:04:46
18900.0,100,-1050.0,-0.1,SD,10033500.0,26257800.0,False,0.0,13:04:46
18900.0,1700,-1050.0,-0.1,SD,10033500.0,26257700.0,False,-50.0,13:04:46
18950.0,2900,-1000.0,-0.1,BU,10033500.0,26256000.0,False,50.0,13:04:46
18900.0,500,-1050.0,-0.1,SD,10030600.0,26256000.0,False,0.0,13:04:46
18900.0,1800,-1050.0,-0.1,SD,10030600.0,26255500.0,False,0.0,13:04:40
18900.0,100,-1050.0,-0.1,SD,10030600.0,26253700.0,False,0.0,13:04:40
18900.0,1000,-1050.0,-0.1,SD,10030600.0,26253600.0,False,0.0,13:04:40
18900.0,500,-1050.0,-0.1,SD,10030600.0,26252600.0,False,0.0,13:04:40
18900.0,300,-1050.0,-0.1,SD,10030600.0,26252100.0,False,0.0,13:04:40
18900.0,10200,-1050.0,-0.1,SD,10030600.0,26251800.0,False,0.0,13:04:40
18900.0,200,-1050.0,-0.1,SD,10030600.0,26241600.0,False,-50.0,13:04:40
18950.0,200,-1000.0,-0.1,BU,10030600.0,26241400.0,False,50.0,13:04:39
18900.0,2000,-1050.0,-0.1,SD,10030400.0,26241400.0,False,0.0,13:04:39
18900.0,200,-1050.0,-0.1,SD,10030400.0,26239400.0,False,0.0,13:04:38
18900.0,1500,-1050.0,-0.1,SD,10030400.0,26239200.0,False,0.0,13:04:37
18900.0,3100,-1050.0,-0.1,SD,10030400.0,26237700.0,False,0.0,13:04:37
18900.0,200,-1050.0,-0.1,SD,10030400.0,26234600.0,False,0.0,13:04:37
18900.0,1000,-1050.0,-0.1,SD,10030400.0,26234400.0,False,0.0,13:04:35
18900.0,900,-1050.0,-0.1,SD,10030400.0,26233400.0,False,0.0,13:04:34
18900.0,100,-1050.0,-0.1,SD,10030400.0,26232500.0,False,0.0,13:04:34
18900.0,100,-1050.0,-0.1,SD,10030400.0,26232400.0,False,0.0,13:04:33
18900.0,200,-1050.0,-0.1,SD,10030400.0,26232300.0,False,0.0,13:04:33
18900.0,100,-1050.0,-0.1,SD,10030400.0,26232100.0,False,0.0,13:04:33
18900.0,200,-1050.0,-0.1,SD,10030400.0,26232000.0,False,0.0,13:04:33
18900.0,3400,-1050.0,-0.1,SD,10030400.0,26231800.0,False,0.0,13:04:33
18900.0,400,-1050.0,-0.1,SD,10030400.0,26228400.0,False,0.0,13:04:33
18900.0,1200,-1050.0,-0.1,SD,10030400.0,26228000.0,False,0.0,13:04:30
18900.0,1000,-1050.0,-0.1,SD,10030400.0,26226800.0,False,0.0,13:04:30
18900.0,200,-1050.0,-0.1,SD,10030400.0,26225800.0,False,0.0,13:04:30
18900.0,200,-1050.0,-0.1,SD,10030400.0,26225600.0,False,0.0,13:04:30
18900.0,400,-1050.0,-0.1,SD,10030400.0,26225400.0,False,0.0,13:04:30
18900.0,100,-1050.0,-0.1,SD,10030400.0,26225000.0,False,0.0,13:04:30
18900.0,500,-1050.0,-0.1,SD,10030400.0,26224900.0,False,0.0,13:04:30
18900.0,500,-1050.0,-0.1,SD,10030400.0,26224400.0,False,0.0,13:04:30
18900.0,6500,-1050.0,-0.1,SD,10030400.0,26223900.0,False,0.0,13:04:30
18900.0,100,-1050.0,-0.1,SD,10030400.0,26217400.0,False,0.0,13:04:30
18900.0,300,-1050.0,-0.1,SD,10030400.0,26217300.0,False,0.0,13:04:30
18900.0,2000,-1050.0,-0.1,SD,10030400.0,26217000.0,False,0.0,13:04:30
18900.0,500,-1050.0,-0.1,SD,10030400.0,26215000.0,False,0.0,13:04:30
18900.0,400,-1050.0,-0.1,SD,10030400.0,26214500.0,False,0.0,13:04:30
18900.0,300,-1050.0,-0.1,SD,10030400.0,26214100.0,False,0.0,13:04:30
18900.0,4000,-1050.0,-0.1,SD,10030400.0,26213800.0,False,0.0,13:04:30
18900.0,1000,-1050.0,-0.1,SD,10030400.0,26209800.0,False,0.0,13:04:30
18900.0,500,-1050.0,-0.1,SD,10030400.0,26208800.0,False,0.0,13:04:30
18900.0,1700,-1050.0,-0.1,SD,10030400.0,26208300.0,False,0.0,13:04:30
18900.0,300,-1050.0,-0.1,SD,10030400.0,26206600.0,False,0.0,13:04:29
18900.0,100,-1050.0,-0.1,SD,10030400.0,26206300.0,False,0.0,13:04:29
18900.0,100,-1050.0,-0.1,SD,10030400.0,26206200.0,False,0.0,13:04:29
18900.0,900,-1050.0,-0.1,SD,10030400.0,26206100.0,False,0.0,13:04:28
18900.0,100,-1050.0,-0.1,SD,10030400.0,26205200.0,False,0.0,13:04:28
18900.0,3900,-1050.0,-0.1,SD,10030400.0,26205100.0,False,0.0,13:04:28
18900.0,8600,-1050.0,-0.1,SD,10030400.0,26201200.0,False,-50.0,13:04:28
18950.0,100,-1000.0,-0.1,BU,10030400.0,26192600.0,False,50.0,13:04:27
18900.0,100,-1050.0,-0.1,SD,10030300.0,26192600.0,False,0.0,13:04:27
18900.0,800,-1050.0,-0.1,SD,10030300.0,26192500.0,False,0.0,13:04:27
18900.0,500,-1050.0,-0.1,SD,10030300.0,26191700.0,False,0.0,13:04:25
18900.0,1600,-1050.0,-0.1,SD,10030300.0,26191200.0,False,0.0,13:04:25
18900.0,400,-1050.0,-0.1,SD,10030300.0,26189600.0,False,-50.0,13:04:25
18950.0,500,-1000.0,-0.1,BU,10030300.0,26189200.0,False,50.0,13:04:25
18900.0,400,-1050.0,-0.1,SD,10029800.0,26189200.0,False,-50.0,13:04:24
18950.0,200,-1000.0,-0.1,BU,10029800.0,26188800.0,False,50.0,13:04:24
18900.0,4100,-1050.0,-0.1,SD,10029600.0,26188800.0,False,0.0,13:04:24
18900.0,1700,-1050.0,-0.1,SD,10029600.0,26184700.0,False,0.0,13:04:24
18900.0,600,-1050.0,-0.1,SD,10029600.0,26183000.0,False,0.0,13:04:24
18900.0,200,-1050.0,-0.1,SD,10029600.0,26182400.0,False,0.0,13:04:21
18900.0,1000,-1050.0,-0.1,SD,10029600.0,26182200.0,False,0.0,13:04:21
18900.0,1000,-1050.0,-0.1,SD,10029600.0,26181200.0,False,0.0,13:04:20
18900.0,400,-1050.0,-0.1,SD,10029600.0,26180200.0,False,0.0,13:04:19
18900.0,1500,-1050.0,-0.1,SD,10029600.0,26179800.0,False,-50.0,13:04:18
18950.0,1000,-1000.0,-0.1,BU,10029600.0,26178300.0,False,50.0,13:04:18
18900.0,300,-1050.0,-0.1,SD,10028600.0,26178300.0,False,0.0,13:04:17
18900.0,500,-1050.0,-0.1,SD,10028600.0,26178000.0,False,0.0,13:04:17
18900.0,500,-1050.0,-0.1,SD,10028600.0,26177500.0,False,0.0,13:04:17
18900.0,100,-1050.0,-0.1,SD,10028600.0,26177000.0,False,-50.0,13:04:17
18950.0,200,-1000.0,-0.1,BU,10028600.0,26176900.0,False,50.0,13:04:17
18900.0,100,-1050.0,-0.1,SD,10028400.0,26176900.0,False,0.0,13:04:16
18900.0,100,-1050.0,-0.1,SD,10028400.0,26176800.0,False,0.0,13:04:16
18900.0,200,-1050.0,-0.1,SD,10028400.0,26176700.0,False,0.0,13:04:16
18900.0,400,-1050.0,-0.1,SD,10028400.0,26176500.0,False,0.0,13:04:15
18900.0,900,-1050.0,-0.1,SD,10028400.0,26176100.0,False,0.0,13:04:15
18900.0,1000,-1050.0,-0.1,SD,10028400.0,26175200.0,False,0.0,13:04:15
18900.0,200,-1050.0,-0.1,SD,10028400.0,26174200.0,False,0.0,13:04:15
18900.0,100,-1050.0,-0.1,SD,10028400.0,26174000.0,False,0.0,13:04:14
18900.0,100,-1050.0,-0.1,SD,10028400.0,26173900.0,False,0.0,13:04:14
18900.0,100,-1050.0,-0.1,SD,10028400.0,26173800.0,False,-50.0,13:04:14
18950.0,700,-1000.0,-0.1,BU,10028400.0,26173700.0,False,50.0,13:04:13
18900.0,200,-1050.0,-0.1,SD,10027700.0,26173700.0,False,0.0,13:04:13
18900.0,500,-1050.0,-0.1,SD,10027700.0,26173500.0,False,0.0,13:04:13
18900.0,100,-1050.0,-0.1,SD,10027700.0,26173000.0,False,0.0,13:04:13
18900.0,200,-1050.0,-0.1,BU,10027700.0,26172900.0,False,0.0,13:04:12
18900.0,700,-1050.0,-0.1,BU,10027500.0,26172900.0,False,0.0,13:04:12
18900.0,1200,-1050.0,-0.1,BU,10026800.0,26172900.0,False,0.0,13:04:12
18900.0,100,-1050.0,-0.1,BU,10025600.0,26172900.0,False,0.0,13:04:12
18900.0,800,-1050.0,-0.1,BU,10025500.0,26172900.0,False,0.0,13:04:12
18900.0,100,-1050.0,-0.1,SD,10024700.0,26172900.0,False,0.0,13:04:11
18900.0,100,-1050.0,-0.1,SD,10024700.0,26172800.0,False,50.0,13:04:11
18850.0,310500,-1100.0,-0.1,SD,10024700.0,26172700.0,True,-50.0,13:04:10
18900.0,2900,-1050.0,-0.1,SD,10024700.0,25862200.0,False,0.0,13:04:10
18900.0,1500,-1050.0,-0.1,SD,10024700.0,25859300.0,False,0.0,13:04:10
18900.0,3000,-1050.0,-0.1,SD,10024700.0,25857800.0,False,0.0,13:04:10
18900.0,300,-1050.0,-0.1,SD,10024700.0,25854800.0,False,0.0,13:04:10
18900.0,1800,-1050.0,-0.1,SD,10024700.0,25854500.0,False,0.0,13:04:10
18900.0,1900,-1050.0,-0.1,SD,10024700.0,25852700.0,False,0.0,13:04:10
18900.0,500,-1050.0,-0.1,SD,10024700.0,25850800.0,False,0.0,13:04:10
18900.0,100,-1050.0,-0.1,SD,10024700.0,25850300.0,False,0.0,13:04:10
18900.0,100,-1050.0,-0.1,SD,10024700.0,25850200.0,False,0.0,13:04:10
18900.0,1000,-1050.0,-0.1,SD,10024700.0,25850100.0,False,0.0,13:04:10
18900.0,5000,-1050.0,-0.1,SD,10024700.0,25849100.0,False,0.0,13:04:10
18900.0,200,-1050.0,-0.1,SD,10024700.0,25844100.0,False,0.0,13:04:10
18900.0,100,-1050.0,-0.1,SD,10024700.0,25843900.0,False,0.0,13:04:10
18900.0,400,-1050.0,-0.1,SD,10024700.0,25843800.0,False,0.0,13:04:10
18900.0,100,-1050.0,-0.1,SD,10024700.0,25843400.0,False,0.0,13:04:10
18900.0,500,-1050.0,-0.1,SD,10024700.0,25843300.0,False,0.0,13:04:10
18900.0,1000,-1050.0,-0.1,SD,10024700.0,25842800.0,False,0.0,13:04:10
18900.0,500,-1050.0,-0.1,SD,10024700.0,25841800.0,False,0.0,13:04:10
18900.0,100,-1050.0,-0.1,SD,10024700.0,25841300.0,False,0.0,13:04:10
18900.0,500,-1050.0,-0.1,SD,10024700.0,25841200.0,False,0.0,13:04:10
18900.0,600,-1050.0,-0.1,SD,10024700.0,25840700.0,False,0.0,13:04:10
18900.0,100,-1050.0,-0.1,SD,10024700.0,25840100.0,False,0.0,13:04:10
18900.0,600,-1050.0,-0.1,SD,10024700.0,25840000.0,False,0.0,13:04:10
18900.0,1000,-1050.0,-0.1,SD,10024700.0,25839400.0,False,0.0,13:04:10
18900.0,1000,-1050.0,-0.1,SD,10024700.0,25838400.0,False,0.0,13:04:10
18900.0,500,-1050.0,-0.1,SD,10024700.0,25837400.0,False,0.0,13:04:10
18900.0,200,-1050.0,-0.1,SD,10024700.0,25836900.0,False,0.0,13:04:10
18900.0,500,-1050.0,-0.1,SD,10024700.0,25836700.0,False,0.0,13:04:10
18900.0,500,-1050.0,-0.1,SD,10024700.0,25836200.0,False,0.0,13:04:10
18900.0,5000,-1050.0,-0.1,SD,10024700.0,25835700.0,False,0.0,13:04:10
18900.0,100,-1050.0,-0.1,SD,10024700.0,25830700.0,False,0.0,13:04:10
18900.0,500,-1050.0,-0.1,SD,10024700.0,25830600.0,False,0.0,13:04:10
18900.0,1000,-1050.0,-0.1,SD,10024700.0,25830100.0,False,0.0,13:04:10
18900.0,300,-1050.0,-0.1,SD,10024700.0,25829100.0,False,0.0,13:04:10
18900.0,1000,-1050.0,-0.1,SD,10024700.0,25828800.0,False,0.0,13:04:10
18900.0,500,-1050.0,-0.1,SD,10024700.0,25827800.0,False,0.0,13:04:10
18900.0,3500,-1050.0,-0.1,SD,10024700.0,25827300.0,False,0.0,13:04:10
18900.0,4500,-1050.0,-0.1,SD,10024700.0,25823800.0,False,0.0,13:04:10
18900.0,100,-1050.0,-0.1,SD,10024700.0,25819300.0,False,0.0,13:04:10
18900.0,4000,-1050.0,-0.1,SD,10024700.0,25819200.0,False,0.0,13:04:10
18900.0,100,-1050.0,-0.1,SD,10024700.0,25815200.0,False,0.0,13:04:10
18900.0,100,-1050.0,-0.1,SD,10024700.0,25815100.0,False,0.0,13:04:10
18900.0,300,-1050.0,-0.1,SD,10024700.0,25815000.0,False,0.0,13:04:10
18900.0,5000,-1050.0,-0.1,SD,10024700.0,25814700.0,False,0.0,13:04:10
18900.0,200,-1050.0,-0.1,SD,10024700.0,25809700.0,False,0.0,13:04:10
18900.0,1500,-1050.0,-0.1,SD,10024700.0,25809500.0,False,0.0,13:04:10
18900.0,1000,-1050.0,-0.1,SD,10024700.0,25808000.0,False,0.0,13:04:10
18900.0,100,-1050.0,-0.1,SD,10024700.0,25807000.0,False,0.0,13:04:10
18900.0,100,-1050.0,-0.1,SD,10024700.0,25806900.0,False,0.0,13:04:10
18900.0,100,-1050.0,-0.1,SD,10024700.0,25806800.0,False,0.0,13:04:10
18900.0,1000,-1050.0,-0.1,SD,10024700.0,25806700.0,False,0.0,13:04:10
18900.0,5000,-1050.0,-0.1,SD,10024700.0,25805700.0,False,0.0,13:04:10
18900.0,100,-1050.0,-0.1,SD,10024700.0,25800700.0,False,0.0,13:04:10
18900.0,10000,-1050.0,-0.1,SD,10024700.0,25800600.0,False,0.0,13:04:10
18900.0,200,-1050.0,-0.1,SD,10024700.0,25790600.0,False,0.0,13:04:10
18900.0,1000,-1050.0,-0.1,SD,10024700.0,25790400.0,False,0.0,13:04:10
18900.0,100,-1050.0,-0.1,SD,10024700.0,25789400.0,False,0.0,13:04:10
18900.0,2000,-1050.0,-0.1,SD,10024700.0,25789300.0,False,0.0,13:04:10
18900.0,1000,-1050.0,-0.1,SD,10024700.0,25787300.0,False,0.0,13:04:10
18900.0,100,-1050.0,-0.1,SD,10024700.0,25786300.0,False,0.0,13:04:10
18900.0,1000,-1050.0,-0.1,SD,10024700.0,25786200.0,False,0.0,13:04:10
18900.0,100,-1050.0,-0.1,SD,10024700.0,25785200.0,False,0.0,13:04:10
18900.0,100,-1050.0,-0.1,SD,10024700.0,25785100.0,False,0.0,13:04:10
18900.0,100,-1050.0,-0.1,SD,10024700.0,25785000.0,False,0.0,13:04:10
18900.0,100,-1050.0,-0.1,SD,10024700.0,25784900.0,False,0.0,13:04:10
18900.0,1000,-1050.0,-0.1,SD,10024700.0,25784800.0,False,0.0,13:04:10
18900.0,300,-1050.0,-0.1,SD,10024700.0,25783800.0,False,0.0,13:04:10
18900.0,2000,-1050.0,-0.1,SD,10024700.0,25783500.0,False,0.0,13:04:10
18900.0,100,-1050.0,-0.1,SD,10024700.0,25781500.0,False,0.0,13:04:10
18900.0,300,-1050.0,-0.1,SD,10024700.0,25781400.0,False,0.0,13:04:10
18900.0,1000,-1050.0,-0.1,SD,10024700.0,25781100.0,False,0.0,13:04:10
18900.0,200,-1050.0,-0.1,SD,10024700.0,25780100.0,False,0.0,13:04:10
18900.0,2000,-1050.0,-0.1,SD,10024700.0,25779900.0,False,0.0,13:04:10
18900.0,1000,-1050.0,-0.1,SD,10024700.0,25777900.0,False,0.0,13:04:10
18900.0,5200,-1050.0,-0.1,SD,10024700.0,25776900.0,False,0.0,13:04:10
18900.0,200,-1050.0,-0.1,SD,10024700.0,25771700.0,False,0.0,13:04:10
18900.0,200,-1050.0,-0.1,SD,10024700.0,25771500.0,False,0.0,13:04:10
18900.0,1000,-1050.0,-0.1,SD,10024700.0,25771300.0,False,0.0,13:04:10
18900.0,200,-1050.0,-0.1,SD,10024700.0,25770300.0,False,0.0,13:04:10
18900.0,100,-1050.0,-0.1,SD,10024700.0,25770100.0,False,0.0,13:04:10
18900.0,100,-1050.0,-0.1,SD,10024700.0,25770000.0,False,0.0,13:04:10
18900.0,5000,-1050.0,-0.1,SD,10024700.0,25769900.0,False,0.0,13:04:10
18900.0,100,-1050.0,-0.1,SD,10024700.0,25764900.0,False,0.0,13:04:10
18900.0,100,-1050.0,-0.1,SD,10024700.0,25764800.0,False,0.0,13:04:10
18900.0,92000,-1050.0,-0.1,SD,10024700.0,25764700.0,True,0.0,13:04:10
18900.0,200,-1050.0,-0.1,SD,10024700.0,25672700.0,False,-50.0,13:04:10
18950.0,500,-1000.0,-0.1,BU,10024700.0,25672500.0,False,50.0,13:04:09
18900.0,1000,-1050.0,-0.1,SD,10024200.0,25672500.0,False,0.0,13:04:09
18900.0,300,-1050.0,-0.1,SD,10024200.0,25671500.0,False,0.0,13:04:09
18900.0,100,-1050.0,-0.1,SD,10024200.0,25671200.0,False,0.0,13:04:08
18900.0,600,-1050.0,-0.1,SD,10024200.0,25671100.0,False,0.0,13:04:08
18900.0,100,-1050.0,-0.1,SD,10024200.0,25670500.0,False,0.0,13:04:07
18900.0,100,-1050.0,-0.1,SD,10024200.0,25670400.0,False,-50.0,13:04:07
18950.0,8000,-1000.0,-0.1,BU,10024200.0,25670300.0,False,50.0,13:04:06
18900.0,3000,-1050.0,-0.1,SD,10016200.0,25670300.0,False,-50.0,13:04:06
18950.0,500,-1000.0,-0.1,BU,10016200.0,25667300.0,False,0.0,13:04:05
18950.0,500,-1000.0,-0.1,BU,10015700.0,25667300.0,False,50.0,13:04:05
18900.0,300,-1050.0,-0.1,SD,10015200.0,25667300.0,False,0.0,13:04:04
18900.0,500,-1050.0,-0.1,SD,10015200.0,25667000.0,False,0.0,13:04:04
18900.0,1000,-1050.0,-0.1,SD,10015200.0,25666500.0,False,0.0,13:04:04
18900.0,200,-1050.0,-0.1,SD,10015200.0,25665500.0,False,0.0,13:04:04
18900.0,300,-1050.0,-0.1,SD,10015200.0,25665300.0,False,-50.0,13:04:04
18950.0,400,-1000.0,-0.1,BU,10015200.0,25665000.0,False,50.0,13:04:04
18900.0,200,-1050.0,-0.1,SD,10014800.0,25665000.0,False,0.0,13:04:02
18900.0,7000,-1050.0,-0.1,SD,10014800.0,25664800.0,False,0.0,13:04:02
18900.0,200,-1050.0,-0.1,SD,10014800.0,25657800.0,False,0.0,13:04:01
18900.0,100,-1050.0,-0.1,SD,10014800.0,25657600.0,False,0.0,13:04:00
18900.0,4000,-1050.0,-0.1,SD,10014800.0,25657500.0,False,-50.0,13:03:58
18950.0,2000,-1000.0,-0.1,BU,10014800.0,25653500.0,False,50.0,13:03:58
18900.0,5000,-1050.0,-0.1,SD,10012800.0,25653500.0,False,-50.0,13:03:56
18950.0,1000,-1000.0,-0.1,BU,10012800.0,25648500.0,False,50.0,13:03:56
18900.0,300,-1050.0,-0.1,SD,10011800.0,25648500.0,False,-50.0,13:03:56
18950.0,200,-1000.0,-0.1,BU,10011800.0,25648200.0,False,50.0,13:03:56
18900.0,100,-1050.0,-0.1,SD,10011600.0,25648200.0,False,0.0,13:03:54
18900.0,1700,-1050.0,-0.1,SD,10011600.0,25648100.0,False,-50.0,13:03:54
18950.0,1000,-1000.0,-0.1,BU,10011600.0,25646400.0,False,50.0,13:03:53
18900.0,300,-1050.0,-0.1,SD,10010600.0,25646400.0,False,0.0,13:03:52
18900.0,5000,-1050.0,-0.1,SD,10010600.0,25646100.0,False,0.0,13:03:52
18900.0,100,-1050.0,-0.1,SD,10010600.0,25641100.0,False,-50.0,13:03:52
18950.0,100,-1000.0,-0.1,BU,10010600.0,25641000.0,False,50.0,13:03:52
18900.0,100,-1050.0,-0.1,SD,10010500.0,25641000.0,False,0.0,13:03:52
18900.0,500,-1050.0,-0.1,SD,10010500.0,25640900.0,False,0.0,13:03:51
18900.0,1000,-1050.0,-0.1,SD,10010500.0,25640400.0,False,0.0,13:03:51
18900.0,5000,-1050.0,-0.1,SD,10010500.0,25639400.0,False,0.0,13:03:50
18900.0,6400,-1050.0,-0.1,SD,10010500.0,25634400.0,False,-50.0,13:03:49
18950.0,1300,-1000.0,-0.1,BU,10010500.0,25628000.0,False,50.0,13:03:49
18900.0,1000,-1050.0,-0.1,SD,10009200.0,25628000.0,False,0.0,13:03:49
18900.0,200,-1050.0,-0.1,SD,10009200.0,25627000.0,False,0.0,13:03:48
18900.0,1000,-1050.0,-0.1,SD,10009200.0,25626800.0,False,0.0,13:03:48
18900.0,2000,-1050.0,-0.1,SD,10009200.0,25625800.0,False,0.0,13:03:47
18900.0,1000,-1050.0,-0.1,SD,10009200.0,25623800.0,False,0.0,13:03:47
18900.0,700,-1050.0,-0.1,SD,10009200.0,25622800.0,False,0.0,13:03:47
18900.0,2000,-1050.0,-0.1,SD,10009200.0,25622100.0,False,0.0,13:03:45
18900.0,4000,-1050.0,-0.1,SD,10009200.0,25620100.0,False,0.0,13:03:44
18900.0,3900,-1050.0,-0.1,SD,10009200.0,25616100.0,False,0.0,13:03:44
18900.0,3000,-1050.0,-0.1,SD,10009200.0,25612200.0,False,0.0,13:03:43
18900.0,10000,-1050.0,-0.1,SD,10009200.0,25609200.0,False,0.0,13:03:43
18900.0,2800,-1050.0,-0.1,SD,10009200.0,25599200.0,False,0.0,13:03:43
18900.0,300,-1050.0,-0.1,SD,10009200.0,25596400.0,False,-50.0,13:03:40
18950.0,800,-1000.0,-0.1,BU,10009200.0,25596100.0,False,50.0,13:03:39
18900.0,400,-1050.0,-0.1,SD,10008400.0,25596100.0,False,0.0,13:03:38
18900.0,2000,-1050.0,-0.1,SD,10008400.0,25595700.0,False,0.0,13:03:38
18900.0,400,-1050.0,-0.1,SD,10008400.0,25593700.0,False,0.0,13:03:38
18900.0,100,-1050.0,-0.1,BU,10008400.0,25593300.0,False,0.0,13:03:37
18900.0,3000,-1050.0,-0.1,BU,10008300.0,25593300.0,False,0.0,13:03:37
18900.0,400,-1050.0,-0.1,BU,10005300.0,25593300.0,False,0.0,13:03:37
18900.0,500,-1050.0,-0.1,BU,10004900.0,25593300.0,False,0.0,13:03:37
18900.0,500,-1050.0,-0.1,BU,10004400.0,25593300.0,False,0.0,13:03:37
18900.0,900,-1050.0,-0.1,BU,10003900.0,25593300.0,False,0.0,13:03:37
18900.0,500,-1050.0,-0.1,BU,10003000.0,25593300.0,False,0.0,13:03:37
18900.0,2100,-1050.0,-0.1,BU,10002500.0,25593300.0,False,0.0,13:03:37
18900.0,500,-1050.0,-0.1,BU,10000400.0,25593300.0,False,0.0,13:03:37
18900.0,100,-1050.0,-0.1,BU,9999900.0,25593300.0,False,0.0,13:03:37
18900.0,5000,-1050.0,-0.1,BU,9999800.0,25593300.0,False,0.0,13:03:37
18900.0,15000,-1050.0,-0.1,BU,9994800.0,25593300.0,True,0.0,13:03:37
18900.0,200,-1050.0,-0.1,BU,9979800.0,25593300.0,False,0.0,13:03:37
18900.0,1000,-1050.0,-0.1,BU,9979600.0,25593300.0,False,0.0,13:03:37
18900.0,100,-1050.0,-0.1,BU,9978600.0,25593300.0,False,0.0,13:03:37
18900.0,500,-1050.0,-0.1,BU,9978500.0,25593300.0,False,0.0,13:03:36
18900.0,200,-1050.0,-0.1,BU,9978000.0,25593300.0,False,0.0,13:03:36
18900.0,3500,-1050.0,-0.1,BU,9977800.0,25593300.0,False,0.0,13:03:36
18900.0,100,-1050.0,-0.1,BU,9974300.0,25593300.0,False,50.0,13:03:36
18850.0,900,-1100.0,-0.1,SD,9974200.0,25593300.0,False,0.0,13:03:36
18850.0,13000,-1100.0,-0.1,SD,9974200.0,25592400.0,True,-50.0,13:03:35
18900.0,900,-1050.0,-0.1,BU,9974200.0,25579400.0,False,0.0,13:03:35
18900.0,100,-1050.0,-0.1,BU,9973300.0,25579400.0,False,0.0,13:03:35
18900.0,2000,-1050.0,-0.1,BU,9973200.0,25579400.0,False,0.0,13:03:34
18900.0,1000,-1050.0,-0.1,BU,9971200.0,25579400.0,False,0.0,13:03:34
18900.0,100,-1050.0,-0.1,BU,9970200.0,25579400.0,False,0.0,13:03:34
18900.0,1000,-1050.0,-0.1,BU,9970100.0,25579400.0,False,0.0,13:03:34
18900.0,200,-1050.0,-0.1,BU,9969100.0,25579400.0,False,0.0,13:03:33
18900.0,1000,-1050.0,-0.1,BU,9968900.0,25579400.0,False,0.0,13:03:33
18900.0,200,-1050.0,-0.1,BU,9967900.0,25579400.0,False,0.0,13:03:32
18900.0,2900,-1050.0,-0.1,BU,9967700.0,25579400.0,False,0.0,13:03:32
18900.0,1000,-1050.0,-0.1,BU,9964800.0,25579400.0,False,0.0,13:03:32
18900.0,400,-1050.0,-0.1,BU,9963800.0,25579400.0,False,0.0,13:03:32
18900.0,100,-1050.0,-0.1,BU,9963400.0,25579400.0,False,0.0,13:03:32
18900.0,600,-1050.0,-0.1,BU,9963300.0,25579400.0,False,0.0,13:03:32
18900.0,1400,-1050.0,-0.1,BU,9962700.0,25579400.0,False,0.0,13:03:32
18900.0,500,-1050.0,-0.1,BU,9961300.0,25579400.0,False,0.0,13:03:32
18900.0,3500,-1050.0,-0.1,BU,9960800.0,25579400.0,False,0.0,13:03:32
18900.0,300,-1050.0,-0.1,BU,9957300.0,25579400.0,False,0.0,13:03:32
18900.0,4300,-1050.0,-0.1,BU,9957000.0,25579400.0,False,0.0,13:03:32
18900.0,900,-1050.0,-0.1,BU,9952700.0,25579400.0,False,0.0,13:03:30
18900.0,1000,-1050.0,-0.1,BU,9951800.0,25579400.0,False,0.0,13:03:30
18900.0,100,-1050.0,-0.1,BU,9950800.0,25579400.0,False,50.0,13:03:30
18850.0,100,-1100.0,-0.1,SD,9950700.0,25579400.0,False,0.0,13:03:30
18850.0,5000,-1100.0,-0.1,SD,9950700.0,25579300.0,False,-50.0,13:03:30
18900.0,500,-1050.0,-0.1,BU,9950700.0,25574300.0,False,0.0,13:03:29
18900.0,1000,-1050.0,-0.1,BU,9950200.0,25574300.0,False,0.0,13:03:29
18900.0,1000,-1050.0,-0.1,BU,9949200.0,25574300.0,False,0.0,13:03:29
18900.0,1000,-1050.0,-0.1,BU,9948200.0,25574300.0,False,0.0,13:03:29
18900.0,100,-1050.0,-0.1,BU,9947200.0,25574300.0,False,0.0,13:03:29
18900.0,1600,-1050.0,-0.1,BU,9947100.0,25574300.0,False,0.0,13:03:27
18900.0,200,-1050.0,-0.1,BU,9945500.0,25574300.0,False,0.0,13:03:27
18900.0,700,-1050.0,-0.1,BU,9945300.0,25574300.0,False,0.0,13:03:27
18900.0,1700,-1050.0,-0.1,BU,9944600.0,25574300.0,False,0.0,13:03:27
18900.0,100,-1050.0,-0.1,BU,9942900.0,25574300.0,False,0.0,13:03:26
18900.0,500,-1050.0,-0.1,BU,9942800.0,25574300.0,False,0.0,13:03:26
18900.0,5700,-1050.0,-0.1,BU,9942300.0,25574300.0,False,0.0,13:03:26
18900.0,4300,-1050.0,-0.1,BU,9936600.0,25574300.0,False,0.0,13:03:26
18900.0,2000,-1050.0,-0.1,BU,9932300.0,25574300.0,False,0.0,13:03:26
18900.0,500,-1050.0,-0.1,BU,9930300.0,25574300.0,False,0.0,13:03:25
18900.0,1000,-1050.0,-0.1,BU,9929800.0,25574300.0,False,0.0,13:03:25
18900.0,2000,-1050.0,-0.1,BU,9928800.0,25574300.0,False,0.0,13:03:25
18900.0,1900,-1050.0,-0.1,BU,9926800.0,25574300.0,False,0.0,13:03:25
18900.0,200,-1050.0,-0.1,BU,9924900.0,25574300.0,False,0.0,13:03:25
18900.0,200,-1050.0,-0.1,BU,9924700.0,25574300.0,False,0.0,13:03:25
18900.0,100,-1050.0,-0.1,BU,9924500.0,25574300.0,False,0.0,13:03:25
18900.0,300,-1050.0,-0.1,BU,9924400.0,25574300.0,False,0.0,13:03:25
18900.0,500,-1050.0,-0.1,BU,9924100.0,25574300.0,False,0.0,13:03:25
18900.0,800,-1050.0,-0.1,BU,9923600.0,25574300.0,False,50.0,13:03:25
18850.0,6500,-1100.0,-0.1,SD,9922800.0,25574300.0,False,-50.0,13:03:25
18900.0,100,-1050.0,-0.1,BU,9922800.0,25567800.0,False,50.0,13:03:24
18850.0,6500,-1100.0,-0.1,SD,9922700.0,25567800.0,False,-50.0,13:03:24
18900.0,10000,-1050.0,-0.1,BU,9922700.0,25561300.0,False,0.0,13:03:23
18900.0,900,-1050.0,-0.1,BU,9912700.0,25561300.0,False,0.0,13:03:23
18900.0,1500,-1050.0,-0.1,BU,9911800.0,25561300.0,False,0.0,13:03:22
18900.0,100,-1050.0,-0.1,BU,9910300.0,25561300.0,False,0.0,13:03:22
18900.0,400,-1050.0,-0.1,BU,9910200.0,25561300.0,False,0.0,13:03:22
18900.0,11000,-1050.0,-0.1,BU,9909800.0,25561300.0,True,0.0,13:03:21
18900.0,2800,-1050.0,-0.1,BU,9898800.0,25561300.0,False,0.0,13:03:20
18900.0,500,-1050.0,-0.1,BU,9896000.0,25561300.0,False,0.0,13:03:20
18900.0,1000,-1050.0,-0.1,BU,9895500.0,25561300.0,False,0.0,13:03:20
18900.0,500,-1050.0,-0.1,BU,9894500.0,25561300.0,False,0.0,13:03:20
18900.0,200,-1050.0,-0.1,BU,9894000.0,25561300.0,False,0.0,13:03:19
18900.0,5000,-1050.0,-0.1,BU,9893800.0,25561300.0,False,0.0,13:03:19
18900.0,25000,-1050.0,-0.1,BU,9888800.0,25561300.0,True,0.0,13:03:19
18900.0,100,-1050.0,-0.1,BU,9863800.0,25561300.0,False,50.0,13:03:17
18850.0,200,-1100.0,-0.1,SD,9863700.0,25561300.0,False,-50.0,13:03:17
18900.0,100,-1050.0,-0.1,BU,9863700.0,25561100.0,False,0.0,13:03:17
18900.0,1000,-1050.0,-0.1,BU,9863600.0,25561100.0,False,0.0,13:03:17
18900.0,100,-1050.0,-0.1,BU,9862600.0,25561100.0,False,50.0,13:03:17
18850.0,4000,-1100.0,-0.1,SD,9862500.0,25561100.0,False,-50.0,13:03:17
18900.0,100,-1050.0,-0.1,BU,9862500.0,25557100.0,False,0.0,13:03:16
18900.0,3600,-1050.0,-0.1,BU,9862400.0,25557100.0,False,0.0,13:03:16
18900.0,100,-1050.0,-0.1,BU,9858800.0,25557100.0,False,0.0,13:03:14
18900.0,300,-1050.0,-0.1,BU,9858700.0,25557100.0,False,50.0,13:03:14
18850.0,1000,-1100.0,-0.1,SD,9858400.0,25557100.0,False,-50.0,13:03:14
18900.0,600,-1050.0,-0.1,SD,9858400.0,25556100.0,False,0.0,13:03:14
18900.0,500,-1050.0,-0.1,SD,9858400.0,25555500.0,False,0.0,13:03:14
18900.0,100,-1050.0,-0.1,SD,9858400.0,25555000.0,False,0.0,13:03:14
18900.0,5000,-1050.0,-0.1,SD,9858400.0,25554900.0,False,0.0,13:03:14
18900.0,4500,-1050.0,-0.1,SD,9858400.0,25549900.0,False,0.0,13:03:14
18900.0,2800,-1050.0,-0.1,SD,9858400.0,25545400.0,False,0.0,13:03:13
18900.0,500,-1050.0,-0.1,SD,9858400.0,25542600.0,False,0.0,13:03:13
18900.0,10000,-1050.0,-0.1,SD,9858400.0,25542100.0,False,0.0,13:03:13
18900.0,10000,-1050.0,-0.1,BU,9858400.0,25532100.0,False,0.0,13:03:12
18900.0,9000,-1050.0,-0.1,BU,9848400.0,25532100.0,False,0.0,13:03:12
18900.0,500,-1050.0,-0.1,BU,9839400.0,25532100.0,False,0.0,13:03:12
18900.0,500,-1050.0,-0.1,BU,9838900.0,25532100.0,False,0.0,13:03:12
18900.0,2000,-1050.0,-0.1,BU,9838400.0,25532100.0,False,0.0,13:03:12
18900.0,300,-1050.0,-0.1,BU,9836400.0,25532100.0,False,0.0,13:03:12
18900.0,1000,-1050.0,-0.1,BU,9836100.0,25532100.0,False,0.0,13:03:12
18900.0,1000,-1050.0,-0.1,BU,9835100.0,25532100.0,False,0.0,13:03:12
18900.0,500,-1050.0,-0.1,BU,9834100.0,25532100.0,False,0.0,13:03:12
18900.0,100,-1050.0,-0.1,BU,9833600.0,25532100.0,False,0.0,13:03:12
18900.0,500,-1050.0,-0.1,BU,9833500.0,25532100.0,False,0.0,13:03:12
18900.0,100,-1050.0,-0.1,BU,9833000.0,25532100.0,False,0.0,13:03:12
18900.0,3000,-1050.0,-0.1,BU,9832900.0,25532100.0,False,0.0,13:03:12
18900.0,2100,-1050.0,-0.1,BU,9829900.0,25532100.0,False,0.0,13:03:12
18900.0,500,-1050.0,-0.1,BU,9827800.0,25532100.0,False,0.0,13:03:12
18900.0,1000,-1050.0,-0.1,BU,9827300.0,25532100.0,False,0.0,13:03:12
18900.0,2500,-1050.0,-0.1,BU,9826300.0,25532100.0,False,0.0,13:03:12
18900.0,5900,-1050.0,-0.1,BU,9823800.0,25532100.0,False,0.0,13:03:12
18900.0,700,-1050.0,-0.1,BU,9817900.0,25532100.0,False,0.0,13:03:12
18900.0,200,-1050.0,-0.1,BU,9817200.0,25532100.0,False,0.0,13:03:12
18900.0,1000,-1050.0,-0.1,BU,9817000.0,25532100.0,False,0.0,13:03:12
18900.0,2000,-1050.0,-0.1,BU,9816000.0,25532100.0,False,0.0,13:03:12
18900.0,1000,-1050.0,-0.1,BU,9814000.0,25532100.0,False,0.0,13:03:12
18900.0,5000,-1050.0,-0.1,BU,9813000.0,25532100.0,False,0.0,13:03:12
18900.0,1000,-1050.0,-0.1,BU,9808000.0,25532100.0,False,0.0,13:03:12
18900.0,5000,-1050.0,-0.1,BU,9807000.0,25532100.0,False,0.0,13:03:12
18900.0,1900,-1050.0,-0.1,BU,9802000.0,25532100.0,False,0.0,13:03:12
18900.0,200,-1050.0,-0.1,BU,9800100.0,25532100.0,False,0.0,13:03:12
18900.0,300,-1050.0,-0.1,BU,9799900.0,25532100.0,False,0.0,13:03:12
18900.0,1500,-1050.0,-0.1,BU,9799600.0,25532100.0,False,0.0,13:03:12
18900.0,400,-1050.0,-0.1,BU,9798100.0,25532100.0,False,0.0,13:03:12
18900.0,1000,-1050.0,-0.1,BU,9797700.0,25532100.0,False,0.0,13:03:12
18900.0,200,-1050.0,-0.1,BU,9796700.0,25532100.0,False,0.0,13:03:12
18900.0,5000,-1050.0,-0.1,BU,9796500.0,25532100.0,False,0.0,13:03:12
18900.0,3000,-1050.0,-0.1,BU,9791500.0,25532100.0,False,0.0,13:03:12
18900.0,100,-1050.0,-0.1,BU,9788500.0,25532100.0,False,0.0,13:03:12
18900.0,1000,-1050.0,-0.1,BU,9788400.0,25532100.0,False,0.0,13:03:12
18900.0,300,-1050.0,-0.1,BU,9787400.0,25532100.0,False,0.0,13:03:12
18900.0,10900,-1050.0,-0.1,BU,9787100.0,25532100.0,True,0.0,13:03:12
18900.0,50000,-1050.0,-0.1,BU,9776200.0,25532100.0,True,0.0,13:03:11
18900.0,1500,-1050.0,-0.1,BU,9726200.0,25532100.0,False,0.0,13:03:11
18900.0,20000,-1050.0,-0.1,BU,9724700.0,25532100.0,True,50.0,13:03:11
18850.0,2000,-1100.0,-0.1,SD,9704700.0,25532100.0,False,0.0,13:03:10
18850.0,1000,-1100.0,-0.1,SD,9704700.0,25530100.0,False,-50.0,13:03:10
18900.0,200,-1050.0,-0.1,BU,9704700.0,25529100.0,False,0.0,13:03:10
18900.0,100,-1050.0,-0.1,BU,9704500.0,25529100.0,False,0.0,13:03:10
18900.0,1000,-1050.0,-0.1,BU,9704400.0,25529100.0,False,0.0,13:03:08
18900.0,100,-1050.0,-0.1,BU,9703400.0,25529100.0,False,0.0,13:03:08
18900.0,1000,-1050.0,-0.1,BU,9703300.0,25529100.0,False,0.0,13:03:06
18900.0,5000,-1050.0,-0.1,BU,9702300.0,25529100.0,False,50.0,13:03:05
18850.0,500,-1100.0,-0.1,SD,9697300.0,25529100.0,False,0.0,13:03:04
18850.0,2000,-1100.0,-0.1,SD,9697300.0,25528600.0,False,-50.0,13:03:04
18900.0,200,-1050.0,-0.1,BU,9697300.0,25526600.0,False,0.0,13:03:03
18900.0,1500,-1050.0,-0.1,BU,9697100.0,25526600.0,False,50.0,13:03:02
18850.0,400,-1100.0,-0.1,SD,9695600.0,25526600.0,False,-50.0,13:03:02
18900.0,500,-1050.0,-0.1,BU,9695600.0,25526200.0,False,50.0,13:03:01
18850.0,20000,-1100.0,-0.1,SD,9695100.0,25526200.0,True,-50.0,13:03:01
18900.0,100,-1050.0,-0.1,BU,9695100.0,25506200.0,False,50.0,13:02:59
18850.0,600,-1100.0,-0.1,SD,9695000.0,25506200.0,False,-50.0,13:02:58
18900.0,200,-1050.0,-0.1,BU,9695000.0,25505600.0,False,50.0,13:02:58
18850.0,100,-1100.0,-0.1,SD,9694800.0,25505600.0,False,-50.0,13:02:57
18900.0,200,-1050.0,-0.1,BU,9694800.0,25505500.0,False,0.0,13:02:56
18900.0,100,-1050.0,-0.1,BU,9694600.0,25505500.0,False,0.0,13:02:56
18900.0,500,-1050.0,-0.1,BU,9694500.0,25505500.0,False,50.0,13:02:56
18850.0,1100,-1100.0,-0.1,SD,9694000.0,25505500.0,False,-50.0,13:02:56
18900.0,100,-1050.0,-0.1,BU,9694000.0,25504400.0,False,0.0,13:02:55
18900.0,100,-1050.0,-0.1,BU,9693900.0,25504400.0,False,0.0,13:02:55
18900.0,400,-1050.0,-0.1,BU,9693800.0,25504400.0,False,50.0,13:02:54
18850.0,300,-1100.0,-0.1,SD,9693400.0,25504400.0,False,0.0,13:02:52
18850.0,500,-1100.0,-0.1,SD,9693400.0,25504100.0,False,0.0,13:02:51
18850.0,6600,-1100.0,-0.1,SD,9693400.0,25503600.0,False,0.0,13:02:51
18850.0,200,-1100.0,-0.1,SD,9693400.0,25497000.0,False,0.0,13:02:51
18850.0,3000,-1100.0,-0.1,SD,9693400.0,25496800.0,False,0.0,13:02:51
18850.0,100,-1100.0,-0.1,SD,9693400.0,25493800.0,False,0.0,13:02:51
18850.0,100,-1100.0,-0.1,SD,9693400.0,25493700.0,False,-50.0,13:02:51
18900.0,4500,-1050.0,-0.1,SD,9693400.0,25493600.0,False,0.0,13:02:51
18900.0,100,-1050.0,-0.1,SD,9693400.0,25489100.0,False,0.0,13:02:51
18900.0,500,-1050.0,-0.1,SD,9693400.0,25489000.0,False,0.0,13:02:51
18900.0,200,-1050.0,-0.1,SD,9693400.0,25488500.0,False,0.0,13:02:51
18900.0,200,-1050.0,-0.1,SD,9693400.0,25488300.0,False,0.0,13:02:51
18900.0,500,-1050.0,-0.1,SD,9693400.0,25488100.0,False,0.0,13:02:51
18900.0,100,-1050.0,-0.1,SD,9693400.0,25487600.0,False,0.0,13:02:51
18900.0,100,-1050.0,-0.1,SD,9693400.0,25487500.0,False,0.0,13:02:51
18900.0,200,-1050.0,-0.1,SD,9693400.0,25487400.0,False,0.0,13:02:51
18900.0,600,-1050.0,-0.1,SD,9693400.0,25487200.0,False,0.0,13:02:51
18900.0,1900,-1050.0,-0.1,SD,9693400.0,25486600.0,False,0.0,13:02:51
18900.0,3600,-1050.0,-0.1,SD,9693400.0,25484700.0,False,0.0,13:02:51
18900.0,1400,-1050.0,-0.1,SD,9693400.0,25481100.0,False,0.0,13:02:51
18900.0,200,-1050.0,-0.1,SD,9693400.0,25479700.0,False,0.0,13:02:51
18900.0,1400,-1050.0,-0.1,SD,9693400.0,25479500.0,False,0.0,13:02:51
18900.0,1000,-1050.0,-0.1,SD,9693400.0,25478100.0,False,0.0,13:02:51
18900.0,500,-1050.0,-0.1,SD,9693400.0,25477100.0,False,0.0,13:02:51
18900.0,1000,-1050.0,-0.1,SD,9693400.0,25476600.0,False,0.0,13:02:51
18900.0,200,-1050.0,-0.1,SD,9693400.0,25475600.0,False,0.0,13:02:51
18900.0,5900,-1050.0,-0.1,SD,9693400.0,25475400.0,False,0.0,13:02:51
18900.0,7000,-1050.0,-0.1,SD,9693400.0,25469500.0,False,0.0,13:02:50
18900.0,500,-1050.0,-0.1,SD,9693400.0,25462500.0,False,0.0,13:02:50
18900.0,1100,-1050.0,-0.1,SD,9693400.0,25462000.0,False,0.0,13:02:50
18900.0,5000,-1050.0,-0.1,SD,9693400.0,25460900.0,False,0.0,13:02:50
18900.0,500,-1050.0,-0.1,SD,9693400.0,25455900.0,False,0.0,13:02:50
18900.0,4000,-1050.0,-0.1,SD,9693400.0,25455400.0,False,0.0,13:02:50
18900.0,300,-1050.0,-0.1,SD,9693400.0,25451400.0,False,0.0,13:02:50
18900.0,1000,-1050.0,-0.1,SD,9693400.0,25451100.0,False,0.0,13:02:50
18900.0,100,-1050.0,-0.1,SD,9693400.0,25450100.0,False,0.0,13:02:50
18900.0,100,-1050.0,-0.1,SD,9693400.0,25450000.0,False,0.0,13:02:50
18900.0,100,-1050.0,-0.1,SD,9693400.0,25449900.0,False,0.0,13:02:50
18900.0,500,-1050.0,-0.1,SD,9693400.0,25449800.0,False,0.0,13:02:50
18900.0,200,-1050.0,-0.1,SD,9693400.0,25449300.0,False,0.0,13:02:50
18900.0,300,-1050.0,-0.1,SD,9693400.0,25449100.0,False,0.0,13:02:50
18900.0,100,-1050.0,-0.1,SD,9693400.0,25448800.0,False,0.0,13:02:50
18900.0,100,-1050.0,-0.1,SD,9693400.0,25448700.0,False,0.0,13:02:50
18900.0,400,-1050.0,-0.1,SD,9693400.0,25448600.0,False,0.0,13:02:50
18900.0,100,-1050.0,-0.1,SD,9693400.0,25448200.0,False,0.0,13:02:50
18900.0,100,-1050.0,-0.1,SD,9693400.0,25448100.0,False,0.0,13:02:50
18900.0,1000,-1050.0,-0.1,SD,9693400.0,25448000.0,False,0.0,13:02:50
18900.0,500,-1050.0,-0.1,SD,9693400.0,25447000.0,False,0.0,13:02:50
18900.0,100,-1050.0,-0.1,SD,9693400.0,25446500.0,False,0.0,13:02:50
18900.0,200,-1050.0,-0.1,SD,9693400.0,25446400.0,False,0.0,13:02:50
18900.0,500,-1050.0,-0.1,SD,9693400.0,25446200.0,False,0.0,13:02:50
18900.0,100,-1050.0,-0.1,SD,9693400.0,25445700.0,False,0.0,13:02:50
18900.0,200,-1050.0,-0.1,SD,9693400.0,25445600.0,False,0.0,13:02:50
18900.0,1000,-1050.0,-0.1,SD,9693400.0,25445400.0,False,0.0,13:02:50
18900.0,500,-1050.0,-0.1,SD,9693400.0,25444400.0,False,0.0,13:02:50
18900.0,5000,-1050.0,-0.1,SD,9693400.0,25443900.0,False,0.0,13:02:50
18900.0,100,-1050.0,-0.1,SD,9693400.0,25438900.0,False,0.0,13:02:50
18900.0,100,-1050.0,-0.1,SD,9693400.0,25438800.0,False,0.0,13:02:50
18900.0,500,-1050.0,-0.1,SD,9693400.0,25438700.0,False,0.0,13:02:50
18900.0,300,-1050.0,-0.1,SD,9693400.0,25438200.0,False,0.0,13:02:50
18900.0,100,-1050.0,-0.1,SD,9693400.0,25437900.0,False,0.0,13:02:50
18900.0,100,-1050.0,-0.1,SD,9693400.0,25437800.0,False,0.0,13:02:50
18900.0,200,-1050.0,-0.1,SD,9693400.0,25437700.0,False,0.0,13:02:50
18900.0,10000,-1050.0,-0.1,SD,9693400.0,25437500.0,False,0.0,13:02:50
18900.0,200,-1050.0,-0.1,SD,9693400.0,25427500.0,False,0.0,13:02:50
18900.0,300,-1050.0,-0.1,SD,9693400.0,25427300.0,False,0.0,13:02:50
18900.0,5000,-1050.0,-0.1,SD,9693400.0,25427000.0,False,0.0,13:02:49
18900.0,300,-1050.0,-0.1,SD,9693400.0,25422000.0,False,0.0,13:02:49
18900.0,100,-1050.0,-0.1,SD,9693400.0,25421700.0,False,0.0,13:02:49
18900.0,100,-1050.0,-0.1,SD,9693400.0,25421600.0,False,0.0,13:02:49
18900.0,700,-1050.0,-0.1,SD,9693400.0,25421500.0,False,0.0,13:02:49
18900.0,100,-1050.0,-0.1,SD,9693400.0,25420800.0,False,0.0,13:02:49
18900.0,100,-1050.0,-0.1,SD,9693400.0,25420700.0,False,0.0,13:02:49
18900.0,800,-1050.0,-0.1,SD,9693400.0,25420600.0,False,0.0,13:02:49
18900.0,200,-1050.0,-0.1,SD,9693400.0,25419800.0,False,0.0,13:02:49
18900.0,200,-1050.0,-0.1,SD,9693400.0,25419600.0,False,0.0,13:02:49
18900.0,100,-1050.0,-0.1,SD,9693400.0,25419400.0,False,0.0,13:02:49
18900.0,700,-1050.0,-0.1,SD,9693400.0,25419300.0,False,0.0,13:02:49
18900.0,300,-1050.0,-0.1,SD,9693400.0,25418600.0,False,0.0,13:02:49
18900.0,300,-1050.0,-0.1,SD,9693400.0,25418300.0,False,0.0,13:02:49
18900.0,700,-1050.0,-0.1,SD,9693400.0,25418000.0,False,0.0,13:02:49
18900.0,1300,-1050.0,-0.1,SD,9693400.0,25417300.0,False,-50.0,13:02:49
18950.0,100,-1000.0,-0.1,BU,9693400.0,25416000.0,False,50.0,13:02:49
18900.0,500,-1050.0,-0.1,SD,9693300.0,25416000.0,False,0.0,13:02:48
18900.0,100,-1050.0,-0.1,SD,9693300.0,25415500.0,False,0.0,13:02:48
18900.0,100,-1050.0,-0.1,SD,9693300.0,25415400.0,False,0.0,13:02:48
18900.0,300,-1050.0,-0.1,SD,9693300.0,25415300.0,False,0.0,13:02:48
18900.0,100,-1050.0,-0.1,SD,9693300.0,25415000.0,False,0.0,13:02:48
18900.0,100,-1050.0,-0.1,SD,9693300.0,25414900.0,False,0.0,13:02:48
18900.0,500,-1050.0,-0.1,SD,9693300.0,25414800.0,False,0.0,13:02:48
18900.0,100,-1050.0,-0.1,SD,9693300.0,25414300.0,False,0.0,13:02:48
18900.0,100,-1050.0,-0.1,SD,9693300.0,25414200.0,False,0.0,13:02:48
18900.0,100,-1050.0,-0.1,SD,9693300.0,25414100.0,False,0.0,13:02:48
18900.0,500,-1050.0,-0.1,SD,9693300.0,25414000.0,False,0.0,13:02:48
18900.0,2600,-1050.0,-0.1,SD,9693300.0,25413500.0,False,0.0,13:02:48
18900.0,100,-1050.0,-0.1,SD,9693300.0,25410900.0,False,0.0,13:02:48
18900.0,100,-1050.0,-0.1,SD,9693300.0,25410800.0,False,0.0,13:02:48
18900.0,200,-1050.0,-0.1,SD,9693300.0,25410700.0,False,0.0,13:02:48
18900.0,900,-1050.0,-0.1,SD,9693300.0,25410500.0,False,0.0,13:02:48
18900.0,500,-1050.0,-0.1,SD,9693300.0,25409600.0,False,0.0,13:02:48
18900.0,2000,-1050.0,-0.1,SD,9693300.0,25409100.0,False,0.0,13:02:48
18900.0,100,-1050.0,-0.1,SD,9693300.0,25407100.0,False,0.0,13:02:48
18900.0,1000,-1050.0,-0.1,SD,9693300.0,25407000.0,False,0.0,13:02:48
18900.0,200,-1050.0,-0.1,SD,9693300.0,25406000.0,False,0.0,13:02:48
18900.0,2000,-1050.0,-0.1,SD,9693300.0,25405800.0,False,0.0,13:02:48
18900.0,100,-1050.0,-0.1,SD,9693300.0,25403800.0,False,0.0,13:02:48
18900.0,600,-1050.0,-0.1,SD,9693300.0,25403700.0,False,0.0,13:02:48
18900.0,200,-1050.0,-0.1,SD,9693300.0,25403100.0,False,0.0,13:02:48
18900.0,200,-1050.0,-0.1,SD,9693300.0,25402900.0,False,0.0,13:02:48
18900.0,100,-1050.0,-0.1,SD,9693300.0,25402700.0,False,0.0,13:02:48
18900.0,1000,-1050.0,-0.1,SD,9693300.0,25402600.0,False,0.0,13:02:48
18900.0,100,-1050.0,-0.1,SD,9693300.0,25401600.0,False,0.0,13:02:48
18900.0,4000,-1050.0,-0.1,SD,9693300.0,25401500.0,False,0.0,13:02:48
18900.0,500,-1050.0,-0.1,SD,9693300.0,25397500.0,False,0.0,13:02:48
18900.0,500,-1050.0,-0.1,SD,9693300.0,25397000.0,False,0.0,13:02:48
18900.0,1000,-1050.0,-0.1,SD,9693300.0,25396500.0,False,0.0,13:02:48
18900.0,200,-1050.0,-0.1,SD,9693300.0,25395500.0,False,0.0,13:02:48
18900.0,100,-1050.0,-0.1,SD,9693300.0,25395300.0,False,0.0,13:02:48
18900.0,200,-1050.0,-0.1,SD,9693300.0,25395200.0,False,0.0,13:02:48
18900.0,300,-1050.0,-0.1,SD,9693300.0,25395000.0,False,0.0,13:02:48
18900.0,500,-1050.0,-0.1,SD,9693300.0,25394700.0,False,0.0,13:02:48
18900.0,100,-1050.0,-0.1,SD,9693300.0,25394200.0,False,0.0,13:02:48
18900.0,100,-1050.0,-0.1,SD,9693300.0,25394100.0,False,0.0,13:02:48
18900.0,500,-1050.0,-0.1,SD,9693300.0,25394000.0,False,0.0,13:02:48
18900.0,200,-1050.0,-0.1,SD,9693300.0,25393500.0,False,0.0,13:02:48
18900.0,300,-1050.0,-0.1,SD,9693300.0,25393300.0,False,0.0,13:02:48
18900.0,600,-1050.0,-0.1,SD,9693300.0,25393000.0,False,0.0,13:02:48
18900.0,300,-1050.0,-0.1,SD,9693300.0,25392400.0,False,0.0,13:02:48
18900.0,1000,-1050.0,-0.1,SD,9693300.0,25392100.0,False,0.0,13:02:48
18900.0,2500,-1050.0,-0.1,SD,9693300.0,25391100.0,False,0.0,13:02:48
18900.0,100,-1050.0,-0.1,SD,9693300.0,25388600.0,False,0.0,13:02:48
18900.0,100,-1050.0,-0.1,SD,9693300.0,25388500.0,False,0.0,13:02:48
18900.0,500,-1050.0,-0.1,SD,9693300.0,25388400.0,False,0.0,13:02:48
18900.0,700,-1050.0,-0.1,SD,9693300.0,25387900.0,False,0.0,13:02:48
18900.0,500,-1050.0,-0.1,SD,9693300.0,25387200.0,False,0.0,13:02:48
18900.0,1000,-1050.0,-0.1,SD,9693300.0,25386700.0,False,0.0,13:02:48
18900.0,2200,-1050.0,-0.1,SD,9693300.0,25385700.0,False,0.0,13:02:48
18900.0,2000,-1050.0,-0.1,SD,9693300.0,25383500.0,False,0.0,13:02:48
18900.0,800,-1050.0,-0.1,SD,9693300.0,25381500.0,False,0.0,13:02:48
18900.0,500,-1050.0,-0.1,SD,9693300.0,25380700.0,False,0.0,13:02:48
18900.0,100,-1050.0,-0.1,SD,9693300.0,25380200.0,False,0.0,13:02:48
18900.0,500,-1050.0,-0.1,SD,9693300.0,25380100.0,False,0.0,13:02:48
18900.0,1000,-1050.0,-0.1,SD,9693300.0,25379600.0,False,0.0,13:02:48
18900.0,5000,-1050.0,-0.1,SD,9693300.0,25378600.0,False,0.0,13:02:48
18900.0,400,-1050.0,-0.1,SD,9693300.0,25373600.0,False,0.0,13:02:48
18900.0,500,-1050.0,-0.1,SD,9693300.0,25373200.0,False,0.0,13:02:48
18900.0,100,-1050.0,-0.1,SD,9693300.0,25372700.0,False,0.0,13:02:48
18900.0,100,-1050.0,-0.1,SD,9693300.0,25372600.0,False,0.0,13:02:48
18900.0,200,-1050.0,-0.1,SD,9693300.0,25372500.0,False,0.0,13:02:47
18900.0,100,-1050.0,-0.1,SD,9693300.0,25372300.0,False,0.0,13:02:47
18900.0,2600,-1050.0,-0.1,SD,9693300.0,25372200.0,False,0.0,13:02:47
18900.0,300,-1050.0,-0.1,SD,9693300.0,25369600.0,False,0.0,13:02:47
18900.0,100,-1050.0,-0.1,SD,9693300.0,25369300.0,False,0.0,13:02:47
18900.0,1000,-1050.0,-0.1,SD,9693300.0,25369200.0,False,0.0,13:02:47
18900.0,500,-1050.0,-0.1,SD,9693300.0,25368200.0,False,0.0,13:02:47
18900.0,400,-1050.0,-0.1,SD,9693300.0,25367700.0,False,0.0,13:02:47
18900.0,500,-1050.0,-0.1,SD,9693300.0,25367300.0,False,0.0,13:02:47
18900.0,1000,-1050.0,-0.1,SD,9693300.0,25366800.0,False,0.0,13:02:47
18900.0,100,-1050.0,-0.1,SD,9693300.0,25365800.0,False,0.0,13:02:47
18900.0,300,-1050.0,-0.1,SD,9693300.0,25365700.0,False,0.0,13:02:47
18900.0,5200,-1050.0,-0.1,SD,9693300.0,25365400.0,False,0.0,13:02:47
18900.0,500,-1050.0,-0.1,SD,9693300.0,25360200.0,False,0.0,13:02:47
18900.0,100,-1050.0,-0.1,SD,9693300.0,25359700.0,False,0.0,13:02:47
18900.0,300,-1050.0,-0.1,SD,9693300.0,25359600.0,False,0.0,13:02:47
18900.0,3000,-1050.0,-0.1,SD,9693300.0,25359300.0,False,0.0,13:02:47
18900.0,100,-1050.0,-0.1,SD,9693300.0,25356300.0,False,0.0,13:02:47
18900.0,100,-1050.0,-0.1,SD,9693300.0,25356200.0,False,0.0,13:02:47
18900.0,1000,-1050.0,-0.1,SD,9693300.0,25356100.0,False,0.0,13:02:47
18900.0,500,-1050.0,-0.1,SD,9693300.0,25355100.0,False,0.0,13:02:47
18900.0,200,-1050.0,-0.1,SD,9693300.0,25354600.0,False,0.0,13:02:47
18900.0,500,-1050.0,-0.1,SD,9693300.0,25354400.0,False,0.0,13:02:47
18900.0,100,-1050.0,-0.1,SD,9693300.0,25353900.0,False,0.0,13:02:47
18900.0,5000,-1050.0,-0.1,SD,9693300.0,25353800.0,False,0.0,13:02:47
18900.0,17300,-1050.0,-0.1,SD,9693300.0,25348800.0,True,0.0,13:02:47
18900.0,40000,-1050.0,-0.1,SD,9693300.0,25331500.0,True,0.0,13:02:47
18900.0,2000,-1050.0,-0.1,SD,9693300.0,25291500.0,False,0.0,13:02:46
18900.0,6000,-1050.0,-0.1,SD,9693300.0,25289500.0,False,0.0,13:02:46
18900.0,400,-1050.0,-0.1,SD,9693300.0,25283500.0,False,0.0,13:02:46
18900.0,2000,-1050.0,-0.1,SD,9693300.0,25283100.0,False,-50.0,13:02:46
18950.0,100,-1000.0,-0.1,BU,9693300.0,25281100.0,False,50.0,13:02:46
18900.0,1000,-1050.0,-0.1,SD,9693200.0,25281100.0,False,0.0,13:02:46
18900.0,3000,-1050.0,-0.1,SD,9693200.0,25280100.0,False,0.0,13:02:45
18900.0,1300,-1050.0,-0.1,SD,9693200.0,25277100.0,False,0.0,13:02:45
18900.0,500,-1050.0,-0.1,SD,9693200.0,25275800.0,False,0.0,13:02:45
18900.0,500,-1050.0,-0.1,SD,9693200.0,25275300.0,False,0.0,13:02:45
18900.0,2500,-1050.0,-0.1,SD,9693200.0,25274800.0,False,0.0,13:02:45
18900.0,700,-1050.0,-0.1,SD,9693200.0,25272300.0,False,-50.0,13:02:45
18950.0,200,-1000.0,-0.1,BU,9693200.0,25271600.0,False,50.0,13:02:45
18900.0,200,-1050.0,-0.1,SD,9693000.0,25271600.0,False,0.0,13:02:44
18900.0,500,-1050.0,-0.1,SD,9693000.0,25271400.0,False,0.0,13:02:44
18900.0,1600,-1050.0,-0.1,SD,9693000.0,25270900.0,False,0.0,13:02:44
18900.0,100,-1050.0,-0.1,SD,9693000.0,25269300.0,False,0.0,13:02:44
18900.0,200,-1050.0,-0.1,SD,9693000.0,25269200.0,False,0.0,13:02:44
18900.0,100,-1050.0,-0.1,SD,9693000.0,25269000.0,False,0.0,13:02:44
18900.0,200,-1050.0,-0.1,SD,9693000.0,25268900.0,False,0.0,13:02:44
18900.0,100,-1050.0,-0.1,SD,9693000.0,25268700.0,False,0.0,13:02:44
18900.0,1000,-1050.0,-0.1,SD,9693000.0,25268600.0,False,0.0,13:02:44
18900.0,200,-1050.0,-0.1,SD,9693000.0,25267600.0,False,0.0,13:02:44
18900.0,400,-1050.0,-0.1,SD,9693000.0,25267400.0,False,0.0,13:02:44
18900.0,1900,-1050.0,-0.1,SD,9693000.0,25267000.0,False,0.0,13:02:44
18900.0,100,-1050.0,-0.1,SD,9693000.0,25265100.0,False,0.0,13:02:44
18900.0,200,-1050.0,-0.1,SD,9693000.0,25265000.0,False,0.0,13:02:44
18900.0,500,-1050.0,-0.1,SD,9693000.0,25264800.0,False,0.0,13:02:44
18900.0,1000,-1050.0,-0.1,SD,9693000.0,25264300.0,False,0.0,13:02:44
18900.0,300,-1050.0,-0.1,SD,9693000.0,25263300.0,False,0.0,13:02:44
18900.0,8600,-1050.0,-0.1,SD,9693000.0,25263000.0,False,0.0,13:02:44
18900.0,1000,-1050.0,-0.1,SD,9693000.0,25254400.0,False,0.0,13:02:44
18900.0,1100,-1050.0,-0.1,SD,9693000.0,25253400.0,False,0.0,13:02:44
18900.0,1000,-1050.0,-0.1,SD,9693000.0,25252300.0,False,0.0,13:02:44
18900.0,300,-1050.0,-0.1,SD,9693000.0,25251300.0,False,0.0,13:02:43
18900.0,8000,-1050.0,-0.1,SD,9693000.0,25251000.0,False,0.0,13:02:43
18900.0,100,-1050.0,-0.1,SD,9693000.0,25243000.0,False,0.0,13:02:43
18900.0,100,-1050.0,-0.1,SD,9693000.0,25242900.0,False,0.0,13:02:43
18900.0,100,-1050.0,-0.1,SD,9693000.0,25242800.0,False,0.0,13:02:43
18900.0,300,-1050.0,-0.1,SD,9693000.0,25242700.0,False,0.0,13:02:43
18900.0,2000,-1050.0,-0.1,SD,9693000.0,25242400.0,False,0.0,13:02:43
18900.0,300,-1050.0,-0.1,SD,9693000.0,25240400.0,False,0.0,13:02:43
18900.0,200,-1050.0,-0.1,SD,9693000.0,25240100.0,False,0.0,13:02:43
18900.0,200,-1050.0,-0.1,SD,9693000.0,25239900.0,False,0.0,13:02:43
18900.0,2000,-1050.0,-0.1,SD,9693000.0,25239700.0,False,0.0,13:02:43
18900.0,400,-1050.0,-0.1,SD,9693000.0,25237700.0,False,0.0,13:02:43
18900.0,100,-1050.0,-0.1,SD,9693000.0,25237300.0,False,0.0,13:02:43
18900.0,2900,-1050.0,-0.1,SD,9693000.0,25237200.0,False,0.0,13:02:43
18900.0,100,-1050.0,-0.1,SD,9693000.0,25234300.0,False,0.0,13:02:43
18900.0,100,-1050.0,-0.1,SD,9693000.0,25234200.0,False,0.0,13:02:43
18900.0,100,-1050.0,-0.1,SD,9693000.0,25234100.0,False,0.0,13:02:43
18900.0,200,-1050.0,-0.1,SD,9693000.0,25234000.0,False,0.0,13:02:43
18900.0,500,-1050.0,-0.1,SD,9693000.0,25233800.0,False,0.0,13:02:43
18900.0,5500,-1050.0,-0.1,SD,9693000.0,25233300.0,False,0.0,13:02:43
18900.0,100,-1050.0,-0.1,SD,9693000.0,25227800.0,False,0.0,13:02:43
18900.0,400,-1050.0,-0.1,SD,9693000.0,25227700.0,False,0.0,13:02:43
18900.0,2200,-1050.0,-0.1,SD,9693000.0,25227300.0,False,0.0,13:02:43
18900.0,200,-1050.0,-0.1,SD,9693000.0,25225100.0,False,0.0,13:02:43
18900.0,100,-1050.0,-0.1,SD,9693000.0,25224900.0,False,0.0,13:02:43
18900.0,500,-1050.0,-0.1,SD,9693000.0,25224800.0,False,0.0,13:02:43
18900.0,200,-1050.0,-0.1,SD,9693000.0,25224300.0,False,0.0,13:02:43
18900.0,3000,-1050.0,-0.1,SD,9693000.0,25224100.0,False,0.0,13:02:43
18900.0,100,-1050.0,-0.1,SD,9693000.0,25221100.0,False,0.0,13:02:43
18900.0,300,-1050.0,-0.1,SD,9693000.0,25221000.0,False,0.0,13:02:43
18900.0,3000,-1050.0,-0.1,SD,9693000.0,25220700.0,False,0.0,13:02:43
18900.0,100,-1050.0,-0.1,SD,9693000.0,25217700.0,False,0.0,13:02:43
18900.0,300,-1050.0,-0.1,SD,9693000.0,25217600.0,False,0.0,13:02:43
18900.0,100,-1050.0,-0.1,SD,9693000.0,25217300.0,False,0.0,13:02:43
18900.0,100,-1050.0,-0.1,SD,9693000.0,25217200.0,False,0.0,13:02:43
18900.0,500,-1050.0,-0.1,SD,9693000.0,25217100.0,False,0.0,13:02:43
18900.0,200,-1050.0,-0.1,SD,9693000.0,25216600.0,False,0.0,13:02:43
18900.0,100,-1050.0,-0.1,SD,9693000.0,25216400.0,False,0.0,13:02:43
18900.0,5000,-1050.0,-0.1,SD,9693000.0,25216300.0,False,0.0,13:02:43
18900.0,2000,-1050.0,-0.1,SD,9693000.0,25211300.0,False,0.0,13:02:43
18900.0,200,-1050.0,-0.1,SD,9693000.0,25209300.0,False,0.0,13:02:43
18900.0,1000,-1050.0,-0.1,SD,9693000.0,25209100.0,False,0.0,13:02:43
18900.0,5300,-1050.0,-0.1,SD,9693000.0,25208100.0,False,0.0,13:02:43
18900.0,1900,-1050.0,-0.1,SD,9693000.0,25202800.0,False,0.0,13:02:43
18900.0,900,-1050.0,-0.1,SD,9693000.0,25200900.0,False,0.0,13:02:42
18900.0,800,-1050.0,-0.1,SD,9693000.0,25200000.0,False,0.0,13:02:42
18900.0,5000,-1050.0,-0.1,SD,9693000.0,25199200.0,False,0.0,13:02:42
18900.0,2400,-1050.0,-0.1,SD,9693000.0,25194200.0,False,0.0,13:02:42
18900.0,19000,-1050.0,-0.1,SD,9693000.0,25191800.0,True,0.0,13:02:42
18900.0,100,-1050.0,-0.1,SD,9693000.0,25172800.0,False,0.0,13:02:42
18900.0,100,-1050.0,-0.1,SD,9693000.0,25172700.0,False,0.0,13:02:42
18900.0,800,-1050.0,-0.1,SD,9693000.0,25172600.0,False,0.0,13:02:42
18900.0,100,-1050.0,-0.1,SD,9693000.0,25171800.0,False,0.0,13:02:41
18900.0,100,-1050.0,-0.1,SD,9693000.0,25171700.0,False,0.0,13:02:40
18900.0,1000,-1050.0,-0.1,SD,9693000.0,25171600.0,False,0.0,13:02:40
18900.0,300,-1050.0,-0.1,SD,9693000.0,25170600.0,False,0.0,13:02:40
18900.0,500,-1050.0,-0.1,SD,9693000.0,25170300.0,False,0.0,13:02:40
18900.0,100,-1050.0,-0.1,SD,9693000.0,25169800.0,False,0.0,13:02:40
18900.0,1000,-1050.0,-0.1,SD,9693000.0,25169700.0,False,0.0,13:02:40
18900.0,7400,-1050.0,-0.1,SD,9693000.0,25168700.0,False,0.0,13:02:40
18900.0,100,-1050.0,-0.1,SD,9693000.0,25161300.0,False,0.0,13:02:40
18900.0,1000,-1050.0,-0.1,SD,9693000.0,25161200.0,False,0.0,13:02:40
18900.0,100,-1050.0,-0.1,SD,9693000.0,25160200.0,False,0.0,13:02:40
18900.0,1000,-1050.0,-0.1,SD,9693000.0,25160100.0,False,0.0,13:02:40
18900.0,200,-1050.0,-0.1,SD,9693000.0,25159100.0,False,0.0,13:02:40
18900.0,200,-1050.0,-0.1,SD,9693000.0,25158900.0,False,0.0,13:02:40
18900.0,2000,-1050.0,-0.1,SD,9693000.0,25158700.0,False,0.0,13:02:40
18900.0,15900,-1050.0,-0.1,SD,9693000.0,25156700.0,True,0.0,13:02:40
18900.0,300,-1050.0,-0.1,SD,9693000.0,25140800.0,False,0.0,13:02:40
18900.0,2000,-1050.0,-0.1,SD,9693000.0,25140500.0,False,0.0,13:02:39
18900.0,1000,-1050.0,-0.1,SD,9693000.0,25138500.0,False,0.0,13:02:39
18900.0,11800,-1050.0,-0.1,SD,9693000.0,25137500.0,True,0.0,13:02:39
18900.0,100,-1050.0,-0.1,SD,9693000.0,25125700.0,False,0.0,13:02:39
18900.0,200,-1050.0,-0.1,SD,9693000.0,25125600.0,False,0.0,13:02:39
18900.0,1000,-1050.0,-0.1,SD,9693000.0,25125400.0,False,0.0,13:02:39
18900.0,500,-1050.0,-0.1,SD,9693000.0,25124400.0,False,0.0,13:02:38
18900.0,100,-1050.0,-0.1,SD,9693000.0,25123900.0,False,0.0,13:02:38
18900.0,300,-1050.0,-0.1,SD,9693000.0,25123800.0,False,0.0,13:02:38
18900.0,300,-1050.0,-0.1,SD,9693000.0,25123500.0,False,0.0,13:02:38
18900.0,1000,-1050.0,-0.1,SD,9693000.0,25123200.0,False,0.0,13:02:38
18900.0,500,-1050.0,-0.1,SD,9693000.0,25122200.0,False,0.0,13:02:38
18900.0,800,-1050.0,-0.1,SD,9693000.0,25121700.0,False,0.0,13:02:38
18900.0,300,-1050.0,-0.1,SD,9693000.0,25120900.0,False,0.0,13:02:38
18900.0,100,-1050.0,-0.1,SD,9693000.0,25120600.0,False,0.0,13:02:38
18900.0,500,-1050.0,-0.1,SD,9693000.0,25120500.0,False,0.0,13:02:38
18900.0,1500,-1050.0,-0.1,SD,9693000.0,25120000.0,False,0.0,13:02:38
18900.0,2100,-1050.0,-0.1,SD,9693000.0,25118500.0,False,0.0,13:02:38
18900.0,300,-1050.0,-0.1,SD,9693000.0,25116400.0,False,0.0,13:02:38
18900.0,400,-1050.0,-0.1,SD,9693000.0,25116100.0,False,0.0,13:02:38
18900.0,1000,-1050.0,-0.1,SD,9693000.0,25115700.0,False,0.0,13:02:38
18900.0,100,-1050.0,-0.1,SD,9693000.0,25114700.0,False,0.0,13:02:38
18900.0,100,-1050.0,-0.1,SD,9693000.0,25114600.0,False,0.0,13:02:38
18900.0,1000,-1050.0,-0.1,SD,9693000.0,25114500.0,False,0.0,13:02:38
18900.0,100,-1050.0,-0.1,SD,9693000.0,25113500.0,False,0.0,13:02:38
18900.0,1000,-1050.0,-0.1,SD,9693000.0,25113400.0,False,0.0,13:02:38
18900.0,200,-1050.0,-0.1,SD,9693000.0,25112400.0,False,-50.0,13:02:38
18950.0,1900,-1000.0,-0.1,BU,9693000.0,25112200.0,False,50.0,13:02:38
18900.0,4000,-1050.0,-0.1,SD,9691100.0,25112200.0,False,-50.0,13:02:37
18950.0,100,-1000.0,-0.1,BU,9691100.0,25108200.0,False,50.0,13:02:37
18900.0,200,-1050.0,-0.1,SD,9691000.0,25108200.0,False,0.0,13:02:37
18900.0,100,-1050.0,-0.1,SD,9691000.0,25108000.0,False,0.0,13:02:37
18900.0,100,-1050.0,-0.1,SD,9691000.0,25107900.0,False,0.0,13:02:37
18900.0,5000,-1050.0,-0.1,SD,9691000.0,25107800.0,False,0.0,13:02:37
18900.0,600,-1050.0,-0.1,SD,9691000.0,25102800.0,False,0.0,13:02:37
18900.0,400,-1050.0,-0.1,SD,9691000.0,25102200.0,False,0.0,13:02:37
18900.0,100,-1050.0,-0.1,SD,9691000.0,25101800.0,False,0.0,13:02:37
18900.0,100,-1050.0,-0.1,SD,9691000.0,25101700.0,False,0.0,13:02:37
18900.0,3200,-1050.0,-0.1,SD,9691000.0,25101600.0,False,0.0,13:02:37
18900.0,1800,-1050.0,-0.1,SD,9691000.0,25098400.0,False,0.0,13:02:37
18900.0,100,-1050.0,-0.1,SD,9691000.0,25096600.0,False,0.0,13:02:37
18900.0,100,-1050.0,-0.1,SD,9691000.0,25096500.0,False,0.0,13:02:37
18900.0,500,-1050.0,-0.1,SD,9691000.0,25096400.0,False,0.0,13:02:37
18900.0,800,-1050.0,-0.1,SD,9691000.0,25095900.0,False,0.0,13:02:37
18900.0,200,-1050.0,-0.1,SD,9691000.0,25095100.0,False,0.0,13:02:37
18900.0,100,-1050.0,-0.1,SD,9691000.0,25094900.0,False,0.0,13:02:37
18900.0,700,-1050.0,-0.1,SD,9691000.0,25094800.0,False,-50.0,13:02:37
18950.0,300,-1000.0,-0.1,BU,9691000.0,25094100.0,False,50.0,13:02:36
18900.0,1000,-1050.0,-0.1,SD,9690700.0,25094100.0,False,0.0,13:02:36
18900.0,400,-1050.0,-0.1,SD,9690700.0,25093100.0,False,0.0,13:02:36
18900.0,200,-1050.0,-0.1,SD,9690700.0,25092700.0,False,0.0,13:02:36
18900.0,100,-1050.0,-0.1,SD,9690700.0,25092500.0,False,0.0,13:02:36
18900.0,100,-1050.0,-0.1,SD,9690700.0,25092400.0,False,0.0,13:02:36
18900.0,200,-1050.0,-0.1,SD,9690700.0,25092300.0,False,0.0,13:02:36
18900.0,800,-1050.0,-0.1,SD,9690700.0,25092100.0,False,0.0,13:02:36
18900.0,200,-1050.0,-0.1,SD,9690700.0,25091300.0,False,0.0,13:02:36
18900.0,200,-1050.0,-0.1,SD,9690700.0,25091100.0,False,0.0,13:02:36
18900.0,100,-1050.0,-0.1,SD,9690700.0,25090900.0,False,0.0,13:02:36
18900.0,500,-1050.0,-0.1,SD,9690700.0,25090800.0,False,0.0,13:02:36
18900.0,1000,-1050.0,-0.1,SD,9690700.0,25090300.0,False,0.0,13:02:36
18900.0,100,-1050.0,-0.1,SD,9690700.0,25089300.0,False,0.0,13:02:36
18900.0,200,-1050.0,-0.1,SD,9690700.0,25089200.0,False,0.0,13:02:36
18900.0,200,-1050.0,-0.1,SD,9690700.0,25089000.0,False,0.0,13:02:36
18900.0,1000,-1050.0,-0.1,SD,9690700.0,25088800.0,False,0.0,13:02:36
18900.0,500,-1050.0,-0.1,SD,9690700.0,25087800.0,False,0.0,13:02:36
18900.0,2000,-1050.0,-0.1,SD,9690700.0,25087300.0,False,0.0,13:02:36
18900.0,100,-1050.0,-0.1,SD,9690700.0,25085300.0,False,0.0,13:02:36
18900.0,900,-1050.0,-0.1,SD,9690700.0,25085200.0,False,0.0,13:02:36
18900.0,100,-1050.0,-0.1,SD,9690700.0,25084300.0,False,0.0,13:02:35
18900.0,100,-1050.0,-0.1,SD,9690700.0,25084200.0,False,0.0,13:02:35
18900.0,200,-1050.0,-0.1,SD,9690700.0,25084100.0,False,0.0,13:02:35
18900.0,200,-1050.0,-0.1,SD,9690700.0,25083900.0,False,0.0,13:02:35
18900.0,300,-1050.0,-0.1,SD,9690700.0,25083700.0,False,0.0,13:02:35
18900.0,600,-1050.0,-0.1,SD,9690700.0,25083400.0,False,0.0,13:02:35
18900.0,3800,-1050.0,-0.1,SD,9690700.0,25082800.0,False,0.0,13:02:35
18900.0,100,-1050.0,-0.1,SD,9690700.0,25079000.0,False,0.0,13:02:35
18900.0,5000,-1050.0,-0.1,SD,9690700.0,25078900.0,False,0.0,13:02:35
18900.0,6100,-1050.0,-0.1,SD,9690700.0,25073900.0,False,0.0,13:02:35
18900.0,100,-1050.0,-0.1,SD,9690700.0,25067800.0,False,0.0,13:02:35
18900.0,1000,-1050.0,-0.1,SD,9690700.0,25067700.0,False,0.0,13:02:35
18900.0,300,-1050.0,-0.1,SD,9690700.0,25066700.0,False,0.0,13:02:35
18900.0,100,-1050.0,-0.1,SD,9690700.0,25066400.0,False,0.0,13:02:35
18900.0,200,-1050.0,-0.1,SD,9690700.0,25066300.0,False,0.0,13:02:35
18900.0,1000,-1050.0,-0.1,SD,9690700.0,25066100.0,False,0.0,13:02:35
18900.0,2000,-1050.0,-0.1,SD,9690700.0,25065100.0,False,0.0,13:02:35
18900.0,1000,-1050.0,-0.1,SD,9690700.0,25063100.0,False,0.0,13:02:35
18900.0,3000,-1050.0,-0.1,SD,9690700.0,25062100.0,False,0.0,13:02:35
18900.0,100,-1050.0,-0.1,SD,9690700.0,25059100.0,False,0.0,13:02:35
18900.0,500,-1050.0,-0.1,SD,9690700.0,25059000.0,False,0.0,13:02:35
18900.0,100,-1050.0,-0.1,SD,9690700.0,25058500.0,False,0.0,13:02:35
18900.0,100,-1050.0,-0.1,SD,9690700.0,25058400.0,False,0.0,13:02:35
18900.0,2000,-1050.0,-0.1,SD,9690700.0,25058300.0,False,0.0,13:02:35
18900.0,300,-1050.0,-0.1,SD,9690700.0,25056300.0,False,0.0,13:02:35
18900.0,2100,-1050.0,-0.1,SD,9690700.0,25056000.0,False,0.0,13:02:35
18900.0,400,-1050.0,-0.1,SD,9690700.0,25053900.0,False,0.0,13:02:34
18900.0,1000,-1050.0,-0.1,SD,9690700.0,25053500.0,False,-50.0,13:02:34
18950.0,100,-1000.0,-0.1,BU,9690700.0,25052500.0,False,50.0,13:02:34
18900.0,1000,-1050.0,-0.1,SD,9690600.0,25052500.0,False,0.0,13:02:34
18900.0,400,-1050.0,-0.1,SD,9690600.0,25051500.0,False,0.0,13:02:34
18900.0,300,-1050.0,-0.1,SD,9690600.0,25051100.0,False,0.0,13:02:34
18900.0,2200,-1050.0,-0.1,SD,9690600.0,25050800.0,False,0.0,13:02:34
18900.0,800,-1050.0,-0.1,SD,9690600.0,25048600.0,False,0.0,13:02:34
18900.0,300,-1050.0,-0.1,SD,9690600.0,25047800.0,False,0.0,13:02:33
18900.0,200,-1050.0,-0.1,SD,9690600.0,25047500.0,False,0.0,13:02:33
18900.0,200,-1050.0,-0.1,SD,9690600.0,25047300.0,False,0.0,13:02:33
18900.0,100,-1050.0,-0.1,SD,9690600.0,25047100.0,False,0.0,13:02:33
18900.0,500,-1050.0,-0.1,SD,9690600.0,25047000.0,False,0.0,13:02:33
18900.0,100,-1050.0,-0.1,SD,9690600.0,25046500.0,False,0.0,13:02:33
18900.0,1600,-1050.0,-0.1,SD,9690600.0,25046400.0,False,0.0,13:02:33
18900.0,2700,-1050.0,-0.1,SD,9690600.0,25044800.0,False,0.0,13:02:33
18900.0,300,-1050.0,-0.1,SD,9690600.0,25042100.0,False,0.0,13:02:33
18900.0,10000,-1050.0,-0.1,SD,9690600.0,25041800.0,False,0.0,13:02:33
18900.0,100,-1050.0,-0.1,SD,9690600.0,25031800.0,False,0.0,13:02:33
18900.0,200,-1050.0,-0.1,SD,9690600.0,25031700.0,False,0.0,13:02:33
18900.0,800,-1050.0,-0.1,SD,9690600.0,25031500.0,False,0.0,13:02:33
18900.0,100,-1050.0,-0.1,SD,9690600.0,25030700.0,False,0.0,13:02:33
18900.0,300,-1050.0,-0.1,SD,9690600.0,25030600.0,False,0.0,13:02:33
18900.0,9700,-1050.0,-0.1,SD,9690600.0,25030300.0,False,0.0,13:02:33
18900.0,2000,-1050.0,-0.1,SD,9690600.0,25020600.0,False,0.0,13:02:33
18900.0,500,-1050.0,-0.1,SD,9690600.0,25018600.0,False,0.0,13:02:33
18900.0,300,-1050.0,-0.1,SD,9690600.0,25018100.0,False,0.0,13:02:33
18900.0,1500,-1050.0,-0.1,SD,9690600.0,25017800.0,False,0.0,13:02:33
18900.0,200,-1050.0,-0.1,SD,9690600.0,25016300.0,False,0.0,13:02:33
18900.0,2400,-1050.0,-0.1,SD,9690600.0,25016100.0,False,0.0,13:02:33
18900.0,100,-1050.0,-0.1,SD,9690600.0,25013700.0,False,0.0,13:02:33
18900.0,100,-1050.0,-0.1,SD,9690600.0,25013600.0,False,0.0,13:02:33
18900.0,500,-1050.0,-0.1,SD,9690600.0,25013500.0,False,0.0,13:02:33
18900.0,5000,-1050.0,-0.1,SD,9690600.0,25013000.0,False,0.0,13:02:33
18900.0,700,-1050.0,-0.1,SD,9690600.0,25008000.0,False,0.0,13:02:33
18900.0,300,-1050.0,-0.1,SD,9690600.0,25007300.0,False,0.0,13:02:33
18900.0,800,-1050.0,-0.1,SD,9690600.0,25007000.0,False,0.0,13:02:33
18900.0,200,-1050.0,-0.1,SD,9690600.0,25006200.0,False,0.0,13:02:32
18900.0,2500,-1050.0,-0.1,SD,9690600.0,25006000.0,False,0.0,13:02:32
18900.0,500,-1050.0,-0.1,SD,9690600.0,25003500.0,False,0.0,13:02:32
18900.0,1500,-1050.0,-0.1,SD,9690600.0,25003000.0,False,0.0,13:02:32
18900.0,4300,-1050.0,-0.1,SD,9690600.0,25001500.0,False,0.0,13:02:32
18900.0,100,-1050.0,-0.1,SD,9690600.0,24997200.0,False,0.0,13:02:32
18900.0,400,-1050.0,-0.1,SD,9690600.0,24997100.0,False,0.0,13:02:32
18900.0,200,-1050.0,-0.1,SD,9690600.0,24996700.0,False,0.0,13:02:32
18900.0,1000,-1050.0,-0.1,SD,9690600.0,24996500.0,False,0.0,13:02:31
18900.0,100,-1050.0,-0.1,SD,9690600.0,24995500.0,False,0.0,13:02:31
18900.0,800,-1050.0,-0.1,SD,9690600.0,24995400.0,False,0.0,13:02:31
18900.0,100,-1050.0,-0.1,SD,9690600.0,24994600.0,False,0.0,13:02:31
18900.0,2000,-1050.0,-0.1,SD,9690600.0,24994500.0,False,0.0,13:02:31
18900.0,100,-1050.0,-0.1,SD,9690600.0,24992500.0,False,0.0,13:02:31
18900.0,200,-1050.0,-0.1,SD,9690600.0,24992400.0,False,0.0,13:02:30
18900.0,300,-1050.0,-0.1,SD,9690600.0,24992200.0,False,0.0,13:02:30
18900.0,2700,-1050.0,-0.1,SD,9690600.0,24991900.0,False,0.0,13:02:30
18900.0,2500,-1050.0,-0.1,SD,9690600.0,24989200.0,False,0.0,13:02:30
18900.0,500,-1050.0,-0.1,SD,9690600.0,24986700.0,False,0.0,13:02:30
18900.0,100,-1050.0,-0.1,SD,9690600.0,24986200.0,False,0.0,13:02:29
18900.0,500,-1050.0,-0.1,SD,9690600.0,24986100.0,False,0.0,13:02:29
18900.0,2000,-1050.0,-0.1,SD,9690600.0,24985600.0,False,0.0,13:02:29
18900.0,200,-1050.0,-0.1,SD,9690600.0,24983600.0,False,0.0,13:02:29
18900.0,100,-1050.0,-0.1,SD,9690600.0,24983400.0,False,0.0,13:02:29
18900.0,200,-1050.0,-0.1,SD,9690600.0,24983300.0,False,0.0,13:02:29
18900.0,100,-1050.0,-0.1,SD,9690600.0,24983100.0,False,0.0,13:02:29
18900.0,300,-1050.0,-0.1,SD,9690600.0,24983000.0,False,0.0,13:02:29
18900.0,300,-1050.0,-0.1,SD,9690600.0,24982700.0,False,0.0,13:02:29
18900.0,2000,-1050.0,-0.1,SD,9690600.0,24982400.0,False,0.0,13:02:29
18900.0,300,-1050.0,-0.1,SD,9690600.0,24980400.0,False,0.0,13:02:29
18900.0,500,-1050.0,-0.1,SD,9690600.0,24980100.0,False,0.0,13:02:28
18900.0,300,-1050.0,-0.1,SD,9690600.0,24979600.0,False,0.0,13:02:28
18900.0,100,-1050.0,-0.1,SD,9690600.0,24979300.0,False,0.0,13:02:28
18900.0,200,-1050.0,-0.1,SD,9690600.0,24979200.0,False,0.0,13:02:28
18900.0,100,-1050.0,-0.1,SD,9690600.0,24979000.0,False,0.0,13:02:28
18900.0,800,-1050.0,-0.1,SD,9690600.0,24978900.0,False,0.0,13:02:28
18900.0,3000,-1050.0,-0.1,SD,9690600.0,24978100.0,False,0.0,13:02:28
18900.0,58000,-1050.0,-0.1,SD,9690600.0,24975100.0,True,-50.0,13:02:28
18950.0,300,-1000.0,-0.1,BU,9690600.0,24917100.0,False,50.0,13:02:28
18900.0,300,-1050.0,-0.1,SD,9690300.0,24917100.0,False,0.0,13:02:27
18900.0,2000,-1050.0,-0.1,SD,9690300.0,24916800.0,False,0.0,13:02:27
18900.0,5000,-1050.0,-0.1,SD,9690300.0,24914800.0,False,-50.0,13:02:27
18950.0,2800,-1000.0,-0.1,BU,9690300.0,24909800.0,False,0.0,13:02:27
18950.0,1000,-1000.0,-0.1,BU,9687500.0,24909800.0,False,0.0,13:02:27
18950.0,200,-1000.0,-0.1,BU,9686500.0,24909800.0,False,0.0,13:02:27
18950.0,1800,-1000.0,-0.1,BU,9686300.0,24909800.0,False,0.0,13:02:27
18950.0,1400,-1000.0,-0.1,BU,9684500.0,24909800.0,False,0.0,13:02:27
18950.0,300,-1000.0,-0.1,BU,9683100.0,24909800.0,False,50.0,13:02:27
18900.0,500,-1050.0,-0.1,SD,9682800.0,24909800.0,False,0.0,13:02:27
18900.0,92200,-1050.0,-0.1,SD,9682800.0,24909300.0,True,0.0,13:02:26
18900.0,300,-1050.0,-0.1,SD,9682800.0,24817100.0,False,0.0,13:02:26
18900.0,200,-1050.0,-0.1,SD,9682800.0,24816800.0,False,0.0,13:02:26
18900.0,100,-1050.0,-0.1,SD,9682800.0,24816600.0,False,0.0,13:02:26
18900.0,200,-1050.0,-0.1,SD,9682800.0,24816500.0,False,0.0,13:02:26
18900.0,500,-1050.0,-0.1,SD,9682800.0,24816300.0,False,0.0,13:02:26
18900.0,200,-1050.0,-0.1,SD,9682800.0,24815800.0,False,0.0,13:02:26
18900.0,100,-1050.0,-0.1,SD,9682800.0,24815600.0,False,0.0,13:02:26
18900.0,700,-1050.0,-0.1,SD,9682800.0,24815500.0,False,0.0,13:02:26
18900.0,100,-1050.0,-0.1,SD,9682800.0,24814800.0,False,0.0,13:02:26
18900.0,500,-1050.0,-0.1,SD,9682800.0,24814700.0,False,0.0,13:02:26
18900.0,22400,-1050.0,-0.1,SD,9682800.0,24814200.0,True,0.0,13:02:26
18900.0,1000,-1050.0,-0.1,SD,9682800.0,24791800.0,False,0.0,13:02:26
18900.0,5000,-1050.0,-0.1,SD,9682800.0,24790800.0,False,0.0,13:02:26
18900.0,1000,-1050.0,-0.1,SD,9682800.0,24785800.0,False,0.0,13:02:25
18900.0,1000,-1050.0,-0.1,SD,9682800.0,24784800.0,False,0.0,13:02:25
18900.0,19600,-1050.0,-0.1,SD,9682800.0,24783800.0,True,0.0,13:02:25
18900.0,900,-1050.0,-0.1,SD,9682800.0,24764200.0,False,0.0,13:02:25
18900.0,100,-1050.0,-0.1,SD,9682800.0,24763300.0,False,0.0,13:02:23
18900.0,900,-1050.0,-0.1,SD,9682800.0,24763200.0,False,-50.0,13:02:23
18950.0,1000,-1000.0,-0.1,BU,9682800.0,24762300.0,False,50.0,13:02:23
18900.0,1000,-1050.0,-0.1,SD,9681800.0,24762300.0,False,0.0,13:02:22
18900.0,100,-1050.0,-0.1,SD,9681800.0,24761300.0,False,0.0,13:02:21
18900.0,100,-1050.0,-0.1,SD,9681800.0,24761200.0,False,0.0,13:02:21
18900.0,100,-1050.0,-0.1,SD,9681800.0,24761100.0,False,0.0,13:02:20
18900.0,1700,-1050.0,-0.1,SD,9681800.0,24761000.0,False,-50.0,13:02:14
18950.0,500,-1000.0,-0.1,BU,9681800.0,24759300.0,False,0.0,13:02:13
18950.0,200,-1000.0,-0.1,BU,9681300.0,24759300.0,False,50.0,13:02:13
18900.0,100,-1050.0,-0.1,SD,9681100.0,24759300.0,False,0.0,13:02:13
18900.0,100,-1050.0,-0.1,SD,9681100.0,24759200.0,False,0.0,13:02:13
18900.0,200,-1050.0,-0.1,SD,9681100.0,24759100.0,False,0.0,13:02:13
18900.0,300,-1050.0,-0.1,SD,9681100.0,24758900.0,False,0.0,13:02:13
18900.0,100,-1050.0,-0.1,SD,9681100.0,24758600.0,False,0.0,13:02:13
18900.0,200,-1050.0,-0.1,SD,9681100.0,24758500.0,False,0.0,13:02:11
18900.0,2000,-1050.0,-0.1,SD,9681100.0,24758300.0,False,0.0,13:02:11
18900.0,500,-1050.0,-0.1,SD,9681100.0,24756300.0,False,0.0,13:02:11
18900.0,100,-1050.0,-0.1,SD,9681100.0,24755800.0,False,0.0,13:02:11
18900.0,200,-1050.0,-0.1,SD,9681100.0,24755700.0,False,0.0,13:02:11
18900.0,500,-1050.0,-0.1,SD,9681100.0,24755500.0,False,0.0,13:02:11
18900.0,3000,-1050.0,-0.1,SD,9681100.0,24755000.0,False,0.0,13:02:11
18900.0,200,-1050.0,-0.1,SD,9681100.0,24752000.0,False,0.0,13:02:11
18900.0,1000,-1050.0,-0.1,SD,9681100.0,24751800.0,False,0.0,13:02:11
18900.0,1100,-1050.0,-0.1,SD,9681100.0,24750800.0,False,-50.0,13:02:11
18950.0,100,-1000.0,-0.1,SD,9681100.0,24749700.0,False,0.0,13:02:11
18950.0,1100,-1000.0,-0.1,SD,9681100.0,24749600.0,False,0.0,13:02:11
18950.0,500,-1000.0,-0.1,SD,9681100.0,24748500.0,False,0.0,13:02:11
18950.0,800,-1000.0,-0.1,SD,9681100.0,24748000.0,False,0.0,13:02:11
18950.0,2000,-1000.0,-0.1,SD,9681100.0,24747200.0,False,0.0,13:02:11
18950.0,22500,-1000.0,-0.1,SD,9681100.0,24745200.0,True,0.0,13:02:10
18950.0,3600,-1000.0,-0.1,SD,9681100.0,24722700.0,False,-50.0,13:02:10
19000.0,100,-950.0,0.0,BU,9681100.0,24719100.0,False,50.0,13:02:10
18950.0,3400,-1000.0,-0.1,SD,9681000.0,24719100.0,False,-50.0,13:02:10
19000.0,100,-950.0,0.0,BU,9681000.0,24715700.0,False,50.0,13:02:10
18950.0,500,-1000.0,-0.1,BU,9680900.0,24715700.0,False,0.0,13:02:10
18950.0,100,-1000.0,-0.1,BU,9680400.0,24715700.0,False,0.0,13:02:10
18950.0,1000,-1000.0,-0.1,BU,9680300.0,24715700.0,False,0.0,13:02:10
18950.0,1200,-1000.0,-0.1,BU,9679300.0,24715700.0,False,0.0,13:02:10
18950.0,10000,-1000.0,-0.1,BU,9678100.0,24715700.0,False,0.0,13:02:10
18950.0,2000,-1000.0,-0.1,BU,9668100.0,24715700.0,False,0.0,13:02:10
18950.0,400,-1000.0,-0.1,BU,9666100.0,24715700.0,False,0.0,13:02:10
18950.0,900,-1000.0,-0.1,BU,9665700.0,24715700.0,False,50.0,13:02:10
18900.0,100,-1050.0,-0.1,SD,9664800.0,24715700.0,False,0.0,13:02:10
18900.0,100,-1050.0,-0.1,SD,9664800.0,24715600.0,False,0.0,13:02:10
18900.0,100,-1050.0,-0.1,SD,9664800.0,24715500.0,False,0.0,13:02:10
18900.0,200,-1050.0,-0.1,SD,9664800.0,24715400.0,False,0.0,13:02:10
18900.0,900,-1050.0,-0.1,SD,9664800.0,24715200.0,False,0.0,13:02:10
18900.0,100,-1050.0,-0.1,SD,9664800.0,24714300.0,False,0.0,13:02:10
18900.0,1000,-1050.0,-0.1,SD,9664800.0,24714200.0,False,0.0,13:02:10
18900.0,100,-1050.0,-0.1,SD,9664800.0,24713200.0,False,0.0,13:02:10
18900.0,500,-1050.0,-0.1,SD,9664800.0,24713100.0,False,0.0,13:02:10
18900.0,1000,-1050.0,-0.1,SD,9664800.0,24712600.0,False,0.0,13:02:10
18900.0,1000,-1050.0,-0.1,SD,9664800.0,24711600.0,False,0.0,13:02:10
18900.0,1000,-1050.0,-0.1,SD,9664800.0,24710600.0,False,0.0,13:02:10
18900.0,100,-1050.0,-0.1,SD,9664800.0,24709600.0,False,0.0,13:02:10
18900.0,300,-1050.0,-0.1,SD,9664800.0,24709500.0,False,0.0,13:02:10
18900.0,1000,-1050.0,-0.1,SD,9664800.0,24709200.0,False,0.0,13:02:10
18900.0,10000,-1050.0,-0.1,SD,9664800.0,24708200.0,False,0.0,13:02:10
18900.0,100,-1050.0,-0.1,SD,9664800.0,24698200.0,False,0.0,13:02:10
18900.0,500,-1050.0,-0.1,SD,9664800.0,24698100.0,False,0.0,13:02:10
18900.0,300,-1050.0,-0.1,SD,9664800.0,24697600.0,False,0.0,13:02:10
18900.0,2000,-1050.0,-0.1,SD,9664800.0,24697300.0,False,0.0,13:02:10
18900.0,2000,-1050.0,-0.1,SD,9664800.0,24695300.0,False,0.0,13:02:10
18900.0,5000,-1050.0,-0.1,SD,9664800.0,24693300.0,False,0.0,13:02:10
18900.0,2000,-1050.0,-0.1,SD,9664800.0,24688300.0,False,0.0,13:02:10
18900.0,300,-1050.0,-0.1,SD,9664800.0,24686300.0,False,0.0,13:02:10
18900.0,300,-1050.0,-0.1,SD,9664800.0,24686000.0,False,-50.0,13:02:10
18950.0,1000,-1000.0,-0.1,BU,9664800.0,24685700.0,False,0.0,13:02:09
18950.0,100,-1000.0,-0.1,SD,9663800.0,24685700.0,False,0.0,13:02:08
18950.0,200,-1000.0,-0.1,SD,9663800.0,24685600.0,False,0.0,13:02:08
18950.0,200,-1000.0,-0.1,SD,9663800.0,24685400.0,False,0.0,13:02:08
18950.0,100,-1000.0,-0.1,SD,9663800.0,24685200.0,False,0.0,13:02:07
18950.0,300,-1000.0,-0.1,SD,9663800.0,24685100.0,False,0.0,13:02:07
18950.0,300,-1000.0,-0.1,SD,9663800.0,24684800.0,False,0.0,13:02:07
18950.0,100,-1000.0,-0.1,SD,9663800.0,24684500.0,False,0.0,13:02:07
18950.0,200,-1000.0,-0.1,SD,9663800.0,24684400.0,False,-50.0,13:02:07
19000.0,100,-950.0,0.0,BU,9663800.0,24684200.0,False,50.0,13:02:07
18950.0,500,-1000.0,-0.1,SD,9663700.0,24684200.0,False,0.0,13:02:07
18950.0,1000,-1000.0,-0.1,SD,9663700.0,24683700.0,False,0.0,13:02:07
18950.0,800,-1000.0,-0.1,SD,9663700.0,24682700.0,False,0.0,13:02:07
18950.0,10000,-1000.0,-0.1,SD,9663700.0,24681900.0,False,0.0,13:02:06
18950.0,500,-1000.0,-0.1,SD,9663700.0,24671900.0,False,0.0,13:02:06
18950.0,300,-1000.0,-0.1,SD,9663700.0,24671400.0,False,0.0,13:02:06
18950.0,100,-1000.0,-0.1,SD,9663700.0,24671100.0,False,0.0,13:02:06
18950.0,100,-1000.0,-0.1,SD,9663700.0,24671000.0,False,0.0,13:02:06
18950.0,200,-1000.0,-0.1,SD,9663700.0,24670900.0,False,0.0,13:02:06
18950.0,500,-1000.0,-0.1,SD,9663700.0,24670700.0,False,0.0,13:02:06
18950.0,500,-1000.0,-0.1,SD,9663700.0,24670200.0,False,0.0,13:02:06
18950.0,1000,-1000.0,-0.1,SD,9663700.0,24669700.0,False,0.0,13:02:06
18950.0,500,-1000.0,-0.1,SD,9663700.0,24668700.0,False,0.0,13:02:06
18950.0,100,-1000.0,-0.1,SD,9663700.0,24668200.0,False,0.0,13:02:06
18950.0,100,-1000.0,-0.1,SD,9663700.0,24668100.0,False,0.0,13:02:06
18950.0,100,-1000.0,-0.1,SD,9663700.0,24668000.0,False,0.0,13:02:06
18950.0,500,-1000.0,-0.1,SD,9663700.0,24667900.0,False,0.0,13:02:06
18950.0,100,-1000.0,-0.1,SD,9663700.0,24667400.0,False,0.0,13:02:06
18950.0,300,-1000.0,-0.1,SD,9663700.0,24667300.0,False,0.0,13:02:06
18950.0,5000,-1000.0,-0.1,SD,9663700.0,24667000.0,False,0.0,13:02:06
18950.0,200,-1000.0,-0.1,SD,9663700.0,24662000.0,False,0.0,13:02:06
18950.0,200,-1000.0,-0.1,SD,9663700.0,24661800.0,False,0.0,13:02:06
18950.0,2000,-1000.0,-0.1,SD,9663700.0,24661600.0,False,0.0,13:02:06
18950.0,200,-1000.0,-0.1,SD,9663700.0,24659600.0,False,0.0,13:02:06
18950.0,1000,-1000.0,-0.1,SD,9663700.0,24659400.0,False,0.0,13:02:06
18950.0,100,-1000.0,-0.1,SD,9663700.0,24658400.0,False,0.0,13:02:06
18950.0,500,-1000.0,-0.1,SD,9663700.0,24658300.0,False,0.0,13:02:06
18950.0,100,-1000.0,-0.1,SD,9663700.0,24657800.0,False,0.0,13:02:06
18950.0,200,-1000.0,-0.1,SD,9663700.0,24657700.0,False,0.0,13:02:06
18950.0,3000,-1000.0,-0.1,SD,9663700.0,24657500.0,False,0.0,13:02:06
18950.0,1000,-1000.0,-0.1,SD,9663700.0,24654500.0,False,0.0,13:02:06
18950.0,400,-1000.0,-0.1,SD,9663700.0,24653500.0,False,0.0,13:02:06
18950.0,100,-1000.0,-0.1,SD,9663700.0,24653100.0,False,0.0,13:02:06
18950.0,100,-1000.0,-0.1,SD,9663700.0,24653000.0,False,0.0,13:02:06
18950.0,100,-1000.0,-0.1,SD,9663700.0,24652900.0,False,0.0,13:02:06
18950.0,100,-1000.0,-0.1,SD,9663700.0,24652800.0,False,0.0,13:02:06
18950.0,100,-1000.0,-0.1,SD,9663700.0,24652700.0,False,0.0,13:02:06
18950.0,100,-1000.0,-0.1,SD,9663700.0,24652600.0,False,0.0,13:02:06
18950.0,100,-1000.0,-0.1,SD,9663700.0,24652500.0,False,0.0,13:02:06
18950.0,500,-1000.0,-0.1,SD,9663700.0,24652400.0,False,0.0,13:02:06
18950.0,300,-1000.0,-0.1,SD,9663700.0,24651900.0,False,0.0,13:02:06
18950.0,200,-1000.0,-0.1,SD,9663700.0,24651600.0,False,0.0,13:02:06
18950.0,4800,-1000.0,-0.1,SD,9663700.0,24651400.0,False,0.0,13:02:06
18950.0,100,-1000.0,-0.1,SD,9663700.0,24646600.0,False,0.0,13:02:06
18950.0,1000,-1000.0,-0.1,SD,9663700.0,24646500.0,False,0.0,13:02:06
18950.0,4100,-1000.0,-0.1,SD,9663700.0,24645500.0,False,0.0,13:02:05
18950.0,900,-1000.0,-0.1,SD,9663700.0,24641400.0,False,0.0,13:02:05
18950.0,1000,-1000.0,-0.1,SD,9663700.0,24640500.0,False,0.0,13:02:05
18950.0,1100,-1000.0,-0.1,SD,9663700.0,24639500.0,False,0.0,13:02:04
18950.0,500,-1000.0,-0.1,SD,9663700.0,24638400.0,False,0.0,13:02:04
18950.0,100,-1000.0,-0.1,SD,9663700.0,24637900.0,False,0.0,13:02:04
18950.0,100,-1000.0,-0.1,SD,9663700.0,24637800.0,False,0.0,13:02:04
18950.0,200,-1000.0,-0.1,SD,9663700.0,24637700.0,False,0.0,13:02:04
18950.0,400,-1000.0,-0.1,SD,9663700.0,24637500.0,False,0.0,13:02:04
18950.0,100,-1000.0,-0.1,SD,9663700.0,24637100.0,False,0.0,13:02:04
18950.0,100,-1000.0,-0.1,SD,9663700.0,24637000.0,False,0.0,13:02:04
18950.0,1000,-1000.0,-0.1,SD,9663700.0,24636900.0,False,0.0,13:02:04
18950.0,300,-1000.0,-0.1,SD,9663700.0,24635900.0,False,0.0,13:02:04
18950.0,500,-1000.0,-0.1,SD,9663700.0,24635600.0,False,0.0,13:02:04
18950.0,300,-1000.0,-0.1,SD,9663700.0,24635100.0,False,0.0,13:02:04
18950.0,100,-1000.0,-0.1,SD,9663700.0,24634800.0,False,0.0,13:02:04
18950.0,100,-1000.0,-0.1,SD,9663700.0,24634700.0,False,0.0,13:02:04
18950.0,100,-1000.0,-0.1,SD,9663700.0,24634600.0,False,0.0,13:02:04
18950.0,100,-1000.0,-0.1,SD,9663700.0,24634500.0,False,0.0,13:02:04
18950.0,100,-1000.0,-0.1,SD,9663700.0,24634400.0,False,0.0,13:02:04
18950.0,100,-1000.0,-0.1,SD,9663700.0,24634300.0,False,0.0,13:02:04
18950.0,200,-1000.0,-0.1,SD,9663700.0,24634200.0,False,0.0,13:02:04
18950.0,500,-1000.0,-0.1,SD,9663700.0,24634000.0,False,0.0,13:02:04
18950.0,2000,-1000.0,-0.1,SD,9663700.0,24633500.0,False,0.0,13:02:04
18950.0,500,-1000.0,-0.1,SD,9663700.0,24631500.0,False,0.0,13:02:04
18950.0,2200,-1000.0,-0.1,SD,9663700.0,24631000.0,False,0.0,13:02:04
18950.0,2000,-1000.0,-0.1,SD,9663700.0,24628800.0,False,0.0,13:02:04
18950.0,200,-1000.0,-0.1,SD,9663700.0,24626800.0,False,0.0,13:02:04
18950.0,500,-1000.0,-0.1,SD,9663700.0,24626600.0,False,0.0,13:02:04
18950.0,3600,-1000.0,-0.1,SD,9663700.0,24626100.0,False,0.0,13:02:04
18950.0,2000,-1000.0,-0.1,SD,9663700.0,24622500.0,False,0.0,13:02:04
18950.0,1000,-1000.0,-0.1,SD,9663700.0,24620500.0,False,0.0,13:02:04
18950.0,200,-1000.0,-0.1,SD,9663700.0,24619500.0,False,0.0,13:02:04
18950.0,100,-1000.0,-0.1,SD,9663700.0,24619300.0,False,0.0,13:02:04
18950.0,100,-1000.0,-0.1,SD,9663700.0,24619200.0,False,0.0,13:02:04
18950.0,100,-1000.0,-0.1,SD,9663700.0,24619100.0,False,0.0,13:02:04
18950.0,100000,-1000.0,-0.1,SD,9663700.0,24619000.0,True,0.0,13:02:04
18950.0,600,-1000.0,-0.1,SD,9663700.0,24519000.0,False,0.0,13:02:04
18950.0,700,-1000.0,-0.1,SD,9663700.0,24518400.0,False,0.0,13:02:04
18950.0,1000,-1000.0,-0.1,SD,9663700.0,24517700.0,False,0.0,13:02:04
18950.0,500,-1000.0,-0.1,SD,9663700.0,24516700.0,False,0.0,13:02:04
18950.0,300,-1000.0,-0.1,SD,9663700.0,24516200.0,False,0.0,13:02:04
18950.0,1300,-1000.0,-0.1,SD,9663700.0,24515900.0,False,0.0,13:02:04
18950.0,1000,-1000.0,-0.1,SD,9663700.0,24514600.0,False,0.0,13:02:04
18950.0,1500,-1000.0,-0.1,SD,9663700.0,24513600.0,False,0.0,13:02:03
18950.0,7700,-1000.0,-0.1,SD,9663700.0,24512100.0,False,0.0,13:02:03
18950.0,500,-1000.0,-0.1,SD,9663700.0,24504400.0,False,0.0,13:02:03
18950.0,100,-1000.0,-0.1,SD,9663700.0,24503900.0,False,0.0,13:02:03
18950.0,100,-1000.0,-0.1,SD,9663700.0,24503800.0,False,0.0,13:02:03
18950.0,100,-1000.0,-0.1,SD,9663700.0,24503700.0,False,0.0,13:02:03
18950.0,700,-1000.0,-0.1,SD,9663700.0,24503600.0,False,0.0,13:02:03
18950.0,100,-1000.0,-0.1,SD,9663700.0,24502900.0,False,0.0,13:02:03
18950.0,100,-1000.0,-0.1,SD,9663700.0,24502800.0,False,0.0,13:02:03
18950.0,100,-1000.0,-0.1,SD,9663700.0,24502700.0,False,0.0,13:02:03
18950.0,800,-1000.0,-0.1,SD,9663700.0,24502600.0,False,0.0,13:02:03
18950.0,200,-1000.0,-0.1,SD,9663700.0,24501800.0,False,0.0,13:02:03
18950.0,500,-1000.0,-0.1,SD,9663700.0,24501600.0,False,0.0,13:02:03
18950.0,100,-1000.0,-0.1,SD,9663700.0,24501100.0,False,0.0,13:02:03
18950.0,200,-1000.0,-0.1,SD,9663700.0,24501000.0,False,0.0,13:02:03
18950.0,200,-1000.0,-0.1,SD,9663700.0,24500800.0,False,0.0,13:02:03
18950.0,500,-1000.0,-0.1,SD,9663700.0,24500600.0,False,0.0,13:02:02
18950.0,200,-1000.0,-0.1,SD,9663700.0,24500100.0,False,0.0,13:02:02
18950.0,500,-1000.0,-0.1,SD,9663700.0,24499900.0,False,0.0,13:02:02
18950.0,300,-1000.0,-0.1,SD,9663700.0,24499400.0,False,0.0,13:02:02
18950.0,100,-1000.0,-0.1,SD,9663700.0,24499100.0,False,0.0,13:02:02
18950.0,400,-1000.0,-0.1,SD,9663700.0,24499000.0,False,0.0,13:02:02
18950.0,100,-1000.0,-0.1,SD,9663700.0,24498600.0,False,0.0,13:02:02
18950.0,500,-1000.0,-0.1,SD,9663700.0,24498500.0,False,0.0,13:02:02
18950.0,400,-1000.0,-0.1,SD,9663700.0,24498000.0,False,0.0,13:02:02
18950.0,100,-1000.0,-0.1,SD,9663700.0,24497600.0,False,0.0,13:02:01
18950.0,100,-1000.0,-0.1,SD,9663700.0,24497500.0,False,0.0,13:02:01
18950.0,800,-1000.0,-0.1,SD,9663700.0,24497400.0,False,0.0,13:02:01
18950.0,500,-1000.0,-0.1,SD,9663700.0,24496600.0,False,0.0,13:02:01
18950.0,100,-1000.0,-0.1,SD,9663700.0,24496100.0,False,0.0,13:02:01
18950.0,500,-1000.0,-0.1,SD,9663700.0,24496000.0,False,0.0,13:02:01
18950.0,4400,-1000.0,-0.1,SD,9663700.0,24495500.0,False,0.0,13:02:01
18950.0,500,-1000.0,-0.1,SD,9663700.0,24491100.0,False,0.0,13:02:00
18950.0,600,-1000.0,-0.1,SD,9663700.0,24490600.0,False,0.0,13:02:00
18950.0,500,-1000.0,-0.1,SD,9663700.0,24490000.0,False,0.0,13:02:00
18950.0,500,-1000.0,-0.1,SD,9663700.0,24489500.0,False,0.0,13:01:59
18950.0,1000,-1000.0,-0.1,SD,9663700.0,24489000.0,False,0.0,13:01:59
18950.0,600,-1000.0,-0.1,SD,9663700.0,24488000.0,False,0.0,13:01:58
18950.0,5000,-1000.0,-0.1,SD,9663700.0,24487400.0,False,0.0,13:01:58
18950.0,5000,-1000.0,-0.1,SD,9663700.0,24482400.0,False,0.0,13:01:57
18950.0,2000,-1000.0,-0.1,SD,9663700.0,24477400.0,False,0.0,13:01:57
18950.0,7000,-1000.0,-0.1,SD,9663700.0,24475400.0,False,0.0,13:01:56
18950.0,20000,-1000.0,-0.1,SD,9663700.0,24468400.0,True,0.0,13:01:56
18950.0,2000,-1000.0,-0.1,SD,9663700.0,24448400.0,False,-50.0,13:01:56
19000.0,1000,-950.0,0.0,BU,9663700.0,24446400.0,False,50.0,13:01:55
18950.0,900,-1000.0,-0.1,SD,9662700.0,24446400.0,False,0.0,13:01:55
18950.0,25000,-1000.0,-0.1,SD,9662700.0,24445500.0,True,0.0,13:01:54
18950.0,1000,-1000.0,-0.1,SD,9662700.0,24420500.0,False,0.0,13:01:54
18950.0,1000,-1000.0,-0.1,SD,9662700.0,24419500.0,False,0.0,13:01:54
18950.0,700,-1000.0,-0.1,SD,9662700.0,24418500.0,False,0.0,13:01:53
18950.0,200,-1000.0,-0.1,SD,9662700.0,24417800.0,False,-50.0,13:01:53
19000.0,300,-950.0,0.0,BU,9662700.0,24417600.0,False,50.0,13:01:53
18950.0,22500,-1000.0,-0.1,SD,9662400.0,24417600.0,True,-50.0,13:01:53
19000.0,1000,-950.0,0.0,BU,9662400.0,24395100.0,False,0.0,13:01:53
19000.0,5000,-950.0,0.0,BU,9661400.0,24395100.0,False,50.0,13:01:52
18950.0,5000,-1000.0,-0.1,SD,9656400.0,24395100.0,False,0.0,13:01:52
18950.0,100,-1000.0,-0.1,SD,9656400.0,24390100.0,False,0.0,13:01:51
18950.0,900,-1000.0,-0.1,SD,9656400.0,24390000.0,False,0.0,13:01:51
18950.0,100,-1000.0,-0.1,SD,9656400.0,24389100.0,False,0.0,13:01:51
18950.0,300,-1000.0,-0.1,SD,9656400.0,24389000.0,False,0.0,13:01:51
18950.0,19600,-1000.0,-0.1,SD,9656400.0,24388700.0,True,0.0,13:01:51
18950.0,10100,-1000.0,-0.1,SD,9656400.0,24369100.0,False,0.0,13:01:50
18950.0,1500,-1000.0,-0.1,SD,9656400.0,24359000.0,False,-50.0,13:01:49
19000.0,300,-950.0,0.0,BU,9656400.0,24357500.0,False,50.0,13:01:49
18950.0,100,-1000.0,-0.1,SD,9656100.0,24357500.0,False,0.0,13:01:48
18950.0,2000,-1000.0,-0.1,SD,9656100.0,24357400.0,False,-50.0,13:01:48
19000.0,1600,-950.0,0.0,BU,9656100.0,24355400.0,False,50.0,13:01:46
18950.0,1000,-1000.0,-0.1,SD,9654500.0,24355400.0,False,0.0,13:01:45
18950.0,200,-1000.0,-0.1,SD,9654500.0,24354400.0,False,0.0,13:01:45
18950.0,15500,-1000.0,-0.1,SD,9654500.0,24354200.0,True,0.0,13:01:44
18950.0,1000,-1000.0,-0.1,SD,9654500.0,24338700.0,False,0.0,13:01:44
18950.0,1000,-1000.0,-0.1,SD,9654500.0,24337700.0,False,0.0,13:01:44
18950.0,3000,-1000.0,-0.1,SD,9654500.0,24336700.0,False,0.0,13:01:44
18950.0,10000,-1000.0,-0.1,SD,9654500.0,24333700.0,False,0.0,13:01:44
18950.0,500,-1000.0,-0.1,SD,9654500.0,24323700.0,False,0.0,13:01:44
18950.0,500,-1000.0,-0.1,SD,9654500.0,24323200.0,False,0.0,13:01:44
18950.0,1200,-1000.0,-0.1,SD,9654500.0,24322700.0,False,0.0,13:01:44
18950.0,300,-1000.0,-0.1,SD,9654500.0,24321500.0,False,-50.0,13:01:43
19000.0,9500,-950.0,0.0,BU,9654500.0,24321200.0,False,50.0,13:01:43
18950.0,4000,-1000.0,-0.1,SD,9645000.0,24321200.0,False,0.0,13:01:40
18950.0,1700,-1000.0,-0.1,SD,9645000.0,24317200.0,False,-50.0,13:01:40
19000.0,3600,-950.0,0.0,BU,9645000.0,24315500.0,False,0.0,13:01:40
19000.0,200,-950.0,0.0,BU,9641400.0,24315500.0,False,0.0,13:01:40
19000.0,300,-950.0,0.0,BU,9641200.0,24315500.0,False,0.0,13:01:38
19000.0,200,-950.0,0.0,BU,9640900.0,24315500.0,False,50.0,13:01:38
18950.0,500,-1000.0,-0.1,SD,9640700.0,24315500.0,False,0.0,13:01:37
18950.0,3500,-1000.0,-0.1,SD,9640700.0,24315000.0,False,0.0,13:01:37
18950.0,6500,-1000.0,-0.1,SD,9640700.0,24311500.0,False,-50.0,13:01:37
19000.0,2900,-950.0,0.0,BU,9640700.0,24305000.0,False,0.0,13:01:37
19000.0,100,-950.0,0.0,BU,9637800.0,24305000.0,False,0.0,13:01:36
19000.0,1000,-950.0,0.0,BU,9637700.0,24305000.0,False,50.0,13:01:35
18950.0,500,-1000.0,-0.1,SD,9636700.0,24305000.0,False,0.0,13:01:34
18950.0,500,-1000.0,-0.1,SD,9636700.0,24304500.0,False,0.0,13:01:34
18950.0,200,-1000.0,-0.1,SD,9636700.0,24304000.0,False,0.0,13:01:34
18950.0,4500,-1000.0,-0.1,SD,9636700.0,24303800.0,False,0.0,13:01:34
18950.0,500,-1000.0,-0.1,SD,9636700.0,24299300.0,False,0.0,13:01:34
18950.0,100,-1000.0,-0.1,SD,9636700.0,24298800.0,False,0.0,13:01:34
18950.0,100,-1000.0,-0.1,SD,9636700.0,24298700.0,False,0.0,13:01:34
18950.0,500,-1000.0,-0.1,SD,9636700.0,24298600.0,False,0.0,13:01:34
18950.0,500,-1000.0,-0.1,SD,9636700.0,24298100.0,False,0.0,13:01:34
18950.0,200,-1000.0,-0.1,SD,9636700.0,24297600.0,False,0.0,13:01:34
18950.0,1000,-1000.0,-0.1,SD,9636700.0,24297400.0,False,0.0,13:01:34
18950.0,800,-1000.0,-0.1,SD,9636700.0,24296400.0,False,0.0,13:01:34
18950.0,100,-1000.0,-0.1,SD,9636700.0,24295600.0,False,0.0,13:01:34
18950.0,100,-1000.0,-0.1,SD,9636700.0,24295500.0,False,0.0,13:01:34
18950.0,100,-1000.0,-0.1,SD,9636700.0,24295400.0,False,0.0,13:01:34
18950.0,500,-1000.0,-0.1,SD,9636700.0,24295300.0,False,0.0,13:01:34
18950.0,500,-1000.0,-0.1,SD,9636700.0,24294800.0,False,0.0,13:01:33
18950.0,1000,-1000.0,-0.1,SD,9636700.0,24294300.0,False,0.0,13:01:33
18950.0,100,-1000.0,-0.1,SD,9636700.0,24293300.0,False,0.0,13:01:33
18950.0,1300,-1000.0,-0.1,SD,9636700.0,24293200.0,False,0.0,13:01:33
18950.0,700,-1000.0,-0.1,SD,9636700.0,24291900.0,False,0.0,13:01:33
18950.0,300,-1000.0,-0.1,SD,9636700.0,24291200.0,False,0.0,13:01:33
18950.0,100,-1000.0,-0.1,SD,9636700.0,24290900.0,False,0.0,13:01:32
18950.0,500,-1000.0,-0.1,SD,9636700.0,24290800.0,False,0.0,13:01:32
18950.0,100,-1000.0,-0.1,SD,9636700.0,24290300.0,False,-50.0,13:01:32
19000.0,200,-950.0,0.0,BU,9636700.0,24290200.0,False,0.0,13:01:32
19000.0,1000,-950.0,0.0,BU,9636500.0,24290200.0,False,0.0,13:01:32
19000.0,300,-950.0,0.0,BU,9635500.0,24290200.0,False,0.0,13:01:32
19000.0,5000,-950.0,0.0,BU,9635200.0,24290200.0,False,0.0,13:01:32
19000.0,200,-950.0,0.0,BU,9630200.0,24290200.0,False,0.0,13:01:32
19000.0,100,-950.0,0.0,BU,9630000.0,24290200.0,False,0.0,13:01:32
19000.0,1000,-950.0,0.0,BU,9629900.0,24290200.0,False,0.0,13:01:32
19000.0,400,-950.0,0.0,BU,9628900.0,24290200.0,False,0.0,13:01:32
19000.0,4200,-950.0,0.0,BU,9628500.0,24290200.0,False,0.0,13:01:32
19000.0,1000,-950.0,0.0,BU,9624300.0,24290200.0,False,0.0,13:01:32
19000.0,500,-950.0,0.0,BU,9623300.0,24290200.0,False,0.0,13:01:32
19000.0,300,-950.0,0.0,BU,9622800.0,24290200.0,False,0.0,13:01:32
19000.0,100,-950.0,0.0,BU,9622500.0,24290200.0,False,0.0,13:01:32
19000.0,2000,-950.0,0.0,BU,9622400.0,24290200.0,False,0.0,13:01:32
19000.0,1000,-950.0,0.0,BU,9620400.0,24290200.0,False,0.0,13:01:32
19000.0,100,-950.0,0.0,BU,9619400.0,24290200.0,False,0.0,13:01:32
19000.0,1000,-950.0,0.0,BU,9619300.0,24290200.0,False,0.0,13:01:32
19000.0,1000,-950.0,0.0,BU,9618300.0,24290200.0,False,0.0,13:01:32
19000.0,500,-950.0,0.0,BU,9617300.0,24290200.0,False,0.0,13:01:32
19000.0,200,-950.0,0.0,BU,9616800.0,24290200.0,False,0.0,13:01:32
19000.0,200,-950.0,0.0,BU,9616600.0,24290200.0,False,0.0,13:01:32
19000.0,200,-950.0,0.0,BU,9616400.0,24290200.0,False,0.0,13:01:32
19000.0,800,-950.0,0.0,BU,9616200.0,24290200.0,False,0.0,13:01:32
19000.0,400,-950.0,0.0,BU,9615400.0,24290200.0,False,0.0,13:01:32
19000.0,400,-950.0,0.0,BU,9615000.0,24290200.0,False,0.0,13:01:32
19000.0,200,-950.0,0.0,BU,9614600.0,24290200.0,False,0.0,13:01:32
19000.0,100,-950.0,0.0,BU,9614400.0,24290200.0,False,0.0,13:01:32
19000.0,300,-950.0,0.0,BU,9614300.0,24290200.0,False,0.0,13:01:32
19000.0,500,-950.0,0.0,BU,9614000.0,24290200.0,False,0.0,13:01:32
19000.0,100,-950.0,0.0,SD,9613500.0,24290200.0,False,0.0,13:01:32
19000.0,1000,-950.0,0.0,SD,9613500.0,24290100.0,False,0.0,13:01:32
19000.0,2000,-950.0,0.0,SD,9613500.0,24289100.0,False,0.0,13:01:32
19000.0,100,-950.0,0.0,SD,9613500.0,24287100.0,False,0.0,13:01:32
19000.0,500,-950.0,0.0,SD,9613500.0,24287000.0,False,0.0,13:01:32
19000.0,100,-950.0,0.0,SD,9613500.0,24286500.0,False,0.0,13:01:32
19000.0,500,-950.0,0.0,SD,9613500.0,24286400.0,False,0.0,13:01:32
19000.0,200,-950.0,0.0,SD,9613500.0,24285900.0,False,0.0,13:01:32
19000.0,300,-950.0,0.0,SD,9613500.0,24285700.0,False,0.0,13:01:32
19000.0,200,-950.0,0.0,SD,9613500.0,24285400.0,False,0.0,13:01:32
19000.0,1000,-950.0,0.0,SD,9613500.0,24285200.0,False,0.0,13:01:32
19000.0,1000,-950.0,0.0,SD,9613500.0,24284200.0,False,0.0,13:01:32
19000.0,3500,-950.0,0.0,SD,9613500.0,24283200.0,False,0.0,13:01:32
19000.0,100,-950.0,0.0,SD,9613500.0,24279700.0,False,0.0,13:01:32
19000.0,500,-950.0,0.0,SD,9613500.0,24279600.0,False,0.0,13:01:32
19000.0,200,-950.0,0.0,SD,9613500.0,24279100.0,False,0.0,13:01:32
19000.0,200,-950.0,0.0,SD,9613500.0,24278900.0,False,0.0,13:01:32
19000.0,1000,-950.0,0.0,SD,9613500.0,24278700.0,False,0.0,13:01:32
19000.0,2500,-950.0,0.0,SD,9613500.0,24277700.0,False,0.0,13:01:32
19000.0,1000,-950.0,0.0,SD,9613500.0,24275200.0,False,0.0,13:01:32
19000.0,100,-950.0,0.0,SD,9613500.0,24274200.0,False,0.0,13:01:32
19000.0,100,-950.0,0.0,SD,9613500.0,24274100.0,False,0.0,13:01:32
19000.0,100,-950.0,0.0,SD,9613500.0,24274000.0,False,0.0,13:01:32
19000.0,100,-950.0,0.0,SD,9613500.0,24273900.0,False,0.0,13:01:32
19000.0,100,-950.0,0.0,SD,9613500.0,24273800.0,False,0.0,13:01:32
19000.0,200,-950.0,0.0,SD,9613500.0,24273700.0,False,0.0,13:01:32
19000.0,300,-950.0,0.0,SD,9613500.0,24273500.0,False,0.0,13:01:32
19000.0,100,-950.0,0.0,SD,9613500.0,24273200.0,False,0.0,13:01:32
19000.0,500,-950.0,0.0,SD,9613500.0,24273100.0,False,0.0,13:01:32
19000.0,200,-950.0,0.0,SD,9613500.0,24272600.0,False,0.0,13:01:32
19000.0,300,-950.0,0.0,SD,9613500.0,24272400.0,False,0.0,13:01:32
19000.0,100,-950.0,0.0,SD,9613500.0,24272100.0,False,0.0,13:01:32
19000.0,100,-950.0,0.0,SD,9613500.0,24272000.0,False,0.0,13:01:32
19000.0,700,-950.0,0.0,SD,9613500.0,24271900.0,False,0.0,13:01:32
19000.0,50000,-950.0,0.0,SD,9613500.0,24271200.0,True,0.0,13:01:32
19000.0,300,-950.0,0.0,SD,9613500.0,24221200.0,False,0.0,13:01:32
19000.0,100,-950.0,0.0,SD,9613500.0,24220900.0,False,0.0,13:01:32
19000.0,2000,-950.0,0.0,SD,9613500.0,24220800.0,False,0.0,13:01:32
19000.0,1300,-950.0,0.0,SD,9613500.0,24218800.0,False,0.0,13:01:32
19000.0,1500,-950.0,0.0,SD,9613500.0,24217500.0,False,0.0,13:01:32
19000.0,200,-950.0,0.0,SD,9613500.0,24216000.0,False,0.0,13:01:32
19000.0,300,-950.0,0.0,SD,9613500.0,24215800.0,False,0.0,13:01:32
19000.0,100,-950.0,0.0,SD,9613500.0,24215500.0,False,0.0,13:01:32
19000.0,100,-950.0,0.0,SD,9613500.0,24215400.0,False,0.0,13:01:32
19000.0,1000,-950.0,0.0,SD,9613500.0,24215300.0,False,0.0,13:01:32
19000.0,100,-950.0,0.0,SD,9613500.0,24214300.0,False,0.0,13:01:32
19000.0,300,-950.0,0.0,SD,9613500.0,24214200.0,False,0.0,13:01:32
19000.0,4000,-950.0,0.0,SD,9613500.0,24213900.0,False,0.0,13:01:32
19000.0,500,-950.0,0.0,SD,9613500.0,24209900.0,False,0.0,13:01:32
19000.0,200,-950.0,0.0,SD,9613500.0,24209400.0,False,0.0,13:01:32
19000.0,100,-950.0,0.0,SD,9613500.0,24209200.0,False,0.0,13:01:32
19000.0,500,-950.0,0.0,SD,9613500.0,24209100.0,False,0.0,13:01:32
19000.0,100,-950.0,0.0,SD,9613500.0,24208600.0,False,0.0,13:01:32
19000.0,2000,-950.0,0.0,SD,9613500.0,24208500.0,False,0.0,13:01:32
19000.0,300,-950.0,0.0,SD,9613500.0,24206500.0,False,0.0,13:01:32
19000.0,500,-950.0,0.0,SD,9613500.0,24206200.0,False,0.0,13:01:32
19000.0,5000,-950.0,0.0,SD,9613500.0,24205700.0,False,0.0,13:01:32
19000.0,1000,-950.0,0.0,SD,9613500.0,24200700.0,False,0.0,13:01:32
19000.0,400,-950.0,0.0,SD,9613500.0,24199700.0,False,0.0,13:01:32
19000.0,200,-950.0,0.0,SD,9613500.0,24199300.0,False,0.0,13:01:32
19000.0,1000,-950.0,0.0,SD,9613500.0,24199100.0,False,0.0,13:01:32
19000.0,100,-950.0,0.0,SD,9613500.0,24198100.0,False,0.0,13:01:32
19000.0,1000,-950.0,0.0,SD,9613500.0,24198000.0,False,0.0,13:01:32
19000.0,300,-950.0,0.0,SD,9613500.0,24197000.0,False,0.0,13:01:32
19000.0,700,-950.0,0.0,SD,9613500.0,24196700.0,False,0.0,13:01:32
19000.0,2100,-950.0,0.0,SD,9613500.0,24196000.0,False,0.0,13:01:32
19000.0,400,-950.0,0.0,SD,9613500.0,24193900.0,False,0.0,13:01:32
19000.0,100,-950.0,0.0,SD,9613500.0,24193500.0,False,0.0,13:01:32
19000.0,200,-950.0,0.0,SD,9613500.0,24193400.0,False,0.0,13:01:32
19000.0,500,-950.0,0.0,SD,9613500.0,24193200.0,False,0.0,13:01:32
19000.0,100,-950.0,0.0,SD,9613500.0,24192700.0,False,0.0,13:01:32
19000.0,4000,-950.0,0.0,SD,9613500.0,24192600.0,False,0.0,13:01:32
19000.0,200,-950.0,0.0,SD,9613500.0,24188600.0,False,0.0,13:01:32
19000.0,2000,-950.0,0.0,SD,9613500.0,24188400.0,False,0.0,13:01:32
19000.0,100,-950.0,0.0,SD,9613500.0,24186400.0,False,0.0,13:01:32
19000.0,500,-950.0,0.0,SD,9613500.0,24186300.0,False,0.0,13:01:32
19000.0,200,-950.0,0.0,SD,9613500.0,24185800.0,False,0.0,13:01:32
19000.0,200,-950.0,0.0,SD,9613500.0,24185600.0,False,0.0,13:01:32
19000.0,1000,-950.0,0.0,SD,9613500.0,24185400.0,False,0.0,13:01:32
19000.0,200,-950.0,0.0,SD,9613500.0,24184400.0,False,0.0,13:01:32
19000.0,500,-950.0,0.0,SD,9613500.0,24184200.0,False,0.0,13:01:32
19000.0,5000,-950.0,0.0,SD,9613500.0,24183700.0,False,0.0,13:01:32
19000.0,2000,-950.0,0.0,SD,9613500.0,24178700.0,False,0.0,13:01:32
19000.0,500,-950.0,0.0,SD,9613500.0,24176700.0,False,0.0,13:01:32
19000.0,300,-950.0,0.0,SD,9613500.0,24176200.0,False,0.0,13:01:32
19000.0,100,-950.0,0.0,SD,9613500.0,24175900.0,False,0.0,13:01:32
19000.0,500,-950.0,0.0,SD,9613500.0,24175800.0,False,0.0,13:01:32
19000.0,100,-950.0,0.0,SD,9613500.0,24175300.0,False,0.0,13:01:32
19000.0,800,-950.0,0.0,SD,9613500.0,24175200.0,False,0.0,13:01:32
19000.0,2000,-950.0,0.0,SD,9613500.0,24174400.0,False,0.0,13:01:32
19000.0,200,-950.0,0.0,SD,9613500.0,24172400.0,False,0.0,13:01:32
19000.0,2000,-950.0,0.0,SD,9613500.0,24172200.0,False,0.0,13:01:32
19000.0,100,-950.0,0.0,SD,9613500.0,24170200.0,False,0.0,13:01:32
19000.0,200,-950.0,0.0,SD,9613500.0,24170100.0,False,0.0,13:01:32
19000.0,500,-950.0,0.0,SD,9613500.0,24169900.0,False,0.0,13:01:32
19000.0,200,-950.0,0.0,SD,9613500.0,24169400.0,False,0.0,13:01:32
19000.0,200,-950.0,0.0,SD,9613500.0,24169200.0,False,0.0,13:01:32
19000.0,5000,-950.0,0.0,SD,9613500.0,24169000.0,False,0.0,13:01:32
19000.0,100,-950.0,0.0,SD,9613500.0,24164000.0,False,0.0,13:01:32
19000.0,200,-950.0,0.0,SD,9613500.0,24163900.0,False,0.0,13:01:32
19000.0,10000,-950.0,0.0,SD,9613500.0,24163700.0,False,0.0,13:01:32
19000.0,2800,-950.0,0.0,SD,9613500.0,24153700.0,False,0.0,13:01:32
19000.0,100,-950.0,0.0,SD,9613500.0,24150900.0,False,0.0,13:01:32
19000.0,1000,-950.0,0.0,SD,9613500.0,24150800.0,False,0.0,13:01:32
19000.0,400,-950.0,0.0,SD,9613500.0,24149800.0,False,0.0,13:01:32
19000.0,1000,-950.0,0.0,SD,9613500.0,24149400.0,False,0.0,13:01:32
19000.0,1000,-950.0,0.0,SD,9613500.0,24148400.0,False,0.0,13:01:32
19000.0,2000,-950.0,0.0,SD,9613500.0,24147400.0,False,0.0,13:01:32
19000.0,500,-950.0,0.0,SD,9613500.0,24145400.0,False,0.0,13:01:32
19000.0,200,-950.0,0.0,SD,9613500.0,24144900.0,False,0.0,13:01:32
19000.0,1000,-950.0,0.0,SD,9613500.0,24144700.0,False,0.0,13:01:32
19000.0,300,-950.0,0.0,SD,9613500.0,24143700.0,False,0.0,13:01:32
19000.0,600,-950.0,0.0,SD,9613500.0,24143400.0,False,0.0,13:01:32
19000.0,500,-950.0,0.0,SD,9613500.0,24142800.0,False,0.0,13:01:32
19000.0,4000,-950.0,0.0,SD,9613500.0,24142300.0,False,0.0,13:01:32
19000.0,300,-950.0,0.0,SD,9613500.0,24138300.0,False,0.0,13:01:32
19000.0,1000,-950.0,0.0,SD,9613500.0,24138000.0,False,0.0,13:01:32
19000.0,300,-950.0,0.0,SD,9613500.0,24137000.0,False,0.0,13:01:32
19000.0,100,-950.0,0.0,SD,9613500.0,24136700.0,False,0.0,13:01:32
19000.0,5300,-950.0,0.0,SD,9613500.0,24136600.0,False,0.0,13:01:32
19000.0,100,-950.0,0.0,SD,9613500.0,24131300.0,False,0.0,13:01:32
19000.0,1200,-950.0,0.0,SD,9613500.0,24131200.0,False,0.0,13:01:32
19000.0,100,-950.0,0.0,SD,9613500.0,24130000.0,False,0.0,13:01:32
19000.0,400,-950.0,0.0,SD,9613500.0,24129900.0,False,0.0,13:01:32
19000.0,100,-950.0,0.0,SD,9613500.0,24129500.0,False,0.0,13:01:32
19000.0,300,-950.0,0.0,SD,9613500.0,24129400.0,False,0.0,13:01:32
19000.0,100,-950.0,0.0,SD,9613500.0,24129100.0,False,0.0,13:01:32
19000.0,1300,-950.0,0.0,SD,9613500.0,24129000.0,False,0.0,13:01:32
19000.0,200,-950.0,0.0,SD,9613500.0,24127700.0,False,0.0,13:01:32
19000.0,2000,-950.0,0.0,SD,9613500.0,24127500.0,False,0.0,13:01:32
19000.0,1500,-950.0,0.0,SD,9613500.0,24125500.0,False,0.0,13:01:32
19000.0,5300,-950.0,0.0,SD,9613500.0,24124000.0,False,0.0,13:01:32
19000.0,1000,-950.0,0.0,SD,9613500.0,24118700.0,False,0.0,13:01:32
19000.0,1000,-950.0,0.0,SD,9613500.0,24117700.0,False,0.0,13:01:32
19000.0,1000,-950.0,0.0,SD,9613500.0,24116700.0,False,0.0,13:01:32
19000.0,1000,-950.0,0.0,SD,9613500.0,24115700.0,False,0.0,13:01:32
19000.0,1000,-950.0,0.0,SD,9613500.0,24114700.0,False,0.0,13:01:32
19000.0,1000,-950.0,0.0,SD,9613500.0,24113700.0,False,0.0,13:01:32
19000.0,4000,-950.0,0.0,SD,9613500.0,24112700.0,False,0.0,13:01:32
19000.0,100,-950.0,0.0,SD,9613500.0,24108700.0,False,0.0,13:01:32
19000.0,4000,-950.0,0.0,SD,9613500.0,24108600.0,False,0.0,13:01:32
19000.0,400,-950.0,0.0,SD,9613500.0,24104600.0,False,0.0,13:01:32
19000.0,500,-950.0,0.0,SD,9613500.0,24104200.0,False,0.0,13:01:32
19000.0,200,-950.0,0.0,SD,9613500.0,24103700.0,False,0.0,13:01:32
19000.0,100,-950.0,0.0,SD,9613500.0,24103500.0,False,0.0,13:01:32
19000.0,100,-950.0,0.0,SD,9613500.0,24103400.0,False,0.0,13:01:32
19000.0,1000,-950.0,0.0,SD,9613500.0,24103300.0,False,0.0,13:01:32
19000.0,1100,-950.0,0.0,SD,9613500.0,24102300.0,False,0.0,13:01:32
19000.0,300,-950.0,0.0,SD,9613500.0,24101200.0,False,0.0,13:01:32
19000.0,100,-950.0,0.0,SD,9613500.0,24100900.0,False,0.0,13:01:32
19000.0,100,-950.0,0.0,SD,9613500.0,24100800.0,False,0.0,13:01:32
19000.0,200,-950.0,0.0,SD,9613500.0,24100700.0,False,0.0,13:01:32
19000.0,800,-950.0,0.0,SD,9613500.0,24100500.0,False,0.0,13:01:32
19000.0,100,-950.0,0.0,SD,9613500.0,24099700.0,False,0.0,13:01:32
19000.0,100,-950.0,0.0,SD,9613500.0,24099600.0,False,0.0,13:01:32
19000.0,1000,-950.0,0.0,SD,9613500.0,24099500.0,False,0.0,13:01:32
19000.0,100,-950.0,0.0,SD,9613500.0,24098500.0,False,0.0,13:01:32
19000.0,100,-950.0,0.0,SD,9613500.0,24098400.0,False,0.0,13:01:32
19000.0,500,-950.0,0.0,SD,9613500.0,24098300.0,False,0.0,13:01:32
19000.0,500,-950.0,0.0,SD,9613500.0,24097800.0,False,0.0,13:01:32
19000.0,3000,-950.0,0.0,SD,9613500.0,24097300.0,False,0.0,13:01:32
19000.0,100,-950.0,0.0,SD,9613500.0,24094300.0,False,0.0,13:01:32
19000.0,100,-950.0,0.0,SD,9613500.0,24094200.0,False,0.0,13:01:32
19000.0,200,-950.0,0.0,SD,9613500.0,24094100.0,False,0.0,13:01:32
19000.0,500,-950.0,0.0,SD,9613500.0,24093900.0,False,0.0,13:01:32
19000.0,200,-950.0,0.0,SD,9613500.0,24093400.0,False,0.0,13:01:32
19000.0,1000,-950.0,0.0,SD,9613500.0,24093200.0,False,0.0,13:01:32
19000.0,100,-950.0,0.0,SD,9613500.0,24092200.0,False,0.0,13:01:32
19000.0,1000,-950.0,0.0,SD,9613500.0,24092100.0,False,0.0,13:01:32
19000.0,500,-950.0,0.0,SD,9613500.0,24091100.0,False,0.0,13:01:32
19000.0,200,-950.0,0.0,SD,9613500.0,24090600.0,False,0.0,13:01:32
19000.0,100,-950.0,0.0,SD,9613500.0,24090400.0,False,0.0,13:01:32
19000.0,100,-950.0,0.0,SD,9613500.0,24090300.0,False,0.0,13:01:32
19000.0,2000,-950.0,0.0,SD,9613500.0,24090200.0,False,0.0,13:01:32
19000.0,200,-950.0,0.0,SD,9613500.0,24088200.0,False,0.0,13:01:32
19000.0,100,-950.0,0.0,SD,9613500.0,24088000.0,False,0.0,13:01:32
19000.0,500,-950.0,0.0,SD,9613500.0,24087900.0,False,0.0,13:01:32
19000.0,200,-950.0,0.0,SD,9613500.0,24087400.0,False,0.0,13:01:32
19000.0,2300,-950.0,0.0,SD,9613500.0,24087200.0,False,0.0,13:01:32
19000.0,600,-950.0,0.0,SD,9613500.0,24084900.0,False,0.0,13:01:32
19000.0,100,-950.0,0.0,SD,9613500.0,24084300.0,False,0.0,13:01:32
19000.0,200,-950.0,0.0,SD,9613500.0,24084200.0,False,0.0,13:01:32
19000.0,1000,-950.0,0.0,SD,9613500.0,24084000.0,False,0.0,13:01:32
19000.0,100,-950.0,0.0,SD,9613500.0,24083000.0,False,0.0,13:01:32
19000.0,1000,-950.0,0.0,SD,9613500.0,24082900.0,False,0.0,13:01:32
19000.0,100,-950.0,0.0,SD,9613500.0,24081900.0,False,0.0,13:01:32
19000.0,500,-950.0,0.0,SD,9613500.0,24081800.0,False,0.0,13:01:32
19000.0,200,-950.0,0.0,SD,9613500.0,24081300.0,False,0.0,13:01:32
19000.0,200,-950.0,0.0,SD,9613500.0,24081100.0,False,0.0,13:01:32
19000.0,500,-950.0,0.0,SD,9613500.0,24080900.0,False,0.0,13:01:32
19000.0,100,-950.0,0.0,SD,9613500.0,24080400.0,False,0.0,13:01:32
19000.0,2000,-950.0,0.0,SD,9613500.0,24080300.0,False,0.0,13:01:32
19000.0,100,-950.0,0.0,SD,9613500.0,24078300.0,False,0.0,13:01:32
19000.0,100,-950.0,0.0,SD,9613500.0,24078200.0,False,0.0,13:01:32
19000.0,100,-950.0,0.0,SD,9613500.0,24078100.0,False,0.0,13:01:32
19000.0,500,-950.0,0.0,SD,9613500.0,24078000.0,False,0.0,13:01:32
19000.0,200,-950.0,0.0,SD,9613500.0,24077500.0,False,0.0,13:01:32
19000.0,200,-950.0,0.0,SD,9613500.0,24077300.0,False,0.0,13:01:32
19000.0,100,-950.0,0.0,SD,9613500.0,24077100.0,False,0.0,13:01:32
19000.0,100,-950.0,0.0,SD,9613500.0,24077000.0,False,0.0,13:01:32
19000.0,100,-950.0,0.0,SD,9613500.0,24076900.0,False,0.0,13:01:32
19000.0,300,-950.0,0.0,SD,9613500.0,24076800.0,False,0.0,13:01:32
19000.0,500,-950.0,0.0,SD,9613500.0,24076500.0,False,0.0,13:01:32
19000.0,2200,-950.0,0.0,SD,9613500.0,24076000.0,False,0.0,13:01:32
19000.0,100,-950.0,0.0,SD,9613500.0,24073800.0,False,0.0,13:01:32
19000.0,100,-950.0,0.0,SD,9613500.0,24073700.0,False,0.0,13:01:32
19000.0,500,-950.0,0.0,SD,9613500.0,24073600.0,False,0.0,13:01:32
19000.0,400,-950.0,0.0,SD,9613500.0,24073100.0,False,0.0,13:01:32
19000.0,300,-950.0,0.0,SD,9613500.0,24072700.0,False,0.0,13:01:32
19000.0,2000,-950.0,0.0,SD,9613500.0,24072400.0,False,0.0,13:01:32
19000.0,100,-950.0,0.0,SD,9613500.0,24070400.0,False,0.0,13:01:32
19000.0,100,-950.0,0.0,SD,9613500.0,24070300.0,False,0.0,13:01:32
19000.0,2000,-950.0,0.0,SD,9613500.0,24070200.0,False,0.0,13:01:32
19000.0,500,-950.0,0.0,SD,9613500.0,24068200.0,False,0.0,13:01:32
19000.0,500,-950.0,0.0,SD,9613500.0,24067700.0,False,0.0,13:01:32
19000.0,100,-950.0,0.0,SD,9613500.0,24067200.0,False,0.0,13:01:32
19000.0,1000,-950.0,0.0,SD,9613500.0,24067100.0,False,0.0,13:01:32
19000.0,2000,-950.0,0.0,SD,9613500.0,24066100.0,False,0.0,13:01:32
19000.0,1000,-950.0,0.0,SD,9613500.0,24064100.0,False,0.0,13:01:32
19000.0,300,-950.0,0.0,SD,9613500.0,24063100.0,False,0.0,13:01:32
19000.0,5000,-950.0,0.0,SD,9613500.0,24062800.0,False,0.0,13:01:32
19000.0,2000,-950.0,0.0,SD,9613500.0,24057800.0,False,0.0,13:01:32
19000.0,200,-950.0,0.0,SD,9613500.0,24055800.0,False,0.0,13:01:32
19000.0,1000,-950.0,0.0,SD,9613500.0,24055600.0,False,0.0,13:01:32
19000.0,100000,-950.0,0.0,SD,9613500.0,24054600.0,True,0.0,13:01:32
19000.0,100,-950.0,0.0,SD,9613500.0,23954600.0,False,0.0,13:01:32
19000.0,200,-950.0,0.0,SD,9613500.0,23954500.0,False,0.0,13:01:32
19000.0,1000,-950.0,0.0,SD,9613500.0,23954300.0,False,0.0,13:01:32
19000.0,100,-950.0,0.0,SD,9613500.0,23953300.0,False,0.0,13:01:32
19000.0,2000,-950.0,0.0,SD,9613500.0,23953200.0,False,0.0,13:01:32
19000.0,100,-950.0,0.0,SD,9613500.0,23951200.0,False,0.0,13:01:32
19000.0,500,-950.0,0.0,SD,9613500.0,23951100.0,False,0.0,13:01:32
19000.0,100,-950.0,0.0,SD,9613500.0,23950600.0,False,0.0,13:01:32
19000.0,2000,-950.0,0.0,SD,9613500.0,23950500.0,False,0.0,13:01:32
19000.0,500,-950.0,0.0,SD,9613500.0,23948500.0,False,0.0,13:01:32
19000.0,1000,-950.0,0.0,SD,9613500.0,23948000.0,False,0.0,13:01:32
19000.0,100,-950.0,0.0,SD,9613500.0,23947000.0,False,0.0,13:01:32
19000.0,100,-950.0,0.0,SD,9613500.0,23946900.0,False,0.0,13:01:32
19000.0,100,-950.0,0.0,SD,9613500.0,23946800.0,False,0.0,13:01:32
19000.0,400,-950.0,0.0,SD,9613500.0,23946700.0,False,0.0,13:01:32
19000.0,100,-950.0,0.0,SD,9613500.0,23946300.0,False,0.0,13:01:32
19000.0,100,-950.0,0.0,SD,9613500.0,23946200.0,False,0.0,13:01:32
19000.0,500,-950.0,0.0,SD,9613500.0,23946100.0,False,0.0,13:01:32
19000.0,100,-950.0,0.0,SD,9613500.0,23945600.0,False,0.0,13:01:32
19000.0,100,-950.0,0.0,SD,9613500.0,23945500.0,False,0.0,13:01:32
19000.0,1000,-950.0,0.0,SD,9613500.0,23945400.0,False,0.0,13:01:32
19000.0,1000,-950.0,0.0,SD,9613500.0,23944400.0,False,0.0,13:01:32
19000.0,300,-950.0,0.0,SD,9613500.0,23943400.0,False,0.0,13:01:32
19000.0,500,-950.0,0.0,SD,9613500.0,23943100.0,False,0.0,13:01:32
19000.0,1000,-950.0,0.0,SD,9613500.0,23942600.0,False,0.0,13:01:32
19000.0,300,-950.0,0.0,SD,9613500.0,23941600.0,False,0.0,13:01:32
19000.0,100,-950.0,0.0,SD,9613500.0,23941300.0,False,0.0,13:01:32
19000.0,100,-950.0,0.0,SD,9613500.0,23941200.0,False,0.0,13:01:32
19000.0,400,-950.0,0.0,SD,9613500.0,23941100.0,False,0.0,13:01:32
19000.0,100,-950.0,0.0,SD,9613500.0,23940700.0,False,0.0,13:01:32
19000.0,100,-950.0,0.0,SD,9613500.0,23940600.0,False,0.0,13:01:32
19000.0,100,-950.0,0.0,SD,9613500.0,23940500.0,False,0.0,13:01:32
19000.0,500,-950.0,0.0,SD,9613500.0,23940400.0,False,0.0,13:01:32
19000.0,100,-950.0,0.0,SD,9613500.0,23939900.0,False,0.0,13:01:32
19000.0,200,-950.0,0.0,SD,9613500.0,23939800.0,False,0.0,13:01:32
19000.0,100,-950.0,0.0,SD,9613500.0,23939600.0,False,0.0,13:01:32
19000.0,3000,-950.0,0.0,SD,9613500.0,23939500.0,False,0.0,13:01:32
19000.0,15000,-950.0,0.0,SD,9613500.0,23936500.0,True,0.0,13:01:32
19000.0,1000,-950.0,0.0,SD,9613500.0,23921500.0,False,0.0,13:01:32
19000.0,100,-950.0,0.0,SD,9613500.0,23920500.0,False,0.0,13:01:32
19000.0,100,-950.0,0.0,SD,9613500.0,23920400.0,False,0.0,13:01:32
19000.0,800,-950.0,0.0,SD,9613500.0,23920300.0,False,0.0,13:01:32
19000.0,1000,-950.0,0.0,SD,9613500.0,23919500.0,False,0.0,13:01:32
19000.0,200,-950.0,0.0,SD,9613500.0,23918500.0,False,0.0,13:01:32
19000.0,1000,-950.0,0.0,SD,9613500.0,23918300.0,False,0.0,13:01:32
19000.0,200,-950.0,0.0,SD,9613500.0,23917300.0,False,0.0,13:01:32
19000.0,100,-950.0,0.0,SD,9613500.0,23917100.0,False,0.0,13:01:32
19000.0,100,-950.0,0.0,SD,9613500.0,23917000.0,False,0.0,13:01:32
19000.0,500,-950.0,0.0,SD,9613500.0,23916900.0,False,0.0,13:01:32
19000.0,3000,-950.0,0.0,SD,9613500.0,23916400.0,False,0.0,13:01:32
19000.0,100,-950.0,0.0,SD,9613500.0,23913400.0,False,0.0,13:01:32
19000.0,1000,-950.0,0.0,SD,9613500.0,23913300.0,False,0.0,13:01:32
19000.0,2000,-950.0,0.0,SD,9613500.0,23912300.0,False,0.0,13:01:32
19000.0,200,-950.0,0.0,SD,9613500.0,23910300.0,False,0.0,13:01:32
19000.0,100,-950.0,0.0,SD,9613500.0,23910100.0,False,0.0,13:01:32
19000.0,500,-950.0,0.0,SD,9613500.0,23910000.0,False,0.0,13:01:32
19000.0,100,-950.0,0.0,SD,9613500.0,23909500.0,False,0.0,13:01:32
19000.0,1000,-950.0,0.0,SD,9613500.0,23909400.0,False,0.0,13:01:32
19000.0,200,-950.0,0.0,SD,9613500.0,23908400.0,False,0.0,13:01:32
19000.0,1000,-950.0,0.0,SD,9613500.0,23908200.0,False,0.0,13:01:32
19000.0,300,-950.0,0.0,SD,9613500.0,23907200.0,False,0.0,13:01:32
19000.0,200,-950.0,0.0,SD,9613500.0,23906900.0,False,0.0,13:01:32
19000.0,300,-950.0,0.0,SD,9613500.0,23906700.0,False,0.0,13:01:32
19000.0,1000,-950.0,0.0,SD,9613500.0,23906400.0,False,0.0,13:01:32
19000.0,200,-950.0,0.0,SD,9613500.0,23905400.0,False,0.0,13:01:32
19000.0,1000,-950.0,0.0,SD,9613500.0,23905200.0,False,0.0,13:01:32
19000.0,1000,-950.0,0.0,SD,9613500.0,23904200.0,False,0.0,13:01:32
19000.0,100,-950.0,0.0,SD,9613500.0,23903200.0,False,0.0,13:01:32
19000.0,1000,-950.0,0.0,SD,9613500.0,23903100.0,False,0.0,13:01:32
19000.0,500,-950.0,0.0,SD,9613500.0,23902100.0,False,0.0,13:01:32
19000.0,200,-950.0,0.0,SD,9613500.0,23901600.0,False,0.0,13:01:32
19000.0,3000,-950.0,0.0,SD,9613500.0,23901400.0,False,0.0,13:01:32
19000.0,300,-950.0,0.0,SD,9613500.0,23898400.0,False,0.0,13:01:32
19000.0,200,-950.0,0.0,SD,9613500.0,23898100.0,False,0.0,13:01:32
19000.0,200,-950.0,0.0,SD,9613500.0,23897900.0,False,0.0,13:01:32
19000.0,100,-950.0,0.0,SD,9613500.0,23897700.0,False,0.0,13:01:32
19000.0,100,-950.0,0.0,SD,9613500.0,23897600.0,False,0.0,13:01:32
19000.0,500,-950.0,0.0,SD,9613500.0,23897500.0,False,0.0,13:01:32
19000.0,1000,-950.0,0.0,SD,9613500.0,23897000.0,False,0.0,13:01:32
19000.0,2000,-950.0,0.0,SD,9613500.0,23896000.0,False,0.0,13:01:32
19000.0,900,-950.0,0.0,SD,9613500.0,23894000.0,False,0.0,13:01:32
19000.0,300,-950.0,0.0,SD,9613500.0,23893100.0,False,0.0,13:01:32
19000.0,300,-950.0,0.0,SD,9613500.0,23892800.0,False,0.0,13:01:32
19000.0,100,-950.0,0.0,SD,9613500.0,23892500.0,False,0.0,13:01:32
19000.0,5000,-950.0,0.0,SD,9613500.0,23892400.0,False,0.0,13:01:32
19000.0,1000,-950.0,0.0,SD,9613500.0,23887400.0,False,0.0,13:01:32
19000.0,500,-950.0,0.0,SD,9613500.0,23886400.0,False,0.0,13:01:32
19000.0,200,-950.0,0.0,SD,9613500.0,23885900.0,False,0.0,13:01:32
19000.0,100,-950.0,0.0,SD,9613500.0,23885700.0,False,0.0,13:01:32
19000.0,200,-950.0,0.0,SD,9613500.0,23885600.0,False,0.0,13:01:32
19000.0,1400,-950.0,0.0,SD,9613500.0,23885400.0,False,0.0,13:01:32
19000.0,2000,-950.0,0.0,SD,9613500.0,23884000.0,False,0.0,13:01:32
19000.0,100,-950.0,0.0,SD,9613500.0,23882000.0,False,0.0,13:01:32
19000.0,1000,-950.0,0.0,SD,9613500.0,23881900.0,False,0.0,13:01:32
19000.0,200,-950.0,0.0,SD,9613500.0,23880900.0,False,0.0,13:01:32
19000.0,100,-950.0,0.0,SD,9613500.0,23880700.0,False,0.0,13:01:32
19000.0,100,-950.0,0.0,SD,9613500.0,23880600.0,False,0.0,13:01:32
19000.0,100,-950.0,0.0,SD,9613500.0,23880500.0,False,0.0,13:01:32
19000.0,100,-950.0,0.0,SD,9613500.0,23880400.0,False,0.0,13:01:32
19000.0,500,-950.0,0.0,SD,9613500.0,23880300.0,False,0.0,13:01:32
19000.0,100,-950.0,0.0,SD,9613500.0,23879800.0,False,0.0,13:01:32
19000.0,100,-950.0,0.0,SD,9613500.0,23879700.0,False,0.0,13:01:32
19000.0,100,-950.0,0.0,SD,9613500.0,23879600.0,False,0.0,13:01:32
19000.0,35000,-950.0,0.0,SD,9613500.0,23879500.0,True,0.0,13:01:32
19000.0,100,-950.0,0.0,SD,9613500.0,23844500.0,False,0.0,13:01:32
19000.0,800,-950.0,0.0,SD,9613500.0,23844400.0,False,0.0,13:01:32
19000.0,1000,-950.0,0.0,SD,9613500.0,23843600.0,False,0.0,13:01:32
19000.0,1000,-950.0,0.0,SD,9613500.0,23842600.0,False,0.0,13:01:32
19000.0,100,-950.0,0.0,SD,9613500.0,23841600.0,False,0.0,13:01:32
19000.0,500,-950.0,0.0,SD,9613500.0,23841500.0,False,0.0,13:01:32
19000.0,1000,-950.0,0.0,SD,9613500.0,23841000.0,False,0.0,13:01:32
19000.0,700,-950.0,0.0,SD,9613500.0,23840000.0,False,0.0,13:01:32
19000.0,400,-950.0,0.0,SD,9613500.0,23839300.0,False,0.0,13:01:32
19000.0,300,-950.0,0.0,SD,9613500.0,23838900.0,False,0.0,13:01:32
19000.0,500,-950.0,0.0,SD,9613500.0,23838600.0,False,0.0,13:01:32
19000.0,500,-950.0,0.0,SD,9613500.0,23838100.0,False,0.0,13:01:32
19000.0,100,-950.0,0.0,SD,9613500.0,23837600.0,False,0.0,13:01:32
19000.0,1000,-950.0,0.0,SD,9613500.0,23837500.0,False,0.0,13:01:32
19000.0,200,-950.0,0.0,SD,9613500.0,23836500.0,False,0.0,13:01:32
19000.0,200,-950.0,0.0,SD,9613500.0,23836300.0,False,0.0,13:01:32
19000.0,1100,-950.0,0.0,SD,9613500.0,23836100.0,False,0.0,13:01:32
19000.0,500,-950.0,0.0,SD,9613500.0,23835000.0,False,0.0,13:01:32
19000.0,200,-950.0,0.0,SD,9613500.0,23834500.0,False,0.0,13:01:32
19000.0,800,-950.0,0.0,SD,9613500.0,23834300.0,False,0.0,13:01:32
19000.0,500,-950.0,0.0,SD,9613500.0,23833500.0,False,0.0,13:01:32
19000.0,500,-950.0,0.0,SD,9613500.0,23833000.0,False,0.0,13:01:32
19000.0,1000,-950.0,0.0,SD,9613500.0,23832500.0,False,0.0,13:01:32
19000.0,1000,-950.0,0.0,SD,9613500.0,23831500.0,False,0.0,13:01:32
19000.0,200,-950.0,0.0,SD,9613500.0,23830500.0,False,0.0,13:01:32
19000.0,1000,-950.0,0.0,SD,9613500.0,23830300.0,False,0.0,13:01:32
19000.0,4800,-950.0,0.0,SD,9613500.0,23829300.0,False,0.0,13:01:32
19000.0,100,-950.0,0.0,SD,9613500.0,23824500.0,False,0.0,13:01:32
19000.0,2000,-950.0,0.0,SD,9613500.0,23824400.0,False,0.0,13:01:32
19000.0,1000,-950.0,0.0,SD,9613500.0,23822400.0,False,0.0,13:01:32
19000.0,200,-950.0,0.0,SD,9613500.0,23821400.0,False,0.0,13:01:32
19000.0,300,-950.0,0.0,SD,9613500.0,23821200.0,False,0.0,13:01:32
19000.0,400,-950.0,0.0,SD,9613500.0,23820900.0,False,0.0,13:01:32
19000.0,1600,-950.0,0.0,SD,9613500.0,23820500.0,False,0.0,13:01:32
19000.0,3600,-950.0,0.0,SD,9613500.0,23818900.0,False,0.0,13:01:32
19000.0,1000,-950.0,0.0,SD,9613500.0,23815300.0,False,0.0,13:01:31
19000.0,200,-950.0,0.0,SD,9613500.0,23814300.0,False,0.0,13:01:31
19000.0,2000,-950.0,0.0,SD,9613500.0,23814100.0,False,0.0,13:01:31
19000.0,2000,-950.0,0.0,SD,9613500.0,23812100.0,False,0.0,13:01:31
19000.0,1200,-950.0,0.0,SD,9613500.0,23810100.0,False,0.0,13:01:31
19000.0,400,-950.0,0.0,SD,9613500.0,23808900.0,False,0.0,13:01:31
19000.0,500,-950.0,0.0,SD,9613500.0,23808500.0,False,0.0,13:01:31
19000.0,3700,-950.0,0.0,SD,9613500.0,23808000.0,False,0.0,13:01:31
19000.0,1300,-950.0,0.0,SD,9613500.0,23804300.0,False,0.0,13:01:31
19000.0,200,-950.0,0.0,SD,9613500.0,23803000.0,False,0.0,13:01:31
19000.0,2000,-950.0,0.0,SD,9613500.0,23802800.0,False,0.0,13:01:31
19000.0,1000,-950.0,0.0,SD,9613500.0,23800800.0,False,0.0,13:01:31
19000.0,4500,-950.0,0.0,SD,9613500.0,23799800.0,False,0.0,13:01:31
19000.0,3200,-950.0,0.0,SD,9613500.0,23795300.0,False,0.0,13:01:31
19000.0,500,-950.0,0.0,SD,9613500.0,23792100.0,False,0.0,13:01:30
19000.0,1800,-950.0,0.0,SD,9613500.0,23791600.0,False,0.0,13:01:30
19000.0,1000,-950.0,0.0,SD,9613500.0,23789800.0,False,0.0,13:01:30
19000.0,1000,-950.0,0.0,SD,9613500.0,23788800.0,False,0.0,13:01:30
19000.0,500,-950.0,0.0,SD,9613500.0,23787800.0,False,0.0,13:01:30
19000.0,300,-950.0,0.0,SD,9613500.0,23787300.0,False,0.0,13:01:30
19000.0,600,-950.0,0.0,SD,9613500.0,23787000.0,False,0.0,13:01:30
19000.0,100,-950.0,0.0,SD,9613500.0,23786400.0,False,0.0,13:01:30
19000.0,500,-950.0,0.0,SD,9613500.0,23786300.0,False,0.0,13:01:30
19000.0,1000,-950.0,0.0,SD,9613500.0,23785800.0,False,0.0,13:01:30
19000.0,4000,-950.0,0.0,SD,9613500.0,23784800.0,False,0.0,13:01:30
19000.0,500,-950.0,0.0,SD,9613500.0,23780800.0,False,0.0,13:01:30
19000.0,1000,-950.0,0.0,SD,9613500.0,23780300.0,False,0.0,13:01:30
19000.0,500,-950.0,0.0,SD,9613500.0,23779300.0,False,0.0,13:01:30
19000.0,1000,-950.0,0.0,SD,9613500.0,23778800.0,False,0.0,13:01:30
19000.0,400,-950.0,0.0,SD,9613500.0,23777800.0,False,0.0,13:01:30
19000.0,600,-950.0,0.0,SD,9613500.0,23777400.0,False,0.0,13:01:30
19000.0,100,-950.0,0.0,SD,9613500.0,23776800.0,False,0.0,13:01:30
19000.0,100,-950.0,0.0,SD,9613500.0,23776700.0,False,0.0,13:01:30
19000.0,200,-950.0,0.0,SD,9613500.0,23776600.0,False,0.0,13:01:30
19000.0,500,-950.0,0.0,SD,9613500.0,23776400.0,False,0.0,13:01:30
19000.0,300,-950.0,0.0,SD,9613500.0,23775900.0,False,0.0,13:01:30
19000.0,1000,-950.0,0.0,SD,9613500.0,23775600.0,False,0.0,13:01:30
19000.0,2000,-950.0,0.0,SD,9613500.0,23774600.0,False,0.0,13:01:30
19000.0,100,-950.0,0.0,SD,9613500.0,23772600.0,False,0.0,13:01:30
19000.0,100,-950.0,0.0,SD,9613500.0,23772500.0,False,0.0,13:01:30
19000.0,100,-950.0,0.0,SD,9613500.0,23772400.0,False,0.0,13:01:30
19000.0,500,-950.0,0.0,SD,9613500.0,23772300.0,False,0.0,13:01:30
19000.0,100,-950.0,0.0,SD,9613500.0,23771800.0,False,0.0,13:01:30
19000.0,1000,-950.0,0.0,SD,9613500.0,23771700.0,False,0.0,13:01:30
19000.0,1000,-950.0,0.0,SD,9613500.0,23770700.0,False,0.0,13:01:30
19000.0,2500,-950.0,0.0,SD,9613500.0,23769700.0,False,0.0,13:01:30
19000.0,100,-950.0,0.0,SD,9613500.0,23767200.0,False,0.0,13:01:30
19000.0,100,-950.0,0.0,SD,9613500.0,23767100.0,False,0.0,13:01:30
19000.0,200,-950.0,0.0,SD,9613500.0,23767000.0,False,0.0,13:01:30
19000.0,1000,-950.0,0.0,SD,9613500.0,23766800.0,False,0.0,13:01:30
19000.0,1700,-950.0,0.0,SD,9613500.0,23765800.0,False,0.0,13:01:30
19000.0,2300,-950.0,0.0,SD,9613500.0,23764100.0,False,0.0,13:01:30
19000.0,200,-950.0,0.0,SD,9613500.0,23761800.0,False,0.0,13:01:30
19000.0,1100,-950.0,0.0,SD,9613500.0,23761600.0,False,0.0,13:01:30
19000.0,200,-950.0,0.0,SD,9613500.0,23760500.0,False,0.0,13:01:30
19000.0,200,-950.0,0.0,SD,9613500.0,23760300.0,False,0.0,13:01:30
19000.0,900,-950.0,0.0,SD,9613500.0,23760100.0,False,0.0,13:01:30
19000.0,4100,-950.0,0.0,SD,9613500.0,23759200.0,False,0.0,13:01:30
19000.0,500,-950.0,0.0,SD,9613500.0,23755100.0,False,0.0,13:01:30
19000.0,300,-950.0,0.0,SD,9613500.0,23754600.0,False,0.0,13:01:30
19000.0,500,-950.0,0.0,SD,9613500.0,23754300.0,False,0.0,13:01:30
19000.0,2000,-950.0,0.0,SD,9613500.0,23753800.0,False,0.0,13:01:30
19000.0,100,-950.0,0.0,SD,9613500.0,23751800.0,False,0.0,13:01:30
19000.0,2000,-950.0,0.0,SD,9613500.0,23751700.0,False,0.0,13:01:30
19000.0,1000,-950.0,0.0,SD,9613500.0,23749700.0,False,0.0,13:01:30
19000.0,1000,-950.0,0.0,SD,9613500.0,23748700.0,False,0.0,13:01:30
19000.0,2000,-950.0,0.0,SD,9613500.0,23747700.0,False,0.0,13:01:30
19000.0,500,-950.0,0.0,SD,9613500.0,23745700.0,False,0.0,13:01:30
19000.0,300,-950.0,0.0,SD,9613500.0,23745200.0,False,0.0,13:01:30
19000.0,500,-950.0,0.0,SD,9613500.0,23744900.0,False,0.0,13:01:30
19000.0,400,-950.0,0.0,SD,9613500.0,23744400.0,False,0.0,13:01:30
19000.0,600,-950.0,0.0,SD,9613500.0,23744000.0,False,0.0,13:01:30
19000.0,100,-950.0,0.0,SD,9613500.0,23743400.0,False,0.0,13:01:30
19000.0,100,-950.0,0.0,SD,9613500.0,23743300.0,False,0.0,13:01:30
19000.0,100,-950.0,0.0,SD,9613500.0,23743200.0,False,0.0,13:01:30
19000.0,500,-950.0,0.0,SD,9613500.0,23743100.0,False,0.0,13:01:30
19000.0,100,-950.0,0.0,SD,9613500.0,23742600.0,False,0.0,13:01:30
19000.0,400,-950.0,0.0,SD,9613500.0,23742500.0,False,0.0,13:01:30
19000.0,100,-950.0,0.0,SD,9613500.0,23742100.0,False,0.0,13:01:30
19000.0,100,-950.0,0.0,SD,9613500.0,23742000.0,False,0.0,13:01:30
19000.0,100,-950.0,0.0,SD,9613500.0,23741900.0,False,0.0,13:01:30
19000.0,100,-950.0,0.0,SD,9613500.0,23741800.0,False,0.0,13:01:30
19000.0,500,-950.0,0.0,SD,9613500.0,23741700.0,False,0.0,13:01:30
19000.0,100,-950.0,0.0,SD,9613500.0,23741200.0,False,0.0,13:01:30
19000.0,100,-950.0,0.0,SD,9613500.0,23741100.0,False,0.0,13:01:30
19000.0,300,-950.0,0.0,SD,9613500.0,23741000.0,False,0.0,13:01:30
19000.0,100,-950.0,0.0,SD,9613500.0,23740700.0,False,0.0,13:01:30
19000.0,200,-950.0,0.0,SD,9613500.0,23740600.0,False,0.0,13:01:30
19000.0,700,-950.0,0.0,SD,9613500.0,23740400.0,False,0.0,13:01:30
19000.0,100,-950.0,0.0,SD,9613500.0,23739700.0,False,0.0,13:01:29
19000.0,200,-950.0,0.0,SD,9613500.0,23739600.0,False,0.0,13:01:29
19000.0,100,-950.0,0.0,SD,9613500.0,23739400.0,False,0.0,13:01:29
19000.0,2700,-950.0,0.0,SD,9613500.0,23739300.0,False,0.0,13:01:29
19000.0,7100,-950.0,0.0,SD,9613500.0,23736600.0,False,0.0,13:01:29
19000.0,100,-950.0,0.0,SD,9613500.0,23729500.0,False,0.0,13:01:29
19000.0,5000,-950.0,0.0,SD,9613500.0,23729400.0,False,0.0,13:01:29
19000.0,100,-950.0,0.0,SD,9613500.0,23724400.0,False,0.0,13:01:29
19000.0,5200,-950.0,0.0,SD,9613500.0,23724300.0,False,0.0,13:01:29
19000.0,1000,-950.0,0.0,SD,9613500.0,23719100.0,False,0.0,13:01:29
19000.0,200,-950.0,0.0,SD,9613500.0,23718100.0,False,0.0,13:01:29
19000.0,300,-950.0,0.0,SD,9613500.0,23717900.0,False,0.0,13:01:29
19000.0,1000,-950.0,0.0,SD,9613500.0,23717600.0,False,0.0,13:01:29
19000.0,2100,-950.0,0.0,SD,9613500.0,23716600.0,False,0.0,13:01:29
19000.0,900,-950.0,0.0,SD,9613500.0,23714500.0,False,0.0,13:01:29
19000.0,100,-950.0,0.0,SD,9613500.0,23713600.0,False,0.0,13:01:29
19000.0,500,-950.0,0.0,SD,9613500.0,23713500.0,False,0.0,13:01:29
19000.0,1000,-950.0,0.0,SD,9613500.0,23713000.0,False,0.0,13:01:29
19000.0,100,-950.0,0.0,SD,9613500.0,23712000.0,False,0.0,13:01:29
19000.0,2000,-950.0,0.0,SD,9613500.0,23711900.0,False,0.0,13:01:29
19000.0,500,-950.0,0.0,SD,9613500.0,23709900.0,False,0.0,13:01:29
19000.0,300,-950.0,0.0,SD,9613500.0,23709400.0,False,0.0,13:01:29
19000.0,200,-950.0,0.0,SD,9613500.0,23709100.0,False,0.0,13:01:29
19000.0,2000,-950.0,0.0,SD,9613500.0,23708900.0,False,0.0,13:01:29
19000.0,200,-950.0,0.0,SD,9613500.0,23706900.0,False,0.0,13:01:29
19000.0,200,-950.0,0.0,SD,9613500.0,23706700.0,False,0.0,13:01:29
19000.0,300,-950.0,0.0,SD,9613500.0,23706500.0,False,0.0,13:01:29
19000.0,100,-950.0,0.0,SD,9613500.0,23706200.0,False,0.0,13:01:28
19000.0,200,-950.0,0.0,SD,9613500.0,23706100.0,False,0.0,13:01:28
19000.0,100,-950.0,0.0,SD,9613500.0,23705900.0,False,0.0,13:01:28
19000.0,500,-950.0,0.0,SD,9613500.0,23705800.0,False,0.0,13:01:28
19000.0,400,-950.0,0.0,SD,9613500.0,23705300.0,False,0.0,13:01:28
19000.0,1000,-950.0,0.0,SD,9613500.0,23704900.0,False,0.0,13:01:28
19000.0,1000,-950.0,0.0,SD,9613500.0,23703900.0,False,0.0,13:01:28
19000.0,100,-950.0,0.0,SD,9613500.0,23702900.0,False,0.0,13:01:28
19000.0,600,-950.0,0.0,SD,9613500.0,23702800.0,False,0.0,13:01:28
19000.0,400,-950.0,0.0,SD,9613500.0,23702200.0,False,0.0,13:01:28
19000.0,200,-950.0,0.0,SD,9613500.0,23701800.0,False,0.0,13:01:28
19000.0,100,-950.0,0.0,SD,9613500.0,23701600.0,False,0.0,13:01:28
19000.0,100,-950.0,0.0,SD,9613500.0,23701500.0,False,0.0,13:01:28
19000.0,500,-950.0,0.0,SD,9613500.0,23701400.0,False,0.0,13:01:28
19000.0,22400,-950.0,0.0,SD,9613500.0,23700900.0,True,0.0,13:01:28
19000.0,1000,-950.0,0.0,SD,9613500.0,23678500.0,False,0.0,13:01:28
19000.0,300,-950.0,0.0,SD,9613500.0,23677500.0,False,0.0,13:01:28
19000.0,500,-950.0,0.0,SD,9613500.0,23677200.0,False,0.0,13:01:28
19000.0,400,-950.0,0.0,SD,9613500.0,23676700.0,False,0.0,13:01:28
19000.0,300,-950.0,0.0,SD,9613500.0,23676300.0,False,0.0,13:01:28
19000.0,2000,-950.0,0.0,SD,9613500.0,23676000.0,False,0.0,13:01:28
19000.0,100,-950.0,0.0,SD,9613500.0,23674000.0,False,0.0,13:01:28
19000.0,500,-950.0,0.0,SD,9613500.0,23673900.0,False,0.0,13:01:28
19000.0,2000,-950.0,0.0,SD,9613500.0,23673400.0,False,0.0,13:01:28
19000.0,18000,-950.0,0.0,SD,9613500.0,23671400.0,True,0.0,13:01:28
19000.0,300,-950.0,0.0,SD,9613500.0,23653400.0,False,0.0,13:01:28
19000.0,100,-950.0,0.0,SD,9613500.0,23653100.0,False,0.0,13:01:28
19000.0,100,-950.0,0.0,SD,9613500.0,23653000.0,False,0.0,13:01:28
19000.0,200,-950.0,0.0,SD,9613500.0,23652900.0,False,0.0,13:01:28
19000.0,100,-950.0,0.0,SD,9613500.0,23652700.0,False,0.0,13:01:28
19000.0,200,-950.0,0.0,SD,9613500.0,23652600.0,False,0.0,13:01:28
19000.0,100,-950.0,0.0,SD,9613500.0,23652400.0,False,0.0,13:01:28
19000.0,500,-950.0,0.0,SD,9613500.0,23652300.0,False,0.0,13:01:28
19000.0,100,-950.0,0.0,SD,9613500.0,23651800.0,False,0.0,13:01:28
19000.0,100,-950.0,0.0,SD,9613500.0,23651700.0,False,0.0,13:01:28
19000.0,100,-950.0,0.0,SD,9613500.0,23651600.0,False,0.0,13:01:28
19000.0,100,-950.0,0.0,SD,9613500.0,23651500.0,False,0.0,13:01:28
19000.0,1000,-950.0,0.0,SD,9613500.0,23651400.0,False,0.0,13:01:28
19000.0,1000,-950.0,0.0,SD,9613500.0,23650400.0,False,0.0,13:01:28
19000.0,200,-950.0,0.0,SD,9613500.0,23649400.0,False,0.0,13:01:28
19000.0,2000,-950.0,0.0,SD,9613500.0,23649200.0,False,0.0,13:01:28
19000.0,500,-950.0,0.0,SD,9613500.0,23647200.0,False,0.0,13:01:28
19000.0,200,-950.0,0.0,SD,9613500.0,23646700.0,False,0.0,13:01:28
19000.0,300,-950.0,0.0,SD,9613500.0,23646500.0,False,0.0,13:01:28
19000.0,300,-950.0,0.0,SD,9613500.0,23646200.0,False,0.0,13:01:28
19000.0,1000,-950.0,0.0,SD,9613500.0,23645900.0,False,0.0,13:01:28
19000.0,700,-950.0,0.0,SD,9613500.0,23644900.0,False,0.0,13:01:28
19000.0,300,-950.0,0.0,SD,9613500.0,23644200.0,False,0.0,13:01:28
19000.0,500,-950.0,0.0,SD,9613500.0,23643900.0,False,0.0,13:01:28
19000.0,2000,-950.0,0.0,SD,9613500.0,23643400.0,False,0.0,13:01:28
19000.0,2000,-950.0,0.0,SD,9613500.0,23641400.0,False,0.0,13:01:28
19000.0,100,-950.0,0.0,SD,9613500.0,23639400.0,False,0.0,13:01:28
19000.0,100,-950.0,0.0,SD,9613500.0,23639300.0,False,0.0,13:01:28
19000.0,2000,-950.0,0.0,SD,9613500.0,23639200.0,False,0.0,13:01:28
19000.0,200,-950.0,0.0,SD,9613500.0,23637200.0,False,0.0,13:01:28
19000.0,100,-950.0,0.0,SD,9613500.0,23637000.0,False,0.0,13:01:28
19000.0,900,-950.0,0.0,SD,9613500.0,23636900.0,False,0.0,13:01:28
19000.0,1000,-950.0,0.0,SD,9613500.0,23636000.0,False,0.0,13:01:28
19000.0,100,-950.0,0.0,SD,9613500.0,23635000.0,False,0.0,13:01:28
19000.0,1000,-950.0,0.0,SD,9613500.0,23634900.0,False,0.0,13:01:28
19000.0,1000,-950.0,0.0,SD,9613500.0,23633900.0,False,0.0,13:01:28
19000.0,100,-950.0,0.0,SD,9613500.0,23632900.0,False,0.0,13:01:28
19000.0,1000,-950.0,0.0,SD,9613500.0,23632800.0,False,0.0,13:01:28
19000.0,100,-950.0,0.0,SD,9613500.0,23631800.0,False,0.0,13:01:28
19000.0,2900,-950.0,0.0,SD,9613500.0,23631700.0,False,0.0,13:01:28
19000.0,1900,-950.0,0.0,SD,9613500.0,23628800.0,False,0.0,13:01:28
19000.0,400,-950.0,0.0,SD,9613500.0,23626900.0,False,0.0,13:01:28
19000.0,200,-950.0,0.0,SD,9613500.0,23626500.0,False,0.0,13:01:28
19000.0,1000,-950.0,0.0,SD,9613500.0,23626300.0,False,0.0,13:01:28
19000.0,2500,-950.0,0.0,SD,9613500.0,23625300.0,False,0.0,13:01:28
19000.0,200,-950.0,0.0,SD,9613500.0,23622800.0,False,0.0,13:01:28
19000.0,1000,-950.0,0.0,SD,9613500.0,23622600.0,False,0.0,13:01:28
19000.0,100,-950.0,0.0,SD,9613500.0,23621600.0,False,0.0,13:01:28
19000.0,1000,-950.0,0.0,SD,9613500.0,23621500.0,False,0.0,13:01:28
19000.0,1000,-950.0,0.0,SD,9613500.0,23620500.0,False,0.0,13:01:28
19000.0,100,-950.0,0.0,SD,9613500.0,23619500.0,False,0.0,13:01:28
19000.0,100,-950.0,0.0,SD,9613500.0,23619400.0,False,0.0,13:01:28
19000.0,200,-950.0,0.0,SD,9613500.0,23619300.0,False,0.0,13:01:28
19000.0,600,-950.0,0.0,SD,9613500.0,23619100.0,False,0.0,13:01:28
19000.0,200,-950.0,0.0,SD,9613500.0,23618500.0,False,0.0,13:01:28
19000.0,5000,-950.0,0.0,SD,9613500.0,23618300.0,False,0.0,13:01:28
19000.0,200,-950.0,0.0,SD,9613500.0,23613300.0,False,0.0,13:01:28
19000.0,200,-950.0,0.0,SD,9613500.0,23613100.0,False,0.0,13:01:28
19000.0,100,-950.0,0.0,SD,9613500.0,23612900.0,False,0.0,13:01:28
19000.0,300,-950.0,0.0,SD,9613500.0,23612800.0,False,0.0,13:01:28
19000.0,500,-950.0,0.0,SD,9613500.0,23612500.0,False,0.0,13:01:28
19000.0,500,-950.0,0.0,SD,9613500.0,23612000.0,False,0.0,13:01:28
19000.0,100,-950.0,0.0,SD,9613500.0,23611500.0,False,0.0,13:01:28
19000.0,100,-950.0,0.0,SD,9613500.0,23611400.0,False,0.0,13:01:28
19000.0,100,-950.0,0.0,SD,9613500.0,23611300.0,False,0.0,13:01:28
19000.0,100,-950.0,0.0,SD,9613500.0,23611200.0,False,0.0,13:01:28
19000.0,100,-950.0,0.0,SD,9613500.0,23611100.0,False,0.0,13:01:28
19000.0,500,-950.0,0.0,SD,9613500.0,23611000.0,False,0.0,13:01:28
19000.0,100,-950.0,0.0,SD,9613500.0,23610500.0,False,0.0,13:01:28
19000.0,300,-950.0,0.0,SD,9613500.0,23610400.0,False,0.0,13:01:28
19000.0,100,-950.0,0.0,SD,9613500.0,23610100.0,False,0.0,13:01:28
19000.0,500,-950.0,0.0,SD,9613500.0,23610000.0,False,0.0,13:01:28
19000.0,1000,-950.0,0.0,SD,9613500.0,23609500.0,False,0.0,13:01:28
19000.0,1000,-950.0,0.0,SD,9613500.0,23608500.0,False,0.0,13:01:28
19000.0,1000,-950.0,0.0,SD,9613500.0,23607500.0,False,0.0,13:01:28
19000.0,200,-950.0,0.0,SD,9613500.0,23606500.0,False,0.0,13:01:28
19000.0,1000,-950.0,0.0,SD,9613500.0,23606300.0,False,0.0,13:01:28
19000.0,100,-950.0,0.0,SD,9613500.0,23605300.0,False,0.0,13:01:28
19000.0,500,-950.0,0.0,SD,9613500.0,23605200.0,False,0.0,13:01:28
19000.0,100,-950.0,0.0,SD,9613500.0,23604700.0,False,0.0,13:01:28
19000.0,100,-950.0,0.0,SD,9613500.0,23604600.0,False,0.0,13:01:28
19000.0,500,-950.0,0.0,SD,9613500.0,23604500.0,False,0.0,13:01:28
19000.0,100,-950.0,0.0,SD,9613500.0,23604000.0,False,0.0,13:01:28
19000.0,100,-950.0,0.0,SD,9613500.0,23603900.0,False,0.0,13:01:28
19000.0,200,-950.0,0.0,SD,9613500.0,23603800.0,False,0.0,13:01:28
19000.0,100,-950.0,0.0,SD,9613500.0,23603600.0,False,0.0,13:01:28
19000.0,500,-950.0,0.0,SD,9613500.0,23603500.0,False,0.0,13:01:28
19000.0,2000,-950.0,0.0,SD,9613500.0,23603000.0,False,0.0,13:01:28
19000.0,1000,-950.0,0.0,SD,9613500.0,23601000.0,False,0.0,13:01:28
19000.0,200,-950.0,0.0,SD,9613500.0,23600000.0,False,0.0,13:01:28
19000.0,1000,-950.0,0.0,SD,9613500.0,23599800.0,False,0.0,13:01:28
19000.0,100,-950.0,0.0,SD,9613500.0,23598800.0,False,0.0,13:01:28
19000.0,100,-950.0,0.0,SD,9613500.0,23598700.0,False,0.0,13:01:28
19000.0,200,-950.0,0.0,SD,9613500.0,23598600.0,False,0.0,13:01:28
19000.0,100,-950.0,0.0,SD,9613500.0,23598400.0,False,0.0,13:01:28
19000.0,300,-950.0,0.0,SD,9613500.0,23598300.0,False,0.0,13:01:28
19000.0,100,-950.0,0.0,SD,9613500.0,23598000.0,False,0.0,13:01:28
19000.0,500,-950.0,0.0,SD,9613500.0,23597900.0,False,0.0,13:01:28
19000.0,1000,-950.0,0.0,SD,9613500.0,23597400.0,False,0.0,13:01:28
19000.0,1300,-950.0,0.0,SD,9613500.0,23596400.0,False,0.0,13:01:28
19000.0,500,-950.0,0.0,SD,9613500.0,23595100.0,False,0.0,13:01:28
19000.0,500,-950.0,0.0,SD,9613500.0,23594600.0,False,0.0,13:01:28
19000.0,500,-950.0,0.0,SD,9613500.0,23594100.0,False,0.0,13:01:28
19000.0,500,-950.0,0.0,SD,9613500.0,23593600.0,False,0.0,13:01:28
19000.0,500,-950.0,0.0,SD,9613500.0,23593100.0,False,0.0,13:01:28
19000.0,2000,-950.0,0.0,SD,9613500.0,23592600.0,False,0.0,13:01:28
19000.0,100,-950.0,0.0,SD,9613500.0,23590600.0,False,0.0,13:01:28
19000.0,100,-950.0,0.0,SD,9613500.0,23590500.0,False,0.0,13:01:28
19000.0,200,-950.0,0.0,SD,9613500.0,23590400.0,False,0.0,13:01:28
19000.0,1000,-950.0,0.0,SD,9613500.0,23590200.0,False,0.0,13:01:28
19000.0,100,-950.0,0.0,SD,9613500.0,23589200.0,False,0.0,13:01:28
19000.0,200,-950.0,0.0,SD,9613500.0,23589100.0,False,0.0,13:01:28
19000.0,100,-950.0,0.0,SD,9613500.0,23588900.0,False,0.0,13:01:28
19000.0,500,-950.0,0.0,SD,9613500.0,23588800.0,False,0.0,13:01:28
19000.0,100,-950.0,0.0,SD,9613500.0,23588300.0,False,0.0,13:01:28
19000.0,10000,-950.0,0.0,SD,9613500.0,23588200.0,False,0.0,13:01:28
19000.0,1000,-950.0,0.0,SD,9613500.0,23578200.0,False,0.0,13:01:28
19000.0,1000,-950.0,0.0,SD,9613500.0,23577200.0,False,0.0,13:01:28
19000.0,200,-950.0,0.0,SD,9613500.0,23576200.0,False,0.0,13:01:28
19000.0,2000,-950.0,0.0,SD,9613500.0,23576000.0,False,0.0,13:01:28
19000.0,100,-950.0,0.0,SD,9613500.0,23574000.0,False,0.0,13:01:28
19000.0,200,-950.0,0.0,SD,9613500.0,23573900.0,False,0.0,13:01:28
19000.0,2000,-950.0,0.0,SD,9613500.0,23573700.0,False,0.0,13:01:28
19000.0,200,-950.0,0.0,SD,9613500.0,23571700.0,False,0.0,13:01:28
19000.0,100,-950.0,0.0,SD,9613500.0,23571500.0,False,0.0,13:01:28
19000.0,700,-950.0,0.0,SD,9613500.0,23571400.0,False,0.0,13:01:28
19000.0,100,-950.0,0.0,SD,9613500.0,23570700.0,False,0.0,13:01:28
19000.0,200,-950.0,0.0,SD,9613500.0,23570600.0,False,0.0,13:01:28
19000.0,200,-950.0,0.0,SD,9613500.0,23570400.0,False,0.0,13:01:28
19000.0,100,-950.0,0.0,SD,9613500.0,23570200.0,False,0.0,13:01:28
19000.0,500,-950.0,0.0,SD,9613500.0,23570100.0,False,0.0,13:01:28
19000.0,1000,-950.0,0.0,SD,9613500.0,23569600.0,False,0.0,13:01:28
19000.0,200,-950.0,0.0,SD,9613500.0,23568600.0,False,0.0,13:01:28
19000.0,1000,-950.0,0.0,SD,9613500.0,23568400.0,False,0.0,13:01:28
19000.0,700,-950.0,0.0,SD,9613500.0,23567400.0,False,0.0,13:01:28
19000.0,100,-950.0,0.0,SD,9613500.0,23566700.0,False,0.0,13:01:28
19000.0,600,-950.0,0.0,SD,9613500.0,23566600.0,False,0.0,13:01:28
19000.0,100,-950.0,0.0,SD,9613500.0,23566000.0,False,0.0,13:01:28
19000.0,500,-950.0,0.0,SD,9613500.0,23565900.0,False,0.0,13:01:28
19000.0,300,-950.0,0.0,SD,9613500.0,23565400.0,False,0.0,13:01:28
19000.0,1000,-950.0,0.0,SD,9613500.0,23565100.0,False,0.0,13:01:28
19000.0,100,-950.0,0.0,SD,9613500.0,23564100.0,False,0.0,13:01:28
19000.0,6000,-950.0,0.0,SD,9613500.0,23564000.0,False,0.0,13:01:28
19000.0,400,-950.0,0.0,SD,9613500.0,23558000.0,False,0.0,13:01:28
19000.0,2000,-950.0,0.0,SD,9613500.0,23557600.0,False,0.0,13:01:28
19000.0,400,-950.0,0.0,SD,9613500.0,23555600.0,False,0.0,13:01:28
19000.0,100,-950.0,0.0,SD,9613500.0,23555200.0,False,0.0,13:01:28
19000.0,200,-950.0,0.0,SD,9613500.0,23555100.0,False,0.0,13:01:28
19000.0,500,-950.0,0.0,SD,9613500.0,23554900.0,False,0.0,13:01:28
19000.0,500,-950.0,0.0,SD,9613500.0,23554400.0,False,0.0,13:01:28
19000.0,200,-950.0,0.0,SD,9613500.0,23553900.0,False,0.0,13:01:28
19000.0,100,-950.0,0.0,SD,9613500.0,23553700.0,False,0.0,13:01:28
19000.0,2000,-950.0,0.0,SD,9613500.0,23553600.0,False,0.0,13:01:28
19000.0,100,-950.0,0.0,SD,9613500.0,23551600.0,False,0.0,13:01:28
19000.0,500,-950.0,0.0,SD,9613500.0,23551500.0,False,0.0,13:01:28
19000.0,500,-950.0,0.0,SD,9613500.0,23551000.0,False,0.0,13:01:28
19000.0,500,-950.0,0.0,SD,9613500.0,23550500.0,False,0.0,13:01:28
19000.0,100,-950.0,0.0,SD,9613500.0,23550000.0,False,0.0,13:01:28
19000.0,1000,-950.0,0.0,SD,9613500.0,23549900.0,False,0.0,13:01:28
19000.0,200,-950.0,0.0,SD,9613500.0,23548900.0,False,0.0,13:01:28
19000.0,2000,-950.0,0.0,SD,9613500.0,23548700.0,False,0.0,13:01:28
19000.0,1000,-950.0,0.0,SD,9613500.0,23546700.0,False,0.0,13:01:28
19000.0,500,-950.0,0.0,SD,9613500.0,23545700.0,False,0.0,13:01:28
19000.0,6800,-950.0,0.0,SD,9613500.0,23545200.0,False,0.0,13:01:28
19000.0,1000,-950.0,0.0,SD,9613500.0,23538400.0,False,0.0,13:01:28
19000.0,2000,-950.0,0.0,SD,9613500.0,23537400.0,False,0.0,13:01:28
19000.0,300,-950.0,0.0,SD,9613500.0,23535400.0,False,0.0,13:01:28
19000.0,100,-950.0,0.0,SD,9613500.0,23535100.0,False,0.0,13:01:28
19000.0,500,-950.0,0.0,SD,9613500.0,23535000.0,False,0.0,13:01:28
19000.0,2100,-950.0,0.0,SD,9613500.0,23534500.0,False,0.0,13:01:28
19000.0,100,-950.0,0.0,SD,9613500.0,23532400.0,False,0.0,13:01:28
19000.0,5000,-950.0,0.0,SD,9613500.0,23532300.0,False,0.0,13:01:28
19000.0,100,-950.0,0.0,SD,9613500.0,23527300.0,False,0.0,13:01:28
19000.0,300,-950.0,0.0,SD,9613500.0,23527200.0,False,0.0,13:01:28
19000.0,1000,-950.0,0.0,SD,9613500.0,23526900.0,False,0.0,13:01:28
19000.0,1000,-950.0,0.0,SD,9613500.0,23525900.0,False,0.0,13:01:28
19000.0,200,-950.0,0.0,SD,9613500.0,23524900.0,False,0.0,13:01:28
19000.0,500,-950.0,0.0,SD,9613500.0,23524700.0,False,0.0,13:01:28
19000.0,300,-950.0,0.0,SD,9613500.0,23524200.0,False,0.0,13:01:28
19000.0,100,-950.0,0.0,SD,9613500.0,23523900.0,False,0.0,13:01:28
19000.0,100,-950.0,0.0,SD,9613500.0,23523800.0,False,0.0,13:01:28
19000.0,1000,-950.0,0.0,SD,9613500.0,23523700.0,False,0.0,13:01:28
19000.0,100,-950.0,0.0,SD,9613500.0,23522700.0,False,0.0,13:01:28
19000.0,100,-950.0,0.0,SD,9613500.0,23522600.0,False,0.0,13:01:28
19000.0,2000,-950.0,0.0,SD,9613500.0,23522500.0,False,0.0,13:01:28
19000.0,200,-950.0,0.0,SD,9613500.0,23520500.0,False,0.0,13:01:28
19000.0,100,-950.0,0.0,SD,9613500.0,23520300.0,False,0.0,13:01:28
19000.0,100,-950.0,0.0,SD,9613500.0,23520200.0,False,0.0,13:01:28
19000.0,1000,-950.0,0.0,SD,9613500.0,23520100.0,False,0.0,13:01:28
19000.0,1000,-950.0,0.0,SD,9613500.0,23519100.0,False,0.0,13:01:28
19000.0,1000,-950.0,0.0,SD,9613500.0,23518100.0,False,0.0,13:01:28
19000.0,500,-950.0,0.0,SD,9613500.0,23517100.0,False,0.0,13:01:28
19000.0,2000,-950.0,0.0,SD,9613500.0,23516600.0,False,0.0,13:01:28
19000.0,1000,-950.0,0.0,SD,9613500.0,23514600.0,False,0.0,13:01:28
19000.0,1000,-950.0,0.0,SD,9613500.0,23513600.0,False,0.0,13:01:28
19000.0,4300,-950.0,0.0,SD,9613500.0,23512600.0,False,0.0,13:01:28
19000.0,100,-950.0,0.0,SD,9613500.0,23508300.0,False,0.0,13:01:28
19000.0,100,-950.0,0.0,SD,9613500.0,23508200.0,False,0.0,13:01:28
19000.0,1300,-950.0,0.0,SD,9613500.0,23508100.0,False,0.0,13:01:28
19000.0,100,-950.0,0.0,SD,9613500.0,23506800.0,False,0.0,13:01:28
19000.0,100,-950.0,0.0,SD,9613500.0,23506700.0,False,0.0,13:01:28
19000.0,500,-950.0,0.0,SD,9613500.0,23506600.0,False,0.0,13:01:28
19000.0,1000,-950.0,0.0,SD,9613500.0,23506100.0,False,0.0,13:01:28
19000.0,20000,-950.0,0.0,SD,9613500.0,23505100.0,True,0.0,13:01:28
19000.0,1000,-950.0,0.0,SD,9613500.0,23485100.0,False,0.0,13:01:28
19000.0,2000,-950.0,0.0,SD,9613500.0,23484100.0,False,0.0,13:01:28
19000.0,300,-950.0,0.0,SD,9613500.0,23482100.0,False,0.0,13:01:28
19000.0,500,-950.0,0.0,SD,9613500.0,23481800.0,False,0.0,13:01:28
19000.0,100,-950.0,0.0,SD,9613500.0,23481300.0,False,0.0,13:01:28
19000.0,500,-950.0,0.0,SD,9613500.0,23481200.0,False,0.0,13:01:28
19000.0,5000,-950.0,0.0,SD,9613500.0,23480700.0,False,0.0,13:01:28
19000.0,500,-950.0,0.0,SD,9613500.0,23475700.0,False,0.0,13:01:28
19000.0,100,-950.0,0.0,SD,9613500.0,23475200.0,False,0.0,13:01:28
19000.0,500,-950.0,0.0,SD,9613500.0,23475100.0,False,0.0,13:01:28
19000.0,400,-950.0,0.0,SD,9613500.0,23474600.0,False,0.0,13:01:28
19000.0,2000,-950.0,0.0,SD,9613500.0,23474200.0,False,0.0,13:01:28
19000.0,400,-950.0,0.0,SD,9613500.0,23472200.0,False,0.0,13:01:28
19000.0,10000,-950.0,0.0,SD,9613500.0,23471800.0,False,0.0,13:01:28
19000.0,500,-950.0,0.0,SD,9613500.0,23461800.0,False,0.0,13:01:28
19000.0,100,-950.0,0.0,SD,9613500.0,23461300.0,False,0.0,13:01:28
19000.0,300,-950.0,0.0,SD,9613500.0,23461200.0,False,0.0,13:01:28
19000.0,200,-950.0,0.0,SD,9613500.0,23460900.0,False,0.0,13:01:28
19000.0,1000,-950.0,0.0,SD,9613500.0,23460700.0,False,0.0,13:01:28
19000.0,3000,-950.0,0.0,SD,9613500.0,23459700.0,False,0.0,13:01:28
19000.0,2000,-950.0,0.0,SD,9613500.0,23456700.0,False,0.0,13:01:28
19000.0,200,-950.0,0.0,SD,9613500.0,23454700.0,False,0.0,13:01:28
19000.0,1000,-950.0,0.0,SD,9613500.0,23454500.0,False,0.0,13:01:28
19000.0,500,-950.0,0.0,SD,9613500.0,23453500.0,False,0.0,13:01:28
19000.0,6000,-950.0,0.0,SD,9613500.0,23453000.0,False,0.0,13:01:28
19000.0,100,-950.0,0.0,SD,9613500.0,23447000.0,False,0.0,13:01:28
19000.0,600,-950.0,0.0,SD,9613500.0,23446900.0,False,0.0,13:01:28
19000.0,1000,-950.0,0.0,SD,9613500.0,23446300.0,False,0.0,13:01:28
19000.0,500,-950.0,0.0,SD,9613500.0,23445300.0,False,0.0,13:01:28
19000.0,500,-950.0,0.0,SD,9613500.0,23444800.0,False,0.0,13:01:28
19000.0,100000,-950.0,0.0,SD,9613500.0,23444300.0,True,0.0,13:01:28
19000.0,300,-950.0,0.0,SD,9613500.0,23344300.0,False,0.0,13:01:28
19000.0,200,-950.0,0.0,SD,9613500.0,23344000.0,False,0.0,13:01:28
19000.0,100,-950.0,0.0,SD,9613500.0,23343800.0,False,0.0,13:01:28
19000.0,400,-950.0,0.0,SD,9613500.0,23343700.0,False,0.0,13:01:28
19000.0,500,-950.0,0.0,SD,9613500.0,23343300.0,False,0.0,13:01:28
19000.0,300,-950.0,0.0,SD,9613500.0,23342800.0,False,0.0,13:01:28
19000.0,100,-950.0,0.0,SD,9613500.0,23342500.0,False,0.0,13:01:28
19000.0,1000,-950.0,0.0,SD,9613500.0,23342400.0,False,0.0,13:01:28
19000.0,500,-950.0,0.0,SD,9613500.0,23341400.0,False,0.0,13:01:28
19000.0,1000,-950.0,0.0,SD,9613500.0,23340900.0,False,0.0,13:01:28
19000.0,100,-950.0,0.0,SD,9613500.0,23339900.0,False,0.0,13:01:28
19000.0,100,-950.0,0.0,SD,9613500.0,23339800.0,False,0.0,13:01:28
19000.0,100,-950.0,0.0,SD,9613500.0,23339700.0,False,0.0,13:01:28
19000.0,5000,-950.0,0.0,SD,9613500.0,23339600.0,False,0.0,13:01:28
19000.0,100,-950.0,0.0,SD,9613500.0,23334600.0,False,0.0,13:01:28
19000.0,100,-950.0,0.0,SD,9613500.0,23334500.0,False,0.0,13:01:28
19000.0,100,-950.0,0.0,SD,9613500.0,23334400.0,False,0.0,13:01:28
19000.0,3000,-950.0,0.0,SD,9613500.0,23334300.0,False,0.0,13:01:28
19000.0,100,-950.0,0.0,SD,9613500.0,23331300.0,False,0.0,13:01:28
19000.0,2000,-950.0,0.0,SD,9613500.0,23331200.0,False,0.0,13:01:28
19000.0,1000,-950.0,0.0,SD,9613500.0,23329200.0,False,0.0,13:01:28
19000.0,1000,-950.0,0.0,SD,9613500.0,23328200.0,False,0.0,13:01:28
19000.0,1300,-950.0,0.0,SD,9613500.0,23327200.0,False,0.0,13:01:28
19000.0,300,-950.0,0.0,SD,9613500.0,23325900.0,False,0.0,13:01:28
19000.0,100,-950.0,0.0,SD,9613500.0,23325600.0,False,0.0,13:01:28
19000.0,12000,-950.0,0.0,SD,9613500.0,23325500.0,True,0.0,13:01:28
19000.0,15000,-950.0,0.0,SD,9613500.0,23313500.0,True,0.0,13:01:28
19000.0,3000,-950.0,0.0,SD,9613500.0,23298500.0,False,0.0,13:01:28
19000.0,5000,-950.0,0.0,SD,9613500.0,23295500.0,False,0.0,13:01:28
19000.0,1900,-950.0,0.0,SD,9613500.0,23290500.0,False,0.0,13:01:28
19000.0,100,-950.0,0.0,SD,9613500.0,23288600.0,False,0.0,13:01:28
19000.0,500,-950.0,0.0,SD,9613500.0,23288500.0,False,0.0,13:01:28
19000.0,500,-950.0,0.0,SD,9613500.0,23288000.0,False,0.0,13:01:28
19000.0,100,-950.0,0.0,SD,9613500.0,23287500.0,False,0.0,13:01:28
19000.0,100,-950.0,0.0,SD,9613500.0,23287400.0,False,0.0,13:01:28
19000.0,300,-950.0,0.0,SD,9613500.0,23287300.0,False,0.0,13:01:28
19000.0,5000,-950.0,0.0,SD,9613500.0,23287000.0,False,0.0,13:01:28
19000.0,200,-950.0,0.0,SD,9613500.0,23282000.0,False,0.0,13:01:28
19000.0,1000,-950.0,0.0,SD,9613500.0,23281800.0,False,0.0,13:01:28
19000.0,100,-950.0,0.0,SD,9613500.0,23280800.0,False,0.0,13:01:28
19000.0,100,-950.0,0.0,SD,9613500.0,23280700.0,False,0.0,13:01:28
19000.0,2000,-950.0,0.0,SD,9613500.0,23280600.0,False,0.0,13:01:28
19000.0,1000,-950.0,0.0,SD,9613500.0,23278600.0,False,0.0,13:01:28
19000.0,100,-950.0,0.0,SD,9613500.0,23277600.0,False,0.0,13:01:28
19000.0,100,-950.0,0.0,SD,9613500.0,23277500.0,False,0.0,13:01:28
19000.0,500,-950.0,0.0,SD,9613500.0,23277400.0,False,0.0,13:01:28
19000.0,100,-950.0,0.0,SD,9613500.0,23276900.0,False,0.0,13:01:28
19000.0,1000,-950.0,0.0,SD,9613500.0,23276800.0,False,0.0,13:01:28
19000.0,200,-950.0,0.0,SD,9613500.0,23275800.0,False,0.0,13:01:28
19000.0,1000,-950.0,0.0,SD,9613500.0,23275600.0,False,0.0,13:01:28
19000.0,500,-950.0,0.0,SD,9613500.0,23274600.0,False,0.0,13:01:28
19000.0,100,-950.0,0.0,SD,9613500.0,23274100.0,False,0.0,13:01:28
19000.0,500,-950.0,0.0,SD,9613500.0,23274000.0,False,0.0,13:01:28
19000.0,100,-950.0,0.0,SD,9613500.0,23273500.0,False,0.0,13:01:28
19000.0,100,-950.0,0.0,SD,9613500.0,23273400.0,False,0.0,13:01:28
19000.0,5500,-950.0,0.0,SD,9613500.0,23273300.0,False,0.0,13:01:28
19000.0,500,-950.0,0.0,SD,9613500.0,23267800.0,False,0.0,13:01:28
19000.0,100,-950.0,0.0,SD,9613500.0,23267300.0,False,0.0,13:01:28
19000.0,100,-950.0,0.0,SD,9613500.0,23267200.0,False,0.0,13:01:28
19000.0,100,-950.0,0.0,SD,9613500.0,23267100.0,False,0.0,13:01:28
19000.0,200,-950.0,0.0,SD,9613500.0,23267000.0,False,0.0,13:01:28
19000.0,200,-950.0,0.0,SD,9613500.0,23266800.0,False,0.0,13:01:28
19000.0,1000,-950.0,0.0,SD,9613500.0,23266600.0,False,0.0,13:01:28
19000.0,1000,-950.0,0.0,SD,9613500.0,23265600.0,False,0.0,13:01:28
19000.0,100,-950.0,0.0,SD,9613500.0,23264600.0,False,0.0,13:01:28
19000.0,500,-950.0,0.0,SD,9613500.0,23264500.0,False,0.0,13:01:28
19000.0,100,-950.0,0.0,SD,9613500.0,23264000.0,False,0.0,13:01:28
19000.0,5000,-950.0,0.0,SD,9613500.0,23263900.0,False,0.0,13:01:28
19000.0,500,-950.0,0.0,SD,9613500.0,23258900.0,False,0.0,13:01:28
19000.0,1000,-950.0,0.0,SD,9613500.0,23258400.0,False,0.0,13:01:28
19000.0,100,-950.0,0.0,SD,9613500.0,23257400.0,False,0.0,13:01:28
19000.0,100,-950.0,0.0,SD,9613500.0,23257300.0,False,0.0,13:01:28
19000.0,1800,-950.0,0.0,SD,9613500.0,23257200.0,False,0.0,13:01:28
19000.0,300,-950.0,0.0,SD,9613500.0,23255400.0,False,0.0,13:01:28
19000.0,1000,-950.0,0.0,SD,9613500.0,23255100.0,False,0.0,13:01:28
19000.0,500,-950.0,0.0,SD,9613500.0,23254100.0,False,0.0,13:01:28
19000.0,100,-950.0,0.0,SD,9613500.0,23253600.0,False,0.0,13:01:28
19000.0,1000,-950.0,0.0,SD,9613500.0,23253500.0,False,0.0,13:01:28
19000.0,500,-950.0,0.0,SD,9613500.0,23252500.0,False,0.0,13:01:28
19000.0,500,-950.0,0.0,SD,9613500.0,23252000.0,False,0.0,13:01:28
19000.0,400,-950.0,0.0,SD,9613500.0,23251500.0,False,0.0,13:01:28
19000.0,2000,-950.0,0.0,SD,9613500.0,23251100.0,False,0.0,13:01:28
19000.0,1000,-950.0,0.0,SD,9613500.0,23249100.0,False,0.0,13:01:28
19000.0,1000,-950.0,0.0,SD,9613500.0,23248100.0,False,0.0,13:01:28
19000.0,100,-950.0,0.0,SD,9613500.0,23247100.0,False,0.0,13:01:28
19000.0,100,-950.0,0.0,SD,9613500.0,23247000.0,False,0.0,13:01:28
19000.0,100,-950.0,0.0,SD,9613500.0,23246900.0,False,0.0,13:01:28
19000.0,300,-950.0,0.0,SD,9613500.0,23246800.0,False,0.0,13:01:28
19000.0,500,-950.0,0.0,SD,9613500.0,23246500.0,False,0.0,13:01:28
19000.0,100,-950.0,0.0,SD,9613500.0,23246000.0,False,0.0,13:01:28
19000.0,200,-950.0,0.0,SD,9613500.0,23245900.0,False,0.0,13:01:28
19000.0,1000,-950.0,0.0,SD,9613500.0,23245700.0,False,0.0,13:01:28
19000.0,1000,-950.0,0.0,SD,9613500.0,23244700.0,False,0.0,13:01:28
19000.0,500,-950.0,0.0,SD,9613500.0,23243700.0,False,0.0,13:01:28
19000.0,100,-950.0,0.0,SD,9613500.0,23243200.0,False,0.0,13:01:28
19000.0,200,-950.0,0.0,SD,9613500.0,23243100.0,False,0.0,13:01:28
19000.0,3100,-950.0,0.0,SD,9613500.0,23242900.0,False,0.0,13:01:28
19000.0,500,-950.0,0.0,SD,9613500.0,23239800.0,False,0.0,13:01:28
19000.0,1000,-950.0,0.0,SD,9613500.0,23239300.0,False,0.0,13:01:28
19000.0,200,-950.0,0.0,SD,9613500.0,23238300.0,False,0.0,13:01:28
19000.0,100,-950.0,0.0,SD,9613500.0,23238100.0,False,0.0,13:01:28
19000.0,100,-950.0,0.0,SD,9613500.0,23238000.0,False,0.0,13:01:28
19000.0,200,-950.0,0.0,SD,9613500.0,23237900.0,False,0.0,13:01:28
19000.0,300,-950.0,0.0,SD,9613500.0,23237700.0,False,0.0,13:01:28
19000.0,400,-950.0,0.0,SD,9613500.0,23237400.0,False,0.0,13:01:28
19000.0,300,-950.0,0.0,SD,9613500.0,23237000.0,False,0.0,13:01:28
19000.0,300,-950.0,0.0,SD,9613500.0,23236700.0,False,0.0,13:01:28
19000.0,2000,-950.0,0.0,SD,9613500.0,23236400.0,False,0.0,13:01:28
19000.0,2000,-950.0,0.0,SD,9613500.0,23234400.0,False,0.0,13:01:28
19000.0,100,-950.0,0.0,SD,9613500.0,23232400.0,False,0.0,13:01:28
19000.0,500,-950.0,0.0,SD,9613500.0,23232300.0,False,0.0,13:01:28
19000.0,1000,-950.0,0.0,SD,9613500.0,23231800.0,False,0.0,13:01:28
19000.0,500,-950.0,0.0,SD,9613500.0,23230800.0,False,0.0,13:01:28
19000.0,200,-950.0,0.0,SD,9613500.0,23230300.0,False,0.0,13:01:28
19000.0,500,-950.0,0.0,SD,9613500.0,23230100.0,False,0.0,13:01:28
19000.0,300,-950.0,0.0,SD,9613500.0,23229600.0,False,0.0,13:01:28
19000.0,500,-950.0,0.0,SD,9613500.0,23229300.0,False,0.0,13:01:28
19000.0,8000,-950.0,0.0,SD,9613500.0,23228800.0,False,0.0,13:01:28
19000.0,200,-950.0,0.0,SD,9613500.0,23220800.0,False,0.0,13:01:28
19000.0,200,-950.0,0.0,SD,9613500.0,23220600.0,False,0.0,13:01:28
19000.0,200,-950.0,0.0,SD,9613500.0,23220400.0,False,0.0,13:01:28
19000.0,2000,-950.0,0.0,SD,9613500.0,23220200.0,False,0.0,13:01:28
19000.0,800,-950.0,0.0,SD,9613500.0,23218200.0,False,0.0,13:01:28
19000.0,200,-950.0,0.0,SD,9613500.0,23217400.0,False,0.0,13:01:28
19000.0,200,-950.0,0.0,SD,9613500.0,23217200.0,False,0.0,13:01:28
19000.0,1000,-950.0,0.0,SD,9613500.0,23217000.0,False,0.0,13:01:28
19000.0,100,-950.0,0.0,SD,9613500.0,23216000.0,False,0.0,13:01:28
19000.0,500,-950.0,0.0,SD,9613500.0,23215900.0,False,0.0,13:01:28
19000.0,100,-950.0,0.0,SD,9613500.0,23215400.0,False,0.0,13:01:28
19000.0,100,-950.0,0.0,SD,9613500.0,23215300.0,False,0.0,13:01:28
19000.0,2000,-950.0,0.0,SD,9613500.0,23215200.0,False,0.0,13:01:28
19000.0,2000,-950.0,0.0,SD,9613500.0,23213200.0,False,0.0,13:01:28
19000.0,100,-950.0,0.0,SD,9613500.0,23211200.0,False,0.0,13:01:28
19000.0,8000,-950.0,0.0,SD,9613500.0,23211100.0,False,0.0,13:01:28
19000.0,200,-950.0,0.0,SD,9613500.0,23203100.0,False,0.0,13:01:28
19000.0,500,-950.0,0.0,SD,9613500.0,23202900.0,False,0.0,13:01:28
19000.0,300,-950.0,0.0,SD,9613500.0,23202400.0,False,0.0,13:01:28
19000.0,200,-950.0,0.0,SD,9613500.0,23202100.0,False,0.0,13:01:28
19000.0,100,-950.0,0.0,SD,9613500.0,23201900.0,False,0.0,13:01:28
19000.0,100,-950.0,0.0,SD,9613500.0,23201800.0,False,0.0,13:01:28
19000.0,800,-950.0,0.0,SD,9613500.0,23201700.0,False,0.0,13:01:28
19000.0,800,-950.0,0.0,SD,9613500.0,23200900.0,False,0.0,13:01:27
19000.0,400,-950.0,0.0,SD,9613500.0,23200100.0,False,0.0,13:01:27
19000.0,100,-950.0,0.0,SD,9613500.0,23199700.0,False,0.0,13:01:27
19000.0,100,-950.0,0.0,SD,9613500.0,23199600.0,False,0.0,13:01:27
19000.0,200,-950.0,0.0,SD,9613500.0,23199500.0,False,0.0,13:01:27
19000.0,200,-950.0,0.0,SD,9613500.0,23199300.0,False,0.0,13:01:27
19000.0,100,-950.0,0.0,SD,9613500.0,23199100.0,False,0.0,13:01:27
19000.0,100,-950.0,0.0,SD,9613500.0,23199000.0,False,0.0,13:01:27
19000.0,500,-950.0,0.0,SD,9613500.0,23198900.0,False,0.0,13:01:27
19000.0,500,-950.0,0.0,SD,9613500.0,23198400.0,False,0.0,13:01:27
19000.0,100,-950.0,0.0,SD,9613500.0,23197900.0,False,0.0,13:01:27
19000.0,200,-950.0,0.0,SD,9613500.0,23197800.0,False,0.0,13:01:27
19000.0,600,-950.0,0.0,SD,9613500.0,23197600.0,False,0.0,13:01:27
19000.0,100,-950.0,0.0,SD,9613500.0,23197000.0,False,0.0,13:01:27
19000.0,300,-950.0,0.0,SD,9613500.0,23196900.0,False,0.0,13:01:27
19000.0,800,-950.0,0.0,SD,9613500.0,23196600.0,False,0.0,13:01:27
19000.0,1000,-950.0,0.0,SD,9613500.0,23195800.0,False,0.0,13:01:27
19000.0,1000,-950.0,0.0,SD,9613500.0,23194800.0,False,0.0,13:01:27
19000.0,2000,-950.0,0.0,SD,9613500.0,23193800.0,False,0.0,13:01:27
19000.0,500,-950.0,0.0,SD,9613500.0,23191800.0,False,0.0,13:01:26
19000.0,2000,-950.0,0.0,SD,9613500.0,23191300.0,False,0.0,13:01:26
19000.0,1800,-950.0,0.0,SD,9613500.0,23189300.0,False,0.0,13:01:26
19000.0,1000,-950.0,0.0,SD,9613500.0,23187500.0,False,0.0,13:01:26
19000.0,500,-950.0,0.0,SD,9613500.0,23186500.0,False,0.0,13:01:26
19000.0,100,-950.0,0.0,SD,9613500.0,23186000.0,False,0.0,13:01:26
19000.0,200,-950.0,0.0,SD,9613500.0,23185900.0,False,0.0,13:01:26
19000.0,2000,-950.0,0.0,SD,9613500.0,23185700.0,False,0.0,13:01:26
19000.0,200,-950.0,0.0,SD,9613500.0,23183700.0,False,0.0,13:01:26
19000.0,1000,-950.0,0.0,SD,9613500.0,23183500.0,False,0.0,13:01:26
19000.0,700,-950.0,0.0,SD,9613500.0,23182500.0,False,0.0,13:01:26
19000.0,1300,-950.0,0.0,SD,9613500.0,23181800.0,False,0.0,13:01:26
19000.0,100,-950.0,0.0,SD,9613500.0,23180500.0,False,0.0,13:01:26
19000.0,1000,-950.0,0.0,SD,9613500.0,23180400.0,False,0.0,13:01:26
19000.0,100,-950.0,0.0,SD,9613500.0,23179400.0,False,0.0,13:01:26
19000.0,100,-950.0,0.0,SD,9613500.0,23179300.0,False,0.0,13:01:26
19000.0,100,-950.0,0.0,SD,9613500.0,23179200.0,False,0.0,13:01:26
19000.0,100,-950.0,0.0,SD,9613500.0,23179100.0,False,0.0,13:01:26
19000.0,900,-950.0,0.0,SD,9613500.0,23179000.0,False,0.0,13:01:26
19000.0,500,-950.0,0.0,SD,9613500.0,23178100.0,False,0.0,13:01:26
19000.0,100,-950.0,0.0,SD,9613500.0,23177600.0,False,0.0,13:01:26
19000.0,1000,-950.0,0.0,SD,9613500.0,23177500.0,False,0.0,13:01:26
19000.0,100,-950.0,0.0,SD,9613500.0,23176500.0,False,0.0,13:01:26
19000.0,1000,-950.0,0.0,SD,9613500.0,23176400.0,False,0.0,13:01:26
19000.0,200,-950.0,0.0,SD,9613500.0,23175400.0,False,0.0,13:01:26
19000.0,500,-950.0,0.0,SD,9613500.0,23175200.0,False,0.0,13:01:26
19000.0,1500,-950.0,0.0,SD,9613500.0,23174700.0,False,0.0,13:01:26
19000.0,4200,-950.0,0.0,SD,9613500.0,23173200.0,False,0.0,13:01:26
19000.0,5800,-950.0,0.0,SD,9613500.0,23169000.0,False,0.0,13:01:26
19000.0,300,-950.0,0.0,SD,9613500.0,23163200.0,False,0.0,13:01:26
19000.0,300,-950.0,0.0,SD,9613500.0,23162900.0,False,0.0,13:01:26
19000.0,200,-950.0,0.0,SD,9613500.0,23162600.0,False,0.0,13:01:26
19000.0,2000,-950.0,0.0,SD,9613500.0,23162400.0,False,0.0,13:01:26
19000.0,100,-950.0,0.0,SD,9613500.0,23160400.0,False,0.0,13:01:26
19000.0,100,-950.0,0.0,SD,9613500.0,23160300.0,False,0.0,13:01:26
19000.0,600,-950.0,0.0,SD,9613500.0,23160200.0,False,0.0,13:01:26
19000.0,100,-950.0,0.0,SD,9613500.0,23159600.0,False,0.0,13:01:26
19000.0,400,-950.0,0.0,SD,9613500.0,23159500.0,False,0.0,13:01:26
19000.0,200,-950.0,0.0,SD,9613500.0,23159100.0,False,0.0,13:01:26
19000.0,500,-950.0,0.0,SD,9613500.0,23158900.0,False,0.0,13:01:26
19000.0,100,-950.0,0.0,SD,9613500.0,23158400.0,False,0.0,13:01:25
19000.0,300,-950.0,0.0,SD,9613500.0,23158300.0,False,0.0,13:01:25
19000.0,300,-950.0,0.0,SD,9613500.0,23158000.0,False,0.0,13:01:25
19000.0,500,-950.0,0.0,SD,9613500.0,23157700.0,False,0.0,13:01:25
19000.0,100,-950.0,0.0,SD,9613500.0,23157200.0,False,0.0,13:01:25
19000.0,100,-950.0,0.0,SD,9613500.0,23157100.0,False,0.0,13:01:25
19000.0,400,-950.0,0.0,SD,9613500.0,23157000.0,False,0.0,13:01:25
19000.0,300,-950.0,0.0,SD,9613500.0,23156600.0,False,0.0,13:01:25
19000.0,500,-950.0,0.0,SD,9613500.0,23156300.0,False,0.0,13:01:25
19000.0,100,-950.0,0.0,SD,9613500.0,23155800.0,False,0.0,13:01:25
19000.0,600,-950.0,0.0,SD,9613500.0,23155700.0,False,0.0,13:01:25
19000.0,300,-950.0,0.0,SD,9613500.0,23155100.0,False,0.0,13:01:25
19000.0,200,-950.0,0.0,SD,9613500.0,23154800.0,False,0.0,13:01:25
19000.0,2000,-950.0,0.0,SD,9613500.0,23154600.0,False,0.0,13:01:25
19000.0,500,-950.0,0.0,SD,9613500.0,23152600.0,False,0.0,13:01:25
19000.0,500,-950.0,0.0,SD,9613500.0,23152100.0,False,0.0,13:01:25
19000.0,400,-950.0,0.0,SD,9613500.0,23151600.0,False,0.0,13:01:25
19000.0,100,-950.0,0.0,SD,9613500.0,23151200.0,False,0.0,13:01:25
19000.0,100,-950.0,0.0,SD,9613500.0,23151100.0,False,0.0,13:01:24
19000.0,900,-950.0,0.0,SD,9613500.0,23151000.0,False,0.0,13:01:24
19000.0,1000,-950.0,0.0,SD,9613500.0,23150100.0,False,0.0,13:01:23
19000.0,100,-950.0,0.0,SD,9613500.0,23149100.0,False,0.0,13:01:23
19000.0,2000,-950.0,0.0,SD,9613500.0,23149000.0,False,0.0,13:01:23
19000.0,1000,-950.0,0.0,SD,9613500.0,23147000.0,False,0.0,13:01:23
19000.0,500,-950.0,0.0,SD,9613500.0,23146000.0,False,0.0,13:01:23
19000.0,300,-950.0,0.0,SD,9613500.0,23145500.0,False,0.0,13:01:23
19000.0,1000,-950.0,0.0,SD,9613500.0,23145200.0,False,0.0,13:01:23
19000.0,1000,-950.0,0.0,SD,9613500.0,23144200.0,False,0.0,13:01:23
19000.0,100,-950.0,0.0,SD,9613500.0,23143200.0,False,0.0,13:01:23
19000.0,300,-950.0,0.0,SD,9613500.0,23143100.0,False,0.0,13:01:23
19000.0,100,-950.0,0.0,SD,9613500.0,23142800.0,False,0.0,13:01:23
19000.0,100,-950.0,0.0,SD,9613500.0,23142700.0,False,0.0,13:01:23
19000.0,1000,-950.0,0.0,SD,9613500.0,23142600.0,False,0.0,13:01:23
19000.0,1000,-950.0,0.0,SD,9613500.0,23141600.0,False,0.0,13:01:23
19000.0,300,-950.0,0.0,SD,9613500.0,23140600.0,False,0.0,13:01:23
19000.0,200,-950.0,0.0,SD,9613500.0,23140300.0,False,0.0,13:01:23
19000.0,500,-950.0,0.0,SD,9613500.0,23140100.0,False,0.0,13:01:22
19000.0,100,-950.0,0.0,SD,9613500.0,23139600.0,False,0.0,13:01:22
19000.0,100,-950.0,0.0,SD,9613500.0,23139500.0,False,0.0,13:01:22
19000.0,100,-950.0,0.0,SD,9613500.0,23139400.0,False,0.0,13:01:22
19000.0,500,-950.0,0.0,SD,9613500.0,23139300.0,False,0.0,13:01:22
19000.0,400,-950.0,0.0,SD,9613500.0,23138800.0,False,0.0,13:01:22
19000.0,300,-950.0,0.0,SD,9613500.0,23138400.0,False,0.0,13:01:22
19000.0,500,-950.0,0.0,SD,9613500.0,23138100.0,False,0.0,13:01:22
19000.0,1000,-950.0,0.0,SD,9613500.0,23137600.0,False,0.0,13:01:22
19000.0,1000,-950.0,0.0,SD,9613500.0,23136600.0,False,0.0,13:01:22
19000.0,200,-950.0,0.0,SD,9613500.0,23135600.0,False,0.0,13:01:22
19000.0,200,-950.0,0.0,SD,9613500.0,23135400.0,False,0.0,13:01:22
19000.0,100,-950.0,0.0,SD,9613500.0,23135200.0,False,0.0,13:01:22
19000.0,200,-950.0,0.0,SD,9613500.0,23135100.0,False,0.0,13:01:22
19000.0,200,-950.0,0.0,SD,9613500.0,23134900.0,False,0.0,13:01:22
19000.0,100,-950.0,0.0,SD,9613500.0,23134700.0,False,0.0,13:01:22
19000.0,100,-950.0,0.0,SD,9613500.0,23134600.0,False,0.0,13:01:22
19000.0,100,-950.0,0.0,SD,9613500.0,23134500.0,False,0.0,13:01:22
19000.0,300,-950.0,0.0,SD,9613500.0,23134400.0,False,0.0,13:01:22
19000.0,1000,-950.0,0.0,SD,9613500.0,23134100.0,False,0.0,13:01:22
19000.0,100,-950.0,0.0,SD,9613500.0,23133100.0,False,0.0,13:01:22
19000.0,5500,-950.0,0.0,SD,9613500.0,23133000.0,False,0.0,13:01:22
19000.0,200,-950.0,0.0,SD,9613500.0,23127500.0,False,0.0,13:01:22
19000.0,200,-950.0,0.0,SD,9613500.0,23127300.0,False,0.0,13:01:22
19000.0,2000,-950.0,0.0,SD,9613500.0,23127100.0,False,0.0,13:01:22
19000.0,5000,-950.0,0.0,SD,9613500.0,23125100.0,False,0.0,13:01:22
19000.0,4000,-950.0,0.0,SD,9613500.0,23120100.0,False,0.0,13:01:22
19000.0,100,-950.0,0.0,SD,9613500.0,23116100.0,False,0.0,13:01:22
19000.0,2000,-950.0,0.0,SD,9613500.0,23116000.0,False,0.0,13:01:22
19000.0,100,-950.0,0.0,SD,9613500.0,23114000.0,False,0.0,13:01:22
19000.0,300,-950.0,0.0,SD,9613500.0,23113900.0,False,0.0,13:01:22
19000.0,500,-950.0,0.0,SD,9613500.0,23113600.0,False,0.0,13:01:22
19000.0,1000,-950.0,0.0,SD,9613500.0,23113100.0,False,0.0,13:01:22
19000.0,7000,-950.0,0.0,SD,9613500.0,23112100.0,False,0.0,13:01:22
19000.0,3000,-950.0,0.0,SD,9613500.0,23105100.0,False,0.0,13:01:22
19000.0,4300,-950.0,0.0,SD,9613500.0,23102100.0,False,0.0,13:01:22
19000.0,700,-950.0,0.0,SD,9613500.0,23097800.0,False,0.0,13:01:22
19000.0,100,-950.0,0.0,SD,9613500.0,23097100.0,False,0.0,13:01:22
19000.0,6200,-950.0,0.0,SD,9613500.0,23097000.0,False,0.0,13:01:22
19000.0,1700,-950.0,0.0,SD,9613500.0,23090800.0,False,0.0,13:01:22
19000.0,2000,-950.0,0.0,SD,9613500.0,23089100.0,False,0.0,13:01:22
19000.0,100,-950.0,0.0,SD,9613500.0,23087100.0,False,0.0,13:01:22
19000.0,100,-950.0,0.0,SD,9613500.0,23087000.0,False,0.0,13:01:22
19000.0,800,-950.0,0.0,SD,9613500.0,23086900.0,False,0.0,13:01:22
19000.0,300,-950.0,0.0,SD,9613500.0,23086100.0,False,0.0,13:01:21
19000.0,1400,-950.0,0.0,SD,9613500.0,23085800.0,False,0.0,13:01:20
19000.0,200,-950.0,0.0,SD,9613500.0,23084400.0,False,0.0,13:01:20
19000.0,500,-950.0,0.0,SD,9613500.0,23084200.0,False,0.0,13:01:20
19000.0,1000,-950.0,0.0,SD,9613500.0,23083700.0,False,0.0,13:01:20
19000.0,1000,-950.0,0.0,SD,9613500.0,23082700.0,False,0.0,13:01:20
19000.0,1000,-950.0,0.0,SD,9613500.0,23081700.0,False,0.0,13:01:20
19000.0,100,-950.0,0.0,SD,9613500.0,23080700.0,False,0.0,13:01:20
19000.0,500,-950.0,0.0,SD,9613500.0,23080600.0,False,0.0,13:01:20
19000.0,100,-950.0,0.0,SD,9613500.0,23080100.0,False,0.0,13:01:20
19000.0,5000,-950.0,0.0,SD,9613500.0,23080000.0,False,0.0,13:01:20
19000.0,1400,-950.0,0.0,SD,9613500.0,23075000.0,False,0.0,13:01:20
19000.0,1000,-950.0,0.0,SD,9613500.0,23073600.0,False,0.0,13:01:20
19000.0,1500,-950.0,0.0,SD,9613500.0,23072600.0,False,0.0,13:01:20
19000.0,100,-950.0,0.0,SD,9613500.0,23071100.0,False,0.0,13:01:20
19000.0,200,-950.0,0.0,SD,9613500.0,23071000.0,False,0.0,13:01:20
19000.0,5000,-950.0,0.0,SD,9613500.0,23070800.0,False,0.0,13:01:20
19000.0,5000,-950.0,0.0,SD,9613500.0,23065800.0,False,0.0,13:01:20
19000.0,200,-950.0,0.0,SD,9613500.0,23060800.0,False,0.0,13:01:20
19000.0,100,-950.0,0.0,SD,9613500.0,23060600.0,False,0.0,13:01:20
19000.0,100,-950.0,0.0,SD,9613500.0,23060500.0,False,0.0,13:01:20
19000.0,300,-950.0,0.0,SD,9613500.0,23060400.0,False,0.0,13:01:20
19000.0,5000,-950.0,0.0,SD,9613500.0,23060100.0,False,0.0,13:01:20
19000.0,500,-950.0,0.0,SD,9613500.0,23055100.0,False,0.0,13:01:20
19000.0,500,-950.0,0.0,SD,9613500.0,23054600.0,False,0.0,13:01:20
19000.0,5000,-950.0,0.0,SD,9613500.0,23054100.0,False,0.0,13:01:20
19000.0,1000,-950.0,0.0,SD,9613500.0,23049100.0,False,0.0,13:01:20
19000.0,300,-950.0,0.0,SD,9613500.0,23048100.0,False,0.0,13:01:20
19000.0,700,-950.0,0.0,SD,9613500.0,23047800.0,False,0.0,13:01:19
19000.0,2000,-950.0,0.0,SD,9613500.0,23047100.0,False,0.0,13:01:19
19000.0,300,-950.0,0.0,SD,9613500.0,23045100.0,False,0.0,13:01:19
19000.0,200,-950.0,0.0,SD,9613500.0,23044800.0,False,0.0,13:01:19
19000.0,800,-950.0,0.0,SD,9613500.0,23044600.0,False,0.0,13:01:19
19000.0,2000,-950.0,0.0,SD,9613500.0,23043800.0,False,0.0,13:01:19
19000.0,1000,-950.0,0.0,SD,9613500.0,23041800.0,False,0.0,13:01:19
19000.0,7200,-950.0,0.0,SD,9613500.0,23040800.0,False,0.0,13:01:19
19000.0,800,-950.0,0.0,SD,9613500.0,23033600.0,False,0.0,13:01:19
19000.0,3000,-950.0,0.0,SD,9613500.0,23032800.0,False,0.0,13:01:19
19000.0,200,-950.0,0.0,SD,9613500.0,23029800.0,False,0.0,13:01:19
19000.0,200,-950.0,0.0,SD,9613500.0,23029600.0,False,0.0,13:01:19
19000.0,100,-950.0,0.0,SD,9613500.0,23029400.0,False,0.0,13:01:19
19000.0,100,-950.0,0.0,SD,9613500.0,23029300.0,False,0.0,13:01:19
19000.0,100,-950.0,0.0,SD,9613500.0,23029200.0,False,0.0,13:01:19
19000.0,2000,-950.0,0.0,SD,9613500.0,23029100.0,False,0.0,13:01:19
19000.0,3000,-950.0,0.0,SD,9613500.0,23027100.0,False,0.0,13:01:19
19000.0,100,-950.0,0.0,SD,9613500.0,23024100.0,False,0.0,13:01:19
19000.0,200,-950.0,0.0,SD,9613500.0,23024000.0,False,0.0,13:01:19
19000.0,1000,-950.0,0.0,SD,9613500.0,23023800.0,False,0.0,13:01:19
19000.0,100,-950.0,0.0,SD,9613500.0,23022800.0,False,0.0,13:01:19
19000.0,1000,-950.0,0.0,SD,9613500.0,23022700.0,False,0.0,13:01:19
19000.0,3000,-950.0,0.0,SD,9613500.0,23021700.0,False,0.0,13:01:19
19000.0,500,-950.0,0.0,SD,9613500.0,23018700.0,False,0.0,13:01:19
19000.0,1000,-950.0,0.0,SD,9613500.0,23018200.0,False,0.0,13:01:19
19000.0,600,-950.0,0.0,SD,9613500.0,23017200.0,False,0.0,13:01:19
19000.0,300,-950.0,0.0,SD,9613500.0,23016600.0,False,0.0,13:01:19
19000.0,1000,-950.0,0.0,SD,9613500.0,23016300.0,False,0.0,13:01:19
19000.0,4600,-950.0,0.0,SD,9613500.0,23015300.0,False,0.0,13:01:19
19000.0,1000,-950.0,0.0,SD,9613500.0,23010700.0,False,0.0,13:01:19
19000.0,100,-950.0,0.0,SD,9613500.0,23009700.0,False,0.0,13:01:19
19000.0,1000,-950.0,0.0,SD,9613500.0,23009600.0,False,0.0,13:01:19
19000.0,500,-950.0,0.0,SD,9613500.0,23008600.0,False,0.0,13:01:19
19000.0,1000,-950.0,0.0,SD,9613500.0,23008100.0,False,0.0,13:01:19
19000.0,100,-950.0,0.0,SD,9613500.0,23007100.0,False,0.0,13:01:19
19000.0,1000,-950.0,0.0,SD,9613500.0,23007000.0,False,0.0,13:01:19
19000.0,100,-950.0,0.0,SD,9613500.0,23006000.0,False,0.0,13:01:19
19000.0,100,-950.0,0.0,SD,9613500.0,23005900.0,False,0.0,13:01:19
19000.0,200,-950.0,0.0,SD,9613500.0,23005800.0,False,0.0,13:01:19
19000.0,500,-950.0,0.0,SD,9613500.0,23005600.0,False,0.0,13:01:19
19000.0,200,-950.0,0.0,SD,9613500.0,23005100.0,False,0.0,13:01:19
19000.0,200,-950.0,0.0,SD,9613500.0,23004900.0,False,0.0,13:01:19
19000.0,5000,-950.0,0.0,SD,9613500.0,23004700.0,False,0.0,13:01:19
19000.0,500,-950.0,0.0,SD,9613500.0,22999700.0,False,0.0,13:01:19
19000.0,100,-950.0,0.0,SD,9613500.0,22999200.0,False,0.0,13:01:19
19000.0,100,-950.0,0.0,SD,9613500.0,22999100.0,False,0.0,13:01:19
19000.0,500,-950.0,0.0,SD,9613500.0,22999000.0,False,0.0,13:01:19
19000.0,200,-950.0,0.0,SD,9613500.0,22998500.0,False,0.0,13:01:19
19000.0,600,-950.0,0.0,SD,9613500.0,22998300.0,False,0.0,13:01:19
19000.0,100,-950.0,0.0,SD,9613500.0,22997700.0,False,0.0,13:01:19
19000.0,100,-950.0,0.0,SD,9613500.0,22997600.0,False,0.0,13:01:19
19000.0,100,-950.0,0.0,SD,9613500.0,22997500.0,False,0.0,13:01:19
19000.0,500,-950.0,0.0,SD,9613500.0,22997400.0,False,0.0,13:01:19
19000.0,2000,-950.0,0.0,SD,9613500.0,22996900.0,False,0.0,13:01:19
19000.0,500,-950.0,0.0,SD,9613500.0,22994900.0,False,0.0,13:01:19
19000.0,2000,-950.0,0.0,SD,9613500.0,22994400.0,False,0.0,13:01:19
19000.0,500,-950.0,0.0,SD,9613500.0,22992400.0,False,0.0,13:01:19
19000.0,500,-950.0,0.0,SD,9613500.0,22991900.0,False,0.0,13:01:19
19000.0,100,-950.0,0.0,SD,9613500.0,22991400.0,False,0.0,13:01:19
19000.0,1000,-950.0,0.0,SD,9613500.0,22991300.0,False,0.0,13:01:19
19000.0,1000,-950.0,0.0,SD,9613500.0,22990300.0,False,0.0,13:01:19
19000.0,5000,-950.0,0.0,SD,9613500.0,22989300.0,False,0.0,13:01:19
19000.0,500,-950.0,0.0,SD,9613500.0,22984300.0,False,0.0,13:01:19
19000.0,100,-950.0,0.0,SD,9613500.0,22983800.0,False,0.0,13:01:19
19000.0,100,-950.0,0.0,SD,9613500.0,22983700.0,False,0.0,13:01:19
19000.0,2000,-950.0,0.0,SD,9613500.0,22983600.0,False,0.0,13:01:19
19000.0,3000,-950.0,0.0,SD,9613500.0,22981600.0,False,0.0,13:01:19
19000.0,100,-950.0,0.0,SD,9613500.0,22978600.0,False,0.0,13:01:19
19000.0,300,-950.0,0.0,SD,9613500.0,22978500.0,False,0.0,13:01:19
19000.0,5000,-950.0,0.0,SD,9613500.0,22978200.0,False,0.0,13:01:19
19000.0,100,-950.0,0.0,SD,9613500.0,22973200.0,False,0.0,13:01:19
19000.0,4700,-950.0,0.0,SD,9613500.0,22973100.0,False,0.0,13:01:19
19000.0,2000,-950.0,0.0,SD,9613500.0,22968400.0,False,0.0,13:01:19
19000.0,1000,-950.0,0.0,SD,9613500.0,22966400.0,False,0.0,13:01:19
19000.0,5600,-950.0,0.0,SD,9613500.0,22965400.0,False,0.0,13:01:19
19000.0,1000,-950.0,0.0,SD,9613500.0,22959800.0,False,0.0,13:01:17
19000.0,1400,-950.0,0.0,SD,9613500.0,22958800.0,False,0.0,13:01:17
19000.0,100,-950.0,0.0,SD,9613500.0,22957400.0,False,0.0,13:01:17
19000.0,200,-950.0,0.0,SD,9613500.0,22957300.0,False,0.0,13:01:17
19000.0,1300,-950.0,0.0,SD,9613500.0,22957100.0,False,0.0,13:01:17
19000.0,100,-950.0,0.0,SD,9613500.0,22955800.0,False,0.0,13:01:17
19000.0,1600,-950.0,0.0,SD,9613500.0,22955700.0,False,0.0,13:01:16
19000.0,1000,-950.0,0.0,SD,9613500.0,22954100.0,False,0.0,13:01:16
19000.0,200,-950.0,0.0,SD,9613500.0,22953100.0,False,0.0,13:01:16
19000.0,2000,-950.0,0.0,SD,9613500.0,22952900.0,False,0.0,13:01:16
19000.0,500,-950.0,0.0,SD,9613500.0,22950900.0,False,0.0,13:01:16
19000.0,500,-950.0,0.0,SD,9613500.0,22950400.0,False,0.0,13:01:16
19000.0,300,-950.0,0.0,SD,9613500.0,22949900.0,False,0.0,13:01:16
19000.0,200,-950.0,0.0,SD,9613500.0,22949600.0,False,0.0,13:01:16
19000.0,100,-950.0,0.0,SD,9613500.0,22949400.0,False,0.0,13:01:16
19000.0,200,-950.0,0.0,SD,9613500.0,22949300.0,False,0.0,13:01:16
19000.0,1000,-950.0,0.0,SD,9613500.0,22949100.0,False,0.0,13:01:16
19000.0,100,-950.0,0.0,SD,9613500.0,22948100.0,False,0.0,13:01:16
19000.0,100,-950.0,0.0,SD,9613500.0,22948000.0,False,0.0,13:01:16
19000.0,500,-950.0,0.0,SD,9613500.0,22947900.0,False,0.0,13:01:16
19000.0,100,-950.0,0.0,SD,9613500.0,22947400.0,False,0.0,13:01:16
19000.0,300,-950.0,0.0,SD,9613500.0,22947300.0,False,0.0,13:01:16
19000.0,400,-950.0,0.0,SD,9613500.0,22947000.0,False,0.0,13:01:16
19000.0,100,-950.0,0.0,SD,9613500.0,22946600.0,False,0.0,13:01:16
19000.0,2000,-950.0,0.0,SD,9613500.0,22946500.0,False,0.0,13:01:16
19000.0,200,-950.0,0.0,SD,9613500.0,22944500.0,False,0.0,13:01:16
19000.0,200,-950.0,0.0,SD,9613500.0,22944300.0,False,0.0,13:01:16
19000.0,100,-950.0,0.0,SD,9613500.0,22944100.0,False,0.0,13:01:16
19000.0,100,-950.0,0.0,SD,9613500.0,22944000.0,False,0.0,13:01:16
19000.0,800,-950.0,0.0,SD,9613500.0,22943900.0,False,0.0,13:01:16
19000.0,800,-950.0,0.0,SD,9613500.0,22943100.0,False,0.0,13:01:16
19000.0,100,-950.0,0.0,SD,9613500.0,22942300.0,False,0.0,13:01:16
19000.0,400,-950.0,0.0,SD,9613500.0,22942200.0,False,0.0,13:01:16
19000.0,3800,-950.0,0.0,SD,9613500.0,22941800.0,False,0.0,13:01:16
19000.0,100,-950.0,0.0,SD,9613500.0,22938000.0,False,0.0,13:01:16
19000.0,1000,-950.0,0.0,SD,9613500.0,22937900.0,False,0.0,13:01:16
19000.0,100,-950.0,0.0,SD,9613500.0,22936900.0,False,0.0,13:01:16
19000.0,100,-950.0,0.0,SD,9613500.0,22936800.0,False,0.0,13:01:16
19000.0,100,-950.0,0.0,SD,9613500.0,22936700.0,False,0.0,13:01:16
19000.0,100,-950.0,0.0,SD,9613500.0,22936600.0,False,0.0,13:01:16
19000.0,700,-950.0,0.0,SD,9613500.0,22936500.0,False,0.0,13:01:16
19000.0,500,-950.0,0.0,SD,9613500.0,22935800.0,False,0.0,13:01:16
19000.0,5000,-950.0,0.0,SD,9613500.0,22935300.0,False,0.0,13:01:16
19000.0,100,-950.0,0.0,SD,9613500.0,22930300.0,False,0.0,13:01:16
19000.0,3000,-950.0,0.0,SD,9613500.0,22930200.0,False,0.0,13:01:16
19000.0,100,-950.0,0.0,SD,9613500.0,22927200.0,False,0.0,13:01:16
19000.0,200,-950.0,0.0,SD,9613500.0,22927100.0,False,0.0,13:01:16
19000.0,300,-950.0,0.0,SD,9613500.0,22926900.0,False,0.0,13:01:16
19000.0,100,-950.0,0.0,SD,9613500.0,22926600.0,False,0.0,13:01:16
19000.0,1000,-950.0,0.0,SD,9613500.0,22926500.0,False,0.0,13:01:16
19000.0,1000,-950.0,0.0,SD,9613500.0,22925500.0,False,0.0,13:01:16
19000.0,1000,-950.0,0.0,SD,9613500.0,22924500.0,False,0.0,13:01:16
19000.0,400,-950.0,0.0,SD,9613500.0,22923500.0,False,0.0,13:01:16
19000.0,2000,-950.0,0.0,SD,9613500.0,22923100.0,False,0.0,13:01:16
19000.0,200,-950.0,0.0,SD,9613500.0,22921100.0,False,0.0,13:01:16
19000.0,100,-950.0,0.0,SD,9613500.0,22920900.0,False,0.0,13:01:16
19000.0,5000,-950.0,0.0,SD,9613500.0,22920800.0,False,0.0,13:01:16
19000.0,600,-950.0,0.0,SD,9613500.0,22915800.0,False,0.0,13:01:16
19000.0,7000,-950.0,0.0,SD,9613500.0,22915200.0,False,0.0,13:01:16
19000.0,200,-950.0,0.0,SD,9613500.0,22908200.0,False,0.0,13:01:16
19000.0,400,-950.0,0.0,SD,9613500.0,22908000.0,False,0.0,13:01:16
19000.0,100,-950.0,0.0,SD,9613500.0,22907600.0,False,0.0,13:01:16
19000.0,1500,-950.0,0.0,SD,9613500.0,22907500.0,False,0.0,13:01:16
19000.0,400,-950.0,0.0,SD,9613500.0,22906000.0,False,0.0,13:01:16
19000.0,500,-950.0,0.0,SD,9613500.0,22905600.0,False,0.0,13:01:16
19000.0,1000,-950.0,0.0,SD,9613500.0,22905100.0,False,0.0,13:01:16
19000.0,5000,-950.0,0.0,SD,9613500.0,22904100.0,False,0.0,13:01:16
19000.0,1900,-950.0,0.0,SD,9613500.0,22899100.0,False,0.0,13:01:16
19000.0,1000,-950.0,0.0,SD,9613500.0,22897200.0,False,0.0,13:01:16
19000.0,300,-950.0,0.0,SD,9613500.0,22896200.0,False,0.0,13:01:16
19000.0,100,-950.0,0.0,SD,9613500.0,22895900.0,False,0.0,13:01:16
19000.0,100,-950.0,0.0,SD,9613500.0,22895800.0,False,0.0,13:01:16
19000.0,1000,-950.0,0.0,SD,9613500.0,22895700.0,False,0.0,13:01:16
19000.0,500,-950.0,0.0,SD,9613500.0,22894700.0,False,0.0,13:01:16
19000.0,100,-950.0,0.0,SD,9613500.0,22894200.0,False,0.0,13:01:16
19000.0,2000,-950.0,0.0,SD,9613500.0,22894100.0,False,0.0,13:01:16
19000.0,100,-950.0,0.0,SD,9613500.0,22892100.0,False,0.0,13:01:16
19000.0,100,-950.0,0.0,SD,9613500.0,22892000.0,False,0.0,13:01:16
19000.0,100,-950.0,0.0,SD,9613500.0,22891900.0,False,0.0,13:01:16
19000.0,200,-950.0,0.0,SD,9613500.0,22891800.0,False,0.0,13:01:16
19000.0,200,-950.0,0.0,SD,9613500.0,22891600.0,False,0.0,13:01:16
19000.0,300,-950.0,0.0,SD,9613500.0,22891400.0,False,0.0,13:01:16
19000.0,3000,-950.0,0.0,SD,9613500.0,22891100.0,False,0.0,13:01:16
19000.0,500,-950.0,0.0,SD,9613500.0,22888100.0,False,0.0,13:01:16
19000.0,100,-950.0,0.0,SD,9613500.0,22887600.0,False,0.0,13:01:16
19000.0,100,-950.0,0.0,SD,9613500.0,22887500.0,False,0.0,13:01:16
19000.0,100,-950.0,0.0,SD,9613500.0,22887400.0,False,0.0,13:01:16
19000.0,500,-950.0,0.0,SD,9613500.0,22887300.0,False,0.0,13:01:16
19000.0,500,-950.0,0.0,SD,9613500.0,22886800.0,False,0.0,13:01:16
19000.0,3000,-950.0,0.0,SD,9613500.0,22886300.0,False,0.0,13:01:16
19000.0,500,-950.0,0.0,SD,9613500.0,22883300.0,False,0.0,13:01:16
19000.0,200,-950.0,0.0,SD,9613500.0,22882800.0,False,0.0,13:01:13
19000.0,200,-950.0,0.0,SD,9613500.0,22882600.0,False,0.0,13:01:13
19000.0,2000,-950.0,0.0,SD,9613500.0,22882400.0,False,0.0,13:01:12
19000.0,200,-950.0,0.0,SD,9613500.0,22880400.0,False,0.0,13:01:12
19000.0,1000,-950.0,0.0,SD,9613500.0,22880200.0,False,0.0,13:01:12
19000.0,1000,-950.0,0.0,SD,9613500.0,22879200.0,False,0.0,13:01:12
19000.0,100,-950.0,0.0,SD,9613500.0,22878200.0,False,0.0,13:01:12
19000.0,300,-950.0,0.0,SD,9613500.0,22878100.0,False,0.0,13:01:12
19000.0,500,-950.0,0.0,SD,9613500.0,22877800.0,False,0.0,13:01:12
19000.0,3700,-950.0,0.0,SD,9613500.0,22877300.0,False,0.0,13:01:12
19000.0,100,-950.0,0.0,SD,9613500.0,22873600.0,False,0.0,13:01:12
19000.0,1000,-950.0,0.0,SD,9613500.0,22873500.0,False,0.0,13:01:12
19000.0,200,-950.0,0.0,SD,9613500.0,22872500.0,False,0.0,13:01:12
19000.0,100,-950.0,0.0,SD,9613500.0,22872300.0,False,0.0,13:01:12
19000.0,200,-950.0,0.0,SD,9613500.0,22872200.0,False,0.0,13:01:12
19000.0,300,-950.0,0.0,SD,9613500.0,22872000.0,False,0.0,13:01:12
19000.0,100,-950.0,0.0,SD,9613500.0,22871700.0,False,0.0,13:01:11
19000.0,100,-950.0,0.0,SD,9613500.0,22871600.0,False,0.0,13:01:11
19000.0,500,-950.0,0.0,SD,9613500.0,22871500.0,False,0.0,13:01:11
19000.0,4000,-950.0,0.0,SD,9613500.0,22871000.0,False,0.0,13:01:11
19000.0,100,-950.0,0.0,SD,9613500.0,22867000.0,False,0.0,13:01:11
19000.0,100,-950.0,0.0,SD,9613500.0,22866900.0,False,0.0,13:01:11
19000.0,2000,-950.0,0.0,SD,9613500.0,22866800.0,False,0.0,13:01:11
19000.0,100,-950.0,0.0,SD,9613500.0,22864800.0,False,0.0,13:01:11
19000.0,500,-950.0,0.0,SD,9613500.0,22864700.0,False,0.0,13:01:11
19000.0,300,-950.0,0.0,SD,9613500.0,22864200.0,False,0.0,13:01:11
19000.0,1000,-950.0,0.0,SD,9613500.0,22863900.0,False,0.0,13:01:11
19000.0,200,-950.0,0.0,SD,9613500.0,22862900.0,False,0.0,13:01:11
19000.0,200,-950.0,0.0,SD,9613500.0,22862700.0,False,0.0,13:01:11
19000.0,600,-950.0,0.0,SD,9613500.0,22862500.0,False,0.0,13:01:11
19000.0,4000,-950.0,0.0,SD,9613500.0,22861900.0,False,0.0,13:01:11
19000.0,100,-950.0,0.0,SD,9613500.0,22857900.0,False,0.0,13:01:11
19000.0,100,-950.0,0.0,SD,9613500.0,22857800.0,False,0.0,13:01:11
19000.0,1000,-950.0,0.0,SD,9613500.0,22857700.0,False,0.0,13:01:11
19000.0,1000,-950.0,0.0,SD,9613500.0,22856700.0,False,0.0,13:01:11
19000.0,500,-950.0,0.0,SD,9613500.0,22855700.0,False,0.0,13:01:11
19000.0,200,-950.0,0.0,SD,9613500.0,22855200.0,False,0.0,13:01:11
19000.0,500,-950.0,0.0,SD,9613500.0,22855000.0,False,0.0,13:01:11
19000.0,100,-950.0,0.0,SD,9613500.0,22854500.0,False,0.0,13:01:11
19000.0,1000,-950.0,0.0,SD,9613500.0,22854400.0,False,0.0,13:01:11
19000.0,1000,-950.0,0.0,SD,9613500.0,22853400.0,False,0.0,13:01:11
19000.0,200,-950.0,0.0,SD,9613500.0,22852400.0,False,0.0,13:01:11
19000.0,500,-950.0,0.0,SD,9613500.0,22852200.0,False,-50.0,13:01:11
19050.0,200,-900.0,0.0,BU,9613500.0,22851700.0,False,50.0,13:01:11
19000.0,1000,-950.0,0.0,SD,9613300.0,22851700.0,False,0.0,13:01:11
19000.0,1500,-950.0,0.0,SD,9613300.0,22850700.0,False,0.0,13:01:11
19000.0,500,-950.0,0.0,SD,9613300.0,22849200.0,False,0.0,13:01:11
19000.0,1000,-950.0,0.0,SD,9613300.0,22848700.0,False,0.0,13:01:11
19000.0,1500,-950.0,0.0,SD,9613300.0,22847700.0,False,0.0,13:01:11
19000.0,400,-950.0,0.0,SD,9613300.0,22846200.0,False,0.0,13:01:11
19000.0,200,-950.0,0.0,SD,9613300.0,22845800.0,False,0.0,13:01:11
19000.0,1600,-950.0,0.0,SD,9613300.0,22845600.0,False,0.0,13:01:11
19000.0,2000,-950.0,0.0,SD,9613300.0,22844000.0,False,0.0,13:01:11
19000.0,500,-950.0,0.0,SD,9613300.0,22842000.0,False,0.0,13:01:11
19000.0,3000,-950.0,0.0,SD,9613300.0,22841500.0,False,0.0,13:01:11
19000.0,1000,-950.0,0.0,SD,9613300.0,22838500.0,False,0.0,13:01:11
19000.0,300,-950.0,0.0,SD,9613300.0,22837500.0,False,0.0,13:01:11
19000.0,1000,-950.0,0.0,SD,9613300.0,22837200.0,False,0.0,13:01:11
19000.0,400,-950.0,0.0,SD,9613300.0,22836200.0,False,0.0,13:01:11
19000.0,400,-950.0,0.0,SD,9613300.0,22835800.0,False,0.0,13:01:11
19000.0,1000,-950.0,0.0,SD,9613300.0,22835400.0,False,0.0,13:01:11
19000.0,1100,-950.0,0.0,SD,9613300.0,22834400.0,False,0.0,13:01:11
19000.0,200,-950.0,0.0,SD,9613300.0,22833300.0,False,0.0,13:01:11
19000.0,300,-950.0,0.0,SD,9613300.0,22833100.0,False,0.0,13:01:11
19000.0,1000,-950.0,0.0,SD,9613300.0,22832800.0,False,0.0,13:01:11
19000.0,5000,-950.0,0.0,SD,9613300.0,22831800.0,False,0.0,13:01:11
19000.0,800,-950.0,0.0,SD,9613300.0,22826800.0,False,0.0,13:01:11
19000.0,600,-950.0,0.0,SD,9613300.0,22826000.0,False,0.0,13:01:11
19000.0,500,-950.0,0.0,SD,9613300.0,22825400.0,False,0.0,13:01:10
19000.0,100,-950.0,0.0,SD,9613300.0,22824900.0,False,-50.0,13:01:09
19050.0,400,-900.0,0.0,BU,9613300.0,22824800.0,False,50.0,13:01:09
19000.0,1800,-950.0,0.0,SD,9612900.0,22824800.0,False,0.0,13:01:08
19000.0,200,-950.0,0.0,SD,9612900.0,22823000.0,False,0.0,13:01:08
19000.0,200,-950.0,0.0,SD,9612900.0,22822800.0,False,0.0,13:01:08
19000.0,3400,-950.0,0.0,SD,9612900.0,22822600.0,False,0.0,13:01:08
19000.0,2000,-950.0,0.0,SD,9612900.0,22819200.0,False,0.0,13:01:08
19000.0,2000,-950.0,0.0,SD,9612900.0,22817200.0,False,0.0,13:01:08
19000.0,1000,-950.0,0.0,SD,9612900.0,22815200.0,False,0.0,13:01:07
19000.0,200,-950.0,0.0,SD,9612900.0,22814200.0,False,0.0,13:01:07
19000.0,600,-950.0,0.0,SD,9612900.0,22814000.0,False,0.0,13:01:06
19000.0,40800,-950.0,0.0,SD,9612900.0,22813400.0,True,0.0,13:01:06
19000.0,3000,-950.0,0.0,SD,9612900.0,22772600.0,False,0.0,13:01:06
19000.0,100,-950.0,0.0,SD,9612900.0,22769600.0,False,0.0,13:01:06
19000.0,700,-950.0,0.0,SD,9612900.0,22769500.0,False,0.0,13:01:06
19000.0,100,-950.0,0.0,SD,9612900.0,22768800.0,False,0.0,13:01:06
19000.0,600,-950.0,0.0,SD,9612900.0,22768700.0,False,0.0,13:01:06
19000.0,100,-950.0,0.0,SD,9612900.0,22768100.0,False,0.0,13:01:06
19000.0,4600,-950.0,0.0,SD,9612900.0,22768000.0,False,0.0,13:01:06
19000.0,400,-950.0,0.0,SD,9612900.0,22763400.0,False,0.0,13:01:06
19000.0,100,-950.0,0.0,SD,9612900.0,22763000.0,False,0.0,13:01:06
19000.0,100,-950.0,0.0,SD,9612900.0,22762900.0,False,0.0,13:01:06
19000.0,2000,-950.0,0.0,SD,9612900.0,22762800.0,False,0.0,13:01:06
19000.0,500,-950.0,0.0,SD,9612900.0,22760800.0,False,0.0,13:01:06
19000.0,7700,-950.0,0.0,SD,9612900.0,22760300.0,False,0.0,13:01:06
19000.0,2300,-950.0,0.0,SD,9612900.0,22752600.0,False,0.0,13:01:05
19000.0,1000,-950.0,0.0,SD,9612900.0,22750300.0,False,0.0,13:01:05
19000.0,200,-950.0,0.0,SD,9612900.0,22749300.0,False,0.0,13:01:05
19000.0,300,-950.0,0.0,SD,9612900.0,22749100.0,False,0.0,13:01:05
19000.0,300,-950.0,0.0,SD,9612900.0,22748800.0,False,0.0,13:01:05
19000.0,200,-950.0,0.0,SD,9612900.0,22748500.0,False,0.0,13:01:05
19000.0,5000,-950.0,0.0,SD,9612900.0,22748300.0,False,0.0,13:01:05
19000.0,200,-950.0,0.0,SD,9612900.0,22743300.0,False,0.0,13:01:05
19000.0,1000,-950.0,0.0,SD,9612900.0,22743100.0,False,0.0,13:01:05
19000.0,2000,-950.0,0.0,SD,9612900.0,22742100.0,False,0.0,13:01:05
19000.0,400,-950.0,0.0,SD,9612900.0,22740100.0,False,0.0,13:01:05
19000.0,1500,-950.0,0.0,SD,9612900.0,22739700.0,False,0.0,13:01:05
19000.0,300,-950.0,0.0,SD,9612900.0,22738200.0,False,0.0,13:01:05
19000.0,200,-950.0,0.0,SD,9612900.0,22737900.0,False,0.0,13:01:05
19000.0,6000,-950.0,0.0,SD,9612900.0,22737700.0,False,0.0,13:01:04
19000.0,400,-950.0,0.0,SD,9612900.0,22731700.0,False,0.0,13:01:04
19000.0,1000,-950.0,0.0,SD,9612900.0,22731300.0,False,0.0,13:01:04
19000.0,100,-950.0,0.0,SD,9612900.0,22730300.0,False,0.0,13:01:04
19000.0,2000,-950.0,0.0,SD,9612900.0,22730200.0,False,0.0,13:01:04
19000.0,5000,-950.0,0.0,SD,9612900.0,22728200.0,False,0.0,13:01:04
19000.0,100,-950.0,0.0,SD,9612900.0,22723200.0,False,0.0,13:01:04
19000.0,100,-950.0,0.0,SD,9612900.0,22723100.0,False,0.0,13:01:04
19000.0,100,-950.0,0.0,SD,9612900.0,22723000.0,False,0.0,13:01:04
19000.0,1000,-950.0,0.0,SD,9612900.0,22722900.0,False,0.0,13:01:04
19000.0,1000,-950.0,0.0,SD,9612900.0,22721900.0,False,0.0,13:01:04
19000.0,1600,-950.0,0.0,SD,9612900.0,22720900.0,False,0.0,13:01:04
19000.0,100,-950.0,0.0,SD,9612900.0,22719300.0,False,0.0,13:01:04
19000.0,200,-950.0,0.0,SD,9612900.0,22719200.0,False,0.0,13:01:04
19000.0,100,-950.0,0.0,SD,9612900.0,22719000.0,False,0.0,13:01:04
19000.0,5000,-950.0,0.0,SD,9612900.0,22718900.0,False,0.0,13:01:04
19000.0,25000,-950.0,0.0,SD,9612900.0,22713900.0,True,0.0,13:01:04
19000.0,4000,-950.0,0.0,SD,9612900.0,22688900.0,False,0.0,13:01:04
19000.0,100,-950.0,0.0,SD,9612900.0,22684900.0,False,0.0,13:01:04
19000.0,1000,-950.0,0.0,SD,9612900.0,22684800.0,False,0.0,13:01:04
19000.0,1000,-950.0,0.0,SD,9612900.0,22683800.0,False,0.0,13:01:04
19000.0,20000,-950.0,0.0,SD,9612900.0,22682800.0,True,0.0,13:01:04
19000.0,200,-950.0,0.0,SD,9612900.0,22662800.0,False,0.0,13:01:04
19000.0,10000,-950.0,0.0,SD,9612900.0,22662600.0,False,0.0,13:01:04
19000.0,2000,-950.0,0.0,SD,9612900.0,22652600.0,False,0.0,13:01:04
19000.0,1000,-950.0,0.0,SD,9612900.0,22650600.0,False,0.0,13:01:04
19000.0,100,-950.0,0.0,SD,9612900.0,22649600.0,False,0.0,13:01:04
19000.0,1000,-950.0,0.0,SD,9612900.0,22649500.0,False,0.0,13:01:04
19000.0,900,-950.0,0.0,SD,9612900.0,22648500.0,False,0.0,13:01:04
19000.0,100,-950.0,0.0,SD,9612900.0,22647600.0,False,0.0,13:01:04
19000.0,800,-950.0,0.0,SD,9612900.0,22647500.0,False,0.0,13:01:04
19000.0,2000,-950.0,0.0,SD,9612900.0,22646700.0,False,0.0,13:01:04
19000.0,7000,-950.0,0.0,SD,9612900.0,22644700.0,False,0.0,13:01:04
19000.0,800,-950.0,0.0,SD,9612900.0,22637700.0,False,0.0,13:01:04
19000.0,3000,-950.0,0.0,SD,9612900.0,22636900.0,False,0.0,13:01:04
19000.0,100,-950.0,0.0,SD,9612900.0,22633900.0,False,0.0,13:01:04
19000.0,1000,-950.0,0.0,SD,9612900.0,22633800.0,False,0.0,13:01:04
19000.0,100,-950.0,0.0,SD,9612900.0,22632800.0,False,0.0,13:01:04
19000.0,800,-950.0,0.0,SD,9612900.0,22632700.0,False,0.0,13:01:04
19000.0,2900,-950.0,0.0,SD,9612900.0,22631900.0,False,0.0,13:01:04
19000.0,100,-950.0,0.0,SD,9612900.0,22629000.0,False,0.0,13:01:04
19000.0,300,-950.0,0.0,SD,9612900.0,22628900.0,False,0.0,13:01:04
19000.0,500,-950.0,0.0,SD,9612900.0,22628600.0,False,0.0,13:01:04
19000.0,200,-950.0,0.0,SD,9612900.0,22628100.0,False,0.0,13:01:04
19000.0,800,-950.0,0.0,SD,9612900.0,22627900.0,False,0.0,13:01:04
19000.0,2000,-950.0,0.0,SD,9612900.0,22627100.0,False,0.0,13:01:03
19000.0,7200,-950.0,0.0,SD,9612900.0,22625100.0,False,0.0,13:01:03
19000.0,3600,-950.0,0.0,SD,9612900.0,22617900.0,False,0.0,13:01:03
19000.0,1400,-950.0,0.0,SD,9612900.0,22614300.0,False,0.0,13:01:03
19000.0,500,-950.0,0.0,SD,9612900.0,22612900.0,False,0.0,13:01:03
19000.0,100,-950.0,0.0,SD,9612900.0,22612400.0,False,0.0,13:01:03
19000.0,600,-950.0,0.0,SD,9612900.0,22612300.0,False,0.0,13:01:02
19000.0,500,-950.0,0.0,SD,9612900.0,22611700.0,False,0.0,13:01:02
19000.0,3700,-950.0,0.0,SD,9612900.0,22611200.0,False,0.0,13:01:02
19000.0,200,-950.0,0.0,SD,9612900.0,22607500.0,False,0.0,13:01:02
19000.0,2900,-950.0,0.0,SD,9612900.0,22607300.0,False,0.0,13:01:02
19000.0,500,-950.0,0.0,SD,9612900.0,22604400.0,False,0.0,13:01:02
19000.0,2000,-950.0,0.0,SD,9612900.0,22603900.0,False,0.0,13:01:02
19000.0,500,-950.0,0.0,SD,9612900.0,22601900.0,False,0.0,13:01:02
19000.0,100,-950.0,0.0,SD,9612900.0,22601400.0,False,0.0,13:01:02
19000.0,500,-950.0,0.0,SD,9612900.0,22601300.0,False,0.0,13:01:02
19000.0,200,-950.0,0.0,SD,9612900.0,22600800.0,False,0.0,13:01:02
19000.0,1000,-950.0,0.0,SD,9612900.0,22600600.0,False,0.0,13:01:02
19000.0,1000,-950.0,0.0,SD,9612900.0,22599600.0,False,0.0,13:01:02
19000.0,500,-950.0,0.0,SD,9612900.0,22598600.0,False,0.0,13:01:02
19000.0,100,-950.0,0.0,SD,9612900.0,22598100.0,False,0.0,13:01:02
19000.0,200,-950.0,0.0,SD,9612900.0,22598000.0,False,0.0,13:01:02
19000.0,500,-950.0,0.0,SD,9612900.0,22597800.0,False,0.0,13:01:02
19000.0,3700,-950.0,0.0,SD,9612900.0,22597300.0,False,0.0,13:01:02
19000.0,200,-950.0,0.0,SD,9612900.0,22593600.0,False,0.0,13:01:01
19000.0,1100,-950.0,0.0,SD,9612900.0,22593400.0,False,0.0,13:01:01
19000.0,100,-950.0,0.0,SD,9612900.0,22592300.0,False,0.0,13:01:01
19000.0,500,-950.0,0.0,SD,9612900.0,22592200.0,False,0.0,13:01:01
19000.0,300,-950.0,0.0,SD,9612900.0,22591700.0,False,0.0,13:01:01
19000.0,4700,-950.0,0.0,SD,9612900.0,22591400.0,False,0.0,13:01:01
19000.0,500,-950.0,0.0,SD,9612900.0,22586700.0,False,0.0,13:01:01
19000.0,200,-950.0,0.0,SD,9612900.0,22586200.0,False,0.0,13:01:01
19000.0,100,-950.0,0.0,SD,9612900.0,22586000.0,False,0.0,13:01:01
19000.0,1000,-950.0,0.0,SD,9612900.0,22585900.0,False,0.0,13:01:01
19000.0,1000,-950.0,0.0,SD,9612900.0,22584900.0,False,0.0,13:01:01
19000.0,2000,-950.0,0.0,SD,9612900.0,22583900.0,False,0.0,13:01:01
19000.0,1000,-950.0,0.0,SD,9612900.0,22581900.0,False,0.0,13:01:01
19000.0,1000,-950.0,0.0,SD,9612900.0,22580900.0,False,0.0,13:01:01
19000.0,2500,-950.0,0.0,SD,9612900.0,22579900.0,False,0.0,13:01:01
19000.0,900,-950.0,0.0,SD,9612900.0,22577400.0,False,0.0,13:01:01
19000.0,2000,-950.0,0.0,SD,9612900.0,22576500.0,False,0.0,13:01:01
19000.0,5000,-950.0,0.0,SD,9612900.0,22574500.0,False,0.0,13:01:01
19000.0,1000,-950.0,0.0,SD,9612900.0,22569500.0,False,0.0,13:01:01
19000.0,300,-950.0,0.0,SD,9612900.0,22568500.0,False,0.0,13:01:01
19000.0,100,-950.0,0.0,SD,9612900.0,22568200.0,False,0.0,13:01:01
19000.0,100,-950.0,0.0,SD,9612900.0,22568100.0,False,0.0,13:01:01
19000.0,500,-950.0,0.0,SD,9612900.0,22568000.0,False,0.0,13:01:01
19000.0,100,-950.0,0.0,SD,9612900.0,22567500.0,False,0.0,13:01:01
19000.0,500,-950.0,0.0,SD,9612900.0,22567400.0,False,0.0,13:01:01
19000.0,5000,-950.0,0.0,SD,9612900.0,22566900.0,False,0.0,13:01:01
19000.0,500,-950.0,0.0,SD,9612900.0,22561900.0,False,0.0,13:01:01
19000.0,1200,-950.0,0.0,SD,9612900.0,22561400.0,False,0.0,13:01:00
19000.0,3000,-950.0,0.0,SD,9612900.0,22560200.0,False,0.0,13:01:00
19000.0,500,-950.0,0.0,SD,9612900.0,22557200.0,False,0.0,13:00:59
19000.0,500,-950.0,0.0,SD,9612900.0,22556700.0,False,0.0,13:00:57
19000.0,2000,-950.0,0.0,SD,9612900.0,22556200.0,False,0.0,13:00:57
19000.0,2000,-950.0,0.0,SD,9612900.0,22554200.0,False,0.0,13:00:56
19000.0,7300,-950.0,0.0,SD,9612900.0,22552200.0,False,0.0,13:00:56
19000.0,2400,-950.0,0.0,SD,9612900.0,22544900.0,False,0.0,13:00:56
19000.0,100,-950.0,0.0,SD,9612900.0,22542500.0,False,0.0,13:00:56
19000.0,200,-950.0,0.0,SD,9612900.0,22542400.0,False,0.0,13:00:56
19000.0,1000,-950.0,0.0,SD,9612900.0,22542200.0,False,0.0,13:00:56
19000.0,100,-950.0,0.0,SD,9612900.0,22541200.0,False,0.0,13:00:56
19000.0,3000,-950.0,0.0,SD,9612900.0,22541100.0,False,0.0,13:00:56
19000.0,500,-950.0,0.0,SD,9612900.0,22538100.0,False,0.0,13:00:56
19000.0,100,-950.0,0.0,SD,9612900.0,22537600.0,False,0.0,13:00:56
19000.0,100,-950.0,0.0,SD,9612900.0,22537500.0,False,0.0,13:00:56
19000.0,100,-950.0,0.0,SD,9612900.0,22537400.0,False,0.0,13:00:56
19000.0,3000,-950.0,0.0,SD,9612900.0,22537300.0,False,0.0,13:00:56
19000.0,500,-950.0,0.0,SD,9612900.0,22534300.0,False,0.0,13:00:56
19000.0,100,-950.0,0.0,SD,9612900.0,22533800.0,False,0.0,13:00:56
19000.0,200,-950.0,0.0,SD,9612900.0,22533700.0,False,0.0,13:00:56
19000.0,100,-950.0,0.0,SD,9612900.0,22533500.0,False,0.0,13:00:56
19000.0,500,-950.0,0.0,SD,9612900.0,22533400.0,False,0.0,13:00:56
19000.0,100,-950.0,0.0,SD,9612900.0,22532900.0,False,0.0,13:00:56
19000.0,500,-950.0,0.0,SD,9612900.0,22532800.0,False,0.0,13:00:56
19000.0,100,-950.0,0.0,SD,9612900.0,22532300.0,False,0.0,13:00:56
19000.0,700,-950.0,0.0,SD,9612900.0,22532200.0,False,0.0,13:00:56
19000.0,200,-950.0,0.0,SD,9612900.0,22531500.0,False,0.0,13:00:56
19000.0,5600,-950.0,0.0,SD,9612900.0,22531300.0,False,0.0,13:00:56
19000.0,200,-950.0,0.0,SD,9612900.0,22525700.0,False,0.0,13:00:56
19000.0,100,-950.0,0.0,SD,9612900.0,22525500.0,False,0.0,13:00:56
19000.0,200,-950.0,0.0,SD,9612900.0,22525400.0,False,0.0,13:00:56
19000.0,100,-950.0,0.0,SD,9612900.0,22525200.0,False,0.0,13:00:56
19000.0,100,-950.0,0.0,SD,9612900.0,22525100.0,False,0.0,13:00:56
19000.0,500,-950.0,0.0,SD,9612900.0,22525000.0,False,0.0,13:00:56
19000.0,100,-950.0,0.0,SD,9612900.0,22524500.0,False,0.0,13:00:56
19000.0,100,-950.0,0.0,SD,9612900.0,22524400.0,False,0.0,13:00:56
19000.0,100,-950.0,0.0,SD,9612900.0,22524300.0,False,0.0,13:00:56
19000.0,900,-950.0,0.0,SD,9612900.0,22524200.0,False,0.0,13:00:56
19000.0,1600,-950.0,0.0,SD,9612900.0,22523300.0,False,0.0,13:00:56
19000.0,200,-950.0,0.0,SD,9612900.0,22521700.0,False,0.0,13:00:56
19000.0,100,-950.0,0.0,SD,9612900.0,22521500.0,False,0.0,13:00:56
19000.0,3100,-950.0,0.0,SD,9612900.0,22521400.0,False,0.0,13:00:56
19000.0,300,-950.0,0.0,SD,9612900.0,22518300.0,False,0.0,13:00:56
19000.0,100,-950.0,0.0,SD,9612900.0,22518000.0,False,0.0,13:00:56
19000.0,100,-950.0,0.0,SD,9612900.0,22517900.0,False,0.0,13:00:56
19000.0,200,-950.0,0.0,SD,9612900.0,22517800.0,False,0.0,13:00:56
19000.0,500,-950.0,0.0,SD,9612900.0,22517600.0,False,0.0,13:00:56
19000.0,100,-950.0,0.0,SD,9612900.0,22517100.0,False,0.0,13:00:56
19000.0,1000,-950.0,0.0,SD,9612900.0,22517000.0,False,0.0,13:00:56
19000.0,500,-950.0,0.0,SD,9612900.0,22516000.0,False,0.0,13:00:56
19000.0,100,-950.0,0.0,SD,9612900.0,22515500.0,False,0.0,13:00:56
19000.0,500,-950.0,0.0,SD,9612900.0,22515400.0,False,0.0,13:00:56
19000.0,5000,-950.0,0.0,SD,9612900.0,22514900.0,False,0.0,13:00:56
19000.0,500,-950.0,0.0,SD,9612900.0,22509900.0,False,0.0,13:00:56
19000.0,2800,-950.0,0.0,SD,9612900.0,22509400.0,False,0.0,13:00:56
19000.0,1000,-950.0,0.0,SD,9612900.0,22506600.0,False,0.0,13:00:56
19000.0,200,-950.0,0.0,SD,9612900.0,22505600.0,False,0.0,13:00:56
19000.0,400,-950.0,0.0,SD,9612900.0,22505400.0,False,0.0,13:00:56
19000.0,100,-950.0,0.0,SD,9612900.0,22505000.0,False,0.0,13:00:56
19000.0,500,-950.0,0.0,SD,9612900.0,22504900.0,False,0.0,13:00:56
19000.0,500,-950.0,0.0,SD,9612900.0,22504400.0,False,0.0,13:00:56
19000.0,100,-950.0,0.0,SD,9612900.0,22503900.0,False,0.0,13:00:56
19000.0,100,-950.0,0.0,SD,9612900.0,22503800.0,False,0.0,13:00:56
19000.0,1000,-950.0,0.0,SD,9612900.0,22503700.0,False,0.0,13:00:56
19000.0,5000,-950.0,0.0,SD,9612900.0,22502700.0,False,0.0,13:00:56
19000.0,100,-950.0,0.0,SD,9612900.0,22497700.0,False,0.0,13:00:56
19000.0,200,-950.0,0.0,SD,9612900.0,22497600.0,False,0.0,13:00:56
19000.0,300,-950.0,0.0,SD,9612900.0,22497400.0,False,0.0,13:00:56
19000.0,100,-950.0,0.0,SD,9612900.0,22497100.0,False,0.0,13:00:56
19000.0,100,-950.0,0.0,SD,9612900.0,22497000.0,False,0.0,13:00:56
19000.0,16500,-950.0,0.0,SD,9612900.0,22496900.0,True,0.0,13:00:56
19000.0,1000,-950.0,0.0,SD,9612900.0,22480400.0,False,0.0,13:00:56
19000.0,100,-950.0,0.0,SD,9612900.0,22479400.0,False,0.0,13:00:56
19000.0,2000,-950.0,0.0,SD,9612900.0,22479300.0,False,0.0,13:00:56
19000.0,200,-950.0,0.0,SD,9612900.0,22477300.0,False,0.0,13:00:56
19000.0,2000,-950.0,0.0,SD,9612900.0,22477100.0,False,0.0,13:00:56
19000.0,1000,-950.0,0.0,SD,9612900.0,22475100.0,False,0.0,13:00:56
19000.0,200,-950.0,0.0,SD,9612900.0,22474100.0,False,0.0,13:00:56
19000.0,100,-950.0,0.0,SD,9612900.0,22473900.0,False,0.0,13:00:56
19000.0,500,-950.0,0.0,SD,9612900.0,22473800.0,False,0.0,13:00:56
19000.0,5000,-950.0,0.0,SD,9612900.0,22473300.0,False,0.0,13:00:56
19000.0,1000,-950.0,0.0,SD,9612900.0,22468300.0,False,0.0,13:00:56
19000.0,1000,-950.0,0.0,SD,9612900.0,22467300.0,False,0.0,13:00:56
19000.0,1000,-950.0,0.0,SD,9612900.0,22466300.0,False,0.0,13:00:56
19000.0,3000,-950.0,0.0,SD,9612900.0,22465300.0,False,0.0,13:00:56
19000.0,300,-950.0,0.0,SD,9612900.0,22462300.0,False,0.0,13:00:56
19000.0,800,-950.0,0.0,SD,9612900.0,22462000.0,False,0.0,13:00:56
19000.0,2000,-950.0,0.0,SD,9612900.0,22461200.0,False,0.0,13:00:56
19000.0,500,-950.0,0.0,SD,9612900.0,22459200.0,False,0.0,13:00:56
19000.0,500,-950.0,0.0,SD,9612900.0,22458700.0,False,0.0,13:00:56
19000.0,2000,-950.0,0.0,SD,9612900.0,22458200.0,False,0.0,13:00:56
19000.0,2200,-950.0,0.0,SD,9612900.0,22456200.0,False,0.0,13:00:56
19000.0,20000,-950.0,0.0,SD,9612900.0,22454000.0,True,0.0,13:00:56
19000.0,500,-950.0,0.0,SD,9612900.0,22434000.0,False,0.0,13:00:56
19000.0,300,-950.0,0.0,SD,9612900.0,22433500.0,False,0.0,13:00:56
19000.0,1000,-950.0,0.0,SD,9612900.0,22433200.0,False,0.0,13:00:56
19000.0,1000,-950.0,0.0,SD,9612900.0,22432200.0,False,0.0,13:00:56
19000.0,100,-950.0,0.0,SD,9612900.0,22431200.0,False,0.0,13:00:56
19000.0,500,-950.0,0.0,SD,9612900.0,22431100.0,False,0.0,13:00:56
19000.0,1000,-950.0,0.0,SD,9612900.0,22430600.0,False,0.0,13:00:56
19000.0,200,-950.0,0.0,SD,9612900.0,22429600.0,False,0.0,13:00:56
19000.0,500,-950.0,0.0,SD,9612900.0,22429400.0,False,0.0,13:00:56
19000.0,100,-950.0,0.0,SD,9612900.0,22428900.0,False,0.0,13:00:56
19000.0,200,-950.0,0.0,SD,9612900.0,22428800.0,False,0.0,13:00:56
19000.0,5000,-950.0,0.0,SD,9612900.0,22428600.0,False,0.0,13:00:56
19000.0,100,-950.0,0.0,SD,9612900.0,22423600.0,False,0.0,13:00:56
19000.0,5000,-950.0,0.0,SD,9612900.0,22423500.0,False,0.0,13:00:56
19000.0,1000,-950.0,0.0,SD,9612900.0,22418500.0,False,0.0,13:00:56
19000.0,3000,-950.0,0.0,SD,9612900.0,22417500.0,False,0.0,13:00:56
19000.0,100,-950.0,0.0,SD,9612900.0,22414500.0,False,0.0,13:00:56
19000.0,100,-950.0,0.0,SD,9612900.0,22414400.0,False,0.0,13:00:56
19000.0,5000,-950.0,0.0,SD,9612900.0,22414300.0,False,0.0,13:00:56
19000.0,100,-950.0,0.0,SD,9612900.0,22409300.0,False,0.0,13:00:56
19000.0,200,-950.0,0.0,SD,9612900.0,22409200.0,False,0.0,13:00:56
19000.0,10000,-950.0,0.0,SD,9612900.0,22409000.0,False,0.0,13:00:56
19000.0,100,-950.0,0.0,SD,9612900.0,22399000.0,False,0.0,13:00:56
19000.0,2000,-950.0,0.0,SD,9612900.0,22398900.0,False,0.0,13:00:56
19000.0,300,-950.0,0.0,SD,9612900.0,22396900.0,False,0.0,13:00:56
19000.0,100,-950.0,0.0,SD,9612900.0,22396600.0,False,0.0,13:00:56
19000.0,1000,-950.0,0.0,SD,9612900.0,22396500.0,False,0.0,13:00:56
19000.0,2500,-950.0,0.0,SD,9612900.0,22395500.0,False,0.0,13:00:56
19000.0,600,-950.0,0.0,SD,9612900.0,22393000.0,False,0.0,13:00:56
19000.0,500,-950.0,0.0,SD,9612900.0,22392400.0,False,0.0,13:00:56
19000.0,100,-950.0,0.0,SD,9612900.0,22391900.0,False,0.0,13:00:56
19000.0,500,-950.0,0.0,SD,9612900.0,22391800.0,False,0.0,13:00:56
19000.0,100,-950.0,0.0,SD,9612900.0,22391300.0,False,0.0,13:00:56
19000.0,500,-950.0,0.0,SD,9612900.0,22391200.0,False,0.0,13:00:56
19000.0,500,-950.0,0.0,SD,9612900.0,22390700.0,False,0.0,13:00:56
19000.0,100,-950.0,0.0,SD,9612900.0,22390200.0,False,0.0,13:00:56
19000.0,100,-950.0,0.0,SD,9612900.0,22390100.0,False,0.0,13:00:56
19000.0,1000,-950.0,0.0,SD,9612900.0,22390000.0,False,0.0,13:00:56
19000.0,100,-950.0,0.0,SD,9612900.0,22389000.0,False,0.0,13:00:56
19000.0,100,-950.0,0.0,SD,9612900.0,22388900.0,False,0.0,13:00:56
19000.0,200,-950.0,0.0,SD,9612900.0,22388800.0,False,0.0,13:00:56
19000.0,100,-950.0,0.0,SD,9612900.0,22388600.0,False,0.0,13:00:56
19000.0,500,-950.0,0.0,SD,9612900.0,22388500.0,False,0.0,13:00:56
19000.0,200,-950.0,0.0,SD,9612900.0,22388000.0,False,0.0,13:00:56
19000.0,500,-950.0,0.0,SD,9612900.0,22387800.0,False,0.0,13:00:56
19000.0,300,-950.0,0.0,SD,9612900.0,22387300.0,False,0.0,13:00:56
19000.0,100,-950.0,0.0,SD,9612900.0,22387000.0,False,0.0,13:00:56
19000.0,300,-950.0,0.0,SD,9612900.0,22386900.0,False,0.0,13:00:56
19000.0,10000,-950.0,0.0,SD,9612900.0,22386600.0,False,0.0,13:00:56
19000.0,1000,-950.0,0.0,SD,9612900.0,22376600.0,False,0.0,13:00:56
19000.0,4200,-950.0,0.0,SD,9612900.0,22375600.0,False,0.0,13:00:56
19000.0,500,-950.0,0.0,SD,9612900.0,22371400.0,False,0.0,13:00:55
19000.0,2000,-950.0,0.0,SD,9612900.0,22370900.0,False,0.0,13:00:55
19000.0,3400,-950.0,0.0,SD,9612900.0,22368900.0,False,0.0,13:00:55
19000.0,4000,-950.0,0.0,SD,9612900.0,22365500.0,False,0.0,13:00:54
19000.0,300,-950.0,0.0,SD,9612900.0,22361500.0,False,0.0,13:00:54
19000.0,100,-950.0,0.0,SD,9612900.0,22361200.0,False,0.0,13:00:54
19000.0,5600,-950.0,0.0,SD,9612900.0,22361100.0,False,0.0,13:00:54
19000.0,3000,-950.0,0.0,SD,9612900.0,22355500.0,False,0.0,13:00:54
19000.0,500,-950.0,0.0,SD,9612900.0,22352500.0,False,0.0,13:00:54
19000.0,1000,-950.0,0.0,SD,9612900.0,22352000.0,False,0.0,13:00:54
19000.0,1700,-950.0,0.0,SD,9612900.0,22351000.0,False,0.0,13:00:54
19000.0,200,-950.0,0.0,SD,9612900.0,22349300.0,False,0.0,13:00:54
19000.0,300,-950.0,0.0,SD,9612900.0,22349100.0,False,0.0,13:00:53
19000.0,1000,-950.0,0.0,SD,9612900.0,22348800.0,False,0.0,13:00:53
19000.0,300,-950.0,0.0,SD,9612900.0,22347800.0,False,0.0,13:00:53
19000.0,2000,-950.0,0.0,SD,9612900.0,22347500.0,False,0.0,13:00:53
19000.0,100,-950.0,0.0,SD,9612900.0,22345500.0,False,0.0,13:00:53
19000.0,200,-950.0,0.0,SD,9612900.0,22345400.0,False,0.0,13:00:53
19000.0,500,-950.0,0.0,SD,9612900.0,22345200.0,False,0.0,13:00:53
19000.0,100,-950.0,0.0,SD,9612900.0,22344700.0,False,0.0,13:00:53
19000.0,100,-950.0,0.0,SD,9612900.0,22344600.0,False,0.0,13:00:53
19000.0,600,-950.0,0.0,SD,9612900.0,22344500.0,False,0.0,13:00:52
19000.0,300,-950.0,0.0,SD,9612900.0,22343900.0,False,0.0,13:00:52
19000.0,100,-950.0,0.0,SD,9612900.0,22343600.0,False,0.0,13:00:52
19000.0,800,-950.0,0.0,SD,9612900.0,22343500.0,False,0.0,13:00:52
19000.0,200,-950.0,0.0,SD,9612900.0,22342700.0,False,0.0,13:00:52
19000.0,200,-950.0,0.0,SD,9612900.0,22342500.0,False,0.0,13:00:52
19000.0,100,-950.0,0.0,SD,9612900.0,22342300.0,False,0.0,13:00:52
19000.0,100,-950.0,0.0,SD,9612900.0,22342200.0,False,0.0,13:00:52
19000.0,100,-950.0,0.0,SD,9612900.0,22342100.0,False,0.0,13:00:52
19000.0,1000,-950.0,0.0,SD,9612900.0,22342000.0,False,0.0,13:00:51
19000.0,2000,-950.0,0.0,SD,9612900.0,22341000.0,False,-50.0,13:00:51
19050.0,3000,-900.0,0.0,BU,9612900.0,22339000.0,False,50.0,13:00:51
19000.0,500,-950.0,0.0,SD,9609900.0,22339000.0,False,-50.0,13:00:50
19050.0,2000,-900.0,0.0,BU,9609900.0,22338500.0,False,0.0,13:00:49
19050.0,100,-900.0,0.0,BU,9607900.0,22338500.0,False,50.0,13:00:49
19000.0,1400,-950.0,0.0,SD,9607800.0,22338500.0,False,0.0,13:00:49
19000.0,200,-950.0,0.0,SD,9607800.0,22337100.0,False,0.0,13:00:49
19000.0,1000,-950.0,0.0,SD,9607800.0,22336900.0,False,0.0,13:00:49
19000.0,300,-950.0,0.0,SD,9607800.0,22335900.0,False,0.0,13:00:49
19000.0,100,-950.0,0.0,SD,9607800.0,22335600.0,False,0.0,13:00:49
19000.0,100,-950.0,0.0,SD,9607800.0,22335500.0,False,0.0,13:00:49
19000.0,100,-950.0,0.0,SD,9607800.0,22335400.0,False,0.0,13:00:49
19000.0,300,-950.0,0.0,SD,9607800.0,22335300.0,False,0.0,13:00:49
19000.0,1000,-950.0,0.0,SD,9607800.0,22335000.0,False,0.0,13:00:49
19000.0,500,-950.0,0.0,SD,9607800.0,22334000.0,False,-50.0,13:00:49
19050.0,300,-900.0,0.0,BU,9607800.0,22333500.0,False,50.0,13:00:48
19000.0,2500,-950.0,0.0,SD,9607500.0,22333500.0,False,0.0,13:00:47
19000.0,1000,-950.0,0.0,SD,9607500.0,22331000.0,False,0.0,13:00:47
19000.0,500,-950.0,0.0,SD,9607500.0,22330000.0,False,0.0,13:00:47
19000.0,100,-950.0,0.0,SD,9607500.0,22329500.0,False,0.0,13:00:47
19000.0,100,-950.0,0.0,SD,9607500.0,22329400.0,False,0.0,13:00:47
19000.0,1000,-950.0,0.0,SD,9607500.0,22329300.0,False,0.0,13:00:47
19000.0,500,-950.0,0.0,SD,9607500.0,22328300.0,False,0.0,13:00:47
19000.0,100,-950.0,0.0,SD,9607500.0,22327800.0,False,0.0,13:00:47
19000.0,200,-950.0,0.0,SD,9607500.0,22327700.0,False,0.0,13:00:47
19000.0,800,-950.0,0.0,SD,9607500.0,22327500.0,False,0.0,13:00:47
19000.0,200,-950.0,0.0,SD,9607500.0,22326700.0,False,0.0,13:00:47
19000.0,1700,-950.0,0.0,SD,9607500.0,22326500.0,False,0.0,13:00:47
19000.0,500,-950.0,0.0,SD,9607500.0,22324800.0,False,0.0,13:00:47
19000.0,100,-950.0,0.0,SD,9607500.0,22324300.0,False,0.0,13:00:47
19000.0,500,-950.0,0.0,SD,9607500.0,22324200.0,False,0.0,13:00:47
19000.0,20000,-950.0,0.0,SD,9607500.0,22323700.0,True,0.0,13:00:47
19000.0,200,-950.0,0.0,SD,9607500.0,22303700.0,False,0.0,13:00:47
19000.0,300,-950.0,0.0,SD,9607500.0,22303500.0,False,0.0,13:00:47
19000.0,300,-950.0,0.0,SD,9607500.0,22303200.0,False,0.0,13:00:47
19000.0,100,-950.0,0.0,SD,9607500.0,22302900.0,False,0.0,13:00:47
19000.0,1000,-950.0,0.0,SD,9607500.0,22302800.0,False,0.0,13:00:47
19000.0,1000,-950.0,0.0,SD,9607500.0,22301800.0,False,0.0,13:00:47
19000.0,300,-950.0,0.0,SD,9607500.0,22300800.0,False,0.0,13:00:47
19000.0,1000,-950.0,0.0,SD,9607500.0,22300500.0,False,0.0,13:00:47
19000.0,100,-950.0,0.0,SD,9607500.0,22299500.0,False,0.0,13:00:47
19000.0,100,-950.0,0.0,SD,9607500.0,22299400.0,False,0.0,13:00:47
19000.0,100,-950.0,0.0,SD,9607500.0,22299300.0,False,0.0,13:00:47
19000.0,100,-950.0,0.0,SD,9607500.0,22299200.0,False,0.0,13:00:47
19000.0,100,-950.0,0.0,SD,9607500.0,22299100.0,False,0.0,13:00:47
19000.0,100,-950.0,0.0,SD,9607500.0,22299000.0,False,0.0,13:00:47
19000.0,3000,-950.0,0.0,SD,9607500.0,22298900.0,False,0.0,13:00:47
19000.0,500,-950.0,0.0,SD,9607500.0,22295900.0,False,0.0,13:00:47
19000.0,1000,-950.0,0.0,SD,9607500.0,22295400.0,False,0.0,13:00:47
19000.0,900,-950.0,0.0,SD,9607500.0,22294400.0,False,-50.0,13:00:47
19050.0,200,-900.0,0.0,BU,9607500.0,22293500.0,False,50.0,13:00:47
19000.0,6600,-950.0,0.0,SD,9607300.0,22293500.0,False,-50.0,13:00:47
19050.0,10500,-900.0,0.0,BU,9607300.0,22286900.0,True,50.0,13:00:46
19000.0,2500,-950.0,0.0,SD,9596800.0,22286900.0,False,0.0,13:00:46
19000.0,100,-950.0,0.0,SD,9596800.0,22284400.0,False,0.0,13:00:46
19000.0,2000,-950.0,0.0,SD,9596800.0,22284300.0,False,0.0,13:00:46
19000.0,400,-950.0,0.0,SD,9596800.0,22282300.0,False,0.0,13:00:46
19000.0,600,-950.0,0.0,SD,9596800.0,22281900.0,False,0.0,13:00:45
19000.0,1400,-950.0,0.0,SD,9596800.0,22281300.0,False,0.0,13:00:45
19000.0,8600,-950.0,0.0,SD,9596800.0,22279900.0,False,0.0,13:00:45
19000.0,5000,-950.0,0.0,SD,9596800.0,22271300.0,False,0.0,13:00:45
19000.0,2100,-950.0,0.0,SD,9596800.0,22266300.0,False,0.0,13:00:45
19000.0,5000,-950.0,0.0,SD,9596800.0,22264200.0,False,0.0,13:00:45
19000.0,200,-950.0,0.0,SD,9596800.0,22259200.0,False,0.0,13:00:45
19000.0,500,-950.0,0.0,SD,9596800.0,22259000.0,False,0.0,13:00:45
19000.0,1600,-950.0,0.0,SD,9596800.0,22258500.0,False,-50.0,13:00:45
19050.0,200,-900.0,0.0,BU,9596800.0,22256900.0,False,50.0,13:00:44
19000.0,1300,-950.0,0.0,SD,9596600.0,22256900.0,False,0.0,13:00:44
19000.0,200,-950.0,0.0,SD,9596600.0,22255600.0,False,0.0,13:00:44
19000.0,100,-950.0,0.0,SD,9596600.0,22255400.0,False,0.0,13:00:44
19000.0,200,-950.0,0.0,SD,9596600.0,22255300.0,False,-50.0,13:00:44
19050.0,1700,-900.0,0.0,BU,9596600.0,22255100.0,False,50.0,13:00:44
19000.0,100,-950.0,0.0,SD,9594900.0,22255100.0,False,0.0,13:00:44
19000.0,200,-950.0,0.0,SD,9594900.0,22255000.0,False,-50.0,13:00:44
19050.0,500,-900.0,0.0,BU,9594900.0,22254800.0,False,0.0,13:00:43
19050.0,100,-900.0,0.0,BU,9594400.0,22254800.0,False,50.0,13:00:43
19000.0,300,-950.0,0.0,SD,9594300.0,22254800.0,False,0.0,13:00:42
19000.0,200,-950.0,0.0,SD,9594300.0,22254500.0,False,0.0,13:00:42
19000.0,1600,-950.0,0.0,SD,9594300.0,22254300.0,False,-50.0,13:00:41
19050.0,800,-900.0,0.0,BU,9594300.0,22252700.0,False,0.0,13:00:41
19050.0,1500,-900.0,0.0,BU,9593500.0,22252700.0,False,50.0,13:00:41
19000.0,300,-950.0,0.0,SD,9592000.0,22252700.0,False,-50.0,13:00:41
19050.0,100,-900.0,0.0,BU,9592000.0,22252400.0,False,0.0,13:00:40
19050.0,1000,-900.0,0.0,BU,9591900.0,22252400.0,False,0.0,13:00:40
19050.0,1000,-900.0,0.0,BU,9590900.0,22252400.0,False,50.0,13:00:39
19000.0,100,-950.0,0.0,SD,9589900.0,22252400.0,False,0.0,13:00:39
19000.0,200,-950.0,0.0,SD,9589900.0,22252300.0,False,0.0,13:00:39
19000.0,3000,-950.0,0.0,SD,9589900.0,22252100.0,False,0.0,13:00:38
19000.0,3000,-950.0,0.0,SD,9589900.0,22249100.0,False,-50.0,13:00:38
19050.0,100,-900.0,0.0,BU,9589900.0,22246100.0,False,0.0,13:00:38
19050.0,1200,-900.0,0.0,BU,9589800.0,22246100.0,False,50.0,13:00:38
19000.0,100,-950.0,0.0,SD,9588600.0,22246100.0,False,-50.0,13:00:38
19050.0,100,-900.0,0.0,BU,9588600.0,22246000.0,False,0.0,13:00:38
19050.0,800,-900.0,0.0,BU,9588500.0,22246000.0,False,0.0,13:00:38
19050.0,500,-900.0,0.0,BU,9587700.0,22246000.0,False,0.0,13:00:38
19050.0,400,-900.0,0.0,BU,9587200.0,22246000.0,False,50.0,13:00:37
19000.0,1000,-950.0,0.0,SD,9586800.0,22246000.0,False,-50.0,13:00:37
19050.0,1000,-900.0,0.0,BU,9586800.0,22245000.0,False,0.0,13:00:37
19050.0,100,-900.0,0.0,BU,9585800.0,22245000.0,False,0.0,13:00:37
19050.0,300,-900.0,0.0,BU,9585700.0,22245000.0,False,50.0,13:00:37
19000.0,100,-950.0,0.0,SD,9585400.0,22245000.0,False,-50.0,13:00:37
19050.0,10000,-900.0,0.0,BU,9585400.0,22244900.0,False,50.0,13:00:37
19000.0,5000,-950.0,0.0,SD,9575400.0,22244900.0,False,0.0,13:00:36
19000.0,5000,-950.0,0.0,SD,9575400.0,22239900.0,False,0.0,13:00:35
19000.0,1000,-950.0,0.0,SD,9575400.0,22234900.0,False,-50.0,13:00:35
19050.0,100,-900.0,0.0,BU,9575400.0,22233900.0,False,50.0,13:00:34
19000.0,100,-950.0,0.0,SD,9575300.0,22233900.0,False,-50.0,13:00:34
19050.0,200,-900.0,0.0,BU,9575300.0,22233800.0,False,50.0,13:00:34
19000.0,500,-950.0,0.0,SD,9575100.0,22233800.0,False,-50.0,13:00:33
19050.0,1000,-900.0,0.0,BU,9575100.0,22233300.0,False,0.0,13:00:33
19050.0,1000,-900.0,0.0,BU,9574100.0,22233300.0,False,0.0,13:00:33
19050.0,600,-900.0,0.0,BU,9573100.0,22233300.0,False,0.0,13:00:33
19050.0,1000,-900.0,0.0,BU,9572500.0,22233300.0,False,0.0,13:00:33
19050.0,5100,-900.0,0.0,BU,9571500.0,22233300.0,False,50.0,13:00:33
19000.0,1500,-950.0,0.0,SD,9566400.0,22233300.0,False,0.0,13:00:33
19000.0,35300,-950.0,0.0,SD,9566400.0,22231800.0,True,0.0,13:00:33
19000.0,10000,-950.0,0.0,SD,9566400.0,22196500.0,False,0.0,13:00:33
19000.0,2000,-950.0,0.0,SD,9566400.0,22186500.0,False,-50.0,13:00:33
19050.0,600,-900.0,0.0,BU,9566400.0,22184500.0,False,50.0,13:00:33
19000.0,500,-950.0,0.0,SD,9565800.0,22184500.0,False,0.0,13:00:33
19000.0,200,-950.0,0.0,SD,9565800.0,22184000.0,False,0.0,13:00:33
19000.0,20000,-950.0,0.0,SD,9565800.0,22183800.0,True,0.0,13:00:33
19000.0,100,-950.0,0.0,SD,9565800.0,22163800.0,False,0.0,13:00:33
19000.0,1000,-950.0,0.0,SD,9565800.0,22163700.0,False,0.0,13:00:33
19000.0,100,-950.0,0.0,SD,9565800.0,22162700.0,False,0.0,13:00:33
19000.0,100,-950.0,0.0,SD,9565800.0,22162600.0,False,0.0,13:00:33
19000.0,500,-950.0,0.0,SD,9565800.0,22162500.0,False,0.0,13:00:33
19000.0,100,-950.0,0.0,SD,9565800.0,22162000.0,False,0.0,13:00:33
19000.0,29100,-950.0,0.0,SD,9565800.0,22161900.0,True,0.0,13:00:33
19000.0,1000,-950.0,0.0,SD,9565800.0,22132800.0,False,0.0,13:00:33
19000.0,100,-950.0,0.0,SD,9565800.0,22131800.0,False,0.0,13:00:33
19000.0,70900,-950.0,0.0,SD,9565800.0,22131700.0,True,0.0,13:00:33
19000.0,200,-950.0,0.0,SD,9565800.0,22060800.0,False,0.0,13:00:33
19000.0,500,-950.0,0.0,SD,9565800.0,22060600.0,False,0.0,13:00:33
19000.0,300,-950.0,0.0,SD,9565800.0,22060100.0,False,0.0,13:00:33
19000.0,1000,-950.0,0.0,SD,9565800.0,22059800.0,False,0.0,13:00:33
19000.0,200,-950.0,0.0,SD,9565800.0,22058800.0,False,0.0,13:00:33
19000.0,1100,-950.0,0.0,SD,9565800.0,22058600.0,False,0.0,13:00:33
19000.0,100,-950.0,0.0,SD,9565800.0,22057500.0,False,0.0,13:00:33
19000.0,50000,-950.0,0.0,SD,9565800.0,22057400.0,True,0.0,13:00:33
19000.0,184300,-950.0,0.0,SD,9565800.0,22007400.0,True,0.0,13:00:33
19000.0,1000,-950.0,0.0,SD,9565800.0,21823100.0,False,0.0,13:00:33
19000.0,17700,-950.0,0.0,SD,9565800.0,21822100.0,True,0.0,13:00:33
19000.0,2000,-950.0,0.0,SD,9565800.0,21804400.0,False,0.0,13:00:33
19000.0,100,-950.0,0.0,SD,9565800.0,21802400.0,False,0.0,13:00:33
19000.0,20000,-950.0,0.0,SD,9565800.0,21802300.0,True,0.0,13:00:33
19000.0,100,-950.0,0.0,SD,9565800.0,21782300.0,False,0.0,13:00:33
19000.0,150400,-950.0,0.0,SD,9565800.0,21782200.0,True,-50.0,13:00:33
19050.0,2000,-900.0,0.0,BU,9565800.0,21631800.0,False,0.0,13:00:33
19050.0,2000,-900.0,0.0,BU,9563800.0,21631800.0,False,0.0,13:00:33
19050.0,1000,-900.0,0.0,BU,9561800.0,21631800.0,False,0.0,13:00:33
19050.0,500,-900.0,0.0,BU,9560800.0,21631800.0,False,50.0,13:00:32
19000.0,283900,-950.0,0.0,SD,9560300.0,21631800.0,True,0.0,13:00:32
19000.0,500,-950.0,0.0,SD,9560300.0,21347900.0,False,0.0,13:00:32
19000.0,13000,-950.0,0.0,SD,9560300.0,21347400.0,True,-50.0,13:00:31
19050.0,3000,-900.0,0.0,BU,9560300.0,21334400.0,False,50.0,13:00:31
19000.0,1800,-950.0,0.0,SD,9557300.0,21334400.0,False,0.0,13:00:31
19000.0,200,-950.0,0.0,SD,9557300.0,21332600.0,False,0.0,13:00:31
19000.0,50200,-950.0,0.0,SD,9557300.0,21332400.0,True,0.0,13:00:31
19000.0,2000,-950.0,0.0,SD,9557300.0,21282200.0,False,0.0,13:00:31
19000.0,1000,-950.0,0.0,SD,9557300.0,21280200.0,False,0.0,13:00:31
19000.0,200,-950.0,0.0,SD,9557300.0,21279200.0,False,0.0,13:00:31
19000.0,500,-950.0,0.0,SD,9557300.0,21279000.0,False,0.0,13:00:31
19000.0,10000,-950.0,0.0,SD,9557300.0,21278500.0,False,0.0,13:00:31
19000.0,2000,-950.0,0.0,SD,9557300.0,21268500.0,False,0.0,13:00:31
19000.0,1000,-950.0,0.0,SD,9557300.0,21266500.0,False,0.0,13:00:31
19000.0,100,-950.0,0.0,SD,9557300.0,21265500.0,False,0.0,13:00:31
19000.0,1000,-950.0,0.0,SD,9557300.0,21265400.0,False,0.0,13:00:31
19000.0,10000,-950.0,0.0,SD,9557300.0,21264400.0,False,0.0,13:00:31
19000.0,500,-950.0,0.0,SD,9557300.0,21254400.0,False,0.0,13:00:31
19000.0,24500,-950.0,0.0,SD,9557300.0,21253900.0,True,0.0,13:00:31
19000.0,1000,-950.0,0.0,SD,9557300.0,21229400.0,False,0.0,13:00:31
19000.0,3300,-950.0,0.0,SD,9557300.0,21228400.0,False,0.0,13:00:31
19000.0,2300,-950.0,0.0,SD,9557300.0,21225100.0,False,0.0,13:00:30
19000.0,25000,-950.0,0.0,SD,9557300.0,21222800.0,True,0.0,13:00:30
19000.0,500,-950.0,0.0,SD,9557300.0,21197800.0,False,-50.0,13:00:30
19050.0,200,-900.0,0.0,BU,9557300.0,21197300.0,False,0.0,13:00:30
19050.0,1500,-900.0,0.0,BU,9557100.0,21197300.0,False,0.0,13:00:30
19050.0,1500,-900.0,0.0,BU,9555600.0,21197300.0,False,0.0,13:00:30
19050.0,300,-900.0,0.0,BU,9554100.0,21197300.0,False,50.0,13:00:30
19000.0,400,-950.0,0.0,SD,9553800.0,21197300.0,False,0.0,13:00:30
19000.0,12000,-950.0,0.0,SD,9553800.0,21196900.0,True,-50.0,13:00:30
19050.0,100,-900.0,0.0,BU,9553800.0,21184900.0,False,0.0,13:00:30
19050.0,100,-900.0,0.0,BU,9553700.0,21184900.0,False,0.0,13:00:29
19050.0,3500,-900.0,0.0,BU,9553600.0,21184900.0,False,0.0,13:00:29
19050.0,200,-900.0,0.0,BU,9550100.0,21184900.0,False,50.0,13:00:29
19000.0,800,-950.0,0.0,SD,9549900.0,21184900.0,False,-50.0,13:00:29
19050.0,100,-900.0,0.0,BU,9549900.0,21184100.0,False,50.0,13:00:29
19000.0,1000,-950.0,0.0,SD,9549800.0,21184100.0,False,0.0,13:00:29
19000.0,100,-950.0,0.0,SD,9549800.0,21183100.0,False,0.0,13:00:29
19000.0,20000,-950.0,0.0,SD,9549800.0,21183000.0,True,0.0,13:00:29
19000.0,2300,-950.0,0.0,SD,9549800.0,21163000.0,False,-50.0,13:00:29
19050.0,200,-900.0,0.0,BU,9549800.0,21160700.0,False,0.0,13:00:28
19050.0,500,-900.0,0.0,BU,9549600.0,21160700.0,False,50.0,13:00:28
19000.0,5000,-950.0,0.0,SD,9549100.0,21160700.0,False,0.0,13:00:28
19000.0,12200,-950.0,0.0,SD,9549100.0,21155700.0,True,0.0,13:00:28
19000.0,15000,-950.0,0.0,SD,9549100.0,21143500.0,True,-50.0,13:00:27
19050.0,300,-900.0,0.0,BU,9549100.0,21128500.0,False,0.0,13:00:27
19050.0,1600,-900.0,0.0,BU,9548800.0,21128500.0,False,50.0,13:00:27
19000.0,1300,-950.0,0.0,SD,9547200.0,21128500.0,False,0.0,13:00:27
19000.0,2300,-950.0,0.0,SD,9547200.0,21127200.0,False,0.0,13:00:27
19000.0,21000,-950.0,0.0,SD,9547200.0,21124900.0,True,0.0,13:00:27
19000.0,1200,-950.0,0.0,SD,9547200.0,21103900.0,False,0.0,13:00:27
19000.0,100,-950.0,0.0,SD,9547200.0,21102700.0,False,0.0,13:00:27
19000.0,100,-950.0,0.0,SD,9547200.0,21102600.0,False,0.0,13:00:27
19000.0,1000,-950.0,0.0,SD,9547200.0,21102500.0,False,0.0,13:00:27
19000.0,100,-950.0,0.0,SD,9547200.0,21101500.0,False,0.0,13:00:27
19000.0,1000,-950.0,0.0,SD,9547200.0,21101400.0,False,0.0,13:00:27
19000.0,500,-950.0,0.0,SD,9547200.0,21100400.0,False,0.0,13:00:27
19000.0,3000,-950.0,0.0,SD,9547200.0,21099900.0,False,0.0,13:00:27
19000.0,5000,-950.0,0.0,SD,9547200.0,21096900.0,False,0.0,13:00:27
19000.0,2000,-950.0,0.0,SD,9547200.0,21091900.0,False,0.0,13:00:27
19000.0,100,-950.0,0.0,SD,9547200.0,21089900.0,False,0.0,13:00:27
19000.0,10000,-950.0,0.0,SD,9547200.0,21089800.0,False,0.0,13:00:27
19000.0,500,-950.0,0.0,SD,9547200.0,21079800.0,False,0.0,13:00:27
19000.0,2000,-950.0,0.0,SD,9547200.0,21079300.0,False,0.0,13:00:27
19000.0,200,-950.0,0.0,SD,9547200.0,21077300.0,False,0.0,13:00:27
19000.0,200,-950.0,0.0,SD,9547200.0,21077100.0,False,0.0,13:00:27
19000.0,500,-950.0,0.0,SD,9547200.0,21076900.0,False,0.0,13:00:27
19000.0,1000,-950.0,0.0,SD,9547200.0,21076400.0,False,0.0,13:00:27
19000.0,5000,-950.0,0.0,SD,9547200.0,21075400.0,False,0.0,13:00:27
19000.0,300,-950.0,0.0,SD,9547200.0,21070400.0,False,0.0,13:00:27
19000.0,2000,-950.0,0.0,SD,9547200.0,21070100.0,False,0.0,13:00:27
19000.0,100,-950.0,0.0,SD,9547200.0,21068100.0,False,0.0,13:00:27
19000.0,100,-950.0,0.0,SD,9547200.0,21068000.0,False,0.0,13:00:27
19000.0,200,-950.0,0.0,SD,9547200.0,21067900.0,False,0.0,13:00:27
19000.0,600,-950.0,0.0,SD,9547200.0,21067700.0,False,0.0,13:00:27
19000.0,100,-950.0,0.0,SD,9547200.0,21067100.0,False,0.0,13:00:27
19000.0,300,-950.0,0.0,SD,9547200.0,21067000.0,False,0.0,13:00:27
19000.0,100,-950.0,0.0,SD,9547200.0,21066700.0,False,0.0,13:00:27
19000.0,300,-950.0,0.0,SD,9547200.0,21066600.0,False,0.0,13:00:27
19000.0,300,-950.0,0.0,SD,9547200.0,21066300.0,False,0.0,13:00:27
19000.0,1000,-950.0,0.0,SD,9547200.0,21066000.0,False,0.0,13:00:27
19000.0,1000,-950.0,0.0,SD,9547200.0,21065000.0,False,0.0,13:00:27
19000.0,5000,-950.0,0.0,SD,9547200.0,21064000.0,False,0.0,13:00:27
19000.0,100,-950.0,0.0,SD,9547200.0,21059000.0,False,0.0,13:00:27
19000.0,10000,-950.0,0.0,SD,9547200.0,21058900.0,False,0.0,13:00:27
19000.0,100,-950.0,0.0,SD,9547200.0,21048900.0,False,0.0,13:00:27
19000.0,2000,-950.0,0.0,SD,9547200.0,21048800.0,False,0.0,13:00:27
19000.0,100,-950.0,0.0,SD,9547200.0,21046800.0,False,0.0,13:00:27
19000.0,100,-950.0,0.0,SD,9547200.0,21046700.0,False,0.0,13:00:27
19000.0,2000,-950.0,0.0,SD,9547200.0,21046600.0,False,0.0,13:00:27
19000.0,3000,-950.0,0.0,SD,9547200.0,21044600.0,False,0.0,13:00:27
19000.0,100,-950.0,0.0,SD,9547200.0,21041600.0,False,0.0,13:00:27
19000.0,100,-950.0,0.0,SD,9547200.0,21041500.0,False,0.0,13:00:27
19000.0,100,-950.0,0.0,SD,9547200.0,21041400.0,False,0.0,13:00:27
19000.0,500,-950.0,0.0,SD,9547200.0,21041300.0,False,0.0,13:00:27
19000.0,100,-950.0,0.0,SD,9547200.0,21040800.0,False,0.0,13:00:27
19000.0,100,-950.0,0.0,SD,9547200.0,21040700.0,False,0.0,13:00:27
19000.0,200,-950.0,0.0,SD,9547200.0,21040600.0,False,0.0,13:00:27
19000.0,1000,-950.0,0.0,SD,9547200.0,21040400.0,False,0.0,13:00:27
19000.0,5000,-950.0,0.0,SD,9547200.0,21039400.0,False,0.0,13:00:27
19000.0,100,-950.0,0.0,SD,9547200.0,21034400.0,False,0.0,13:00:27
19000.0,1000,-950.0,0.0,SD,9547200.0,21034300.0,False,0.0,13:00:27
19000.0,6500,-950.0,0.0,SD,9547200.0,21033300.0,False,-50.0,13:00:27
19050.0,300,-900.0,0.0,BU,9547200.0,21026800.0,False,0.0,13:00:27
19050.0,700,-900.0,0.0,BU,9546900.0,21026800.0,False,50.0,13:00:26
19000.0,3500,-950.0,0.0,SD,9546200.0,21026800.0,False,0.0,13:00:26
19000.0,800,-950.0,0.0,SD,9546200.0,21023300.0,False,-50.0,13:00:26
19050.0,100,-900.0,0.0,BU,9546200.0,21022500.0,False,0.0,13:00:26
19050.0,100,-900.0,0.0,BU,9546100.0,21022500.0,False,50.0,13:00:26
19000.0,2200,-950.0,0.0,SD,9546000.0,21022500.0,False,0.0,13:00:25
19000.0,1000,-950.0,0.0,SD,9546000.0,21020300.0,False,0.0,13:00:25
19000.0,100,-950.0,0.0,SD,9546000.0,21019300.0,False,0.0,13:00:25
19000.0,100,-950.0,0.0,SD,9546000.0,21019200.0,False,0.0,13:00:25
19000.0,1000,-950.0,0.0,SD,9546000.0,21019100.0,False,0.0,13:00:25
19000.0,100,-950.0,0.0,SD,9546000.0,21018100.0,False,0.0,13:00:25
19000.0,500,-950.0,0.0,SD,9546000.0,21018000.0,False,-50.0,13:00:25
19050.0,200,-900.0,0.0,BU,9546000.0,21017500.0,False,-50.0,13:00:25
19100.0,300,-850.0,0.0,BU,9545800.0,21017500.0,False,0.0,13:00:25
19100.0,2000,-850.0,0.0,BU,9545500.0,21017500.0,False,0.0,13:00:25
19100.0,400,-850.0,0.0,BU,9543500.0,21017500.0,False,0.0,13:00:25
19100.0,2000,-850.0,0.0,BU,9543100.0,21017500.0,False,0.0,13:00:25
19100.0,50000,-850.0,0.0,BU,9541100.0,21017500.0,True,0.0,13:00:25
19100.0,500,-850.0,0.0,BU,9491100.0,21017500.0,False,0.0,13:00:25
19100.0,300,-850.0,0.0,BU,9490600.0,21017500.0,False,0.0,13:00:25
19100.0,11600,-850.0,0.0,BU,9490300.0,21017500.0,True,50.0,13:00:25
19050.0,100,-900.0,0.0,BU,9478700.0,21017500.0,False,0.0,13:00:25
19050.0,132800,-900.0,0.0,BU,9478600.0,21017500.0,True,0.0,13:00:25
19050.0,200,-900.0,0.0,BU,9345800.0,21017500.0,False,50.0,13:00:25
19000.0,500,-950.0,0.0,SD,9345600.0,21017500.0,False,0.0,13:00:25
19000.0,1000,-950.0,0.0,SD,9345600.0,21017000.0,False,0.0,13:00:25
19000.0,100,-950.0,0.0,SD,9345600.0,21016000.0,False,0.0,13:00:25
19000.0,1500,-950.0,0.0,SD,9345600.0,21015900.0,False,0.0,13:00:25
19000.0,1000,-950.0,0.0,SD,9345600.0,21014400.0,False,0.0,13:00:25
19000.0,500,-950.0,0.0,SD,9345600.0,21013400.0,False,0.0,13:00:25
19000.0,100,-950.0,0.0,SD,9345600.0,21012900.0,False,0.0,13:00:25
19000.0,500,-950.0,0.0,SD,9345600.0,21012800.0,False,0.0,13:00:25
19000.0,1000,-950.0,0.0,SD,9345600.0,21012300.0,False,0.0,13:00:25
19000.0,100,-950.0,0.0,SD,9345600.0,21011300.0,False,0.0,13:00:25
19000.0,8700,-950.0,0.0,SD,9345600.0,21011200.0,False,0.0,13:00:25
19000.0,200,-950.0,0.0,SD,9345600.0,21002500.0,False,-50.0,13:00:25
19050.0,100,-900.0,0.0,BU,9345600.0,21002300.0,False,0.0,13:00:25
19050.0,500,-900.0,0.0,BU,9345500.0,21002300.0,False,0.0,13:00:25
19050.0,100,-900.0,0.0,SD,9345000.0,21002300.0,False,0.0,13:00:24
19050.0,800,-900.0,0.0,SD,9345000.0,21002200.0,False,0.0,13:00:24
19050.0,800,-900.0,0.0,SD,9345000.0,21001400.0,False,0.0,13:00:24
19050.0,100,-900.0,0.0,SD,9345000.0,21000600.0,False,0.0,13:00:24
19050.0,100,-900.0,0.0,SD,9345000.0,21000500.0,False,0.0,13:00:24
19050.0,14500,-900.0,0.0,SD,9345000.0,21000400.0,True,0.0,13:00:24
19050.0,200,-900.0,0.0,SD,9345000.0,20985900.0,False,0.0,13:00:24
19050.0,100,-900.0,0.0,SD,9345000.0,20985700.0,False,0.0,13:00:24
19050.0,300,-900.0,0.0,SD,9345000.0,20985600.0,False,0.0,13:00:24
19050.0,100,-900.0,0.0,SD,9345000.0,20985300.0,False,0.0,13:00:24
19050.0,100,-900.0,0.0,SD,9345000.0,20985200.0,False,0.0,13:00:24
19050.0,1500,-900.0,0.0,SD,9345000.0,20985100.0,False,0.0,13:00:24
19050.0,1000,-900.0,0.0,SD,9345000.0,20983600.0,False,0.0,13:00:24
19050.0,1500,-900.0,0.0,SD,9345000.0,20982600.0,False,0.0,13:00:24
19050.0,1000,-900.0,0.0,SD,9345000.0,20981100.0,False,0.0,13:00:24
19050.0,2000,-900.0,0.0,SD,9345000.0,20980100.0,False,0.0,13:00:24
19050.0,200,-900.0,0.0,SD,9345000.0,20978100.0,False,0.0,13:00:24
19050.0,100,-900.0,0.0,SD,9345000.0,20977900.0,False,0.0,13:00:24
19050.0,200,-900.0,0.0,SD,9345000.0,20977800.0,False,0.0,13:00:24
19050.0,300,-900.0,0.0,SD,9345000.0,20977600.0,False,0.0,13:00:24
19050.0,200,-900.0,0.0,SD,9345000.0,20977300.0,False,0.0,13:00:24
19050.0,200,-900.0,0.0,SD,9345000.0,20977100.0,False,0.0,13:00:24
19050.0,300,-900.0,0.0,SD,9345000.0,20976900.0,False,0.0,13:00:24
19050.0,300,-900.0,0.0,SD,9345000.0,20976600.0,False,0.0,13:00:24
19050.0,400,-900.0,0.0,SD,9345000.0,20976300.0,False,0.0,13:00:23
19050.0,300,-900.0,0.0,SD,9345000.0,20975900.0,False,0.0,13:00:23
19050.0,200,-900.0,0.0,SD,9345000.0,20975600.0,False,0.0,13:00:23
19050.0,700,-900.0,0.0,SD,9345000.0,20975400.0,False,0.0,13:00:23
19050.0,100,-900.0,0.0,SD,9345000.0,20974700.0,False,0.0,13:00:23
19050.0,1500,-900.0,0.0,SD,9345000.0,20974600.0,False,0.0,13:00:23
19050.0,300,-900.0,0.0,SD,9345000.0,20973100.0,False,0.0,13:00:23
19050.0,100,-900.0,0.0,SD,9345000.0,20972800.0,False,0.0,13:00:23
19050.0,100,-900.0,0.0,SD,9345000.0,20972700.0,False,0.0,13:00:23
19050.0,400,-900.0,0.0,SD,9345000.0,20972600.0,False,0.0,13:00:23
19050.0,100,-900.0,0.0,SD,9345000.0,20972200.0,False,0.0,13:00:23
19050.0,300,-900.0,0.0,SD,9345000.0,20972100.0,False,0.0,13:00:23
19050.0,300,-900.0,0.0,SD,9345000.0,20971800.0,False,0.0,13:00:23
19050.0,600,-900.0,0.0,SD,9345000.0,20971500.0,False,0.0,13:00:23
19050.0,200,-900.0,0.0,SD,9345000.0,20970900.0,False,0.0,13:00:23
19050.0,100,-900.0,0.0,SD,9345000.0,20970700.0,False,0.0,13:00:23
19050.0,500,-900.0,0.0,SD,9345000.0,20970600.0,False,0.0,13:00:23
19050.0,100,-900.0,0.0,SD,9345000.0,20970100.0,False,0.0,13:00:23
19050.0,300,-900.0,0.0,SD,9345000.0,20970000.0,False,0.0,13:00:23
19050.0,300,-900.0,0.0,SD,9345000.0,20969700.0,False,0.0,13:00:23
19050.0,200,-900.0,0.0,SD,9345000.0,20969400.0,False,0.0,13:00:23
19050.0,800,-900.0,0.0,SD,9345000.0,20969200.0,False,0.0,13:00:23
19050.0,200,-900.0,0.0,SD,9345000.0,20968400.0,False,0.0,13:00:23
19050.0,100,-900.0,0.0,SD,9345000.0,20968200.0,False,0.0,13:00:23
19050.0,1000,-900.0,0.0,SD,9345000.0,20968100.0,False,0.0,13:00:23
19050.0,100,-900.0,0.0,SD,9345000.0,20967100.0,False,-50.0,13:00:23
19100.0,200,-850.0,0.0,BU,9345000.0,20967000.0,False,50.0,13:00:23
19050.0,100,-900.0,0.0,SD,9344800.0,20967000.0,False,0.0,13:00:22
19050.0,200,-900.0,0.0,SD,9344800.0,20966900.0,False,0.0,13:00:22
19050.0,300,-900.0,0.0,SD,9344800.0,20966700.0,False,0.0,13:00:22
19050.0,1700,-900.0,0.0,SD,9344800.0,20966400.0,False,0.0,13:00:22
19050.0,1000,-900.0,0.0,SD,9344800.0,20964700.0,False,0.0,13:00:21
19050.0,1000,-900.0,0.0,SD,9344800.0,20963700.0,False,0.0,13:00:21
19050.0,1000,-900.0,0.0,SD,9344800.0,20962700.0,False,0.0,13:00:21
19050.0,300,-900.0,0.0,SD,9344800.0,20961700.0,False,0.0,13:00:20
19050.0,1000,-900.0,0.0,SD,9344800.0,20961400.0,False,0.0,13:00:20
19050.0,2400,-900.0,0.0,SD,9344800.0,20960400.0,False,0.0,13:00:20
19050.0,100,-900.0,0.0,SD,9344800.0,20958000.0,False,0.0,13:00:20
19050.0,1500,-900.0,0.0,SD,9344800.0,20957900.0,False,0.0,13:00:20
19050.0,100,-900.0,0.0,SD,9344800.0,20956400.0,False,0.0,13:00:20
19050.0,100,-900.0,0.0,SD,9344800.0,20956300.0,False,0.0,13:00:20
19050.0,500,-900.0,0.0,SD,9344800.0,20956200.0,False,0.0,13:00:19
19050.0,100,-900.0,0.0,SD,9344800.0,20955700.0,False,0.0,13:00:19
19050.0,100,-900.0,0.0,SD,9344800.0,20955600.0,False,0.0,13:00:19
19050.0,200,-900.0,0.0,SD,9344800.0,20955500.0,False,0.0,13:00:19
19050.0,600,-900.0,0.0,SD,9344800.0,20955300.0,False,0.0,13:00:19
19050.0,100,-900.0,0.0,SD,9344800.0,20954700.0,False,0.0,13:00:19
19050.0,1000,-900.0,0.0,SD,9344800.0,20954600.0,False,0.0,13:00:19
19050.0,300,-900.0,0.0,SD,9344800.0,20953600.0,False,0.0,13:00:19
19050.0,100,-900.0,0.0,SD,9344800.0,20953300.0,False,0.0,13:00:19
19050.0,200,-900.0,0.0,SD,9344800.0,20953200.0,False,0.0,13:00:19
19050.0,900,-900.0,0.0,SD,9344800.0,20953000.0,False,0.0,13:00:19
19050.0,100,-900.0,0.0,SD,9344800.0,20952100.0,False,0.0,13:00:19
19050.0,100,-900.0,0.0,SD,9344800.0,20952000.0,False,0.0,13:00:19
19050.0,200,-900.0,0.0,SD,9344800.0,20951900.0,False,0.0,13:00:19
19050.0,300,-900.0,0.0,SD,9344800.0,20951700.0,False,0.0,13:00:19
19050.0,100,-900.0,0.0,SD,9344800.0,20951400.0,False,0.0,13:00:19
19050.0,200,-900.0,0.0,SD,9344800.0,20951300.0,False,-50.0,13:00:19
19100.0,5000,-850.0,0.0,BU,9344800.0,20951100.0,False,50.0,13:00:19
19050.0,100,-900.0,0.0,SD,9339800.0,20951100.0,False,0.0,13:00:19
19050.0,700,-900.0,0.0,SD,9339800.0,20951000.0,False,0.0,13:00:18
19050.0,100,-900.0,0.0,SD,9339800.0,20950300.0,False,0.0,13:00:18
19050.0,1000,-900.0,0.0,SD,9339800.0,20950200.0,False,0.0,13:00:18
19050.0,200,-900.0,0.0,SD,9339800.0,20949200.0,False,0.0,13:00:18
19050.0,1000,-900.0,0.0,SD,9339800.0,20949000.0,False,0.0,13:00:18
19050.0,200,-900.0,0.0,SD,9339800.0,20948000.0,False,0.0,13:00:18
19050.0,800,-900.0,0.0,SD,9339800.0,20947800.0,False,0.0,13:00:18
19050.0,100,-900.0,0.0,SD,9339800.0,20947000.0,False,0.0,13:00:18
19050.0,500,-900.0,0.0,SD,9339800.0,20946900.0,False,0.0,13:00:18
19050.0,1000,-900.0,0.0,SD,9339800.0,20946400.0,False,0.0,13:00:18
19050.0,600,-900.0,0.0,SD,9339800.0,20945400.0,False,0.0,13:00:17
19050.0,100,-900.0,0.0,SD,9339800.0,20944800.0,False,0.0,13:00:17
19050.0,300,-900.0,0.0,SD,9339800.0,20944700.0,False,0.0,13:00:17
19050.0,100,-900.0,0.0,SD,9339800.0,20944400.0,False,0.0,13:00:17
19050.0,100,-900.0,0.0,SD,9339800.0,20944300.0,False,0.0,13:00:17
19050.0,100,-900.0,0.0,SD,9339800.0,20944200.0,False,0.0,13:00:17
19050.0,600,-900.0,0.0,SD,9339800.0,20944100.0,False,0.0,13:00:17
19050.0,100,-900.0,0.0,SD,9339800.0,20943500.0,False,0.0,13:00:17
19050.0,100,-900.0,0.0,SD,9339800.0,20943400.0,False,0.0,13:00:17
19050.0,200,-900.0,0.0,SD,9339800.0,20943300.0,False,0.0,13:00:17
19050.0,100,-900.0,0.0,SD,9339800.0,20943100.0,False,0.0,13:00:17
19050.0,700,-900.0,0.0,SD,9339800.0,20943000.0,False,0.0,13:00:17
19050.0,200,-900.0,0.0,SD,9339800.0,20942300.0,False,0.0,13:00:16
19050.0,700,-900.0,0.0,SD,9339800.0,20942100.0,False,0.0,13:00:16
19050.0,300,-900.0,0.0,SD,9339800.0,20941400.0,False,0.0,13:00:16
19050.0,100,-900.0,0.0,SD,9339800.0,20941100.0,False,0.0,13:00:16
19050.0,200,-900.0,0.0,SD,9339800.0,20941000.0,False,0.0,13:00:16
19050.0,2500,-900.0,0.0,SD,9339800.0,20940800.0,False,0.0,13:00:15
19050.0,100,-900.0,0.0,SD,9339800.0,20938300.0,False,0.0,13:00:15
19050.0,100,-900.0,0.0,SD,9339800.0,20938200.0,False,0.0,13:00:15
19050.0,300,-900.0,0.0,SD,9339800.0,20938100.0,False,0.0,13:00:15
19050.0,700,-900.0,0.0,SD,9339800.0,20937800.0,False,0.0,13:00:15
19050.0,100,-900.0,0.0,SD,9339800.0,20937100.0,False,0.0,13:00:15
19050.0,100,-900.0,0.0,SD,9339800.0,20937000.0,False,0.0,13:00:15
19050.0,200,-900.0,0.0,SD,9339800.0,20936900.0,False,0.0,13:00:15
19050.0,100,-900.0,0.0,SD,9339800.0,20936700.0,False,0.0,13:00:15
19050.0,200,-900.0,0.0,SD,9339800.0,20936600.0,False,0.0,13:00:15
19050.0,200,-900.0,0.0,SD,9339800.0,20936400.0,False,0.0,13:00:14
19050.0,900,-900.0,0.0,SD,9339800.0,20936200.0,False,0.0,13:00:14
19050.0,100,-900.0,0.0,SD,9339800.0,20935300.0,False,0.0,13:00:14
19050.0,500,-900.0,0.0,SD,9339800.0,20935200.0,False,0.0,13:00:13
19050.0,300,-900.0,0.0,SD,9339800.0,20934700.0,False,0.0,13:00:13
19050.0,100,-900.0,0.0,SD,9339800.0,20934400.0,False,0.0,13:00:13
19050.0,100,-900.0,0.0,SD,9339800.0,20934300.0,False,0.0,13:00:13
19050.0,100,-900.0,0.0,SD,9339800.0,20934200.0,False,0.0,13:00:13
19050.0,500,-900.0,0.0,SD,9339800.0,20934100.0,False,0.0,13:00:13
19050.0,900,-900.0,0.0,SD,9339800.0,20933600.0,False,0.0,13:00:13
19050.0,100,-900.0,0.0,SD,9339800.0,20932700.0,False,0.0,13:00:13
19050.0,2000,-900.0,0.0,SD,9339800.0,20932600.0,False,0.0,13:00:13
19050.0,100,-900.0,0.0,SD,9339800.0,20930600.0,False,0.0,13:00:13
19050.0,100,-900.0,0.0,SD,9339800.0,20930500.0,False,0.0,13:00:13
19050.0,200,-900.0,0.0,SD,9339800.0,20930400.0,False,0.0,13:00:13
19050.0,100,-900.0,0.0,SD,9339800.0,20930200.0,False,0.0,13:00:13
19050.0,1000,-900.0,0.0,SD,9339800.0,20930100.0,False,0.0,13:00:13
19050.0,200,-900.0,0.0,SD,9339800.0,20929100.0,False,0.0,13:00:13
19050.0,200,-900.0,0.0,SD,9339800.0,20928900.0,False,0.0,13:00:13
19050.0,200,-900.0,0.0,SD,9339800.0,20928700.0,False,0.0,13:00:13
19050.0,200,-900.0,0.0,SD,9339800.0,20928500.0,False,0.0,13:00:13
19050.0,2700,-900.0,0.0,SD,9339800.0,20928300.0,False,0.0,13:00:13
19050.0,300,-900.0,0.0,SD,9339800.0,20925600.0,False,0.0,13:00:12
19050.0,100,-900.0,0.0,SD,9339800.0,20925300.0,False,0.0,13:00:12
19050.0,300,-900.0,0.0,SD,9339800.0,20925200.0,False,0.0,13:00:12
19050.0,300,-900.0,0.0,SD,9339800.0,20924900.0,False,0.0,13:00:12
19050.0,500,-900.0,0.0,SD,9339800.0,20924600.0,False,0.0,13:00:12
19050.0,1000,-900.0,0.0,SD,9339800.0,20924100.0,False,0.0,13:00:12
19050.0,1000,-900.0,0.0,SD,9339800.0,20923100.0,False,0.0,13:00:12
19050.0,3000,-900.0,0.0,SD,9339800.0,20922100.0,False,0.0,13:00:12
19050.0,700,-900.0,0.0,SD,9339800.0,20919100.0,False,-50.0,13:00:12
19100.0,100,-850.0,0.0,BU,9339800.0,20918400.0,False,50.0,13:00:12
19050.0,1300,-900.0,0.0,SD,9339700.0,20918400.0,False,0.0,13:00:12
19050.0,1000,-900.0,0.0,SD,9339700.0,20917100.0,False,0.0,13:00:12
19050.0,200,-900.0,0.0,SD,9339700.0,20916100.0,False,0.0,13:00:12
19050.0,1000,-900.0,0.0,SD,9339700.0,20915900.0,False,0.0,13:00:12
19050.0,500,-900.0,0.0,SD,9339700.0,20914900.0,False,-50.0,13:00:12
19100.0,500,-850.0,0.0,BU,9339700.0,20914400.0,False,50.0,13:00:11
19050.0,100,-900.0,0.0,SD,9339200.0,20914400.0,False,0.0,13:00:11
19050.0,400,-900.0,0.0,SD,9339200.0,20914300.0,False,0.0,13:00:11
19050.0,500,-900.0,0.0,SD,9339200.0,20913900.0,False,0.0,13:00:11
19050.0,5000,-900.0,0.0,SD,9339200.0,20913400.0,False,0.0,13:00:11
19050.0,500,-900.0,0.0,SD,9339200.0,20908400.0,False,0.0,13:00:11
19050.0,500,-900.0,0.0,SD,9339200.0,20907900.0,False,0.0,13:00:11
19050.0,2000,-900.0,0.0,SD,9339200.0,20907400.0,False,0.0,13:00:11
19050.0,100,-900.0,0.0,SD,9339200.0,20905400.0,False,0.0,13:00:11
19050.0,200,-900.0,0.0,SD,9339200.0,20905300.0,False,0.0,13:00:11
19050.0,500,-900.0,0.0,SD,9339200.0,20905100.0,False,0.0,13:00:11
19050.0,100,-900.0,0.0,SD,9339200.0,20904600.0,False,0.0,13:00:11
19050.0,100,-900.0,0.0,SD,9339200.0,20904500.0,False,0.0,13:00:11
19050.0,100,-900.0,0.0,SD,9339200.0,20904400.0,False,0.0,13:00:11
19050.0,100,-900.0,0.0,SD,9339200.0,20904300.0,False,0.0,13:00:10
19050.0,2000,-900.0,0.0,SD,9339200.0,20904200.0,False,0.0,13:00:10
19050.0,800,-900.0,0.0,SD,9339200.0,20902200.0,False,0.0,13:00:10
19050.0,200,-900.0,0.0,SD,9339200.0,20901400.0,False,0.0,13:00:10
19050.0,100,-900.0,0.0,SD,9339200.0,20901200.0,False,0.0,13:00:10
19050.0,2000,-900.0,0.0,SD,9339200.0,20901100.0,False,0.0,13:00:09
19050.0,1000,-900.0,0.0,SD,9339200.0,20899100.0,False,0.0,13:00:09
19050.0,100,-900.0,0.0,SD,9339200.0,20898100.0,False,0.0,13:00:09
19050.0,2000,-900.0,0.0,SD,9339200.0,20898000.0,False,0.0,13:00:08
19050.0,2000,-900.0,0.0,SD,9339200.0,20896000.0,False,0.0,13:00:08
19050.0,200,-900.0,0.0,SD,9339200.0,20894000.0,False,0.0,13:00:08
19050.0,1500,-900.0,0.0,SD,9339200.0,20893800.0,False,0.0,13:00:08
19050.0,100,-900.0,0.0,SD,9339200.0,20892300.0,False,0.0,13:00:08
19050.0,900,-900.0,0.0,SD,9339200.0,20892200.0,False,0.0,13:00:08
19050.0,500,-900.0,0.0,SD,9339200.0,20891300.0,False,0.0,13:00:07
19050.0,100,-900.0,0.0,SD,9339200.0,20890800.0,False,0.0,13:00:07
19050.0,1300,-900.0,0.0,SD,9339200.0,20890700.0,False,0.0,13:00:07
19050.0,3000,-900.0,0.0,SD,9339200.0,20889400.0,False,0.0,13:00:07
19050.0,200,-900.0,0.0,SD,9339200.0,20886400.0,False,0.0,13:00:07
19050.0,100,-900.0,0.0,SD,9339200.0,20886200.0,False,0.0,13:00:07
19050.0,500,-900.0,0.0,SD,9339200.0,20886100.0,False,0.0,13:00:07
19050.0,4300,-900.0,0.0,SD,9339200.0,20885600.0,False,0.0,13:00:07
19050.0,600,-900.0,0.0,SD,9339200.0,20881300.0,False,0.0,13:00:07
19050.0,100,-900.0,0.0,SD,9339200.0,20880700.0,False,0.0,13:00:07
19050.0,100,-900.0,0.0,SD,9339200.0,20880600.0,False,-50.0,13:00:07
19100.0,1000,-850.0,0.0,BU,9339200.0,20880500.0,False,50.0,13:00:06
19050.0,500,-900.0,0.0,SD,9338200.0,20880500.0,False,0.0,13:00:06
19050.0,200,-900.0,0.0,SD,9338200.0,20880000.0,False,0.0,13:00:06
19050.0,100,-900.0,0.0,SD,9338200.0,20879800.0,False,0.0,13:00:06
19050.0,700,-900.0,0.0,SD,9338200.0,20879700.0,False,0.0,13:00:06
19050.0,300,-900.0,0.0,SD,9338200.0,20879000.0,False,0.0,13:00:06
19050.0,2300,-900.0,0.0,SD,9338200.0,20878700.0,False,0.0,13:00:06
19050.0,5000,-900.0,0.0,SD,9338200.0,20876400.0,False,0.0,13:00:06
19050.0,100,-900.0,0.0,SD,9338200.0,20871400.0,False,-50.0,13:00:06
19100.0,1600,-850.0,0.0,BU,9338200.0,20871300.0,False,0.0,13:00:06
19100.0,400,-850.0,0.0,BU,9336600.0,20871300.0,False,50.0,13:00:06
19050.0,4000,-900.0,0.0,SD,9336200.0,20871300.0,False,0.0,13:00:05
19050.0,1700,-900.0,0.0,SD,9336200.0,20867300.0,False,0.0,13:00:05
19050.0,1000,-900.0,0.0,SD,9336200.0,20865600.0,False,0.0,13:00:05
19050.0,4300,-900.0,0.0,SD,9336200.0,20864600.0,False,0.0,13:00:05
19050.0,1000,-900.0,0.0,SD,9336200.0,20860300.0,False,0.0,13:00:05
19050.0,100,-900.0,0.0,SD,9336200.0,20859300.0,False,0.0,13:00:05
19050.0,10000,-900.0,0.0,SD,9336200.0,20859200.0,False,0.0,13:00:05
19050.0,200,-900.0,0.0,SD,9336200.0,20849200.0,False,-50.0,13:00:05
19100.0,100,-850.0,0.0,BU,9336200.0,20849000.0,False,50.0,13:00:05
19050.0,2000,-900.0,0.0,SD,9336100.0,20849000.0,False,0.0,13:00:05
19050.0,300,-900.0,0.0,SD,9336100.0,20847000.0,False,0.0,13:00:05
19050.0,4000,-900.0,0.0,SD,9336100.0,20846700.0,False,0.0,13:00:05
19050.0,200,-900.0,0.0,SD,9336100.0,20842700.0,False,0.0,13:00:05
19050.0,300,-900.0,0.0,SD,9336100.0,20842500.0,False,0.0,13:00:05
19050.0,2000,-900.0,0.0,SD,9336100.0,20842200.0,False,0.0,13:00:05
19050.0,200,-900.0,0.0,SD,9336100.0,20840200.0,False,0.0,13:00:05
19050.0,2000,-900.0,0.0,SD,9336100.0,20840000.0,False,0.0,13:00:05
19050.0,1000,-900.0,0.0,SD,9336100.0,20838000.0,False,0.0,13:00:05
19050.0,1000,-900.0,0.0,SD,9336100.0,20837000.0,False,0.0,13:00:04
19050.0,100,-900.0,0.0,SD,9336100.0,20836000.0,False,0.0,13:00:04
19050.0,1000,-900.0,0.0,SD,9336100.0,20835900.0,False,0.0,13:00:04
19050.0,6200,-900.0,0.0,SD,9336100.0,20834900.0,False,0.0,13:00:04
19050.0,18800,-900.0,0.0,SD,9336100.0,20828700.0,True,0.0,13:00:04
19050.0,5000,-900.0,0.0,SD,9336100.0,20809900.0,False,0.0,13:00:04
19050.0,1000,-900.0,0.0,SD,9336100.0,20804900.0,False,0.0,13:00:04
19050.0,1000,-900.0,0.0,SD,9336100.0,20803900.0,False,0.0,13:00:04
19050.0,15600,-900.0,0.0,SD,9336100.0,20802900.0,True,0.0,13:00:04
19050.0,1000,-900.0,0.0,SD,9336100.0,20787300.0,False,0.0,13:00:04
19050.0,1500,-900.0,0.0,SD,9336100.0,20786300.0,False,0.0,13:00:04
19050.0,500,-900.0,0.0,SD,9336100.0,20784800.0,False,0.0,13:00:04
19050.0,100,-900.0,0.0,SD,9336100.0,20784300.0,False,0.0,13:00:04
19050.0,1000,-900.0,0.0,SD,9336100.0,20784200.0,False,0.0,13:00:04
19050.0,1000,-900.0,0.0,SD,9336100.0,20783200.0,False,0.0,13:00:04
19050.0,4500,-900.0,0.0,SD,9336100.0,20782200.0,False,0.0,13:00:04
19050.0,500,-900.0,0.0,SD,9336100.0,20777700.0,False,0.0,13:00:04
19050.0,100,-900.0,0.0,SD,9336100.0,20777200.0,False,0.0,13:00:04
19050.0,100,-900.0,0.0,SD,9336100.0,20777100.0,False,0.0,13:00:04
19050.0,100,-900.0,0.0,SD,9336100.0,20777000.0,False,0.0,13:00:04
19050.0,5300,-900.0,0.0,SD,9336100.0,20776900.0,False,0.0,13:00:04
19050.0,900,-900.0,0.0,SD,9336100.0,20771600.0,False,0.0,13:00:04
19050.0,5000,-900.0,0.0,SD,9336100.0,20770700.0,False,0.0,13:00:04
19050.0,700,-900.0,0.0,SD,9336100.0,20765700.0,False,0.0,13:00:04
19050.0,1000,-900.0,0.0,SD,9336100.0,20765000.0,False,0.0,13:00:04
19050.0,5000,-900.0,0.0,SD,9336100.0,20764000.0,False,0.0,13:00:04
19050.0,1900,-900.0,0.0,SD,9336100.0,20759000.0,False,0.0,13:00:04
19050.0,500,-900.0,0.0,SD,9336100.0,20757100.0,False,0.0,13:00:04
19050.0,300,-900.0,0.0,SD,9336100.0,20756600.0,False,0.0,13:00:04
19050.0,2000,-900.0,0.0,BU,9336100.0,20756300.0,False,0.0,13:00:03
19050.0,1000,-900.0,0.0,BU,9334100.0,20756300.0,False,0.0,13:00:03
19050.0,4300,-900.0,0.0,BU,9333100.0,20756300.0,False,0.0,13:00:03
19050.0,200,-900.0,0.0,BU,9328800.0,20756300.0,False,0.0,13:00:03
19050.0,500,-900.0,0.0,BU,9328600.0,20756300.0,False,50.0,13:00:03
19000.0,16100,-950.0,0.0,SD,9328100.0,20756300.0,True,0.0,13:00:03
19000.0,1000,-950.0,0.0,SD,9328100.0,20740200.0,False,0.0,13:00:03
19000.0,300,-950.0,0.0,SD,9328100.0,20739200.0,False,0.0,13:00:03
19000.0,100,-950.0,0.0,SD,9328100.0,20738900.0,False,0.0,13:00:03
19000.0,1000,-950.0,0.0,SD,9328100.0,20738800.0,False,0.0,13:00:03
19000.0,1000,-950.0,0.0,SD,9328100.0,20737800.0,False,0.0,13:00:03
19000.0,500,-950.0,0.0,SD,9328100.0,20736800.0,False,0.0,13:00:03
19000.0,1000,-950.0,0.0,SD,9328100.0,20736300.0,False,0.0,13:00:03
19000.0,1000,-950.0,0.0,SD,9328100.0,20735300.0,False,0.0,13:00:03
19000.0,500,-950.0,0.0,SD,9328100.0,20734300.0,False,0.0,13:00:03
19000.0,100,-950.0,0.0,SD,9328100.0,20733800.0,False,0.0,13:00:03
19000.0,300,-950.0,0.0,SD,9328100.0,20733700.0,False,0.0,13:00:03
19000.0,500,-950.0,0.0,SD,9328100.0,20733400.0,False,0.0,13:00:03
19000.0,200,-950.0,0.0,SD,9328100.0,20732900.0,False,0.0,13:00:03
19000.0,300,-950.0,0.0,SD,9328100.0,20732700.0,False,0.0,13:00:03
19000.0,1000,-950.0,0.0,SD,9328100.0,20732400.0,False,0.0,13:00:03
19000.0,100,-950.0,0.0,SD,9328100.0,20731400.0,False,0.0,13:00:03
19000.0,100,-950.0,0.0,SD,9328100.0,20731300.0,False,0.0,13:00:03
19000.0,1000,-950.0,0.0,SD,9328100.0,20731200.0,False,0.0,13:00:03
19000.0,1000,-950.0,0.0,SD,9328100.0,20730200.0,False,0.0,13:00:03
19000.0,100,-950.0,0.0,SD,9328100.0,20729200.0,False,0.0,13:00:03
19000.0,500,-950.0,0.0,SD,9328100.0,20729100.0,False,0.0,13:00:03
19000.0,200,-950.0,0.0,SD,9328100.0,20728600.0,False,0.0,13:00:03
19000.0,100,-950.0,0.0,SD,9328100.0,20728400.0,False,0.0,13:00:03
19000.0,1000,-950.0,0.0,SD,9328100.0,20728300.0,False,0.0,13:00:03
19000.0,100,-950.0,0.0,SD,9328100.0,20727300.0,False,0.0,13:00:03
19000.0,300,-950.0,0.0,SD,9328100.0,20727200.0,False,0.0,13:00:03
19000.0,10000,-950.0,0.0,SD,9328100.0,20726900.0,False,0.0,13:00:03
19000.0,2000,-950.0,0.0,SD,9328100.0,20716900.0,False,0.0,13:00:03
19000.0,100,-950.0,0.0,SD,9328100.0,20714900.0,False,-50.0,13:00:03
19050.0,100,-900.0,0.0,BU,9328100.0,20714800.0,False,50.0,13:00:03
19000.0,2600,-950.0,0.0,SD,9328000.0,20714800.0,False,-50.0,13:00:03
19050.0,200,-900.0,0.0,BU,9328000.0,20712200.0,False,0.0,13:00:03
19050.0,3600,-900.0,0.0,BU,9327800.0,20712200.0,False,0.0,13:00:03
19050.0,500,-900.0,0.0,BU,9324200.0,20712200.0,False,0.0,13:00:03
19050.0,500,-900.0,0.0,BU,9323700.0,20712200.0,False,0.0,13:00:03
19050.0,100,-900.0,0.0,BU,9323200.0,20712200.0,False,0.0,13:00:03
19050.0,300,-900.0,0.0,BU,9323100.0,20712200.0,False,-50.0,13:00:03
19100.0,500,-850.0,0.0,BU,9322800.0,20712200.0,False,50.0,13:00:03
19050.0,3000,-900.0,0.0,BU,9322300.0,20712200.0,False,0.0,13:00:03
19050.0,47600,-900.0,0.0,BU,9319300.0,20712200.0,True,0.0,13:00:03
19050.0,2400,-900.0,0.0,BU,9271700.0,20712200.0,False,0.0,13:00:03
19050.0,500,-900.0,0.0,BU,9269300.0,20712200.0,False,0.0,13:00:03
19050.0,100,-900.0,0.0,BU,9268800.0,20712200.0,False,0.0,13:00:03
19050.0,300,-900.0,0.0,BU,9268700.0,20712200.0,False,0.0,13:00:03
19050.0,2500,-900.0,0.0,BU,9268400.0,20712200.0,False,0.0,13:00:03
19050.0,1000,-900.0,0.0,BU,9265900.0,20712200.0,False,0.0,13:00:03
19050.0,200,-900.0,0.0,BU,9264900.0,20712200.0,False,0.0,13:00:03
19050.0,400,-900.0,0.0,BU,9264700.0,20712200.0,False,0.0,13:00:03
19050.0,2000,-900.0,0.0,BU,9264300.0,20712200.0,False,0.0,13:00:03
19050.0,1100,-900.0,0.0,BU,9262300.0,20712200.0,False,0.0,13:00:03
19050.0,1000,-900.0,0.0,BU,9261200.0,20712200.0,False,0.0,13:00:03
19050.0,500,-900.0,0.0,BU,9260200.0,20712200.0,False,0.0,13:00:03
19050.0,500,-900.0,0.0,BU,9259700.0,20712200.0,False,0.0,13:00:03
19050.0,200,-900.0,0.0,BU,9259200.0,20712200.0,False,0.0,13:00:03
19050.0,4000,-900.0,0.0,BU,9259000.0,20712200.0,False,0.0,13:00:03
19050.0,600,-900.0,0.0,BU,9255000.0,20712200.0,False,0.0,13:00:03
19050.0,9000,-900.0,0.0,BU,9254400.0,20712200.0,False,0.0,13:00:03
19050.0,400,-900.0,0.0,BU,9245400.0,20712200.0,False,0.0,13:00:03
19050.0,10000,-900.0,0.0,BU,9245000.0,20712200.0,False,0.0,13:00:03
19050.0,600,-900.0,0.0,BU,9235000.0,20712200.0,False,0.0,13:00:03
19050.0,15600,-900.0,0.0,BU,9234400.0,20712200.0,True,0.0,13:00:03
19050.0,100,-900.0,0.0,BU,9218800.0,20712200.0,False,50.0,13:00:03
19000.0,400,-950.0,0.0,SD,9218700.0,20712200.0,False,0.0,13:00:03
19000.0,1000,-950.0,0.0,SD,9218700.0,20711800.0,False,0.0,13:00:03
19000.0,100,-950.0,0.0,SD,9218700.0,20710800.0,False,0.0,13:00:03
19000.0,1000,-950.0,0.0,SD,9218700.0,20710700.0,False,0.0,13:00:03
19000.0,100,-950.0,0.0,SD,9218700.0,20709700.0,False,0.0,13:00:03
19000.0,1000,-950.0,0.0,SD,9218700.0,20709600.0,False,0.0,13:00:03
19000.0,1000,-950.0,0.0,SD,9218700.0,20708600.0,False,0.0,13:00:03
19000.0,100,-950.0,0.0,SD,9218700.0,20707600.0,False,0.0,13:00:03
19000.0,800,-950.0,0.0,SD,9218700.0,20707500.0,False,0.0,13:00:03
19000.0,100,-950.0,0.0,SD,9218700.0,20706700.0,False,0.0,13:00:03
19000.0,400,-950.0,0.0,SD,9218700.0,20706600.0,False,-50.0,13:00:03
19050.0,2000,-900.0,0.0,BU,9218700.0,20706200.0,False,0.0,13:00:03
19050.0,200,-900.0,0.0,BU,9216700.0,20706200.0,False,0.0,13:00:02
19050.0,100,-900.0,0.0,BU,9216500.0,20706200.0,False,0.0,13:00:02
19050.0,800,-900.0,0.0,BU,9216400.0,20706200.0,False,0.0,13:00:02
19050.0,100,-900.0,0.0,BU,9215600.0,20706200.0,False,50.0,13:00:02
19000.0,100,-950.0,0.0,SD,9215500.0,20706200.0,False,0.0,13:00:02
19000.0,100,-950.0,0.0,SD,9215500.0,20706100.0,False,0.0,13:00:02
19000.0,100,-950.0,0.0,SD,9215500.0,20706000.0,False,0.0,13:00:02
19000.0,100,-950.0,0.0,SD,9215500.0,20705900.0,False,0.0,13:00:02
19000.0,400,-950.0,0.0,SD,9215500.0,20705800.0,False,-50.0,13:00:02
19050.0,2000,-900.0,0.0,BU,9215500.0,20705400.0,False,0.0,13:00:02
19050.0,1500,-900.0,0.0,BU,9213500.0,20705400.0,False,0.0,13:00:02
19050.0,1000,-900.0,0.0,BU,9212000.0,20705400.0,False,0.0,13:00:02
19050.0,300,-900.0,0.0,BU,9211000.0,20705400.0,False,0.0,13:00:02
19050.0,700,-900.0,0.0,BU,9210700.0,20705400.0,False,0.0,13:00:02
19050.0,500,-900.0,0.0,BU,9210000.0,20705400.0,False,0.0,13:00:02
19050.0,2000,-900.0,0.0,BU,9209500.0,20705400.0,False,50.0,13:00:02
19000.0,100,-950.0,0.0,SD,9207500.0,20705400.0,False,0.0,13:00:02
19000.0,200,-950.0,0.0,SD,9207500.0,20705300.0,False,-50.0,13:00:02
19050.0,100,-900.0,0.0,BU,9207500.0,20705100.0,False,0.0,13:00:02
19050.0,600,-900.0,0.0,BU,9207400.0,20705100.0,False,0.0,13:00:02
19050.0,100,-900.0,0.0,BU,9206800.0,20705100.0,False,0.0,13:00:02
19050.0,200,-900.0,0.0,BU,9206700.0,20705100.0,False,0.0,13:00:02
19050.0,100,-900.0,0.0,BU,9206500.0,20705100.0,False,0.0,13:00:02
19050.0,400,-900.0,0.0,BU,9206400.0,20705100.0,False,0.0,13:00:02
19050.0,1000,-900.0,0.0,BU,9206000.0,20705100.0,False,0.0,13:00:02
19050.0,400,-900.0,0.0,BU,9205000.0,20705100.0,False,0.0,13:00:02
19050.0,100,-900.0,0.0,BU,9204600.0,20705100.0,False,0.0,13:00:02
19050.0,200,-900.0,0.0,BU,9204500.0,20705100.0,False,50.0,13:00:02
19000.0,400,-950.0,0.0,SD,9204300.0,20705100.0,False,-50.0,13:00:02
19050.0,100,-900.0,0.0,BU,9204300.0,20704700.0,False,50.0,13:00:02
19000.0,400,-950.0,0.0,SD,9204200.0,20704700.0,False,0.0,13:00:02
19000.0,1600,-950.0,0.0,SD,9204200.0,20704300.0,False,-50.0,13:00:02
19050.0,500,-900.0,0.0,BU,9204200.0,20702700.0,False,0.0,13:00:02
19050.0,2300,-900.0,0.0,BU,9203700.0,20702700.0,False,0.0,13:00:02
19050.0,100,-900.0,0.0,BU,9201400.0,20702700.0,False,0.0,13:00:02
19050.0,2600,-900.0,0.0,BU,9201300.0,20702700.0,False,0.0,13:00:02
19050.0,1000,-900.0,0.0,BU,9198700.0,20702700.0,False,0.0,13:00:02
19050.0,100,-900.0,0.0,BU,9197700.0,20702700.0,False,0.0,13:00:02
19050.0,100,-900.0,0.0,BU,9197600.0,20702700.0,False,0.0,13:00:02
19050.0,500,-900.0,0.0,BU,9197500.0,20702700.0,False,0.0,13:00:02
19050.0,200,-900.0,0.0,BU,9197000.0,20702700.0,False,0.0,13:00:02
19050.0,9400,-900.0,0.0,BU,9196800.0,20702700.0,False,0.0,13:00:02
19050.0,200,-900.0,0.0,BU,9187400.0,20702700.0,False,0.0,13:00:02
19050.0,500,-900.0,0.0,BU,9187200.0,20702700.0,False,0.0,13:00:02
19050.0,100,-900.0,0.0,BU,9186700.0,20702700.0,False,0.0,13:00:02
19050.0,500,-900.0,0.0,BU,9186600.0,20702700.0,False,0.0,13:00:02
19050.0,100,-900.0,0.0,BU,9186100.0,20702700.0,False,0.0,13:00:02
19050.0,2000,-900.0,0.0,BU,9186000.0,20702700.0,False,0.0,13:00:02
19050.0,1500,-900.0,0.0,BU,9184000.0,20702700.0,False,0.0,13:00:02
19050.0,100,-900.0,0.0,BU,9182500.0,20702700.0,False,0.0,13:00:02
19050.0,200,-900.0,0.0,BU,9182400.0,20702700.0,False,0.0,13:00:02
19050.0,500,-900.0,0.0,BU,9182200.0,20702700.0,False,0.0,13:00:02
19050.0,1000,-900.0,0.0,BU,9181700.0,20702700.0,False,0.0,13:00:02
19050.0,1000,-900.0,0.0,BU,9180700.0,20702700.0,False,0.0,13:00:02
19050.0,1000,-900.0,0.0,BU,9179700.0,20702700.0,False,50.0,13:00:02
19000.0,1400,-950.0,0.0,SD,9178700.0,20702700.0,False,0.0,13:00:02
19000.0,500,-950.0,0.0,SD,9178700.0,20701300.0,False,0.0,13:00:02
19000.0,100,-950.0,0.0,SD,9178700.0,20700800.0,False,0.0,13:00:02
19000.0,400,-950.0,0.0,SD,9178700.0,20700700.0,False,0.0,13:00:02
19000.0,100,-950.0,0.0,SD,9178700.0,20700300.0,False,0.0,13:00:02
19000.0,100,-950.0,0.0,SD,9178700.0,20700200.0,False,0.0,13:00:02
19000.0,200,-950.0,0.0,SD,9178700.0,20700100.0,False,0.0,13:00:02
19000.0,100,-950.0,0.0,SD,9178700.0,20699900.0,False,0.0,13:00:02
19000.0,200,-950.0,0.0,SD,9178700.0,20699800.0,False,0.0,13:00:02
19000.0,100,-950.0,0.0,SD,9178700.0,20699600.0,False,0.0,13:00:02
19000.0,1000,-950.0,0.0,SD,9178700.0,20699500.0,False,0.0,13:00:02
19000.0,500,-950.0,0.0,SD,9178700.0,20698500.0,False,0.0,13:00:02
19000.0,1800,-950.0,0.0,SD,9178700.0,20698000.0,False,-50.0,13:00:02
19050.0,100,-900.0,0.0,BU,9178700.0,20696200.0,False,50.0,13:00:02
19000.0,3200,-950.0,0.0,SD,9178600.0,20696200.0,False,0.0,13:00:02
19000.0,500,-950.0,0.0,SD,9178600.0,20693000.0,False,0.0,13:00:02
19000.0,10000,-950.0,0.0,SD,9178600.0,20692500.0,False,0.0,13:00:02
19000.0,500,-950.0,0.0,SD,9178600.0,20682500.0,False,0.0,13:00:02
19000.0,100,-950.0,0.0,SD,9178600.0,20682000.0,False,0.0,13:00:02
19000.0,100,-950.0,0.0,SD,9178600.0,20681900.0,False,0.0,13:00:02
19000.0,1700,-950.0,0.0,SD,9178600.0,20681800.0,False,0.0,13:00:02
19000.0,100,-950.0,0.0,SD,9178600.0,20680100.0,False,0.0,13:00:01
19000.0,2000,-950.0,0.0,SD,9178600.0,20680000.0,False,0.0,13:00:01
19000.0,100,-950.0,0.0,SD,9178600.0,20678000.0,False,0.0,13:00:01
19000.0,200,-950.0,0.0,SD,9178600.0,20677900.0,False,0.0,13:00:01
19000.0,1000,-950.0,0.0,SD,9178600.0,20677700.0,False,-50.0,13:00:01
19050.0,1000,-900.0,0.0,BU,9178600.0,20676700.0,False,50.0,13:00:01
19000.0,500,-950.0,0.0,SD,9177600.0,20676700.0,False,-50.0,13:00:01
19050.0,2000,-900.0,0.0,BU,9177600.0,20676200.0,False,0.0,13:00:01
19050.0,100,-900.0,0.0,BU,9175600.0,20676200.0,False,50.0,13:00:01
19000.0,4500,-950.0,0.0,SD,9175500.0,20676200.0,False,0.0,13:00:01
19000.0,100,-950.0,0.0,SD,9175500.0,20671700.0,False,0.0,13:00:01
19000.0,100,-950.0,0.0,SD,9175500.0,20671600.0,False,0.0,13:00:01
19000.0,200,-950.0,0.0,SD,9175500.0,20671500.0,False,0.0,13:00:01
19000.0,200,-950.0,0.0,SD,9175500.0,20671300.0,False,0.0,13:00:01
19000.0,200,-950.0,0.0,SD,9175500.0,20671100.0,False,0.0,13:00:01
19000.0,2000,-950.0,0.0,SD,9175500.0,20670900.0,False,0.0,13:00:01
19000.0,500,-950.0,0.0,SD,9175500.0,20668900.0,False,0.0,13:00:01
19000.0,2200,-950.0,0.0,SD,9175500.0,20668400.0,False,0.0,13:00:01
19000.0,5000,-950.0,0.0,SD,9175500.0,20666200.0,False,0.0,13:00:01
19000.0,2800,-950.0,0.0,SD,9175500.0,20661200.0,False,0.0,13:00:01
19000.0,1000,-950.0,0.0,SD,9175500.0,20658400.0,False,0.0,13:00:01
19000.0,20000,-950.0,0.0,SD,9175500.0,20657400.0,True,0.0,13:00:01
19000.0,1000,-950.0,0.0,SD,9175500.0,20637400.0,False,0.0,13:00:01
19000.0,500,-950.0,0.0,SD,9175500.0,20636400.0,False,0.0,13:00:01
19000.0,300,-950.0,0.0,SD,9175500.0,20635900.0,False,0.0,13:00:01
19000.0,100000,-950.0,0.0,SD,9175500.0,20635600.0,True,0.0,13:00:01
19000.0,1000,-950.0,0.0,SD,9175500.0,20535600.0,False,0.0,13:00:01
19000.0,100,-950.0,0.0,SD,9175500.0,20534600.0,False,0.0,13:00:01
19000.0,2000,-950.0,0.0,SD,9175500.0,20534500.0,False,0.0,13:00:01
19000.0,1000,-950.0,0.0,SD,9175500.0,20532500.0,False,0.0,13:00:01
19000.0,500,-950.0,0.0,SD,9175500.0,20531500.0,False,0.0,13:00:01
19000.0,1000,-950.0,0.0,SD,9175500.0,20531000.0,False,0.0,13:00:01
19000.0,500,-950.0,0.0,SD,9175500.0,20530000.0,False,0.0,13:00:01
19000.0,100,-950.0,0.0,SD,9175500.0,20529500.0,False,0.0,13:00:01
19000.0,2000,-950.0,0.0,SD,9175500.0,20529400.0,False,0.0,13:00:01
19000.0,500,-950.0,0.0,SD,9175500.0,20527400.0,False,0.0,13:00:01
19000.0,100,-950.0,0.0,SD,9175500.0,20526900.0,False,0.0,13:00:01
19000.0,500,-950.0,0.0,SD,9175500.0,20526800.0,False,0.0,13:00:01
19000.0,100,-950.0,0.0,SD,9175500.0,20526300.0,False,0.0,13:00:01
19000.0,500,-950.0,0.0,SD,9175500.0,20526200.0,False,0.0,13:00:01
19000.0,100,-950.0,0.0,SD,9175500.0,20525700.0,False,0.0,13:00:01
19000.0,2000,-950.0,0.0,SD,9175500.0,20525600.0,False,0.0,13:00:01
19000.0,100,-950.0,0.0,SD,9175500.0,20523600.0,False,0.0,13:00:01
19000.0,1000,-950.0,0.0,SD,9175500.0,20523500.0,False,0.0,13:00:01
19000.0,1000,-950.0,0.0,SD,9175500.0,20522500.0,False,0.0,13:00:01
19000.0,100,-950.0,0.0,SD,9175500.0,20521500.0,False,0.0,13:00:01
19000.0,5000,-950.0,0.0,SD,9175500.0,20521400.0,False,0.0,13:00:01
19000.0,500,-950.0,0.0,SD,9175500.0,20516400.0,False,0.0,13:00:01
19000.0,100,-950.0,0.0,SD,9175500.0,20515900.0,False,0.0,13:00:01
19000.0,3000,-950.0,0.0,SD,9175500.0,20515800.0,False,0.0,13:00:01
19000.0,1000,-950.0,0.0,SD,9175500.0,20512800.0,False,0.0,13:00:01
19000.0,500,-950.0,0.0,SD,9175500.0,20511800.0,False,0.0,13:00:01
19000.0,1000,-950.0,0.0,SD,9175500.0,20511300.0,False,0.0,13:00:01
19000.0,1000,-950.0,0.0,SD,9175500.0,20510300.0,False,0.0,13:00:01
19000.0,300,-950.0,0.0,SD,9175500.0,20509300.0,False,0.0,13:00:01
19000.0,100,-950.0,0.0,SD,9175500.0,20509000.0,False,0.0,13:00:01
19000.0,2000,-950.0,0.0,SD,9175500.0,20508900.0,False,0.0,13:00:01
19000.0,800,-950.0,0.0,SD,9175500.0,20506900.0,False,0.0,13:00:01
19000.0,1000,-950.0,0.0,SD,9175500.0,20506100.0,False,0.0,13:00:01
19000.0,1000,-950.0,0.0,SD,9175500.0,20505100.0,False,0.0,13:00:01
19000.0,1000,-950.0,0.0,SD,9175500.0,20504100.0,False,0.0,13:00:01
19000.0,200,-950.0,0.0,SD,9175500.0,20503100.0,False,0.0,13:00:01
19000.0,700,-950.0,0.0,SD,9175500.0,20502900.0,False,0.0,13:00:01
19000.0,100,-950.0,0.0,SD,9175500.0,20502200.0,False,0.0,13:00:01
19000.0,200,-950.0,0.0,SD,9175500.0,20502100.0,False,0.0,13:00:01
19000.0,200,-950.0,0.0,SD,9175500.0,20501900.0,False,0.0,13:00:01
19000.0,100,-950.0,0.0,SD,9175500.0,20501700.0,False,0.0,13:00:01
19000.0,1000,-950.0,0.0,SD,9175500.0,20501600.0,False,0.0,13:00:01
19000.0,100,-950.0,0.0,SD,9175500.0,20500600.0,False,0.0,13:00:01
19000.0,100,-950.0,0.0,SD,9175500.0,20500500.0,False,0.0,13:00:01
19000.0,100,-950.0,0.0,SD,9175500.0,20500400.0,False,0.0,13:00:01
19000.0,200,-950.0,0.0,SD,9175500.0,20500300.0,False,0.0,13:00:01
19000.0,100,-950.0,0.0,SD,9175500.0,20500100.0,False,0.0,13:00:01
19000.0,100,-950.0,0.0,SD,9175500.0,20500000.0,False,0.0,13:00:01
19000.0,100,-950.0,0.0,SD,9175500.0,20499900.0,False,0.0,13:00:01
19000.0,100,-950.0,0.0,SD,9175500.0,20499800.0,False,0.0,13:00:01
19000.0,500,-950.0,0.0,SD,9175500.0,20499700.0,False,0.0,13:00:01
19000.0,2000,-950.0,0.0,SD,9175500.0,20499200.0,False,0.0,13:00:01
19000.0,10000,-950.0,0.0,SD,9175500.0,20497200.0,False,0.0,13:00:01
19000.0,100,-950.0,0.0,SD,9175500.0,20487200.0,False,0.0,13:00:01
19000.0,5000,-950.0,0.0,SD,9175500.0,20487100.0,False,0.0,13:00:01
19000.0,200,-950.0,0.0,SD,9175500.0,20482100.0,False,0.0,13:00:01
19000.0,2000,-950.0,0.0,SD,9175500.0,20481900.0,False,0.0,13:00:01
19000.0,1000,-950.0,0.0,SD,9175500.0,20479900.0,False,0.0,13:00:01
19000.0,100,-950.0,0.0,SD,9175500.0,20478900.0,False,0.0,13:00:01
19000.0,100,-950.0,0.0,SD,9175500.0,20478800.0,False,0.0,13:00:01
19000.0,1000,-950.0,0.0,SD,9175500.0,20478700.0,False,0.0,13:00:01
19000.0,200,-950.0,0.0,SD,9175500.0,20477700.0,False,0.0,13:00:01
19000.0,2000,-950.0,0.0,SD,9175500.0,20477500.0,False,0.0,13:00:01
19000.0,300,-950.0,0.0,SD,9175500.0,20475500.0,False,0.0,13:00:01
19000.0,400,-950.0,0.0,SD,9175500.0,20475200.0,False,0.0,13:00:01
19000.0,500,-950.0,0.0,SD,9175500.0,20474800.0,False,0.0,13:00:01
19000.0,100,-950.0,0.0,SD,9175500.0,20474300.0,False,0.0,13:00:01
19000.0,300,-950.0,0.0,SD,9175500.0,20474200.0,False,0.0,13:00:01
19000.0,100,-950.0,0.0,SD,9175500.0,20473900.0,False,0.0,13:00:01
19000.0,500,-950.0,0.0,SD,9175500.0,20473800.0,False,0.0,13:00:01
19000.0,1700,-950.0,0.0,SD,9175500.0,20473300.0,False,0.0,13:00:01
19000.0,1000,-950.0,0.0,SD,9175500.0,20471600.0,False,0.0,13:00:01
19000.0,1000,-950.0,0.0,SD,9175500.0,20470600.0,False,0.0,13:00:01
19000.0,150000,-950.0,0.0,SD,9175500.0,20469600.0,True,0.0,13:00:01
19000.0,300,-950.0,0.0,SD,9175500.0,20319600.0,False,0.0,13:00:01
19000.0,14800,-950.0,0.0,SD,9175500.0,20319300.0,True,0.0,13:00:01
19000.0,100,-950.0,0.0,SD,9175500.0,20304500.0,False,0.0,13:00:01
19000.0,1000,-950.0,0.0,SD,9175500.0,20304400.0,False,0.0,13:00:01
19000.0,100,-950.0,0.0,SD,9175500.0,20303400.0,False,0.0,13:00:01
19000.0,100,-950.0,0.0,SD,9175500.0,20303300.0,False,0.0,13:00:01
19000.0,100,-950.0,0.0,SD,9175500.0,20303200.0,False,0.0,13:00:01
19000.0,3000,-950.0,0.0,SD,9175500.0,20303100.0,False,0.0,13:00:01
19000.0,500,-950.0,0.0,SD,9175500.0,20300100.0,False,0.0,13:00:01
19000.0,300,-950.0,0.0,SD,9175500.0,20299600.0,False,0.0,13:00:01
19000.0,100,-950.0,0.0,SD,9175500.0,20299300.0,False,0.0,13:00:01
19000.0,500,-950.0,0.0,SD,9175500.0,20299200.0,False,0.0,13:00:01
19000.0,3900,-950.0,0.0,SD,9175500.0,20298700.0,False,-50.0,13:00:01
19050.0,100,-900.0,0.0,BU,9175500.0,20294800.0,False,0.0,13:00:01
19050.0,3000,-900.0,0.0,BU,9175400.0,20294800.0,False,0.0,13:00:01
19050.0,1000,-900.0,0.0,BU,9172400.0,20294800.0,False,50.0,13:00:01
19000.0,100,-950.0,0.0,SD,9171400.0,20294800.0,False,0.0,13:00:01
19000.0,1000,-950.0,0.0,SD,9171400.0,20294700.0,False,0.0,13:00:01
19000.0,1000,-950.0,0.0,SD,9171400.0,20293700.0,False,-50.0,13:00:01
19050.0,200,-900.0,0.0,BU,9171400.0,20292700.0,False,50.0,13:00:01
19000.0,900,-950.0,0.0,SD,9171200.0,20292700.0,False,-50.0,13:00:01
19050.0,1500,-900.0,0.0,BU,9171200.0,20291800.0,False,0.0,13:00:01
19050.0,100,-900.0,0.0,BU,9169700.0,20291800.0,False,0.0,13:00:01
19050.0,3300,-900.0,0.0,BU,9169600.0,20291800.0,False,0.0,13:00:01
19050.0,5000,-900.0,0.0,BU,9166300.0,20291800.0,False,0.0,13:00:01
19050.0,1000,-900.0,0.0,BU,9161300.0,20291800.0,False,0.0,13:00:01
19050.0,1000,-900.0,0.0,BU,9160300.0,20291800.0,False,0.0,13:00:01
19050.0,300,-900.0,0.0,BU,9159300.0,20291800.0,False,0.0,13:00:01
19050.0,18500,-900.0,0.0,BU,9159000.0,20291800.0,True,0.0,13:00:01
19050.0,2000,-900.0,0.0,BU,9140500.0,20291800.0,False,0.0,13:00:01
19050.0,5000,-900.0,0.0,BU,9138500.0,20291800.0,False,0.0,13:00:01
19050.0,900,-900.0,0.0,BU,9133500.0,20291800.0,False,0.0,13:00:01
19050.0,500,-900.0,0.0,BU,9132600.0,20291800.0,False,0.0,13:00:01
19050.0,5000,-900.0,0.0,BU,9132100.0,20291800.0,False,0.0,13:00:01
19050.0,1200,-900.0,0.0,BU,9127100.0,20291800.0,False,0.0,13:00:01
19050.0,1000,-900.0,0.0,BU,9125900.0,20291800.0,False,0.0,13:00:01
19050.0,2000,-900.0,0.0,BU,9124900.0,20291800.0,False,0.0,13:00:01
19050.0,2200,-900.0,0.0,BU,9122900.0,20291800.0,False,0.0,13:00:01
19050.0,2200,-900.0,0.0,BU,9120700.0,20291800.0,False,0.0,13:00:01
19050.0,3000,-900.0,0.0,BU,9118500.0,20291800.0,False,0.0,13:00:01
19050.0,700,-900.0,0.0,BU,9115500.0,20291800.0,False,0.0,13:00:01
19050.0,13300,-900.0,0.0,BU,9114800.0,20291800.0,True,0.0,13:00:01
19050.0,5000,-900.0,0.0,BU,9101500.0,20291800.0,False,0.0,13:00:01
19050.0,1000,-900.0,0.0,BU,9096500.0,20291800.0,False,0.0,13:00:01
19050.0,5000,-900.0,0.0,BU,9095500.0,20291800.0,False,0.0,13:00:01
19050.0,200,-900.0,0.0,BU,9090500.0,20291800.0,False,0.0,13:00:01
19050.0,100,-900.0,0.0,BU,9090300.0,20291800.0,False,0.0,13:00:01
19050.0,1400,-900.0,0.0,BU,9090200.0,20291800.0,False,0.0,13:00:01
19050.0,3000,-900.0,0.0,BU,9088800.0,20291800.0,False,0.0,13:00:01
19050.0,3000,-900.0,0.0,BU,9085800.0,20291800.0,False,0.0,13:00:01
19050.0,10000,-900.0,0.0,BU,9082800.0,20291800.0,False,0.0,13:00:01
19050.0,3300,-900.0,0.0,BU,9072800.0,20291800.0,False,0.0,13:00:01
19050.0,200,-900.0,0.0,BU,9069500.0,20291800.0,False,50.0,13:00:01
19000.0,900,-950.0,0.0,SD,9069300.0,20291800.0,False,-50.0,13:00:01
19050.0,1100,-900.0,0.0,BU,9069300.0,20290900.0,False,0.0,13:00:01
19050.0,900,-900.0,0.0,BU,9068200.0,20290900.0,False,0.0,13:00:01
19050.0,1000,-900.0,0.0,BU,9067300.0,20290900.0,False,50.0,13:00:01
19000.0,1100,-950.0,0.0,SD,9066300.0,20290900.0,False,0.0,13:00:01
19000.0,100,-950.0,0.0,SD,9066300.0,20289800.0,False,0.0,13:00:01
19000.0,1000,-950.0,0.0,SD,9066300.0,20289700.0,False,0.0,13:00:01
19000.0,100,-950.0,0.0,SD,9066300.0,20288700.0,False,0.0,13:00:01
19000.0,100,-950.0,0.0,SD,9066300.0,20288600.0,False,0.0,13:00:01
19000.0,1000,-950.0,0.0,SD,9066300.0,20288500.0,False,0.0,13:00:01
19000.0,700,-950.0,0.0,SD,9066300.0,20287500.0,False,0.0,13:00:01
19000.0,300,-950.0,0.0,SD,9066300.0,20286800.0,False,0.0,13:00:01
19000.0,1300,-950.0,0.0,SD,9066300.0,20286500.0,False,0.0,13:00:01
19000.0,400,-950.0,0.0,SD,9066300.0,20285200.0,False,0.0,13:00:01
19000.0,200,-950.0,0.0,SD,9066300.0,20284800.0,False,0.0,13:00:01
19000.0,2000,-950.0,0.0,SD,9066300.0,20284600.0,False,0.0,13:00:01
19000.0,1000,-950.0,0.0,SD,9066300.0,20282600.0,False,0.0,13:00:01
19000.0,100,-950.0,0.0,SD,9066300.0,20281600.0,False,0.0,13:00:01
19000.0,2000,-950.0,0.0,SD,9066300.0,20281500.0,False,0.0,13:00:01
19000.0,100,-950.0,0.0,SD,9066300.0,20279500.0,False,0.0,13:00:01
19000.0,200,-950.0,0.0,SD,9066300.0,20279400.0,False,0.0,13:00:01
19000.0,100,-950.0,0.0,SD,9066300.0,20279200.0,False,0.0,13:00:01
19000.0,500,-950.0,0.0,SD,9066300.0,20279100.0,False,0.0,13:00:01
19000.0,100,-950.0,0.0,SD,9066300.0,20278600.0,False,0.0,13:00:01
19000.0,100,-950.0,0.0,SD,9066300.0,20278500.0,False,0.0,13:00:01
19000.0,1500,-950.0,0.0,SD,9066300.0,20278400.0,False,0.0,13:00:01
19000.0,200,-950.0,0.0,SD,9066300.0,20276900.0,False,0.0,13:00:01
19000.0,1000,-950.0,0.0,SD,9066300.0,20276700.0,False,0.0,13:00:01
19000.0,200,-950.0,0.0,SD,9066300.0,20275700.0,False,0.0,13:00:01
19000.0,100,-950.0,0.0,SD,9066300.0,20275500.0,False,0.0,13:00:01
19000.0,5000,-950.0,0.0,SD,9066300.0,20275400.0,False,0.0,13:00:01
19000.0,300,-950.0,0.0,SD,9066300.0,20270400.0,False,0.0,13:00:01
19000.0,500,-950.0,0.0,SD,9066300.0,20270100.0,False,0.0,13:00:01
19000.0,500,-950.0,0.0,SD,9066300.0,20269600.0,False,0.0,13:00:01
19000.0,300,-950.0,0.0,SD,9066300.0,20269100.0,False,0.0,13:00:01
19000.0,500,-950.0,0.0,SD,9066300.0,20268800.0,False,0.0,13:00:01
19000.0,100,-950.0,0.0,SD,9066300.0,20268300.0,False,0.0,13:00:01
19000.0,500,-950.0,0.0,SD,9066300.0,20268200.0,False,0.0,13:00:01
19000.0,10000,-950.0,0.0,SD,9066300.0,20267700.0,False,0.0,13:00:01
19000.0,5000,-950.0,0.0,SD,9066300.0,20257700.0,False,0.0,13:00:01
19000.0,2000,-950.0,0.0,SD,9066300.0,20252700.0,False,0.0,13:00:01
19000.0,2400,-950.0,0.0,SD,9066300.0,20250700.0,False,-50.0,13:00:01
19050.0,500,-900.0,0.0,BU,9066300.0,20248300.0,False,50.0,13:00:01
19000.0,500,-950.0,0.0,SD,9065800.0,20248300.0,False,-50.0,13:00:01
19050.0,100,-900.0,0.0,BU,9065800.0,20247800.0,False,0.0,13:00:01
19050.0,1000,-900.0,0.0,BU,9065700.0,20247800.0,False,0.0,13:00:01
19050.0,1000,-900.0,0.0,BU,9064700.0,20247800.0,False,50.0,13:00:01
19000.0,9400,-950.0,0.0,SD,9063700.0,20247800.0,False,0.0,13:00:01
19000.0,20000,-950.0,0.0,SD,9063700.0,20238400.0,True,-50.0,13:00:01
19050.0,800,-900.0,0.0,BU,9063700.0,20218400.0,False,0.0,13:00:01
19050.0,200,-900.0,0.0,BU,9062900.0,20218400.0,False,0.0,13:00:01
19050.0,2000,-900.0,0.0,BU,9062700.0,20218400.0,False,0.0,13:00:01
19050.0,800,-900.0,0.0,BU,9060700.0,20218400.0,False,0.0,13:00:01
19050.0,100,-900.0,0.0,BU,9059900.0,20218400.0,False,50.0,13:00:01
19000.0,200,-950.0,0.0,SD,9059800.0,20218400.0,False,0.0,13:00:01
19000.0,3800,-950.0,0.0,SD,9059800.0,20218200.0,False,0.0,13:00:01
19000.0,100,-950.0,0.0,SD,9059800.0,20214400.0,False,0.0,13:00:01
19000.0,500,-950.0,0.0,SD,9059800.0,20214300.0,False,0.0,13:00:01
19000.0,1000,-950.0,0.0,SD,9059800.0,20213800.0,False,0.0,13:00:01
19000.0,1000,-950.0,0.0,SD,9059800.0,20212800.0,False,0.0,13:00:01
19000.0,5000,-950.0,0.0,SD,9059800.0,20211800.0,False,0.0,13:00:01
19000.0,1000,-950.0,0.0,SD,9059800.0,20206800.0,False,0.0,13:00:01
19000.0,100,-950.0,0.0,SD,9059800.0,20205800.0,False,0.0,13:00:01
19000.0,100,-950.0,0.0,SD,9059800.0,20205700.0,False,0.0,13:00:01
19000.0,100,-950.0,0.0,SD,9059800.0,20205600.0,False,0.0,13:00:01
19000.0,7100,-950.0,0.0,SD,9059800.0,20205500.0,False,-50.0,13:00:01
19050.0,500,-900.0,0.0,BU,9059800.0,20198400.0,False,0.0,13:00:01
19050.0,2000,-900.0,0.0,BU,9059300.0,20198400.0,False,0.0,13:00:00
19050.0,700,-900.0,0.0,BU,9057300.0,20198400.0,False,0.0,13:00:00
19050.0,300,-900.0,0.0,BU,9056600.0,20198400.0,False,0.0,13:00:00
19050.0,500,-900.0,0.0,BU,9056300.0,20198400.0,False,0.0,13:00:00
19050.0,100,-900.0,0.0,BU,9055800.0,20198400.0,False,0.0,13:00:00
19050.0,1000,-900.0,0.0,BU,9055700.0,20198400.0,False,0.0,13:00:00
19050.0,18000,-900.0,0.0,BU,9054700.0,20198400.0,True,0.0,13:00:00
19050.0,900,-900.0,0.0,BU,9036700.0,20198400.0,False,0.0,13:00:00
19050.0,1000,-900.0,0.0,BU,9035800.0,20198400.0,False,0.0,13:00:00
19050.0,300,-900.0,0.0,BU,9034800.0,20198400.0,False,0.0,13:00:00
19050.0,300,-900.0,0.0,BU,9034500.0,20198400.0,False,0.0,13:00:00
19050.0,200,-900.0,0.0,BU,9034200.0,20198400.0,False,0.0,13:00:00
19050.0,500,-900.0,0.0,BU,9034000.0,20198400.0,False,0.0,13:00:00
19050.0,100,-900.0,0.0,BU,9033500.0,20198400.0,False,0.0,13:00:00
19050.0,100,-900.0,0.0,BU,9033400.0,20198400.0,False,0.0,13:00:00
19050.0,500,-900.0,0.0,BU,9033300.0,20198400.0,False,50.0,13:00:00
19000.0,12900,-950.0,0.0,SD,9032800.0,20198400.0,True,0.0,13:00:00
19000.0,100,-950.0,0.0,SD,9032800.0,20185500.0,False,0.0,13:00:00
19000.0,100,-950.0,0.0,SD,9032800.0,20185400.0,False,0.0,13:00:00
19000.0,100,-950.0,0.0,SD,9032800.0,20185300.0,False,0.0,13:00:00
19000.0,200,-950.0,0.0,SD,9032800.0,20185200.0,False,0.0,13:00:00
19000.0,500,-950.0,0.0,SD,9032800.0,20185000.0,False,0.0,13:00:00
19000.0,100,-950.0,0.0,SD,9032800.0,20184500.0,False,0.0,13:00:00
19000.0,1000,-950.0,0.0,SD,9032800.0,20184400.0,False,0.0,13:00:00
19000.0,100,-950.0,0.0,SD,9032800.0,20183400.0,False,0.0,13:00:00
19000.0,200,-950.0,0.0,SD,9032800.0,20183300.0,False,0.0,13:00:00
19000.0,300,-950.0,0.0,SD,9032800.0,20183100.0,False,0.0,13:00:00
19000.0,200,-950.0,0.0,SD,9032800.0,20182800.0,False,0.0,13:00:00
19000.0,400,-950.0,0.0,SD,9032800.0,20182600.0,False,0.0,13:00:00
19000.0,200,-950.0,0.0,SD,9032800.0,20182200.0,False,0.0,13:00:00
19000.0,300,-950.0,0.0,SD,9032800.0,20182000.0,False,0.0,13:00:00
19000.0,100,-950.0,0.0,SD,9032800.0,20181700.0,False,0.0,13:00:00
19000.0,500,-950.0,0.0,SD,9032800.0,20181600.0,False,0.0,13:00:00
19000.0,500,-950.0,0.0,SD,9032800.0,20181100.0,False,0.0,13:00:00
19000.0,100,-950.0,0.0,SD,9032800.0,20180600.0,False,0.0,13:00:00
19000.0,300,-950.0,0.0,SD,9032800.0,20180500.0,False,0.0,13:00:00
19000.0,100,-950.0,0.0,SD,9032800.0,20180200.0,False,0.0,13:00:00
19000.0,1000,-950.0,0.0,SD,9032800.0,20180100.0,False,0.0,13:00:00
19000.0,300,-950.0,0.0,SD,9032800.0,20179100.0,False,0.0,13:00:00
19000.0,1000,-950.0,0.0,SD,9032800.0,20178800.0,False,0.0,13:00:00
19000.0,1000,-950.0,0.0,SD,9032800.0,20177800.0,False,0.0,13:00:00
19000.0,1000,-950.0,0.0,SD,9032800.0,20176800.0,False,0.0,13:00:00
19000.0,100,-950.0,0.0,SD,9032800.0,20175800.0,False,0.0,13:00:00
19000.0,100,-950.0,0.0,SD,9032800.0,20175700.0,False,0.0,13:00:00
19000.0,200,-950.0,0.0,SD,9032800.0,20175600.0,False,0.0,13:00:00
19000.0,400,-950.0,0.0,SD,9032800.0,20175400.0,False,0.0,13:00:00
19000.0,1000,-950.0,0.0,SD,9032800.0,20175000.0,False,0.0,13:00:00
19000.0,100,-950.0,0.0,SD,9032800.0,20174000.0,False,0.0,13:00:00
19000.0,1000,-950.0,0.0,SD,9032800.0,20173900.0,False,0.0,13:00:00
19000.0,100,-950.0,0.0,SD,9032800.0,20172900.0,False,0.0,13:00:00
19000.0,300,-950.0,0.0,SD,9032800.0,20172800.0,False,0.0,13:00:00
19000.0,100,-950.0,0.0,SD,9032800.0,20172500.0,False,0.0,13:00:00
19000.0,100,-950.0,0.0,SD,9032800.0,20172400.0,False,0.0,13:00:00
19000.0,5000,-950.0,0.0,SD,9032800.0,20172300.0,False,0.0,13:00:00
19000.0,100,-950.0,0.0,SD,9032800.0,20167300.0,False,0.0,13:00:00
19000.0,1000,-950.0,0.0,SD,9032800.0,20167200.0,False,0.0,13:00:00
19000.0,400,-950.0,0.0,SD,9032800.0,20166200.0,False,0.0,13:00:00
19000.0,300,-950.0,0.0,SD,9032800.0,20165800.0,False,0.0,13:00:00
19000.0,1000,-950.0,0.0,SD,9032800.0,20165500.0,False,0.0,13:00:00
19000.0,500,-950.0,0.0,SD,9032800.0,20164500.0,False,0.0,13:00:00
19000.0,500,-950.0,0.0,SD,9032800.0,20164000.0,False,0.0,13:00:00
19000.0,100,-950.0,0.0,SD,9032800.0,20163500.0,False,0.0,13:00:00
19000.0,4000,-950.0,0.0,SD,9032800.0,20163400.0,False,0.0,13:00:00
19000.0,1000,-950.0,0.0,SD,9032800.0,20159400.0,False,-50.0,13:00:00
19050.0,100,-900.0,0.0,BU,9032800.0,20158400.0,False,50.0,13:00:00
19000.0,100,-950.0,0.0,SD,9032700.0,20158400.0,False,0.0,13:00:00
19000.0,400,-950.0,0.0,SD,9032700.0,20158300.0,False,-50.0,13:00:00
19050.0,300,-900.0,0.0,BU,9032700.0,20157900.0,False,0.0,13:00:00
19050.0,12000,-900.0,0.0,BU,9032400.0,20157900.0,True,0.0,13:00:00
19050.0,500,-900.0,0.0,BU,9020400.0,20157900.0,False,0.0,13:00:00
19050.0,100,-900.0,0.0,BU,9019900.0,20157900.0,False,0.0,13:00:00
19050.0,1500,-900.0,0.0,BU,9019800.0,20157900.0,False,0.0,13:00:00
19050.0,100,-900.0,0.0,BU,9018300.0,20157900.0,False,0.0,13:00:00
19050.0,100,-900.0,0.0,BU,9018200.0,20157900.0,False,0.0,13:00:00
19050.0,100,-900.0,0.0,BU,9018100.0,20157900.0,False,0.0,13:00:00
19050.0,1000,-900.0,0.0,BU,9018000.0,20157900.0,False,0.0,11:30:00
19050.0,300,-900.0,0.0,BU,9017000.0,20157900.0,False,0.0,11:29:59
19050.0,10000,-900.0,0.0,BU,9016700.0,20157900.0,False,0.0,11:29:58
19050.0,100,-900.0,0.0,BU,9006700.0,20157900.0,False,0.0,11:29:57
19050.0,200,-900.0,0.0,BU,9006600.0,20157900.0,False,0.0,11:29:57
19050.0,28100,-900.0,0.0,BU,9006400.0,20157900.0,True,0.0,11:29:57
19050.0,3000,-900.0,0.0,BU,8978300.0,20157900.0,False,0.0,11:29:57
19050.0,10000,-900.0,0.0,BU,8975300.0,20157900.0,False,0.0,11:29:57
19050.0,2000,-900.0,0.0,BU,8965300.0,20157900.0,False,0.0,11:29:57
19050.0,3000,-900.0,0.0,BU,8963300.0,20157900.0,False,0.0,11:29:57
19050.0,7000,-900.0,0.0,BU,8960300.0,20157900.0,False,0.0,11:29:57
19050.0,6000,-900.0,0.0,BU,8953300.0,20157900.0,False,0.0,11:29:57
19050.0,5300,-900.0,0.0,BU,8947300.0,20157900.0,False,0.0,11:29:57
19050.0,10000,-900.0,0.0,BU,8942000.0,20157900.0,False,0.0,11:29:57
19050.0,500,-900.0,0.0,BU,8932000.0,20157900.0,False,0.0,11:29:57
19050.0,1000,-900.0,0.0,BU,8931500.0,20157900.0,False,0.0,11:29:57
19050.0,2200,-900.0,0.0,BU,8930500.0,20157900.0,False,0.0,11:29:57
19050.0,1000,-900.0,0.0,BU,8928300.0,20157900.0,False,0.0,11:29:57
19050.0,20900,-900.0,0.0,BU,8927300.0,20157900.0,True,50.0,11:29:57
19000.0,100,-950.0,0.0,SD,8906400.0,20157900.0,False,0.0,11:29:57
19000.0,1500,-950.0,0.0,SD,8906400.0,20157800.0,False,0.0,11:29:57
19000.0,100,-950.0,0.0,SD,8906400.0,20156300.0,False,0.0,11:29:55
19000.0,100,-950.0,0.0,SD,8906400.0,20156200.0,False,0.0,11:29:55
19000.0,100,-950.0,0.0,SD,8906400.0,20156100.0,False,0.0,11:29:55
19000.0,700,-950.0,0.0,SD,8906400.0,20156000.0,False,0.0,11:29:55
19000.0,2000,-950.0,0.0,SD,8906400.0,20155300.0,False,0.0,11:29:55
19000.0,100,-950.0,0.0,SD,8906400.0,20153300.0,False,0.0,11:29:53
19000.0,600,-950.0,0.0,SD,8906400.0,20153200.0,False,0.0,11:29:53
19000.0,400,-950.0,0.0,SD,8906400.0,20152600.0,False,0.0,11:29:53
19000.0,500,-950.0,0.0,SD,8906400.0,20152200.0,False,0.0,11:29:53
19000.0,100,-950.0,0.0,SD,8906400.0,20151700.0,False,-50.0,11:29:53
19050.0,200,-900.0,0.0,BU,8906400.0,20151600.0,False,0.0,11:29:53
19050.0,2500,-900.0,0.0,BU,8906200.0,20151600.0,False,0.0,11:29:52
19050.0,100,-900.0,0.0,BU,8903700.0,20151600.0,False,50.0,11:29:51
19000.0,200,-950.0,0.0,SD,8903600.0,20151600.0,False,0.0,11:29:49
19000.0,300,-950.0,0.0,SD,8903600.0,20151400.0,False,-50.0,11:29:49
19050.0,500,-900.0,0.0,BU,8903600.0,20151100.0,False,0.0,11:29:48
19050.0,6000,-900.0,0.0,BU,8903100.0,20151100.0,False,0.0,11:29:48
19050.0,100,-900.0,0.0,BU,8897100.0,20151100.0,False,50.0,11:29:48
19000.0,200,-950.0,0.0,SD,8897000.0,20151100.0,False,0.0,11:29:48
19000.0,500,-950.0,0.0,SD,8897000.0,20150900.0,False,0.0,11:29:48
19000.0,100,-950.0,0.0,SD,8897000.0,20150400.0,False,0.0,11:29:48
19000.0,500,-950.0,0.0,SD,8897000.0,20150300.0,False,0.0,11:29:48
19000.0,300,-950.0,0.0,SD,8897000.0,20149800.0,False,0.0,11:29:48
19000.0,100,-950.0,0.0,SD,8897000.0,20149500.0,False,0.0,11:29:48
19000.0,200,-950.0,0.0,SD,8897000.0,20149400.0,False,0.0,11:29:48
19000.0,100,-950.0,0.0,SD,8897000.0,20149200.0,False,0.0,11:29:48
19000.0,500,-950.0,0.0,SD,8897000.0,20149100.0,False,0.0,11:29:47
19000.0,500,-950.0,0.0,SD,8897000.0,20148600.0,False,0.0,11:29:47
19000.0,300,-950.0,0.0,SD,8897000.0,20148100.0,False,-50.0,11:29:47
19050.0,400,-900.0,0.0,BU,8897000.0,20147800.0,False,0.0,11:29:47
19050.0,100,-900.0,0.0,BU,8896600.0,20147800.0,False,0.0,11:29:46
19050.0,1100,-900.0,0.0,BU,8896500.0,20147800.0,False,0.0,11:29:45
19050.0,3200,-900.0,0.0,BU,8895400.0,20147800.0,False,0.0,11:29:45
19050.0,500,-900.0,0.0,BU,8892200.0,20147800.0,False,0.0,11:29:44
19050.0,100,-900.0,0.0,BU,8891700.0,20147800.0,False,0.0,11:29:44
19050.0,100,-900.0,0.0,BU,8891600.0,20147800.0,False,50.0,11:29:43
19000.0,200,-950.0,0.0,SD,8891500.0,20147800.0,False,0.0,11:29:43
19000.0,2000,-950.0,0.0,SD,8891500.0,20147600.0,False,0.0,11:29:43
19000.0,1000,-950.0,0.0,SD,8891500.0,20145600.0,False,0.0,11:29:43
19000.0,5000,-950.0,0.0,SD,8891500.0,20144600.0,False,0.0,11:29:43
19000.0,100,-950.0,0.0,SD,8891500.0,20139600.0,False,0.0,11:29:43
19000.0,100,-950.0,0.0,SD,8891500.0,20139500.0,False,0.0,11:29:43
19000.0,1000,-950.0,0.0,SD,8891500.0,20139400.0,False,0.0,11:29:43
19000.0,100,-950.0,0.0,SD,8891500.0,20138400.0,False,0.0,11:29:43
19000.0,100,-950.0,0.0,SD,8891500.0,20138300.0,False,0.0,11:29:43
19000.0,6500,-950.0,0.0,SD,8891500.0,20138200.0,False,-50.0,11:29:43
19050.0,500,-900.0,0.0,BU,8891500.0,20131700.0,False,0.0,11:29:43
19050.0,2000,-900.0,0.0,BU,8891000.0,20131700.0,False,0.0,11:29:41
19050.0,1000,-900.0,0.0,BU,8889000.0,20131700.0,False,50.0,11:29:41
19000.0,1000,-950.0,0.0,SD,8888000.0,20131700.0,False,-50.0,11:29:41
19050.0,200,-900.0,0.0,BU,8888000.0,20130700.0,False,0.0,11:29:41
19050.0,400,-900.0,0.0,BU,8887800.0,20130700.0,False,0.0,11:29:41
19050.0,25000,-900.0,0.0,BU,8887400.0,20130700.0,True,50.0,11:29:40
19000.0,100,-950.0,0.0,SD,8862400.0,20130700.0,False,-50.0,11:29:40
19050.0,1000,-900.0,0.0,BU,8862400.0,20130600.0,False,50.0,11:29:40
19000.0,1000,-950.0,0.0,SD,8861400.0,20130600.0,False,0.0,11:29:40
19000.0,100,-950.0,0.0,SD,8861400.0,20129600.0,False,-50.0,11:29:40
19050.0,900,-900.0,0.0,BU,8861400.0,20129500.0,False,0.0,11:29:39
19050.0,2000,-900.0,0.0,BU,8860500.0,20129500.0,False,0.0,11:29:39
19050.0,1000,-900.0,0.0,BU,8858500.0,20129500.0,False,0.0,11:29:38
19050.0,1000,-900.0,0.0,BU,8857500.0,20129500.0,False,0.0,11:29:38
19050.0,2000,-900.0,0.0,BU,8856500.0,20129500.0,False,0.0,11:29:37
19050.0,100,-900.0,0.0,BU,8854500.0,20129500.0,False,0.0,11:29:34
19050.0,300,-900.0,0.0,BU,8854400.0,20129500.0,False,0.0,11:29:30
19050.0,200,-900.0,0.0,BU,8854100.0,20129500.0,False,50.0,11:29:30
19000.0,100,-950.0,0.0,SD,8853900.0,20129500.0,False,-50.0,11:29:30
19050.0,100,-900.0,0.0,BU,8853900.0,20129400.0,False,50.0,11:29:30
19000.0,1000,-950.0,0.0,SD,8853800.0,20129400.0,False,-50.0,11:29:30
19050.0,200,-900.0,0.0,BU,8853800.0,20128400.0,False,0.0,11:29:29
19050.0,200,-900.0,0.0,BU,8853600.0,20128400.0,False,50.0,11:29:29
19000.0,200,-950.0,0.0,SD,8853400.0,20128400.0,False,0.0,11:29:29
19000.0,200,-950.0,0.0,SD,8853400.0,20128200.0,False,0.0,11:29:29
19000.0,500,-950.0,0.0,SD,8853400.0,20128000.0,False,0.0,11:29:29
19000.0,100,-950.0,0.0,SD,8853400.0,20127500.0,False,0.0,11:29:29
19000.0,500,-950.0,0.0,SD,8853400.0,20127400.0,False,0.0,11:29:29
19000.0,100,-950.0,0.0,SD,8853400.0,20126900.0,False,-50.0,11:29:29
19050.0,100,-900.0,0.0,BU,8853400.0,20126800.0,False,0.0,11:29:28
19050.0,2000,-900.0,0.0,BU,8853300.0,20126800.0,False,50.0,11:29:28
19000.0,400,-950.0,0.0,SD,8851300.0,20126800.0,False,0.0,11:29:28
19000.0,100,-950.0,0.0,SD,8851300.0,20126400.0,False,0.0,11:29:28
19000.0,700,-950.0,0.0,SD,8851300.0,20126300.0,False,-50.0,11:29:27
19050.0,500,-900.0,0.0,BU,8851300.0,20125600.0,False,0.0,11:29:26
19050.0,500,-900.0,0.0,BU,8850800.0,20125600.0,False,0.0,11:29:26
19050.0,300,-900.0,0.0,BU,8850300.0,20125600.0,False,0.0,11:29:26
19050.0,100,-900.0,0.0,BU,8850000.0,20125600.0,False,0.0,11:29:25
19050.0,22600,-900.0,0.0,SD,8849900.0,20125600.0,True,0.0,11:29:25
19050.0,100,-900.0,0.0,BU,8849900.0,20103000.0,False,0.0,11:29:24
19050.0,300,-900.0,0.0,BU,8849800.0,20103000.0,False,0.0,11:29:24
19050.0,1000,-900.0,0.0,BU,8849500.0,20103000.0,False,0.0,11:29:24
19050.0,2000,-900.0,0.0,BU,8848500.0,20103000.0,False,0.0,11:29:24
19050.0,200,-900.0,0.0,BU,8846500.0,20103000.0,False,0.0,11:29:24
19050.0,400,-900.0,0.0,BU,8846300.0,20103000.0,False,0.0,11:29:24
19050.0,200,-900.0,0.0,BU,8845900.0,20103000.0,False,0.0,11:29:24
19050.0,1000,-900.0,0.0,BU,8845700.0,20103000.0,False,0.0,11:29:24
19050.0,22200,-900.0,0.0,BU,8844700.0,20103000.0,True,50.0,11:29:24
19000.0,300,-950.0,0.0,SD,8822500.0,20103000.0,False,-50.0,11:29:24
19050.0,300,-900.0,0.0,BU,8822500.0,20102700.0,False,0.0,11:29:21
19050.0,1000,-900.0,0.0,BU,8822200.0,20102700.0,False,0.0,11:29:20
19050.0,2100,-900.0,0.0,BU,8821200.0,20102700.0,False,50.0,11:29:19
19000.0,1500,-950.0,0.0,SD,8819100.0,20102700.0,False,0.0,11:29:18
19000.0,2000,-950.0,0.0,SD,8819100.0,20101200.0,False,-50.0,11:29:18
19050.0,200,-900.0,0.0,BU,8819100.0,20099200.0,False,50.0,11:29:18
19000.0,500,-950.0,0.0,SD,8818900.0,20099200.0,False,0.0,11:29:18
19000.0,100,-950.0,0.0,SD,8818900.0,20098700.0,False,0.0,11:29:18
19000.0,1000,-950.0,0.0,SD,8818900.0,20098600.0,False,0.0,11:29:18
19000.0,1000,-950.0,0.0,SD,8818900.0,20097600.0,False,0.0,11:29:18
19000.0,500,-950.0,0.0,SD,8818900.0,20096600.0,False,0.0,11:29:18
19000.0,500,-950.0,0.0,SD,8818900.0,20096100.0,False,0.0,11:29:18
19000.0,100,-950.0,0.0,SD,8818900.0,20095600.0,False,0.0,11:29:18
19000.0,3000,-950.0,0.0,SD,8818900.0,20095500.0,False,0.0,11:29:18
19000.0,200,-950.0,0.0,SD,8818900.0,20092500.0,False,0.0,11:29:18
19000.0,1000,-950.0,0.0,SD,8818900.0,20092300.0,False,0.0,11:29:18
19000.0,3000,-950.0,0.0,SD,8818900.0,20091300.0,False,0.0,11:29:18
19000.0,500,-950.0,0.0,SD,8818900.0,20088300.0,False,0.0,11:29:18
19000.0,100,-950.0,0.0,SD,8818900.0,20087800.0,False,0.0,11:29:18
19000.0,2000,-950.0,0.0,SD,8818900.0,20087700.0,False,0.0,11:29:18
19000.0,3000,-950.0,0.0,SD,8818900.0,20085700.0,False,0.0,11:29:18
19000.0,1000,-950.0,0.0,SD,8818900.0,20082700.0,False,0.0,11:29:18
19000.0,5000,-950.0,0.0,SD,8818900.0,20081700.0,False,0.0,11:29:18
19000.0,1000,-950.0,0.0,SD,8818900.0,20076700.0,False,0.0,11:29:18
19000.0,100,-950.0,0.0,SD,8818900.0,20075700.0,False,0.0,11:29:18
19000.0,900,-950.0,0.0,SD,8818900.0,20075600.0,False,0.0,11:29:18
19000.0,1000,-950.0,0.0,SD,8818900.0,20074700.0,False,0.0,11:29:18
19000.0,1000,-950.0,0.0,SD,8818900.0,20073700.0,False,0.0,11:29:18
19000.0,200,-950.0,0.0,SD,8818900.0,20072700.0,False,0.0,11:29:18
19000.0,3000,-950.0,0.0,SD,8818900.0,20072500.0,False,0.0,11:29:18
19000.0,300,-950.0,0.0,SD,8818900.0,20069500.0,False,0.0,11:29:18
19000.0,100,-950.0,0.0,SD,8818900.0,20069200.0,False,0.0,11:29:18
19000.0,200,-950.0,0.0,SD,8818900.0,20069100.0,False,0.0,11:29:18
19000.0,200,-950.0,0.0,SD,8818900.0,20068900.0,False,0.0,11:29:18
19000.0,800,-950.0,0.0,SD,8818900.0,20068700.0,False,0.0,11:29:18
19000.0,100,-950.0,0.0,SD,8818900.0,20067900.0,False,0.0,11:29:18
19000.0,100,-950.0,0.0,SD,8818900.0,20067800.0,False,0.0,11:29:17
19000.0,100,-950.0,0.0,SD,8818900.0,20067700.0,False,0.0,11:29:17
19000.0,100,-950.0,0.0,SD,8818900.0,20067600.0,False,0.0,11:29:17
19000.0,500,-950.0,0.0,SD,8818900.0,20067500.0,False,0.0,11:29:17
19000.0,200,-950.0,0.0,SD,8818900.0,20067000.0,False,0.0,11:29:17
19000.0,300,-950.0,0.0,SD,8818900.0,20066800.0,False,0.0,11:29:17
19000.0,300,-950.0,0.0,SD,8818900.0,20066500.0,False,0.0,11:29:17
19000.0,500,-950.0,0.0,SD,8818900.0,20066200.0,False,0.0,11:29:17
19000.0,100,-950.0,0.0,SD,8818900.0,20065700.0,False,0.0,11:29:17
19000.0,100,-950.0,0.0,SD,8818900.0,20065600.0,False,0.0,11:29:17
19000.0,200,-950.0,0.0,SD,8818900.0,20065500.0,False,0.0,11:29:17
19000.0,700,-950.0,0.0,SD,8818900.0,20065300.0,False,-50.0,11:29:17
19050.0,200,-900.0,0.0,BU,8818900.0,20064600.0,False,50.0,11:29:17
19000.0,300,-950.0,0.0,SD,8818700.0,20064600.0,False,0.0,11:29:17
19000.0,100,-950.0,0.0,SD,8818700.0,20064300.0,False,-50.0,11:29:17
19050.0,100,-900.0,0.0,BU,8818700.0,20064200.0,False,0.0,11:29:17
19050.0,100,-900.0,0.0,BU,8818600.0,20064200.0,False,0.0,11:29:17
19050.0,1500,-900.0,0.0,BU,8818500.0,20064200.0,False,50.0,11:29:16
19000.0,200,-950.0,0.0,SD,8817000.0,20064200.0,False,-50.0,11:29:16
19050.0,100,-900.0,0.0,BU,8817000.0,20064000.0,False,0.0,11:29:16
19050.0,100,-900.0,0.0,BU,8816900.0,20064000.0,False,0.0,11:29:16
19050.0,2000,-900.0,0.0,SD,8816800.0,20064000.0,False,0.0,11:29:15
19050.0,800,-900.0,0.0,SD,8816800.0,20062000.0,False,0.0,11:29:15
19050.0,1000,-900.0,0.0,SD,8816800.0,20061200.0,False,0.0,11:29:15
19050.0,2200,-900.0,0.0,SD,8816800.0,20060200.0,False,0.0,11:29:15
19050.0,100,-900.0,0.0,SD,8816800.0,20058000.0,False,0.0,11:29:15
19050.0,100,-900.0,0.0,SD,8816800.0,20057900.0,False,0.0,11:29:15
19050.0,300,-900.0,0.0,SD,8816800.0,20057800.0,False,0.0,11:29:15
19050.0,100,-900.0,0.0,SD,8816800.0,20057500.0,False,0.0,11:29:15
19050.0,200,-900.0,0.0,SD,8816800.0,20057400.0,False,0.0,11:29:15
19050.0,1500,-900.0,0.0,SD,8816800.0,20057200.0,False,0.0,11:29:15
19050.0,5000,-900.0,0.0,SD,8816800.0,20055700.0,False,0.0,11:29:15
19050.0,2900,-900.0,0.0,SD,8816800.0,20050700.0,False,0.0,11:29:15
19050.0,1000,-900.0,0.0,SD,8816800.0,20047800.0,False,0.0,11:29:15
19050.0,1000,-900.0,0.0,SD,8816800.0,20046800.0,False,0.0,11:29:15
19050.0,500,-900.0,0.0,SD,8816800.0,20045800.0,False,0.0,11:29:15
19050.0,100,-900.0,0.0,SD,8816800.0,20045300.0,False,0.0,11:29:15
19050.0,2000,-900.0,0.0,SD,8816800.0,20045200.0,False,0.0,11:29:15
19050.0,100,-900.0,0.0,SD,8816800.0,20043200.0,False,0.0,11:29:15
19050.0,1000,-900.0,0.0,SD,8816800.0,20043100.0,False,0.0,11:29:15
19050.0,100,-900.0,0.0,SD,8816800.0,20042100.0,False,0.0,11:29:15
19050.0,100,-900.0,0.0,SD,8816800.0,20042000.0,False,0.0,11:29:15
19050.0,2500,-900.0,0.0,SD,8816800.0,20041900.0,False,0.0,11:29:15
19050.0,100,-900.0,0.0,SD,8816800.0,20039400.0,False,0.0,11:29:15
19050.0,100,-900.0,0.0,SD,8816800.0,20039300.0,False,0.0,11:29:15
19050.0,1500,-900.0,0.0,SD,8816800.0,20039200.0,False,0.0,11:29:15
19050.0,5000,-900.0,0.0,SD,8816800.0,20037700.0,False,0.0,11:29:15
19050.0,100,-900.0,0.0,SD,8816800.0,20032700.0,False,0.0,11:29:15
19050.0,100,-900.0,0.0,SD,8816800.0,20032600.0,False,0.0,11:29:15
19050.0,700,-900.0,0.0,SD,8816800.0,20032500.0,False,0.0,11:29:15
19050.0,500,-900.0,0.0,SD,8816800.0,20031800.0,False,0.0,11:29:15
19050.0,1000,-900.0,0.0,SD,8816800.0,20031300.0,False,0.0,11:29:15
19050.0,400,-900.0,0.0,SD,8816800.0,20030300.0,False,0.0,11:29:15
19050.0,4000,-900.0,0.0,SD,8816800.0,20029900.0,False,0.0,11:29:15
19050.0,100,-900.0,0.0,SD,8816800.0,20025900.0,False,0.0,11:29:15
19050.0,100,-900.0,0.0,SD,8816800.0,20025800.0,False,0.0,11:29:15
19050.0,500,-900.0,0.0,SD,8816800.0,20025700.0,False,0.0,11:29:15
19050.0,200,-900.0,0.0,SD,8816800.0,20025200.0,False,0.0,11:29:15
19050.0,500,-900.0,0.0,SD,8816800.0,20025000.0,False,0.0,11:29:15
19050.0,1000,-900.0,0.0,SD,8816800.0,20024500.0,False,0.0,11:29:15
19050.0,100,-900.0,0.0,SD,8816800.0,20023500.0,False,0.0,11:29:15
19050.0,100,-900.0,0.0,SD,8816800.0,20023400.0,False,0.0,11:29:15
19050.0,300,-900.0,0.0,SD,8816800.0,20023300.0,False,0.0,11:29:15
19050.0,1000,-900.0,0.0,SD,8816800.0,20023000.0,False,0.0,11:29:15
19050.0,300,-900.0,0.0,SD,8816800.0,20022000.0,False,0.0,11:29:15
19050.0,200,-900.0,0.0,SD,8816800.0,20021700.0,False,0.0,11:29:15
19050.0,200,-900.0,0.0,SD,8816800.0,20021500.0,False,0.0,11:29:15
19050.0,1000,-900.0,0.0,SD,8816800.0,20021300.0,False,0.0,11:29:15
19050.0,500,-900.0,0.0,SD,8816800.0,20020300.0,False,0.0,11:29:15
19050.0,1000,-900.0,0.0,SD,8816800.0,20019800.0,False,0.0,11:29:15
19050.0,1500,-900.0,0.0,SD,8816800.0,20018800.0,False,0.0,11:29:15
19050.0,100,-900.0,0.0,SD,8816800.0,20017300.0,False,0.0,11:29:15
19050.0,200,-900.0,0.0,SD,8816800.0,20017200.0,False,0.0,11:29:15
19050.0,2000,-900.0,0.0,SD,8816800.0,20017000.0,False,0.0,11:29:15
19050.0,600,-900.0,0.0,SD,8816800.0,20015000.0,False,0.0,11:29:15
19050.0,100,-900.0,0.0,SD,8816800.0,20014400.0,False,0.0,11:29:15
19050.0,1300,-900.0,0.0,SD,8816800.0,20014300.0,False,0.0,11:29:15
19050.0,1000,-900.0,0.0,SD,8816800.0,20013000.0,False,0.0,11:29:15
19050.0,2000,-900.0,0.0,SD,8816800.0,20012000.0,False,0.0,11:29:15
19050.0,5000,-900.0,0.0,SD,8816800.0,20010000.0,False,0.0,11:29:15
19050.0,500,-900.0,0.0,SD,8816800.0,20005000.0,False,0.0,11:29:15
19050.0,200,-900.0,0.0,SD,8816800.0,20004500.0,False,0.0,11:29:15
19050.0,2500,-900.0,0.0,SD,8816800.0,20004300.0,False,0.0,11:29:15
19050.0,1000,-900.0,0.0,SD,8816800.0,20001800.0,False,0.0,11:29:15
19050.0,300,-900.0,0.0,SD,8816800.0,20000800.0,False,0.0,11:29:15
19050.0,100,-900.0,0.0,SD,8816800.0,20000500.0,False,0.0,11:29:15
19050.0,500,-900.0,0.0,SD,8816800.0,20000400.0,False,0.0,11:29:15
19050.0,1000,-900.0,0.0,SD,8816800.0,19999900.0,False,0.0,11:29:15
19050.0,1000,-900.0,0.0,SD,8816800.0,19998900.0,False,0.0,11:29:15
19050.0,100,-900.0,0.0,SD,8816800.0,19997900.0,False,0.0,11:29:15
19050.0,100,-900.0,0.0,SD,8816800.0,19997800.0,False,0.0,11:29:15
19050.0,4000,-900.0,0.0,SD,8816800.0,19997700.0,False,0.0,11:29:15
19050.0,1000,-900.0,0.0,SD,8816800.0,19993700.0,False,0.0,11:29:15
19050.0,800,-900.0,0.0,SD,8816800.0,19992700.0,False,0.0,11:29:15
19050.0,200,-900.0,0.0,SD,8816800.0,19991900.0,False,0.0,11:29:15
19050.0,9800,-900.0,0.0,SD,8816800.0,19991700.0,False,0.0,11:29:15
19050.0,200,-900.0,0.0,SD,8816800.0,19981900.0,False,0.0,11:29:14
19050.0,100,-900.0,0.0,SD,8816800.0,19981700.0,False,0.0,11:29:14
19050.0,1000,-900.0,0.0,SD,8816800.0,19981600.0,False,0.0,11:29:14
19050.0,200,-900.0,0.0,SD,8816800.0,19980600.0,False,0.0,11:29:14
19050.0,100,-900.0,0.0,SD,8816800.0,19980400.0,False,0.0,11:29:14
19050.0,600,-900.0,0.0,SD,8816800.0,19980300.0,False,0.0,11:29:14
19050.0,200,-900.0,0.0,SD,8816800.0,19979700.0,False,0.0,11:29:14
19050.0,4000,-900.0,0.0,SD,8816800.0,19979500.0,False,0.0,11:29:14
19050.0,1000,-900.0,0.0,SD,8816800.0,19975500.0,False,0.0,11:29:14
19050.0,100,-900.0,0.0,SD,8816800.0,19974500.0,False,0.0,11:29:14
19050.0,500,-900.0,0.0,SD,8816800.0,19974400.0,False,0.0,11:29:14
19050.0,500,-900.0,0.0,SD,8816800.0,19973900.0,False,0.0,11:29:14
19050.0,500,-900.0,0.0,SD,8816800.0,19973400.0,False,0.0,11:29:14
19050.0,200,-900.0,0.0,SD,8816800.0,19972900.0,False,0.0,11:29:14
19050.0,800,-900.0,0.0,SD,8816800.0,19972700.0,False,0.0,11:29:14
19050.0,200,-900.0,0.0,SD,8816800.0,19971900.0,False,0.0,11:29:13
19050.0,100,-900.0,0.0,SD,8816800.0,19971700.0,False,0.0,11:29:13
19050.0,100,-900.0,0.0,SD,8816800.0,19971600.0,False,0.0,11:29:13
19050.0,100,-900.0,0.0,SD,8816800.0,19971500.0,False,0.0,11:29:13
19050.0,1000,-900.0,0.0,SD,8816800.0,19971400.0,False,0.0,11:29:13
19050.0,100,-900.0,0.0,SD,8816800.0,19970400.0,False,0.0,11:29:13
19050.0,500,-900.0,0.0,SD,8816800.0,19970300.0,False,0.0,11:29:13
19050.0,2200,-900.0,0.0,SD,8816800.0,19969800.0,False,0.0,11:29:13
19050.0,1000,-900.0,0.0,SD,8816800.0,19967600.0,False,0.0,11:29:12
19050.0,6800,-900.0,0.0,SD,8816800.0,19966600.0,False,0.0,11:29:11
19050.0,4200,-900.0,0.0,SD,8816800.0,19959800.0,False,0.0,11:29:11
19050.0,200,-900.0,0.0,SD,8816800.0,19955600.0,False,0.0,11:29:11
19050.0,100,-900.0,0.0,SD,8816800.0,19955400.0,False,0.0,11:29:11
19050.0,100,-900.0,0.0,SD,8816800.0,19955300.0,False,0.0,11:29:11
19050.0,200,-900.0,0.0,SD,8816800.0,19955200.0,False,0.0,11:29:11
19050.0,2000,-900.0,0.0,SD,8816800.0,19955000.0,False,0.0,11:29:11
19050.0,1400,-900.0,0.0,SD,8816800.0,19953000.0,False,0.0,11:29:11
19050.0,100,-900.0,0.0,SD,8816800.0,19951600.0,False,-50.0,11:29:11
19100.0,200,-850.0,0.0,BU,8816800.0,19951500.0,False,50.0,11:29:10
19050.0,1000,-900.0,0.0,SD,8816600.0,19951500.0,False,0.0,11:29:10
19050.0,2500,-900.0,0.0,SD,8816600.0,19950500.0,False,0.0,11:29:08
19050.0,5000,-900.0,0.0,SD,8816600.0,19948000.0,False,0.0,11:29:08
19050.0,2900,-900.0,0.0,SD,8816600.0,19943000.0,False,0.0,11:29:08
19050.0,2000,-900.0,0.0,SD,8816600.0,19940100.0,False,0.0,11:29:08
19050.0,400,-900.0,0.0,SD,8816600.0,19938100.0,False,0.0,11:29:08
19050.0,1000,-900.0,0.0,SD,8816600.0,19937700.0,False,0.0,11:29:08
19050.0,300,-900.0,0.0,SD,8816600.0,19936700.0,False,0.0,11:29:08
19050.0,1000,-900.0,0.0,SD,8816600.0,19936400.0,False,0.0,11:29:08
19050.0,2000,-900.0,0.0,SD,8816600.0,19935400.0,False,0.0,11:29:08
19050.0,1000,-900.0,0.0,SD,8816600.0,19933400.0,False,0.0,11:29:08
19050.0,1900,-900.0,0.0,SD,8816600.0,19932400.0,False,0.0,11:29:08
19050.0,800,-900.0,0.0,SD,8816600.0,19930500.0,False,0.0,11:29:08
19050.0,300,-900.0,0.0,SD,8816600.0,19929700.0,False,0.0,11:29:07
19050.0,500,-900.0,0.0,SD,8816600.0,19929400.0,False,0.0,11:29:07
19050.0,10000,-900.0,0.0,SD,8816600.0,19928900.0,False,0.0,11:29:07
19050.0,300,-900.0,0.0,SD,8816600.0,19918900.0,False,0.0,11:29:07
19050.0,100,-900.0,0.0,SD,8816600.0,19918600.0,False,0.0,11:29:07
19050.0,100,-900.0,0.0,SD,8816600.0,19918500.0,False,0.0,11:29:07
19050.0,400,-900.0,0.0,SD,8816600.0,19918400.0,False,0.0,11:29:07
19050.0,600,-900.0,0.0,SD,8816600.0,19918000.0,False,0.0,11:29:07
19050.0,1000,-900.0,0.0,SD,8816600.0,19917400.0,False,0.0,11:29:07
19050.0,1000,-900.0,0.0,SD,8816600.0,19916400.0,False,0.0,11:29:07
19050.0,1000,-900.0,0.0,SD,8816600.0,19915400.0,False,0.0,11:29:07
19050.0,1000,-900.0,0.0,SD,8816600.0,19914400.0,False,0.0,11:29:07
19050.0,100,-900.0,0.0,SD,8816600.0,19913400.0,False,0.0,11:29:07
19050.0,500,-900.0,0.0,SD,8816600.0,19913300.0,False,0.0,11:29:07
19050.0,500,-900.0,0.0,SD,8816600.0,19912800.0,False,0.0,11:29:07
19050.0,200,-900.0,0.0,SD,8816600.0,19912300.0,False,0.0,11:29:07
19050.0,600,-900.0,0.0,SD,8816600.0,19912100.0,False,0.0,11:29:07
19050.0,500,-900.0,0.0,SD,8816600.0,19911500.0,False,0.0,11:29:06
19050.0,11600,-900.0,0.0,SD,8816600.0,19911000.0,True,0.0,11:29:06
19050.0,200,-900.0,0.0,SD,8816600.0,19899400.0,False,0.0,11:29:06
19050.0,300,-900.0,0.0,SD,8816600.0,19899200.0,False,0.0,11:29:06
19050.0,500,-900.0,0.0,SD,8816600.0,19898900.0,False,0.0,11:29:06
19050.0,1000,-900.0,0.0,SD,8816600.0,19898400.0,False,0.0,11:29:06
19050.0,100,-900.0,0.0,SD,8816600.0,19897400.0,False,0.0,11:29:06
19050.0,100,-900.0,0.0,SD,8816600.0,19897300.0,False,0.0,11:29:06
19050.0,100,-900.0,0.0,SD,8816600.0,19897200.0,False,0.0,11:29:06
19050.0,100,-900.0,0.0,SD,8816600.0,19897100.0,False,0.0,11:29:06
19050.0,300,-900.0,0.0,SD,8816600.0,19897000.0,False,0.0,11:29:06
19050.0,200,-900.0,0.0,SD,8816600.0,19896700.0,False,0.0,11:29:06
19050.0,900,-900.0,0.0,SD,8816600.0,19896500.0,False,0.0,11:29:06
19050.0,200,-900.0,0.0,SD,8816600.0,19895600.0,False,0.0,11:29:06
19050.0,100,-900.0,0.0,SD,8816600.0,19895400.0,False,0.0,11:29:06
19050.0,200,-900.0,0.0,SD,8816600.0,19895300.0,False,0.0,11:29:06
19050.0,10000,-900.0,0.0,SD,8816600.0,19895100.0,False,0.0,11:29:06
19050.0,1200,-900.0,0.0,SD,8816600.0,19885100.0,False,0.0,11:29:06
19050.0,100,-900.0,0.0,SD,8816600.0,19883900.0,False,0.0,11:29:06
19050.0,200,-900.0,0.0,SD,8816600.0,19883800.0,False,0.0,11:29:06
19050.0,1400,-900.0,0.0,SD,8816600.0,19883600.0,False,0.0,11:29:06
19050.0,100,-900.0,0.0,SD,8816600.0,19882200.0,False,0.0,11:29:06
19050.0,1000,-900.0,0.0,SD,8816600.0,19882100.0,False,0.0,11:29:06
19050.0,100,-900.0,0.0,SD,8816600.0,19881100.0,False,0.0,11:29:06
19050.0,200,-900.0,0.0,SD,8816600.0,19881000.0,False,0.0,11:29:06
19050.0,1000,-900.0,0.0,SD,8816600.0,19880800.0,False,0.0,11:29:06
19050.0,100,-900.0,0.0,SD,8816600.0,19879800.0,False,0.0,11:29:06
19050.0,900,-900.0,0.0,SD,8816600.0,19879700.0,False,0.0,11:29:06
19050.0,500,-900.0,0.0,SD,8816600.0,19878800.0,False,0.0,11:29:06
19050.0,500,-900.0,0.0,SD,8816600.0,19878300.0,False,0.0,11:29:06
19050.0,100,-900.0,0.0,SD,8816600.0,19877800.0,False,-50.0,11:29:06
19100.0,200,-850.0,0.0,BU,8816600.0,19877700.0,False,0.0,11:29:06
19100.0,100,-850.0,0.0,BU,8816400.0,19877700.0,False,0.0,11:29:06
19100.0,200,-850.0,0.0,BU,8816300.0,19877700.0,False,50.0,11:29:06
19050.0,400,-900.0,0.0,SD,8816100.0,19877700.0,False,0.0,11:29:04
19050.0,9500,-900.0,0.0,SD,8816100.0,19877300.0,False,0.0,11:29:04
19050.0,5000,-900.0,0.0,SD,8816100.0,19867800.0,False,0.0,11:29:04
19050.0,300,-900.0,0.0,SD,8816100.0,19862800.0,False,0.0,11:29:04
19050.0,100,-900.0,0.0,SD,8816100.0,19862500.0,False,0.0,11:29:04
19050.0,500,-900.0,0.0,SD,8816100.0,19862400.0,False,0.0,11:29:04
19050.0,500,-900.0,0.0,SD,8816100.0,19861900.0,False,0.0,11:29:04
19050.0,1000,-900.0,0.0,SD,8816100.0,19861400.0,False,0.0,11:29:04
19050.0,1000,-900.0,0.0,SD,8816100.0,19860400.0,False,0.0,11:29:04
19050.0,200,-900.0,0.0,SD,8816100.0,19859400.0,False,0.0,11:29:04
19050.0,1000,-900.0,0.0,SD,8816100.0,19859200.0,False,0.0,11:29:04
19050.0,500,-900.0,0.0,SD,8816100.0,19858200.0,False,0.0,11:29:04
19050.0,300,-900.0,0.0,SD,8816100.0,19857700.0,False,0.0,11:29:04
19050.0,5000,-900.0,0.0,SD,8816100.0,19857400.0,False,0.0,11:29:04
19050.0,200,-900.0,0.0,SD,8816100.0,19852400.0,False,0.0,11:29:04
19050.0,2000,-900.0,0.0,SD,8816100.0,19852200.0,False,0.0,11:29:04
19050.0,2000,-900.0,0.0,SD,8816100.0,19850200.0,False,0.0,11:29:04
19050.0,100,-900.0,0.0,SD,8816100.0,19848200.0,False,0.0,11:29:04
19050.0,1000,-900.0,0.0,SD,8816100.0,19848100.0,False,0.0,11:29:04
19050.0,100,-900.0,0.0,SD,8816100.0,19847100.0,False,0.0,11:29:04
19050.0,1500,-900.0,0.0,SD,8816100.0,19847000.0,False,0.0,11:29:04
19050.0,500,-900.0,0.0,SD,8816100.0,19845500.0,False,0.0,11:29:04
19050.0,100,-900.0,0.0,SD,8816100.0,19845000.0,False,0.0,11:29:04
19050.0,200,-900.0,0.0,SD,8816100.0,19844900.0,False,0.0,11:29:04
19050.0,100,-900.0,0.0,SD,8816100.0,19844700.0,False,0.0,11:29:04
19050.0,100,-900.0,0.0,SD,8816100.0,19844600.0,False,0.0,11:29:04
19050.0,100,-900.0,0.0,SD,8816100.0,19844500.0,False,0.0,11:29:04
19050.0,100,-900.0,0.0,SD,8816100.0,19844400.0,False,0.0,11:29:04
19050.0,1000,-900.0,0.0,SD,8816100.0,19844300.0,False,0.0,11:29:04
19050.0,3000,-900.0,0.0,SD,8816100.0,19843300.0,False,0.0,11:29:04
19050.0,500,-900.0,0.0,SD,8816100.0,19840300.0,False,0.0,11:29:04
19050.0,700,-900.0,0.0,SD,8816100.0,19839800.0,False,0.0,11:29:04
19050.0,100,-900.0,0.0,SD,8816100.0,19839100.0,False,0.0,11:29:04
19050.0,100,-900.0,0.0,SD,8816100.0,19839000.0,False,0.0,11:29:04
19050.0,300,-900.0,0.0,SD,8816100.0,19838900.0,False,0.0,11:29:04
19050.0,1000,-900.0,0.0,SD,8816100.0,19838600.0,False,0.0,11:29:04
19050.0,20000,-900.0,0.0,SD,8816100.0,19837600.0,True,0.0,11:29:04
19050.0,1000,-900.0,0.0,SD,8816100.0,19817600.0,False,0.0,11:29:04
19050.0,300,-900.0,0.0,SD,8816100.0,19816600.0,False,0.0,11:29:04
19050.0,200,-900.0,0.0,SD,8816100.0,19816300.0,False,0.0,11:29:04
19050.0,800,-900.0,0.0,SD,8816100.0,19816100.0,False,0.0,11:29:04
19050.0,5000,-900.0,0.0,SD,8816100.0,19815300.0,False,0.0,11:29:04
19050.0,2000,-900.0,0.0,SD,8816100.0,19810300.0,False,0.0,11:29:04
19050.0,200,-900.0,0.0,SD,8816100.0,19808300.0,False,0.0,11:29:04
19050.0,300,-900.0,0.0,SD,8816100.0,19808100.0,False,0.0,11:29:04
19050.0,100,-900.0,0.0,SD,8816100.0,19807800.0,False,0.0,11:29:04
19050.0,500,-900.0,0.0,SD,8816100.0,19807700.0,False,0.0,11:29:04
19050.0,1000,-900.0,0.0,SD,8816100.0,19807200.0,False,0.0,11:29:04
19050.0,500,-900.0,0.0,SD,8816100.0,19806200.0,False,0.0,11:29:04
19050.0,100,-900.0,0.0,SD,8816100.0,19805700.0,False,0.0,11:29:04
19050.0,2000,-900.0,0.0,SD,8816100.0,19805600.0,False,0.0,11:29:04
19050.0,100,-900.0,0.0,SD,8816100.0,19803600.0,False,0.0,11:29:04
19050.0,2000,-900.0,0.0,SD,8816100.0,19803500.0,False,0.0,11:29:04
19050.0,200,-900.0,0.0,SD,8816100.0,19801500.0,False,0.0,11:29:04
19050.0,100,-900.0,0.0,SD,8816100.0,19801300.0,False,0.0,11:29:04
19050.0,100,-900.0,0.0,SD,8816100.0,19801200.0,False,0.0,11:29:04
19050.0,800,-900.0,0.0,SD,8816100.0,19801100.0,False,0.0,11:29:04
19050.0,100,-900.0,0.0,SD,8816100.0,19800300.0,False,0.0,11:29:04
19050.0,100,-900.0,0.0,SD,8816100.0,19800200.0,False,0.0,11:29:04
19050.0,100,-900.0,0.0,SD,8816100.0,19800100.0,False,0.0,11:29:04
19050.0,200,-900.0,0.0,SD,8816100.0,19800000.0,False,0.0,11:29:04
19050.0,100,-900.0,0.0,SD,8816100.0,19799800.0,False,0.0,11:29:04
19050.0,10000,-900.0,0.0,SD,8816100.0,19799700.0,False,0.0,11:29:04
19050.0,1000,-900.0,0.0,SD,8816100.0,19789700.0,False,0.0,11:29:04
19050.0,2000,-900.0,0.0,SD,8816100.0,19788700.0,False,0.0,11:29:04
19050.0,10000,-900.0,0.0,SD,8816100.0,19786700.0,False,0.0,11:29:04
19050.0,2000,-900.0,0.0,SD,8816100.0,19776700.0,False,0.0,11:29:04
19050.0,5000,-900.0,0.0,SD,8816100.0,19774700.0,False,0.0,11:29:04
19050.0,500,-900.0,0.0,SD,8816100.0,19769700.0,False,0.0,11:29:04
19050.0,100,-900.0,0.0,SD,8816100.0,19769200.0,False,0.0,11:29:04
19050.0,2100,-900.0,0.0,SD,8816100.0,19769100.0,False,0.0,11:29:04
19050.0,1000,-900.0,0.0,SD,8816100.0,19767000.0,False,0.0,11:29:04
19050.0,500,-900.0,0.0,SD,8816100.0,19766000.0,False,0.0,11:29:04
19050.0,100,-900.0,0.0,SD,8816100.0,19765500.0,False,0.0,11:29:04
19050.0,800,-900.0,0.0,SD,8816100.0,19765400.0,False,0.0,11:29:04
19050.0,500,-900.0,0.0,SD,8816100.0,19764600.0,False,0.0,11:29:04
19050.0,500,-900.0,0.0,SD,8816100.0,19764100.0,False,0.0,11:29:04
19050.0,400,-900.0,0.0,SD,8816100.0,19763600.0,False,0.0,11:29:04
19050.0,1000,-900.0,0.0,SD,8816100.0,19763200.0,False,0.0,11:29:04
19050.0,100,-900.0,0.0,SD,8816100.0,19762200.0,False,0.0,11:29:04
19050.0,1000,-900.0,0.0,SD,8816100.0,19762100.0,False,0.0,11:29:04
19050.0,500,-900.0,0.0,SD,8816100.0,19761100.0,False,0.0,11:29:04
19050.0,500,-900.0,0.0,SD,8816100.0,19760600.0,False,0.0,11:29:04
19050.0,300,-900.0,0.0,SD,8816100.0,19760100.0,False,0.0,11:29:04
19050.0,100,-900.0,0.0,SD,8816100.0,19759800.0,False,0.0,11:29:04
19050.0,5000,-900.0,0.0,SD,8816100.0,19759700.0,False,0.0,11:29:04
19050.0,500,-900.0,0.0,SD,8816100.0,19754700.0,False,0.0,11:29:04
19050.0,200,-900.0,0.0,SD,8816100.0,19754200.0,False,0.0,11:29:04
19050.0,1000,-900.0,0.0,SD,8816100.0,19754000.0,False,0.0,11:29:04
19050.0,2000,-900.0,0.0,SD,8816100.0,19753000.0,False,0.0,11:29:04
19050.0,100,-900.0,0.0,SD,8816100.0,19751000.0,False,0.0,11:29:04
19050.0,1000,-900.0,0.0,SD,8816100.0,19750900.0,False,0.0,11:29:04
19050.0,100,-900.0,0.0,SD,8816100.0,19749900.0,False,0.0,11:29:04
19050.0,200,-900.0,0.0,SD,8816100.0,19749800.0,False,0.0,11:29:04
19050.0,2000,-900.0,0.0,SD,8816100.0,19749600.0,False,0.0,11:29:04
19050.0,100,-900.0,0.0,SD,8816100.0,19747600.0,False,0.0,11:29:04
19050.0,2000,-900.0,0.0,SD,8816100.0,19747500.0,False,0.0,11:29:04
19050.0,100,-900.0,0.0,SD,8816100.0,19745500.0,False,0.0,11:29:04
19050.0,3000,-900.0,0.0,SD,8816100.0,19745400.0,False,0.0,11:29:04
19050.0,100,-900.0,0.0,SD,8816100.0,19742400.0,False,0.0,11:29:04
19050.0,100,-900.0,0.0,SD,8816100.0,19742300.0,False,0.0,11:29:04
19050.0,1000,-900.0,0.0,SD,8816100.0,19742200.0,False,0.0,11:29:04
19050.0,100,-900.0,0.0,SD,8816100.0,19741200.0,False,0.0,11:29:04
19050.0,10000,-900.0,0.0,SD,8816100.0,19741100.0,False,0.0,11:29:04
19050.0,200,-900.0,0.0,SD,8816100.0,19731100.0,False,0.0,11:29:04
19050.0,1000,-900.0,0.0,SD,8816100.0,19730900.0,False,0.0,11:29:04
19050.0,1000,-900.0,0.0,SD,8816100.0,19729900.0,False,0.0,11:29:04
19050.0,100,-900.0,0.0,SD,8816100.0,19728900.0,False,0.0,11:29:04
19050.0,100,-900.0,0.0,SD,8816100.0,19728800.0,False,0.0,11:29:04
19050.0,100,-900.0,0.0,SD,8816100.0,19728700.0,False,0.0,11:29:04
19050.0,1000,-900.0,0.0,SD,8816100.0,19728600.0,False,0.0,11:29:04
19050.0,100,-900.0,0.0,SD,8816100.0,19727600.0,False,0.0,11:29:04
19050.0,100,-900.0,0.0,SD,8816100.0,19727500.0,False,0.0,11:29:04
19050.0,1000,-900.0,0.0,SD,8816100.0,19727400.0,False,0.0,11:29:04
19050.0,200,-900.0,0.0,SD,8816100.0,19726400.0,False,0.0,11:29:04
19050.0,500,-900.0,0.0,SD,8816100.0,19726200.0,False,0.0,11:29:04
19050.0,300,-900.0,0.0,SD,8816100.0,19725700.0,False,0.0,11:29:04
19050.0,100,-900.0,0.0,SD,8816100.0,19725400.0,False,0.0,11:29:04
19050.0,500,-900.0,0.0,SD,8816100.0,19725300.0,False,0.0,11:29:04
19050.0,100,-900.0,0.0,SD,8816100.0,19724800.0,False,0.0,11:29:04
19050.0,1000,-900.0,0.0,SD,8816100.0,19724700.0,False,0.0,11:29:04
19050.0,400,-900.0,0.0,SD,8816100.0,19723700.0,False,0.0,11:29:04
19050.0,100,-900.0,0.0,SD,8816100.0,19723300.0,False,0.0,11:29:04
19050.0,2000,-900.0,0.0,SD,8816100.0,19723200.0,False,0.0,11:29:04
19050.0,1000,-900.0,0.0,SD,8816100.0,19721200.0,False,0.0,11:29:04
19050.0,100,-900.0,0.0,SD,8816100.0,19720200.0,False,0.0,11:29:04
19050.0,1000,-900.0,0.0,SD,8816100.0,19720100.0,False,0.0,11:29:04
19050.0,100,-900.0,0.0,SD,8816100.0,19719100.0,False,0.0,11:29:04
19050.0,600,-900.0,0.0,SD,8816100.0,19719000.0,False,0.0,11:29:04
19050.0,2000,-900.0,0.0,SD,8816100.0,19718400.0,False,0.0,11:29:04
19050.0,10000,-900.0,0.0,SD,8816100.0,19716400.0,False,0.0,11:29:04
19050.0,200,-900.0,0.0,SD,8816100.0,19706400.0,False,0.0,11:29:04
19050.0,500,-900.0,0.0,SD,8816100.0,19706200.0,False,0.0,11:29:04
19050.0,5100,-900.0,0.0,SD,8816100.0,19705700.0,False,0.0,11:29:04
19050.0,2000,-900.0,0.0,SD,8816100.0,19700600.0,False,0.0,11:29:04
19050.0,100,-900.0,0.0,SD,8816100.0,19698600.0,False,0.0,11:29:04
19050.0,100,-900.0,0.0,SD,8816100.0,19698500.0,False,0.0,11:29:04
19050.0,800,-900.0,0.0,SD,8816100.0,19698400.0,False,0.0,11:29:04
19050.0,100,-900.0,0.0,SD,8816100.0,19697600.0,False,0.0,11:29:04
19050.0,1000,-900.0,0.0,SD,8816100.0,19697500.0,False,0.0,11:29:04
19050.0,100,-900.0,0.0,SD,8816100.0,19696500.0,False,0.0,11:29:04
19050.0,100,-900.0,0.0,SD,8816100.0,19696400.0,False,0.0,11:29:04
19050.0,500,-900.0,0.0,SD,8816100.0,19696300.0,False,0.0,11:29:04
19050.0,1000,-900.0,0.0,SD,8816100.0,19695800.0,False,0.0,11:29:04
19050.0,200,-900.0,0.0,SD,8816100.0,19694800.0,False,0.0,11:29:04
19050.0,5000,-900.0,0.0,SD,8816100.0,19694600.0,False,0.0,11:29:04
19050.0,12300,-900.0,0.0,SD,8816100.0,19689600.0,True,0.0,11:29:04
19050.0,20000,-900.0,0.0,SD,8816100.0,19677300.0,True,0.0,11:29:03
19050.0,3600,-900.0,0.0,SD,8816100.0,19657300.0,False,-50.0,11:29:03
19100.0,100,-850.0,0.0,BU,8816100.0,19653700.0,False,50.0,11:29:01
19050.0,32500,-900.0,0.0,SD,8816000.0,19653700.0,True,0.0,11:29:01
19050.0,6000,-900.0,0.0,SD,8816000.0,19621200.0,False,0.0,11:29:00
19050.0,200,-900.0,0.0,SD,8816000.0,19615200.0,False,0.0,11:28:59
19050.0,1000,-900.0,0.0,SD,8816000.0,19615000.0,False,-50.0,11:28:56
19100.0,100,-850.0,0.0,BU,8816000.0,19614000.0,False,50.0,11:28:55
19050.0,24400,-900.0,0.0,SD,8815900.0,19614000.0,True,0.0,11:28:54
19050.0,1000,-900.0,0.0,SD,8815900.0,19589600.0,False,0.0,11:28:54
19050.0,100,-900.0,0.0,SD,8815900.0,19588600.0,False,0.0,11:28:54
19050.0,1000,-900.0,0.0,SD,8815900.0,19588500.0,False,0.0,11:28:53
19050.0,100,-900.0,0.0,SD,8815900.0,19587500.0,False,0.0,11:28:53
19050.0,500,-900.0,0.0,SD,8815900.0,19587400.0,False,0.0,11:28:53
19050.0,1000,-900.0,0.0,SD,8815900.0,19586900.0,False,0.0,11:28:53
19050.0,5000,-900.0,0.0,SD,8815900.0,19585900.0,False,0.0,11:28:53
19050.0,1000,-900.0,0.0,SD,8815900.0,19580900.0,False,0.0,11:28:53
19050.0,10000,-900.0,0.0,SD,8815900.0,19579900.0,False,0.0,11:28:53
19050.0,1000,-900.0,0.0,SD,8815900.0,19569900.0,False,0.0,11:28:53
19050.0,200,-900.0,0.0,SD,8815900.0,19568900.0,False,0.0,11:28:53
19050.0,100,-900.0,0.0,SD,8815900.0,19568700.0,False,0.0,11:28:53
19050.0,200,-900.0,0.0,SD,8815900.0,19568600.0,False,0.0,11:28:53
19050.0,200,-900.0,0.0,SD,8815900.0,19568400.0,False,0.0,11:28:53
19050.0,100,-900.0,0.0,SD,8815900.0,19568200.0,False,0.0,11:28:53
19050.0,1000,-900.0,0.0,SD,8815900.0,19568100.0,False,0.0,11:28:53
19050.0,1500,-900.0,0.0,SD,8815900.0,19567100.0,False,0.0,11:28:53
19050.0,500,-900.0,0.0,SD,8815900.0,19565600.0,False,0.0,11:28:53
19050.0,100,-900.0,0.0,SD,8815900.0,19565100.0,False,0.0,11:28:53
19050.0,500,-900.0,0.0,SD,8815900.0,19565000.0,False,0.0,11:28:53
19050.0,300,-900.0,0.0,SD,8815900.0,19564500.0,False,0.0,11:28:53
19050.0,1000,-900.0,0.0,SD,8815900.0,19564200.0,False,0.0,11:28:53
19050.0,100,-900.0,0.0,SD,8815900.0,19563200.0,False,0.0,11:28:53
19050.0,200,-900.0,0.0,SD,8815900.0,19563100.0,False,0.0,11:28:53
19050.0,200,-900.0,0.0,SD,8815900.0,19562900.0,False,0.0,11:28:53
19050.0,1000,-900.0,0.0,SD,8815900.0,19562700.0,False,0.0,11:28:53
19050.0,2000,-900.0,0.0,SD,8815900.0,19561700.0,False,0.0,11:28:53
19050.0,100,-900.0,0.0,SD,8815900.0,19559700.0,False,0.0,11:28:53
19050.0,200,-900.0,0.0,SD,8815900.0,19559600.0,False,0.0,11:28:53
19050.0,100,-900.0,0.0,SD,8815900.0,19559400.0,False,0.0,11:28:53
19050.0,100,-900.0,0.0,SD,8815900.0,19559300.0,False,0.0,11:28:53
19050.0,200,-900.0,0.0,SD,8815900.0,19559200.0,False,0.0,11:28:53
19050.0,200,-900.0,0.0,SD,8815900.0,19559000.0,False,0.0,11:28:53
19050.0,1500,-900.0,0.0,SD,8815900.0,19558800.0,False,0.0,11:28:53
19050.0,1000,-900.0,0.0,SD,8815900.0,19557300.0,False,0.0,11:28:53
19050.0,2000,-900.0,0.0,SD,8815900.0,19556300.0,False,0.0,11:28:53
19050.0,1000,-900.0,0.0,SD,8815900.0,19554300.0,False,0.0,11:28:53
19050.0,20000,-900.0,0.0,SD,8815900.0,19553300.0,True,0.0,11:28:53
19050.0,100,-900.0,0.0,SD,8815900.0,19533300.0,False,0.0,11:28:53
19050.0,100,-900.0,0.0,SD,8815900.0,19533200.0,False,0.0,11:28:53
19050.0,3000,-900.0,0.0,SD,8815900.0,19533100.0,False,0.0,11:28:53
19050.0,300,-900.0,0.0,SD,8815900.0,19530100.0,False,0.0,11:28:53
19050.0,1000,-900.0,0.0,SD,8815900.0,19529800.0,False,0.0,11:28:53
19050.0,100,-900.0,0.0,SD,8815900.0,19528800.0,False,0.0,11:28:53
19050.0,1000,-900.0,0.0,SD,8815900.0,19528700.0,False,0.0,11:28:53
19050.0,100,-900.0,0.0,SD,8815900.0,19527700.0,False,0.0,11:28:53
19050.0,5000,-900.0,0.0,SD,8815900.0,19527600.0,False,0.0,11:28:53
19050.0,200,-900.0,0.0,SD,8815900.0,19522600.0,False,0.0,11:28:53
19050.0,2000,-900.0,0.0,SD,8815900.0,19522400.0,False,0.0,11:28:53
19050.0,500,-900.0,0.0,SD,8815900.0,19520400.0,False,0.0,11:28:53
19050.0,200,-900.0,0.0,SD,8815900.0,19519900.0,False,0.0,11:28:53
19050.0,1300,-900.0,0.0,SD,8815900.0,19519700.0,False,0.0,11:28:53
19050.0,100,-900.0,0.0,SD,8815900.0,19518400.0,False,0.0,11:28:53
19050.0,1500,-900.0,0.0,SD,8815900.0,19518300.0,False,0.0,11:28:53
19050.0,1800,-900.0,0.0,SD,8815900.0,19516800.0,False,0.0,11:28:53
19050.0,1000,-900.0,0.0,SD,8815900.0,19515000.0,False,0.0,11:28:53
19050.0,200,-900.0,0.0,SD,8815900.0,19514000.0,False,0.0,11:28:53
19050.0,200,-900.0,0.0,SD,8815900.0,19513800.0,False,0.0,11:28:53
19050.0,100,-900.0,0.0,SD,8815900.0,19513600.0,False,0.0,11:28:53
19050.0,100,-900.0,0.0,SD,8815900.0,19513500.0,False,0.0,11:28:53
19050.0,1500,-900.0,0.0,SD,8815900.0,19513400.0,False,0.0,11:28:53
19050.0,100,-900.0,0.0,SD,8815900.0,19511900.0,False,0.0,11:28:53
19050.0,200,-900.0,0.0,SD,8815900.0,19511800.0,False,0.0,11:28:53
19050.0,1000,-900.0,0.0,SD,8815900.0,19511600.0,False,0.0,11:28:53
19050.0,500,-900.0,0.0,SD,8815900.0,19510600.0,False,0.0,11:28:53
19050.0,900,-900.0,0.0,SD,8815900.0,19510100.0,False,0.0,11:28:53
19050.0,10000,-900.0,0.0,SD,8815900.0,19509200.0,False,0.0,11:28:53
19050.0,200,-900.0,0.0,SD,8815900.0,19499200.0,False,0.0,11:28:53
19050.0,5000,-900.0,0.0,SD,8815900.0,19499000.0,False,0.0,11:28:53
19050.0,100,-900.0,0.0,SD,8815900.0,19494000.0,False,0.0,11:28:53
19050.0,100,-900.0,0.0,SD,8815900.0,19493900.0,False,0.0,11:28:53
19050.0,1000,-900.0,0.0,SD,8815900.0,19493800.0,False,0.0,11:28:53
19050.0,10000,-900.0,0.0,SD,8815900.0,19492800.0,False,0.0,11:28:53
19050.0,100,-900.0,0.0,SD,8815900.0,19482800.0,False,0.0,11:28:53
19050.0,100,-900.0,0.0,SD,8815900.0,19482700.0,False,0.0,11:28:53
19050.0,100,-900.0,0.0,SD,8815900.0,19482600.0,False,0.0,11:28:53
19050.0,600,-900.0,0.0,SD,8815900.0,19482500.0,False,0.0,11:28:53
19050.0,500,-900.0,0.0,SD,8815900.0,19481900.0,False,0.0,11:28:53
19050.0,500,-900.0,0.0,SD,8815900.0,19481400.0,False,0.0,11:28:53
19050.0,500,-900.0,0.0,SD,8815900.0,19480900.0,False,0.0,11:28:53
19050.0,200,-900.0,0.0,SD,8815900.0,19480400.0,False,0.0,11:28:53
19050.0,6000,-900.0,0.0,SD,8815900.0,19480200.0,False,0.0,11:28:53
19050.0,200,-900.0,0.0,SD,8815900.0,19474200.0,False,0.0,11:28:53
19050.0,200,-900.0,0.0,SD,8815900.0,19474000.0,False,0.0,11:28:53
19050.0,300,-900.0,0.0,SD,8815900.0,19473800.0,False,0.0,11:28:53
19050.0,100,-900.0,0.0,SD,8815900.0,19473500.0,False,0.0,11:28:53
19050.0,100,-900.0,0.0,SD,8815900.0,19473400.0,False,0.0,11:28:53
19050.0,100,-900.0,0.0,SD,8815900.0,19473300.0,False,0.0,11:28:53
19050.0,1000,-900.0,0.0,SD,8815900.0,19473200.0,False,0.0,11:28:53
19050.0,5000,-900.0,0.0,SD,8815900.0,19472200.0,False,0.0,11:28:53
19050.0,300,-900.0,0.0,SD,8815900.0,19467200.0,False,0.0,11:28:53
19050.0,200,-900.0,0.0,SD,8815900.0,19466900.0,False,0.0,11:28:53
19050.0,1400,-900.0,0.0,SD,8815900.0,19466700.0,False,0.0,11:28:53
19050.0,1300,-900.0,0.0,SD,8815900.0,19465300.0,False,-50.0,11:28:53
19100.0,100,-850.0,0.0,BU,8815900.0,19464000.0,False,0.0,11:28:52
19100.0,100,-850.0,0.0,BU,8815800.0,19464000.0,False,0.0,11:28:48
19100.0,200,-850.0,0.0,BU,8815700.0,19464000.0,False,50.0,11:28:43
19050.0,300,-900.0,0.0,SD,8815500.0,19464000.0,False,0.0,11:28:42
19050.0,1000,-900.0,0.0,SD,8815500.0,19463700.0,False,-50.0,11:28:40
19100.0,100,-850.0,0.0,BU,8815500.0,19462700.0,False,50.0,11:28:39
19050.0,5400,-900.0,0.0,SD,8815400.0,19462700.0,False,0.0,11:28:38
19050.0,400,-900.0,0.0,SD,8815400.0,19457300.0,False,0.0,11:28:38
19050.0,500,-900.0,0.0,SD,8815400.0,19456900.0,False,0.0,11:28:38
19050.0,100,-900.0,0.0,SD,8815400.0,19456400.0,False,0.0,11:28:38
19050.0,10000,-900.0,0.0,SD,8815400.0,19456300.0,False,0.0,11:28:38
19050.0,3000,-900.0,0.0,SD,8815400.0,19446300.0,False,0.0,11:28:38
19050.0,100,-900.0,0.0,SD,8815400.0,19443300.0,False,0.0,11:28:38
19050.0,200,-900.0,0.0,SD,8815400.0,19443200.0,False,0.0,11:28:38
19050.0,500,-900.0,0.0,SD,8815400.0,19443000.0,False,0.0,11:28:38
19050.0,1000,-900.0,0.0,SD,8815400.0,19442500.0,False,0.0,11:28:38
19050.0,100,-900.0,0.0,SD,8815400.0,19441500.0,False,0.0,11:28:38
19050.0,300,-900.0,0.0,SD,8815400.0,19441400.0,False,0.0,11:28:38
19050.0,1000,-900.0,0.0,SD,8815400.0,19441100.0,False,0.0,11:28:38
19050.0,300,-900.0,0.0,SD,8815400.0,19440100.0,False,0.0,11:28:38
19050.0,500,-900.0,0.0,SD,8815400.0,19439800.0,False,0.0,11:28:38
19050.0,500,-900.0,0.0,SD,8815400.0,19439300.0,False,0.0,11:28:38
19050.0,100,-900.0,0.0,SD,8815400.0,19438800.0,False,0.0,11:28:38
19050.0,1000,-900.0,0.0,SD,8815400.0,19438700.0,False,0.0,11:28:38
19050.0,200,-900.0,0.0,SD,8815400.0,19437700.0,False,0.0,11:28:38
19050.0,10000,-900.0,0.0,SD,8815400.0,19437500.0,False,0.0,11:28:38
19050.0,500,-900.0,0.0,SD,8815400.0,19427500.0,False,0.0,11:28:38
19050.0,1000,-900.0,0.0,SD,8815400.0,19427000.0,False,0.0,11:28:38
19050.0,200,-900.0,0.0,SD,8815400.0,19426000.0,False,0.0,11:28:38
19050.0,500,-900.0,0.0,SD,8815400.0,19425800.0,False,0.0,11:28:38
19050.0,1000,-900.0,0.0,SD,8815400.0,19425300.0,False,0.0,11:28:38
19050.0,30000,-900.0,0.0,SD,8815400.0,19424300.0,True,0.0,11:28:38
19050.0,1000,-900.0,0.0,SD,8815400.0,19394300.0,False,0.0,11:28:38
19050.0,1900,-900.0,0.0,SD,8815400.0,19393300.0,False,0.0,11:28:38
19050.0,200,-900.0,0.0,SD,8815400.0,19391400.0,False,0.0,11:28:38
19050.0,300,-900.0,0.0,SD,8815400.0,19391200.0,False,0.0,11:28:38
19050.0,1000,-900.0,0.0,SD,8815400.0,19390900.0,False,0.0,11:28:38
19050.0,1000,-900.0,0.0,SD,8815400.0,19389900.0,False,0.0,11:28:38
19050.0,500,-900.0,0.0,SD,8815400.0,19388900.0,False,0.0,11:28:38
19050.0,5000,-900.0,0.0,SD,8815400.0,19388400.0,False,0.0,11:28:38
19050.0,3200,-900.0,0.0,SD,8815400.0,19383400.0,False,0.0,11:28:38
19050.0,6000,-900.0,0.0,SD,8815400.0,19380200.0,False,0.0,11:28:38
19050.0,100,-900.0,0.0,SD,8815400.0,19374200.0,False,0.0,11:28:38
19050.0,500,-900.0,0.0,SD,8815400.0,19374100.0,False,0.0,11:28:38
19050.0,2500,-900.0,0.0,SD,8815400.0,19373600.0,False,0.0,11:28:38
19050.0,8400,-900.0,0.0,SD,8815400.0,19371100.0,False,0.0,11:28:38
19050.0,1300,-900.0,0.0,SD,8815400.0,19362700.0,False,0.0,11:28:37
19050.0,900,-900.0,0.0,SD,8815400.0,19361400.0,False,0.0,11:28:37
19050.0,7800,-900.0,0.0,SD,8815400.0,19360500.0,False,-50.0,11:28:37
19100.0,100,-850.0,0.0,BU,8815400.0,19352700.0,False,50.0,11:28:36
19050.0,2200,-900.0,0.0,SD,8815300.0,19352700.0,False,0.0,11:28:34
19050.0,800,-900.0,0.0,SD,8815300.0,19350500.0,False,0.0,11:28:34
19050.0,1000,-900.0,0.0,SD,8815300.0,19349700.0,False,0.0,11:28:34
19050.0,1000,-900.0,0.0,SD,8815300.0,19348700.0,False,0.0,11:28:34
19050.0,400,-900.0,0.0,SD,8815300.0,19347700.0,False,-50.0,11:28:33
19100.0,5000,-850.0,0.0,BU,8815300.0,19347300.0,False,0.0,11:28:31
19100.0,100,-850.0,0.0,BU,8810300.0,19347300.0,False,0.0,11:28:30
19100.0,100,-850.0,0.0,BU,8810200.0,19347300.0,False,0.0,11:28:28
19100.0,5000,-850.0,0.0,BU,8810100.0,19347300.0,False,0.0,11:28:27
19100.0,1000,-850.0,0.0,BU,8805100.0,19347300.0,False,50.0,11:28:27
19050.0,700,-900.0,0.0,SD,8804100.0,19347300.0,False,-50.0,11:28:27
19100.0,2700,-850.0,0.0,BU,8804100.0,19346600.0,False,50.0,11:28:26
19050.0,200,-900.0,0.0,SD,8801400.0,19346600.0,False,0.0,11:28:25
19050.0,21400,-900.0,0.0,SD,8801400.0,19346400.0,True,-50.0,11:28:24
19100.0,200,-850.0,0.0,BU,8801400.0,19325000.0,False,0.0,11:28:22
19100.0,100,-850.0,0.0,BU,8801200.0,19325000.0,False,0.0,11:28:15
19100.0,1000,-850.0,0.0,BU,8801100.0,19325000.0,False,0.0,11:28:11
19100.0,200,-850.0,0.0,BU,8800100.0,19325000.0,False,0.0,11:28:09
19100.0,2000,-850.0,0.0,BU,8799900.0,19325000.0,False,50.0,11:28:07
19050.0,4000,-900.0,0.0,SD,8797900.0,19325000.0,False,-50.0,11:28:06
19100.0,200,-850.0,0.0,BU,8797900.0,19321000.0,False,0.0,11:28:06
19100.0,300,-850.0,0.0,BU,8797700.0,19321000.0,False,0.0,11:28:06
19100.0,500,-850.0,0.0,BU,8797400.0,19321000.0,False,0.0,11:28:04
19100.0,100,-850.0,0.0,BU,8796900.0,19321000.0,False,0.0,11:28:03
19100.0,100,-850.0,0.0,BU,8796800.0,19321000.0,False,0.0,11:28:02
19100.0,500,-850.0,0.0,BU,8796700.0,19321000.0,False,50.0,11:28:02
19050.0,500,-900.0,0.0,SD,8796200.0,19321000.0,False,0.0,11:28:00
19050.0,2900,-900.0,0.0,SD,8796200.0,19320500.0,False,-50.0,11:28:00
19100.0,100,-850.0,0.0,BU,8796200.0,19317600.0,False,0.0,11:27:58
19100.0,100,-850.0,0.0,BU,8796100.0,19317600.0,False,0.0,11:27:58
19100.0,1000,-850.0,0.0,BU,8796000.0,19317600.0,False,0.0,11:27:56
19100.0,100,-850.0,0.0,BU,8795000.0,19317600.0,False,0.0,11:27:55
19100.0,200,-850.0,0.0,BU,8794900.0,19317600.0,False,50.0,11:27:54
19050.0,100,-900.0,0.0,SD,8794700.0,19317600.0,False,0.0,11:27:52
19050.0,100,-900.0,0.0,SD,8794700.0,19317500.0,False,0.0,11:27:52
19050.0,200,-900.0,0.0,SD,8794700.0,19317400.0,False,0.0,11:27:52
19050.0,1000,-900.0,0.0,SD,8794700.0,19317200.0,False,0.0,11:27:52
19050.0,1000,-900.0,0.0,SD,8794700.0,19316200.0,False,0.0,11:27:52
19050.0,2600,-900.0,0.0,SD,8794700.0,19315200.0,False,0.0,11:27:52
19050.0,2300,-900.0,0.0,SD,8794700.0,19312600.0,False,-50.0,11:27:50
19100.0,2000,-850.0,0.0,BU,8794700.0,19310300.0,False,0.0,11:27:49
19100.0,1000,-850.0,0.0,BU,8792700.0,19310300.0,False,0.0,11:27:47
19100.0,1000,-850.0,0.0,BU,8791700.0,19310300.0,False,0.0,11:27:46
19100.0,100,-850.0,0.0,BU,8790700.0,19310300.0,False,0.0,11:27:46
19100.0,1000,-850.0,0.0,BU,8790600.0,19310300.0,False,50.0,11:27:43
19050.0,100,-900.0,0.0,SD,8789600.0,19310300.0,False,0.0,11:27:43
19050.0,500,-900.0,0.0,SD,8789600.0,19310200.0,False,0.0,11:27:43
19050.0,1000,-900.0,0.0,SD,8789600.0,19309700.0,False,0.0,11:27:43
19050.0,400,-900.0,0.0,SD,8789600.0,19308700.0,False,-50.0,11:27:43
19100.0,400,-850.0,0.0,BU,8789600.0,19308300.0,False,0.0,11:27:40
19100.0,2800,-850.0,0.0,BU,8789200.0,19308300.0,False,0.0,11:27:40
19100.0,400,-850.0,0.0,BU,8786400.0,19308300.0,False,50.0,11:27:38
19050.0,600,-900.0,0.0,SD,8786000.0,19308300.0,False,0.0,11:27:37
19050.0,400,-900.0,0.0,SD,8786000.0,19307700.0,False,-50.0,11:27:37
19100.0,100,-850.0,0.0,BU,8786000.0,19307300.0,False,0.0,11:27:36
19100.0,500,-850.0,0.0,BU,8785900.0,19307300.0,False,0.0,11:27:36
19100.0,500,-850.0,0.0,BU,8785400.0,19307300.0,False,0.0,11:27:36
19100.0,600,-850.0,0.0,BU,8784900.0,19307300.0,False,0.0,11:27:35
19100.0,1000,-850.0,0.0,BU,8784300.0,19307300.0,False,50.0,11:27:35
19050.0,600,-900.0,0.0,SD,8783300.0,19307300.0,False,0.0,11:27:33
19050.0,500,-900.0,0.0,SD,8783300.0,19306700.0,False,0.0,11:27:33
19050.0,6000,-900.0,0.0,SD,8783300.0,19306200.0,False,0.0,11:27:33
19050.0,5000,-900.0,0.0,SD,8783300.0,19300200.0,False,0.0,11:27:33
19050.0,600,-900.0,0.0,SD,8783300.0,19295200.0,False,0.0,11:27:33
19050.0,9300,-900.0,0.0,SD,8783300.0,19294600.0,False,-50.0,11:27:33
19100.0,2000,-850.0,0.0,BU,8783300.0,19285300.0,False,0.0,11:27:32
19100.0,1000,-850.0,0.0,BU,8781300.0,19285300.0,False,0.0,11:27:30
19100.0,10000,-850.0,0.0,BU,8780300.0,19285300.0,False,0.0,11:27:29
19100.0,500,-850.0,0.0,BU,8770300.0,19285300.0,False,0.0,11:27:29
19100.0,400,-850.0,0.0,BU,8769800.0,19285300.0,False,0.0,11:27:28
19100.0,200,-850.0,0.0,BU,8769400.0,19285300.0,False,0.0,11:27:23
19100.0,1500,-850.0,0.0,BU,8769200.0,19285300.0,False,0.0,11:27:20
19100.0,200,-850.0,0.0,BU,8767700.0,19285300.0,False,0.0,11:27:18
19100.0,3400,-850.0,0.0,BU,8767500.0,19285300.0,False,0.0,11:27:17
19100.0,5000,-850.0,0.0,BU,8764100.0,19285300.0,False,50.0,11:27:16
19050.0,700,-900.0,0.0,SD,8759100.0,19285300.0,False,0.0,11:27:15
19050.0,300,-900.0,0.0,SD,8759100.0,19284600.0,False,-50.0,11:27:15
19100.0,500,-850.0,0.0,BU,8759100.0,19284300.0,False,0.0,11:27:15
19100.0,30000,-850.0,0.0,BU,8758600.0,19284300.0,True,0.0,11:27:15
19100.0,200,-850.0,0.0,BU,8728600.0,19284300.0,False,0.0,11:27:14
19100.0,1500,-850.0,0.0,BU,8728400.0,19284300.0,False,0.0,11:27:12
19100.0,2000,-850.0,0.0,BU,8726900.0,19284300.0,False,0.0,11:27:11
19100.0,100,-850.0,0.0,BU,8724900.0,19284300.0,False,0.0,11:27:11
19100.0,100,-850.0,0.0,BU,8724800.0,19284300.0,False,0.0,11:27:11
19100.0,400,-850.0,0.0,BU,8724700.0,19284300.0,False,50.0,11:27:08
19050.0,500,-900.0,0.0,SD,8724300.0,19284300.0,False,-50.0,11:27:07
19100.0,2000,-850.0,0.0,BU,8724300.0,19283800.0,False,0.0,11:27:05
19100.0,200,-850.0,0.0,BU,8722300.0,19283800.0,False,0.0,11:27:04
19100.0,4000,-850.0,0.0,BU,8722100.0,19283800.0,False,0.0,11:27:04
19100.0,100,-850.0,0.0,BU,8718100.0,19283800.0,False,0.0,11:27:03
19100.0,1100,-850.0,0.0,BU,8718000.0,19283800.0,False,0.0,11:27:03
19100.0,600,-850.0,0.0,BU,8716900.0,19283800.0,False,0.0,11:27:02
19100.0,400,-850.0,0.0,BU,8716300.0,19283800.0,False,0.0,11:27:02
19100.0,700,-850.0,0.0,BU,8715900.0,19283800.0,False,0.0,11:27:01
19100.0,300,-850.0,0.0,BU,8715200.0,19283800.0,False,0.0,11:27:01
19100.0,700,-850.0,0.0,BU,8714900.0,19283800.0,False,0.0,11:27:00
19100.0,300,-850.0,0.0,BU,8714200.0,19283800.0,False,0.0,11:27:00
19100.0,200,-850.0,0.0,BU,8713900.0,19283800.0,False,0.0,11:26:59
19100.0,100,-850.0,0.0,BU,8713700.0,19283800.0,False,0.0,11:26:59
19100.0,200,-850.0,0.0,BU,8713600.0,19283800.0,False,0.0,11:26:59
19100.0,100,-850.0,0.0,BU,8713400.0,19283800.0,False,0.0,11:26:59
19100.0,3500,-850.0,0.0,BU,8713300.0,19283800.0,False,0.0,11:26:58
19100.0,600,-850.0,0.0,BU,8709800.0,19283800.0,False,0.0,11:26:58
19100.0,5000,-850.0,0.0,BU,8709200.0,19283800.0,False,0.0,11:26:58
19100.0,200,-850.0,0.0,BU,8704200.0,19283800.0,False,0.0,11:26:58
19100.0,9800,-850.0,0.0,BU,8704000.0,19283800.0,False,0.0,11:26:58
19100.0,200,-850.0,0.0,SD,8694200.0,19283800.0,False,0.0,11:26:57
19100.0,100,-850.0,0.0,SD,8694200.0,19283600.0,False,0.0,11:26:57
19100.0,100,-850.0,0.0,SD,8694200.0,19283500.0,False,0.0,11:26:57
19100.0,500,-850.0,0.0,SD,8694200.0,19283400.0,False,0.0,11:26:57
19100.0,300,-850.0,0.0,SD,8694200.0,19282900.0,False,0.0,11:26:57
19100.0,100,-850.0,0.0,SD,8694200.0,19282600.0,False,0.0,11:26:55
19100.0,100,-850.0,0.0,BU,8694200.0,19282500.0,False,0.0,11:26:54
19100.0,2900,-850.0,0.0,BU,8694100.0,19282500.0,False,0.0,11:26:53
19100.0,100,-850.0,0.0,BU,8691200.0,19282500.0,False,0.0,11:26:53
19100.0,500,-850.0,0.0,BU,8691100.0,19282500.0,False,0.0,11:26:51
19100.0,200,-850.0,0.0,BU,8690600.0,19282500.0,False,0.0,11:26:50
19100.0,7000,-850.0,0.0,SD,8690400.0,19282500.0,False,0.0,11:26:49
19100.0,500,-850.0,0.0,SD,8690400.0,19275500.0,False,0.0,11:26:49
19100.0,200,-850.0,0.0,SD,8690400.0,19275000.0,False,0.0,11:26:49
19100.0,300,-850.0,0.0,SD,8690400.0,19274800.0,False,0.0,11:26:49
19100.0,100,-850.0,0.0,SD,8690400.0,19274500.0,False,0.0,11:26:49
19100.0,100,-850.0,0.0,SD,8690400.0,19274400.0,False,0.0,11:26:49
19100.0,100,-850.0,0.0,SD,8690400.0,19274300.0,False,0.0,11:26:49
19100.0,1200,-850.0,0.0,SD,8690400.0,19274200.0,False,-50.0,11:26:49
19150.0,100,-800.0,0.0,BU,8690400.0,19273000.0,False,50.0,11:26:49
19100.0,800,-850.0,0.0,SD,8690300.0,19273000.0,False,0.0,11:26:48
19100.0,1000,-850.0,0.0,SD,8690300.0,19272200.0,False,0.0,11:26:48
19100.0,2400,-850.0,0.0,SD,8690300.0,19271200.0,False,0.0,11:26:48
19100.0,1000,-850.0,0.0,SD,8690300.0,19268800.0,False,0.0,11:26:48
19100.0,100,-850.0,0.0,SD,8690300.0,19267800.0,False,0.0,11:26:48
19100.0,1000,-850.0,0.0,SD,8690300.0,19267700.0,False,0.0,11:26:48
19100.0,2900,-850.0,0.0,SD,8690300.0,19266700.0,False,0.0,11:26:48
19100.0,800,-850.0,0.0,SD,8690300.0,19263800.0,False,0.0,11:26:48
19100.0,200,-850.0,0.0,SD,8690300.0,19263000.0,False,0.0,11:26:48
19100.0,100,-850.0,0.0,SD,8690300.0,19262800.0,False,0.0,11:26:48
19100.0,200,-850.0,0.0,SD,8690300.0,19262700.0,False,0.0,11:26:48
19100.0,300,-850.0,0.0,SD,8690300.0,19262500.0,False,0.0,11:26:47
19100.0,300,-850.0,0.0,SD,8690300.0,19262200.0,False,0.0,11:26:45
19100.0,200,-850.0,0.0,SD,8690300.0,19261900.0,False,0.0,11:26:43
19100.0,100,-850.0,0.0,SD,8690300.0,19261700.0,False,0.0,11:26:43
19100.0,200,-850.0,0.0,SD,8690300.0,19261600.0,False,0.0,11:26:43
19100.0,1200,-850.0,0.0,SD,8690300.0,19261400.0,False,0.0,11:26:43
19100.0,400,-850.0,0.0,SD,8690300.0,19260200.0,False,0.0,11:26:43
19100.0,600,-850.0,0.0,SD,8690300.0,19259800.0,False,0.0,11:26:43
19100.0,10000,-850.0,0.0,SD,8690300.0,19259200.0,False,0.0,11:26:41
19100.0,2000,-850.0,0.0,SD,8690300.0,19249200.0,False,0.0,11:26:40
19100.0,100,-850.0,0.0,SD,8690300.0,19247200.0,False,0.0,11:26:39
19100.0,400,-850.0,0.0,BU,8690300.0,19247100.0,False,0.0,11:26:37
19100.0,100,-850.0,0.0,BU,8689900.0,19247100.0,False,0.0,11:26:37
19100.0,500,-850.0,0.0,BU,8689800.0,19247100.0,False,0.0,11:26:37
19100.0,300,-850.0,0.0,SD,8689300.0,19247100.0,False,0.0,11:26:37
19100.0,1100,-850.0,0.0,SD,8689300.0,19246800.0,False,0.0,11:26:37
19100.0,900,-850.0,0.0,BU,8689300.0,19245700.0,False,0.0,11:26:37
19100.0,300,-850.0,0.0,BU,8688400.0,19245700.0,False,0.0,11:26:37
19100.0,1000,-850.0,0.0,BU,8688100.0,19245700.0,False,0.0,11:26:36
19100.0,800,-850.0,0.0,BU,8687100.0,19245700.0,False,0.0,11:26:35
19100.0,1400,-850.0,0.0,BU,8686300.0,19245700.0,False,0.0,11:26:35
19100.0,900,-850.0,0.0,BU,8684900.0,19245700.0,False,0.0,11:26:34
19100.0,100,-850.0,0.0,BU,8684000.0,19245700.0,False,0.0,11:26:34
19100.0,2000,-850.0,0.0,BU,8683900.0,19245700.0,False,0.0,11:26:34
19100.0,500,-850.0,0.0,BU,8681900.0,19245700.0,False,0.0,11:26:34
19100.0,200,-850.0,0.0,BU,8681400.0,19245700.0,False,0.0,11:26:34
19100.0,1000,-850.0,0.0,BU,8681200.0,19245700.0,False,0.0,11:26:34
19100.0,7000,-850.0,0.0,BU,8680200.0,19245700.0,False,0.0,11:26:34
19100.0,100,-850.0,0.0,BU,8673200.0,19245700.0,False,0.0,11:26:34
19100.0,100,-850.0,0.0,BU,8673100.0,19245700.0,False,0.0,11:26:34
19100.0,100,-850.0,0.0,BU,8673000.0,19245700.0,False,0.0,11:26:34
19100.0,900,-850.0,0.0,BU,8672900.0,19245700.0,False,0.0,11:26:34
19100.0,100,-850.0,0.0,BU,8672000.0,19245700.0,False,50.0,11:26:34
19050.0,200,-900.0,0.0,SD,8671900.0,19245700.0,False,0.0,11:26:33
19050.0,1000,-900.0,0.0,SD,8671900.0,19245500.0,False,0.0,11:26:33
19050.0,200,-900.0,0.0,SD,8671900.0,19244500.0,False,0.0,11:26:33
19050.0,2000,-900.0,0.0,SD,8671900.0,19244300.0,False,0.0,11:26:33
19050.0,1000,-900.0,0.0,SD,8671900.0,19242300.0,False,0.0,11:26:33
19050.0,1000,-900.0,0.0,SD,8671900.0,19241300.0,False,0.0,11:26:33
19050.0,100,-900.0,0.0,SD,8671900.0,19240300.0,False,0.0,11:26:33
19050.0,2000,-900.0,0.0,SD,8671900.0,19240200.0,False,0.0,11:26:33
19050.0,500,-900.0,0.0,SD,8671900.0,19238200.0,False,0.0,11:26:33
19050.0,1000,-900.0,0.0,SD,8671900.0,19237700.0,False,0.0,11:26:33
19050.0,100,-900.0,0.0,SD,8671900.0,19236700.0,False,0.0,11:26:33
19050.0,900,-900.0,0.0,SD,8671900.0,19236600.0,False,-50.0,11:26:33
19100.0,700,-850.0,0.0,BU,8671900.0,19235700.0,False,0.0,11:26:32
19100.0,1000,-850.0,0.0,BU,8671200.0,19235700.0,False,0.0,11:26:32
19100.0,500,-850.0,0.0,BU,8670200.0,19235700.0,False,0.0,11:26:32
19100.0,1800,-850.0,0.0,BU,8669700.0,19235700.0,False,0.0,11:26:32
19100.0,1000,-850.0,0.0,BU,8667900.0,19235700.0,False,0.0,11:26:31
19100.0,200,-850.0,0.0,BU,8666900.0,19235700.0,False,0.0,11:26:30
19100.0,5000,-850.0,0.0,BU,8666700.0,19235700.0,False,0.0,11:26:29
19100.0,100,-850.0,0.0,BU,8661700.0,19235700.0,False,0.0,11:26:29
19100.0,2700,-850.0,0.0,BU,8661600.0,19235700.0,False,0.0,11:26:28
19100.0,79200,-850.0,0.0,BU,8658900.0,19235700.0,True,0.0,11:26:26
19100.0,100,-850.0,0.0,BU,8579700.0,19235700.0,False,0.0,11:26:26
19100.0,1000,-850.0,0.0,BU,8579600.0,19235700.0,False,0.0,11:26:26
19100.0,300,-850.0,0.0,BU,8578600.0,19235700.0,False,0.0,11:26:26
19100.0,2000,-850.0,0.0,BU,8578300.0,19235700.0,False,0.0,11:26:26
19100.0,17400,-850.0,0.0,BU,8576300.0,19235700.0,True,0.0,11:26:26
19100.0,1000,-850.0,0.0,BU,8558900.0,19235700.0,False,0.0,11:26:25
19100.0,2000,-850.0,0.0,BU,8557900.0,19235700.0,False,0.0,11:26:24
19100.0,100,-850.0,0.0,BU,8555900.0,19235700.0,False,50.0,11:26:21
19050.0,100,-900.0,0.0,SD,8555800.0,19235700.0,False,0.0,11:26:20
19050.0,500,-900.0,0.0,SD,8555800.0,19235600.0,False,0.0,11:26:20
19050.0,600,-900.0,0.0,SD,8555800.0,19235100.0,False,0.0,11:26:20
19050.0,500,-900.0,0.0,SD,8555800.0,19234500.0,False,0.0,11:26:20
19050.0,100,-900.0,0.0,SD,8555800.0,19234000.0,False,0.0,11:26:20
19050.0,500,-900.0,0.0,SD,8555800.0,19233900.0,False,0.0,11:26:20
19050.0,100,-900.0,0.0,SD,8555800.0,19233400.0,False,0.0,11:26:20
19050.0,100,-900.0,0.0,SD,8555800.0,19233300.0,False,0.0,11:26:20
19050.0,200,-900.0,0.0,SD,8555800.0,19233200.0,False,0.0,11:26:20
19050.0,300,-900.0,0.0,SD,8555800.0,19233000.0,False,0.0,11:26:20
19050.0,500,-900.0,0.0,SD,8555800.0,19232700.0,False,0.0,11:26:20
19050.0,1000,-900.0,0.0,SD,8555800.0,19232200.0,False,0.0,11:26:20
19050.0,2000,-900.0,0.0,SD,8555800.0,19231200.0,False,0.0,11:26:20
19050.0,200,-900.0,0.0,SD,8555800.0,19229200.0,False,-50.0,11:26:20
19100.0,100,-850.0,0.0,BU,8555800.0,19229000.0,False,0.0,11:26:19
19100.0,200,-850.0,0.0,BU,8555700.0,19229000.0,False,0.0,11:26:18
19100.0,100,-850.0,0.0,BU,8555500.0,19229000.0,False,0.0,11:26:16
19100.0,4000,-850.0,0.0,BU,8555400.0,19229000.0,False,0.0,11:26:16
19100.0,100,-850.0,0.0,BU,8551400.0,19229000.0,False,0.0,11:26:15
19100.0,500,-850.0,0.0,BU,8551300.0,19229000.0,False,0.0,11:26:15
19100.0,200,-850.0,0.0,BU,8550800.0,19229000.0,False,0.0,11:26:15
19100.0,200,-850.0,0.0,BU,8550600.0,19229000.0,False,0.0,11:26:13
19100.0,1500,-850.0,0.0,BU,8550400.0,19229000.0,False,0.0,11:26:11
19100.0,4000,-850.0,0.0,SD,8548900.0,19229000.0,False,0.0,11:26:08
19100.0,100,-850.0,0.0,SD,8548900.0,19225000.0,False,0.0,11:26:08
19100.0,100,-850.0,0.0,SD,8548900.0,19224900.0,False,0.0,11:26:08
19100.0,1000,-850.0,0.0,SD,8548900.0,19224800.0,False,0.0,11:26:08
19100.0,500,-850.0,0.0,SD,8548900.0,19223800.0,False,0.0,11:26:08
19100.0,100,-850.0,0.0,SD,8548900.0,19223300.0,False,0.0,11:26:08
19100.0,100,-850.0,0.0,SD,8548900.0,19223200.0,False,0.0,11:26:08
19100.0,100,-850.0,0.0,SD,8548900.0,19223100.0,False,0.0,11:26:08
19100.0,100,-850.0,0.0,SD,8548900.0,19223000.0,False,0.0,11:26:08
19100.0,500,-850.0,0.0,SD,8548900.0,19222900.0,False,0.0,11:26:08
19100.0,16000,-850.0,0.0,SD,8548900.0,19222400.0,True,0.0,11:26:08
19100.0,34000,-850.0,0.0,SD,8548900.0,19206400.0,True,0.0,11:26:08
19100.0,1000,-850.0,0.0,SD,8548900.0,19172400.0,False,0.0,11:26:08
19100.0,15000,-850.0,0.0,SD,8548900.0,19171400.0,True,0.0,11:26:08
19100.0,5000,-850.0,0.0,SD,8548900.0,19156400.0,False,0.0,11:26:08
19100.0,2000,-850.0,0.0,SD,8548900.0,19151400.0,False,0.0,11:26:08
19100.0,1000,-850.0,0.0,SD,8548900.0,19149400.0,False,0.0,11:26:08
19100.0,1000,-850.0,0.0,SD,8548900.0,19148400.0,False,0.0,11:26:06
19100.0,1000,-850.0,0.0,SD,8548900.0,19147400.0,False,0.0,11:26:04
19100.0,200,-850.0,0.0,SD,8548900.0,19146400.0,False,0.0,11:26:03
19100.0,4300,-850.0,0.0,SD,8548900.0,19146200.0,False,0.0,11:26:03
19100.0,20500,-850.0,0.0,SD,8548900.0,19141900.0,True,0.0,11:25:58
19100.0,200,-850.0,0.0,SD,8548900.0,19121400.0,False,0.0,11:25:58
19100.0,1000,-850.0,0.0,SD,8548900.0,19121200.0,False,0.0,11:25:58
19100.0,100,-850.0,0.0,SD,8548900.0,19120200.0,False,0.0,11:25:58
19100.0,300,-850.0,0.0,SD,8548900.0,19120100.0,False,0.0,11:25:58
19100.0,2000,-850.0,0.0,SD,8548900.0,19119800.0,False,0.0,11:25:58
19100.0,200,-850.0,0.0,SD,8548900.0,19117800.0,False,0.0,11:25:58
19100.0,1000,-850.0,0.0,SD,8548900.0,19117600.0,False,0.0,11:25:58
19100.0,300,-850.0,0.0,SD,8548900.0,19116600.0,False,0.0,11:25:58
19100.0,500,-850.0,0.0,SD,8548900.0,19116300.0,False,0.0,11:25:58
19100.0,100,-850.0,0.0,SD,8548900.0,19115800.0,False,0.0,11:25:58
19100.0,1000,-850.0,0.0,SD,8548900.0,19115700.0,False,0.0,11:25:58
19100.0,100,-850.0,0.0,SD,8548900.0,19114700.0,False,0.0,11:25:58
19100.0,200,-850.0,0.0,SD,8548900.0,19114600.0,False,0.0,11:25:58
19100.0,500,-850.0,0.0,SD,8548900.0,19114400.0,False,0.0,11:25:58
19100.0,100,-850.0,0.0,SD,8548900.0,19113900.0,False,0.0,11:25:58
19100.0,100,-850.0,0.0,SD,8548900.0,19113800.0,False,0.0,11:25:58
19100.0,3000,-850.0,0.0,SD,8548900.0,19113700.0,False,0.0,11:25:58
19100.0,300,-850.0,0.0,SD,8548900.0,19110700.0,False,0.0,11:25:58
19100.0,400,-850.0,0.0,SD,8548900.0,19110400.0,False,0.0,11:25:58
19100.0,2000,-850.0,0.0,SD,8548900.0,19110000.0,False,0.0,11:25:58
19100.0,2000,-850.0,0.0,SD,8548900.0,19108000.0,False,0.0,11:25:58
19100.0,100,-850.0,0.0,SD,8548900.0,19106000.0,False,0.0,11:25:58
19100.0,100,-850.0,0.0,SD,8548900.0,19105900.0,False,0.0,11:25:58
19100.0,1100,-850.0,0.0,SD,8548900.0,19105800.0,False,0.0,11:25:58
19100.0,200,-850.0,0.0,SD,8548900.0,19104700.0,False,0.0,11:25:58
19100.0,500,-850.0,0.0,SD,8548900.0,19104500.0,False,0.0,11:25:58
19100.0,500,-850.0,0.0,SD,8548900.0,19104000.0,False,0.0,11:25:58
19100.0,100,-850.0,0.0,SD,8548900.0,19103500.0,False,0.0,11:25:58
19100.0,1100,-850.0,0.0,SD,8548900.0,19103400.0,False,0.0,11:25:58
19100.0,500,-850.0,0.0,SD,8548900.0,19102300.0,False,0.0,11:25:58
19100.0,100,-850.0,0.0,SD,8548900.0,19101800.0,False,0.0,11:25:58
19100.0,100,-850.0,0.0,SD,8548900.0,19101700.0,False,0.0,11:25:58
19100.0,100,-850.0,0.0,SD,8548900.0,19101600.0,False,0.0,11:25:58
19100.0,200,-850.0,0.0,SD,8548900.0,19101500.0,False,0.0,11:25:58
19100.0,100,-850.0,0.0,SD,8548900.0,19101300.0,False,0.0,11:25:58
19100.0,500,-850.0,0.0,SD,8548900.0,19101200.0,False,0.0,11:25:58
19100.0,100,-850.0,0.0,SD,8548900.0,19100700.0,False,0.0,11:25:58
19100.0,100,-850.0,0.0,SD,8548900.0,19100600.0,False,0.0,11:25:58
19100.0,5000,-850.0,0.0,SD,8548900.0,19100500.0,False,0.0,11:25:58
19100.0,200,-850.0,0.0,SD,8548900.0,19095500.0,False,0.0,11:25:58
19100.0,500,-850.0,0.0,SD,8548900.0,19095300.0,False,0.0,11:25:58
19100.0,500,-850.0,0.0,SD,8548900.0,19094800.0,False,0.0,11:25:58
19100.0,200,-850.0,0.0,SD,8548900.0,19094300.0,False,0.0,11:25:58
19100.0,100,-850.0,0.0,SD,8548900.0,19094100.0,False,0.0,11:25:58
19100.0,500,-850.0,0.0,SD,8548900.0,19094000.0,False,0.0,11:25:58
19100.0,100,-850.0,0.0,SD,8548900.0,19093500.0,False,0.0,11:25:58
19100.0,1000,-850.0,0.0,SD,8548900.0,19093400.0,False,0.0,11:25:58
19100.0,500,-850.0,0.0,SD,8548900.0,19092400.0,False,0.0,11:25:58
19100.0,100,-850.0,0.0,SD,8548900.0,19091900.0,False,0.0,11:25:56
19100.0,300,-850.0,0.0,SD,8548900.0,19091800.0,False,0.0,11:25:56
19100.0,300,-850.0,0.0,SD,8548900.0,19091500.0,False,0.0,11:25:56
19100.0,500,-850.0,0.0,SD,8548900.0,19091200.0,False,0.0,11:25:56
19100.0,100,-850.0,0.0,SD,8548900.0,19090700.0,False,0.0,11:25:56
19100.0,300,-850.0,0.0,SD,8548900.0,19090600.0,False,0.0,11:25:56
19100.0,100,-850.0,0.0,SD,8548900.0,19090300.0,False,0.0,11:25:56
19100.0,100,-850.0,0.0,SD,8548900.0,19090200.0,False,0.0,11:25:56
19100.0,200,-850.0,0.0,SD,8548900.0,19090100.0,False,0.0,11:25:56
19100.0,1000,-850.0,0.0,SD,8548900.0,19089900.0,False,0.0,11:25:56
19100.0,500,-850.0,0.0,SD,8548900.0,19088900.0,False,0.0,11:25:56
19100.0,800,-850.0,0.0,SD,8548900.0,19088400.0,False,0.0,11:25:56
19100.0,1100,-850.0,0.0,SD,8548900.0,19087600.0,False,0.0,11:25:56
19100.0,500,-850.0,0.0,SD,8548900.0,19086500.0,False,0.0,11:25:55
19100.0,100,-850.0,0.0,SD,8548900.0,19086000.0,False,0.0,11:25:54
19100.0,3300,-850.0,0.0,SD,8548900.0,19085900.0,False,0.0,11:25:53
19100.0,300,-850.0,0.0,SD,8548900.0,19082600.0,False,0.0,11:25:53
19100.0,300,-850.0,0.0,SD,8548900.0,19082300.0,False,0.0,11:25:53
19100.0,500,-850.0,0.0,SD,8548900.0,19082000.0,False,0.0,11:25:53
19100.0,500,-850.0,0.0,SD,8548900.0,19081500.0,False,0.0,11:25:53
19100.0,100,-850.0,0.0,SD,8548900.0,19081000.0,False,0.0,11:25:53
19100.0,500,-850.0,0.0,SD,8548900.0,19080900.0,False,0.0,11:25:53
19100.0,500,-850.0,0.0,SD,8548900.0,19080400.0,False,0.0,11:25:51
19100.0,400,-850.0,0.0,SD,8548900.0,19079900.0,False,0.0,11:25:49
19100.0,500,-850.0,0.0,SD,8548900.0,19079500.0,False,0.0,11:25:47
19100.0,100,-850.0,0.0,SD,8548900.0,19079000.0,False,0.0,11:25:47
19100.0,5000,-850.0,0.0,SD,8548900.0,19078900.0,False,0.0,11:25:47
19100.0,200,-850.0,0.0,SD,8548900.0,19073900.0,False,0.0,11:25:47
19100.0,1000,-850.0,0.0,SD,8548900.0,19073700.0,False,0.0,11:25:47
19100.0,100,-850.0,0.0,SD,8548900.0,19072700.0,False,0.0,11:25:47
19100.0,200,-850.0,0.0,SD,8548900.0,19072600.0,False,0.0,11:25:47
19100.0,100,-850.0,0.0,SD,8548900.0,19072400.0,False,0.0,11:25:47
19100.0,2000,-850.0,0.0,SD,8548900.0,19072300.0,False,0.0,11:25:47
19100.0,200,-850.0,0.0,SD,8548900.0,19070300.0,False,0.0,11:25:47
19100.0,100,-850.0,0.0,SD,8548900.0,19070100.0,False,0.0,11:25:47
19100.0,400,-850.0,0.0,SD,8548900.0,19070000.0,False,0.0,11:25:47
19100.0,100,-850.0,0.0,SD,8548900.0,19069600.0,False,0.0,11:25:47
19100.0,500,-850.0,0.0,SD,8548900.0,19069500.0,False,0.0,11:25:47
19100.0,100,-850.0,0.0,SD,8548900.0,19069000.0,False,0.0,11:25:47
19100.0,200,-850.0,0.0,SD,8548900.0,19068900.0,False,0.0,11:25:46
19100.0,100,-850.0,0.0,SD,8548900.0,19068700.0,False,0.0,11:25:46
19100.0,1200,-850.0,0.0,SD,8548900.0,19068600.0,False,-50.0,11:25:46
19150.0,100,-800.0,0.0,BU,8548900.0,19067400.0,False,50.0,11:25:45
19100.0,5000,-850.0,0.0,SD,8548800.0,19067400.0,False,0.0,11:25:45
19100.0,600,-850.0,0.0,SD,8548800.0,19062400.0,False,-50.0,11:25:43
19150.0,100,-800.0,0.0,BU,8548800.0,19061800.0,False,0.0,11:25:43
19150.0,100,-800.0,0.0,BU,8548700.0,19061800.0,False,50.0,11:25:43
19100.0,43200,-850.0,0.0,SD,8548600.0,19061800.0,True,0.0,11:25:41
19100.0,100,-850.0,0.0,SD,8548600.0,19018600.0,False,0.0,11:25:41
19100.0,200,-850.0,0.0,SD,8548600.0,19018500.0,False,0.0,11:25:41
19100.0,200,-850.0,0.0,SD,8548600.0,19018300.0,False,0.0,11:25:41
19100.0,100,-850.0,0.0,SD,8548600.0,19018100.0,False,0.0,11:25:41
19100.0,5000,-850.0,0.0,SD,8548600.0,19018000.0,False,0.0,11:25:41
19100.0,100,-850.0,0.0,SD,8548600.0,19013000.0,False,0.0,11:25:41
19100.0,3000,-850.0,0.0,SD,8548600.0,19012900.0,False,0.0,11:25:41
19100.0,500,-850.0,0.0,SD,8548600.0,19009900.0,False,0.0,11:25:41
19100.0,1000,-850.0,0.0,SD,8548600.0,19009400.0,False,0.0,11:25:41
19100.0,300,-850.0,0.0,SD,8548600.0,19008400.0,False,0.0,11:25:41
19100.0,200,-850.0,0.0,SD,8548600.0,19008100.0,False,0.0,11:25:41
19100.0,100,-850.0,0.0,SD,8548600.0,19007900.0,False,0.0,11:25:41
19100.0,26000,-850.0,0.0,SD,8548600.0,19007800.0,True,0.0,11:25:41
19100.0,200,-850.0,0.0,SD,8548600.0,18981800.0,False,-50.0,11:25:39
19150.0,600,-800.0,0.0,BU,8548600.0,18981600.0,False,50.0,11:25:35
19100.0,5000,-850.0,0.0,SD,8548000.0,18981600.0,False,-50.0,11:25:33
19150.0,1000,-800.0,0.0,BU,8548000.0,18976600.0,False,50.0,11:25:31
19100.0,600,-850.0,0.0,SD,8547000.0,18976600.0,False,0.0,11:25:29
19100.0,3000,-850.0,0.0,SD,8547000.0,18976000.0,False,0.0,11:25:29
19100.0,15200,-850.0,0.0,SD,8547000.0,18973000.0,True,0.0,11:25:29
19100.0,100,-850.0,0.0,SD,8547000.0,18957800.0,False,0.0,11:25:29
19100.0,500,-850.0,0.0,SD,8547000.0,18957700.0,False,0.0,11:25:29
19100.0,100,-850.0,0.0,SD,8547000.0,18957200.0,False,0.0,11:25:29
19100.0,1000,-850.0,0.0,SD,8547000.0,18957100.0,False,0.0,11:25:28
19100.0,3000,-850.0,0.0,SD,8547000.0,18956100.0,False,0.0,11:25:28
19100.0,400,-850.0,0.0,SD,8547000.0,18953100.0,False,0.0,11:25:28
19100.0,100,-850.0,0.0,SD,8547000.0,18952700.0,False,0.0,11:25:28
19100.0,1000,-850.0,0.0,SD,8547000.0,18952600.0,False,0.0,11:25:28
19100.0,500,-850.0,0.0,SD,8547000.0,18951600.0,False,0.0,11:25:28
19100.0,1000,-850.0,0.0,SD,8547000.0,18951100.0,False,0.0,11:25:28
19100.0,300,-850.0,0.0,SD,8547000.0,18950100.0,False,0.0,11:25:28
19100.0,1000,-850.0,0.0,SD,8547000.0,18949800.0,False,0.0,11:25:28
19100.0,1000,-850.0,0.0,SD,8547000.0,18948800.0,False,0.0,11:25:28
19100.0,100,-850.0,0.0,SD,8547000.0,18947800.0,False,0.0,11:25:28
19100.0,500,-850.0,0.0,SD,8547000.0,18947700.0,False,0.0,11:25:28
19100.0,1000,-850.0,0.0,SD,8547000.0,18947200.0,False,0.0,11:25:28
19100.0,5000,-850.0,0.0,SD,8547000.0,18946200.0,False,0.0,11:25:28
19100.0,500,-850.0,0.0,SD,8547000.0,18941200.0,False,0.0,11:25:28
19100.0,200,-850.0,0.0,SD,8547000.0,18940700.0,False,0.0,11:25:28
19100.0,1600,-850.0,0.0,SD,8547000.0,18940500.0,False,0.0,11:25:28
19100.0,10000,-850.0,0.0,SD,8547000.0,18938900.0,False,0.0,11:25:28
19100.0,100,-850.0,0.0,SD,8547000.0,18928900.0,False,0.0,11:25:28
19100.0,100,-850.0,0.0,SD,8547000.0,18928800.0,False,0.0,11:25:28
19100.0,100,-850.0,0.0,SD,8547000.0,18928700.0,False,0.0,11:25:28
19100.0,200,-850.0,0.0,SD,8547000.0,18928600.0,False,0.0,11:25:28
19100.0,1000,-850.0,0.0,SD,8547000.0,18928400.0,False,0.0,11:25:28
19100.0,100,-850.0,0.0,SD,8547000.0,18927400.0,False,0.0,11:25:28
19100.0,100,-850.0,0.0,SD,8547000.0,18927300.0,False,0.0,11:25:28
19100.0,1900,-850.0,0.0,SD,8547000.0,18927200.0,False,0.0,11:25:28
19100.0,200,-850.0,0.0,SD,8547000.0,18925300.0,False,0.0,11:25:28
19100.0,1000,-850.0,0.0,SD,8547000.0,18925100.0,False,0.0,11:25:28
19100.0,1000,-850.0,0.0,SD,8547000.0,18924100.0,False,0.0,11:25:28
19100.0,100,-850.0,0.0,SD,8547000.0,18923100.0,False,0.0,11:25:28
19100.0,500,-850.0,0.0,SD,8547000.0,18923000.0,False,0.0,11:25:25
19100.0,300,-850.0,0.0,SD,8547000.0,18922500.0,False,0.0,11:25:25
19100.0,100,-850.0,0.0,SD,8547000.0,18922200.0,False,0.0,11:25:25
19100.0,500,-850.0,0.0,SD,8547000.0,18922100.0,False,0.0,11:25:25
19100.0,100,-850.0,0.0,SD,8547000.0,18921600.0,False,0.0,11:25:25
19100.0,100,-850.0,0.0,SD,8547000.0,18921500.0,False,0.0,11:25:25
19100.0,100,-850.0,0.0,SD,8547000.0,18921400.0,False,0.0,11:25:25
19100.0,400,-850.0,0.0,SD,8547000.0,18921300.0,False,0.0,11:25:25
19100.0,1600,-850.0,0.0,SD,8547000.0,18920900.0,False,-50.0,11:25:25
19150.0,1000,-800.0,0.0,BU,8547000.0,18919300.0,False,50.0,11:25:24
19100.0,1400,-850.0,0.0,SD,8546000.0,18919300.0,False,0.0,11:25:23
19100.0,500,-850.0,0.0,SD,8546000.0,18917900.0,False,0.0,11:25:23
19100.0,500,-850.0,0.0,SD,8546000.0,18917400.0,False,0.0,11:25:23
19100.0,200,-850.0,0.0,SD,8546000.0,18916900.0,False,0.0,11:25:23
19100.0,200,-850.0,0.0,SD,8546000.0,18916700.0,False,0.0,11:25:23
19100.0,500,-850.0,0.0,SD,8546000.0,18916500.0,False,0.0,11:25:23
19100.0,100,-850.0,0.0,SD,8546000.0,18916000.0,False,0.0,11:25:23
19100.0,100,-850.0,0.0,SD,8546000.0,18915900.0,False,0.0,11:25:23
19100.0,100,-850.0,0.0,SD,8546000.0,18915800.0,False,0.0,11:25:23
19100.0,100,-850.0,0.0,SD,8546000.0,18915700.0,False,0.0,11:25:23
19100.0,100,-850.0,0.0,SD,8546000.0,18915600.0,False,0.0,11:25:23
19100.0,100,-850.0,0.0,SD,8546000.0,18915500.0,False,0.0,11:25:23
19100.0,300,-850.0,0.0,SD,8546000.0,18915400.0,False,0.0,11:25:23
19100.0,2000,-850.0,0.0,SD,8546000.0,18915100.0,False,0.0,11:25:22
19100.0,1000,-850.0,0.0,SD,8546000.0,18913100.0,False,0.0,11:25:22
19100.0,1600,-850.0,0.0,SD,8546000.0,18912100.0,False,0.0,11:25:22
19100.0,1000,-850.0,0.0,SD,8546000.0,18910500.0,False,0.0,11:25:22
19100.0,500,-850.0,0.0,SD,8546000.0,18909500.0,False,0.0,11:25:22
19100.0,100,-850.0,0.0,SD,8546000.0,18909000.0,False,0.0,11:25:22
19100.0,500,-850.0,0.0,SD,8546000.0,18908900.0,False,0.0,11:25:22
19100.0,100,-850.0,0.0,SD,8546000.0,18908400.0,False,0.0,11:25:22
19100.0,5000,-850.0,0.0,SD,8546000.0,18908300.0,False,0.0,11:25:22
19100.0,1700,-850.0,0.0,SD,8546000.0,18903300.0,False,0.0,11:25:22
19100.0,300,-850.0,0.0,SD,8546000.0,18901600.0,False,0.0,11:25:22
19100.0,300,-850.0,0.0,SD,8546000.0,18901300.0,False,0.0,11:25:22
19100.0,1000,-850.0,0.0,SD,8546000.0,18901000.0,False,0.0,11:25:22
19100.0,300,-850.0,0.0,SD,8546000.0,18900000.0,False,0.0,11:25:22
19100.0,100,-850.0,0.0,SD,8546000.0,18899700.0,False,0.0,11:25:22
19100.0,1000,-850.0,0.0,SD,8546000.0,18899600.0,False,0.0,11:25:22
19100.0,200,-850.0,0.0,SD,8546000.0,18898600.0,False,0.0,11:25:22
19100.0,100,-850.0,0.0,SD,8546000.0,18898400.0,False,0.0,11:25:22
19100.0,100,-850.0,0.0,SD,8546000.0,18898300.0,False,0.0,11:25:22
19100.0,200,-850.0,0.0,SD,8546000.0,18898200.0,False,0.0,11:25:22
19100.0,600,-850.0,0.0,SD,8546000.0,18898000.0,False,0.0,11:25:22
19100.0,1000,-850.0,0.0,SD,8546000.0,18897400.0,False,0.0,11:25:22
19100.0,100,-850.0,0.0,SD,8546000.0,18896400.0,False,-50.0,11:25:22
19150.0,300,-800.0,0.0,BU,8546000.0,18896300.0,False,50.0,11:25:20
19100.0,800,-850.0,0.0,SD,8545700.0,18896300.0,False,0.0,11:25:14
19100.0,100,-850.0,0.0,SD,8545700.0,18895500.0,False,0.0,11:25:14
19100.0,200,-850.0,0.0,SD,8545700.0,18895400.0,False,0.0,11:25:14
19100.0,500,-850.0,0.0,SD,8545700.0,18895200.0,False,0.0,11:25:14
19100.0,500,-850.0,0.0,SD,8545700.0,18894700.0,False,0.0,11:25:14
19100.0,500,-850.0,0.0,SD,8545700.0,18894200.0,False,0.0,11:25:14
19100.0,100,-850.0,0.0,SD,8545700.0,18893700.0,False,0.0,11:25:14
19100.0,400,-850.0,0.0,SD,8545700.0,18893600.0,False,0.0,11:25:14
19100.0,100,-850.0,0.0,SD,8545700.0,18893200.0,False,0.0,11:25:14
19100.0,100,-850.0,0.0,SD,8545700.0,18893100.0,False,0.0,11:25:14
19100.0,500,-850.0,0.0,SD,8545700.0,18893000.0,False,0.0,11:25:14
19100.0,1000,-850.0,0.0,SD,8545700.0,18892500.0,False,0.0,11:25:14
19100.0,100,-850.0,0.0,SD,8545700.0,18891500.0,False,0.0,11:25:14
19100.0,100,-850.0,0.0,SD,8545700.0,18891400.0,False,-50.0,11:25:14
19150.0,100,-800.0,0.0,BU,8545700.0,18891300.0,False,0.0,11:25:11
19150.0,500,-800.0,0.0,BU,8545600.0,18891300.0,False,0.0,11:25:05
19150.0,100,-800.0,0.0,BU,8545100.0,18891300.0,False,0.0,11:25:05
19150.0,4000,-800.0,0.0,BU,8545000.0,18891300.0,False,50.0,11:25:04
19100.0,200,-850.0,0.0,SD,8541000.0,18891300.0,False,0.0,11:25:03
19100.0,400,-850.0,0.0,SD,8541000.0,18891100.0,False,-50.0,11:25:03
19150.0,17100,-800.0,0.0,BU,8541000.0,18890700.0,True,0.0,11:25:02
19150.0,400,-800.0,0.0,BU,8523900.0,18890700.0,False,50.0,11:25:02
19100.0,600,-850.0,0.0,SD,8523500.0,18890700.0,False,0.0,11:24:59
19100.0,10000,-850.0,0.0,SD,8523500.0,18890100.0,False,0.0,11:24:59
19100.0,1000,-850.0,0.0,SD,8523500.0,18880100.0,False,0.0,11:24:59
19100.0,3300,-850.0,0.0,SD,8523500.0,18879100.0,False,0.0,11:24:59
19100.0,3700,-850.0,0.0,SD,8523500.0,18875800.0,False,0.0,11:24:59
19100.0,1900,-850.0,0.0,SD,8523500.0,18872100.0,False,0.0,11:24:59
19100.0,5000,-850.0,0.0,SD,8523500.0,18870200.0,False,0.0,11:24:59
19100.0,1000,-850.0,0.0,SD,8523500.0,18865200.0,False,0.0,11:24:59
19100.0,100,-850.0,0.0,SD,8523500.0,18864200.0,False,0.0,11:24:59
19100.0,100,-850.0,0.0,SD,8523500.0,18864100.0,False,0.0,11:24:59
19100.0,1000,-850.0,0.0,SD,8523500.0,18864000.0,False,0.0,11:24:59
19100.0,200,-850.0,0.0,SD,8523500.0,18863000.0,False,0.0,11:24:59
19100.0,1000,-850.0,0.0,SD,8523500.0,18862800.0,False,0.0,11:24:59
19100.0,1100,-850.0,0.0,SD,8523500.0,18861800.0,False,0.0,11:24:59
19100.0,1000,-850.0,0.0,SD,8523500.0,18860700.0,False,0.0,11:24:58
19100.0,3000,-850.0,0.0,SD,8523500.0,18859700.0,False,-50.0,11:24:57
19150.0,600,-800.0,0.0,BU,8523500.0,18856700.0,False,0.0,11:24:53
19150.0,200,-800.0,0.0,BU,8522900.0,18856700.0,False,0.0,11:24:53
19150.0,400,-800.0,0.0,BU,8522700.0,18856700.0,False,0.0,11:24:53
19150.0,500,-800.0,0.0,BU,8522300.0,18856700.0,False,0.0,11:24:52
19150.0,2700,-800.0,0.0,BU,8521800.0,18856700.0,False,0.0,11:24:52
19150.0,500,-800.0,0.0,BU,8519100.0,18856700.0,False,0.0,11:24:50
19150.0,300,-800.0,0.0,BU,8518600.0,18856700.0,False,50.0,11:24:49
19100.0,4900,-850.0,0.0,SD,8518300.0,18856700.0,False,0.0,11:24:49
19100.0,500,-850.0,0.0,SD,8518300.0,18851800.0,False,0.0,11:24:49
19100.0,1000,-850.0,0.0,SD,8518300.0,18851300.0,False,0.0,11:24:49
19100.0,100,-850.0,0.0,SD,8518300.0,18850300.0,False,0.0,11:24:49
19100.0,1500,-850.0,0.0,SD,8518300.0,18850200.0,False,0.0,11:24:49
19100.0,500,-850.0,0.0,SD,8518300.0,18848700.0,False,0.0,11:24:49
19100.0,100,-850.0,0.0,SD,8518300.0,18848200.0,False,0.0,11:24:49
19100.0,1000,-850.0,0.0,SD,8518300.0,18848100.0,False,0.0,11:24:49
19100.0,3000,-850.0,0.0,SD,8518300.0,18847100.0,False,0.0,11:24:49
19100.0,100,-850.0,0.0,SD,8518300.0,18844100.0,False,0.0,11:24:49
19100.0,100,-850.0,0.0,SD,8518300.0,18844000.0,False,0.0,11:24:49
19100.0,300,-850.0,0.0,SD,8518300.0,18843900.0,False,0.0,11:24:49
19100.0,1000,-850.0,0.0,SD,8518300.0,18843600.0,False,0.0,11:24:49
19100.0,100,-850.0,0.0,SD,8518300.0,18842600.0,False,0.0,11:24:49
19100.0,35800,-850.0,0.0,SD,8518300.0,18842500.0,True,-50.0,11:24:49
19150.0,4000,-800.0,0.0,BU,8518300.0,18806700.0,False,0.0,11:24:44
19150.0,200,-800.0,0.0,BU,8514300.0,18806700.0,False,50.0,11:24:43
19100.0,1000,-850.0,0.0,SD,8514100.0,18806700.0,False,-50.0,11:24:38
19150.0,200,-800.0,0.0,BU,8514100.0,18805700.0,False,0.0,11:24:29
19150.0,2400,-800.0,0.0,BU,8513900.0,18805700.0,False,50.0,11:24:27
19100.0,500,-850.0,0.0,SD,8511500.0,18805700.0,False,0.0,11:24:26
19100.0,40000,-850.0,0.0,SD,8511500.0,18805200.0,True,0.0,11:24:24
19100.0,500,-850.0,0.0,SD,8511500.0,18765200.0,False,0.0,11:24:23
19100.0,300,-850.0,0.0,SD,8511500.0,18764700.0,False,0.0,11:24:22
19100.0,100,-850.0,0.0,SD,8511500.0,18764400.0,False,0.0,11:24:22
19100.0,300,-850.0,0.0,SD,8511500.0,18764300.0,False,0.0,11:24:22
19100.0,200,-850.0,0.0,SD,8511500.0,18764000.0,False,0.0,11:24:21
19100.0,100,-850.0,0.0,SD,8511500.0,18763800.0,False,0.0,11:24:21
19100.0,200,-850.0,0.0,SD,8511500.0,18763700.0,False,0.0,11:24:21
19100.0,300,-850.0,0.0,SD,8511500.0,18763500.0,False,0.0,11:24:21
19100.0,600,-850.0,0.0,SD,8511500.0,18763200.0,False,0.0,11:24:21
19100.0,500,-850.0,0.0,SD,8511500.0,18762600.0,False,0.0,11:24:21
19100.0,100,-850.0,0.0,SD,8511500.0,18762100.0,False,0.0,11:24:21
19100.0,100,-850.0,0.0,SD,8511500.0,18762000.0,False,0.0,11:24:20
19100.0,2900,-850.0,0.0,SD,8511500.0,18761900.0,False,0.0,11:24:20
19100.0,200,-850.0,0.0,SD,8511500.0,18759000.0,False,0.0,11:24:20
19100.0,800,-850.0,0.0,SD,8511500.0,18758800.0,False,-50.0,11:24:20
19150.0,100,-800.0,0.0,BU,8511500.0,18758000.0,False,0.0,11:24:20
19150.0,100,-800.0,0.0,BU,8511400.0,18758000.0,False,0.0,11:24:19
19150.0,1000,-800.0,0.0,BU,8511300.0,18758000.0,False,0.0,11:24:19
19150.0,1000,-800.0,0.0,BU,8510300.0,18758000.0,False,50.0,11:24:18
19100.0,1200,-850.0,0.0,SD,8509300.0,18758000.0,False,0.0,11:24:16
19100.0,200,-850.0,0.0,SD,8509300.0,18756800.0,False,0.0,11:24:16
19100.0,200,-850.0,0.0,SD,8509300.0,18756600.0,False,0.0,11:24:16
19100.0,1000,-850.0,0.0,SD,8509300.0,18756400.0,False,0.0,11:24:16
19100.0,100,-850.0,0.0,SD,8509300.0,18755400.0,False,0.0,11:24:16
19100.0,2000,-850.0,0.0,SD,8509300.0,18755300.0,False,0.0,11:24:16
19100.0,200,-850.0,0.0,SD,8509300.0,18753300.0,False,0.0,11:24:16
19100.0,300,-850.0,0.0,SD,8509300.0,18753100.0,False,0.0,11:24:16
19100.0,500,-850.0,0.0,SD,8509300.0,18752800.0,False,0.0,11:24:16
19100.0,100,-850.0,0.0,SD,8509300.0,18752300.0,False,0.0,11:24:16
19100.0,1000,-850.0,0.0,SD,8509300.0,18752200.0,False,0.0,11:24:16
19100.0,500,-850.0,0.0,SD,8509300.0,18751200.0,False,0.0,11:24:16
19100.0,600,-850.0,0.0,SD,8509300.0,18750700.0,False,0.0,11:24:16
19100.0,10000,-850.0,0.0,SD,8509300.0,18750100.0,False,0.0,11:24:16
19100.0,100,-850.0,0.0,SD,8509300.0,18740100.0,False,0.0,11:24:16
19100.0,500,-850.0,0.0,SD,8509300.0,18740000.0,False,0.0,11:24:16
19100.0,500,-850.0,0.0,SD,8509300.0,18739500.0,False,0.0,11:24:16
19100.0,500,-850.0,0.0,SD,8509300.0,18739000.0,False,0.0,11:24:16
19100.0,200,-850.0,0.0,SD,8509300.0,18738500.0,False,0.0,11:24:16
19100.0,100,-850.0,0.0,SD,8509300.0,18738300.0,False,0.0,11:24:16
19100.0,500,-850.0,0.0,SD,8509300.0,18738200.0,False,0.0,11:24:16
19100.0,200,-850.0,0.0,SD,8509300.0,18737700.0,False,0.0,11:24:16
19100.0,500,-850.0,0.0,SD,8509300.0,18737500.0,False,0.0,11:24:16
19100.0,1000,-850.0,0.0,SD,8509300.0,18737000.0,False,0.0,11:24:16
19100.0,1000,-850.0,0.0,SD,8509300.0,18736000.0,False,0.0,11:24:16
19100.0,100,-850.0,0.0,SD,8509300.0,18735000.0,False,0.0,11:24:16
19100.0,200,-850.0,0.0,SD,8509300.0,18734900.0,False,0.0,11:24:16
19100.0,500,-850.0,0.0,SD,8509300.0,18734700.0,False,0.0,11:24:16
19100.0,500,-850.0,0.0,SD,8509300.0,18734200.0,False,0.0,11:24:16
19100.0,5000,-850.0,0.0,SD,8509300.0,18733700.0,False,0.0,11:24:16
19100.0,10000,-850.0,0.0,SD,8509300.0,18728700.0,False,0.0,11:24:16
19100.0,1000,-850.0,0.0,SD,8509300.0,18718700.0,False,0.0,11:24:16
19100.0,200,-850.0,0.0,SD,8509300.0,18717700.0,False,0.0,11:24:16
19100.0,1000,-850.0,0.0,SD,8509300.0,18717500.0,False,0.0,11:24:16
19100.0,100,-850.0,0.0,SD,8509300.0,18716500.0,False,0.0,11:24:16
19100.0,100,-850.0,0.0,SD,8509300.0,18716400.0,False,0.0,11:24:16
19100.0,5000,-850.0,0.0,SD,8509300.0,18716300.0,False,0.0,11:24:16
19100.0,100,-850.0,0.0,SD,8509300.0,18711300.0,False,0.0,11:24:16
19100.0,400,-850.0,0.0,SD,8509300.0,18711200.0,False,0.0,11:24:16
19100.0,2800,-850.0,0.0,SD,8509300.0,18710800.0,False,0.0,11:24:16
19100.0,100,-850.0,0.0,SD,8509300.0,18708000.0,False,0.0,11:24:16
19100.0,1100,-850.0,0.0,SD,8509300.0,18707900.0,False,0.0,11:24:14
19100.0,900,-850.0,0.0,SD,8509300.0,18706800.0,False,-50.0,11:24:14
19150.0,3000,-800.0,0.0,BU,8509300.0,18705900.0,False,50.0,11:24:11
19100.0,1000,-850.0,0.0,SD,8506300.0,18705900.0,False,0.0,11:24:10
19100.0,100,-850.0,0.0,SD,8506300.0,18704900.0,False,0.0,11:24:07
19100.0,3100,-850.0,0.0,SD,8506300.0,18704800.0,False,0.0,11:24:07
19100.0,2300,-850.0,0.0,SD,8506300.0,18701700.0,False,0.0,11:24:07
19100.0,100,-850.0,0.0,SD,8506300.0,18699400.0,False,0.0,11:24:07
19100.0,400,-850.0,0.0,SD,8506300.0,18699300.0,False,0.0,11:24:07
19100.0,1000,-850.0,0.0,SD,8506300.0,18698900.0,False,0.0,11:24:07
19100.0,3500,-850.0,0.0,SD,8506300.0,18697900.0,False,0.0,11:24:07
19100.0,300,-850.0,0.0,SD,8506300.0,18694400.0,False,0.0,11:24:07
19100.0,500,-850.0,0.0,SD,8506300.0,18694100.0,False,0.0,11:24:07
19100.0,500,-850.0,0.0,SD,8506300.0,18693600.0,False,0.0,11:24:07
19100.0,100,-850.0,0.0,SD,8506300.0,18693100.0,False,0.0,11:24:07
19100.0,300,-850.0,0.0,SD,8506300.0,18693000.0,False,0.0,11:24:07
19100.0,2000,-850.0,0.0,SD,8506300.0,18692700.0,False,0.0,11:24:07
19100.0,1000,-850.0,0.0,SD,8506300.0,18690700.0,False,0.0,11:24:07
19100.0,500,-850.0,0.0,SD,8506300.0,18689700.0,False,0.0,11:24:07
19100.0,100,-850.0,0.0,SD,8506300.0,18689200.0,False,0.0,11:24:07
19100.0,100,-850.0,0.0,SD,8506300.0,18689100.0,False,0.0,11:24:07
19100.0,1000,-850.0,0.0,SD,8506300.0,18689000.0,False,0.0,11:24:07
19100.0,1000,-850.0,0.0,SD,8506300.0,18688000.0,False,0.0,11:24:07
19100.0,300,-850.0,0.0,SD,8506300.0,18687000.0,False,0.0,11:24:07
19100.0,5000,-850.0,0.0,SD,8506300.0,18686700.0,False,0.0,11:24:07
19100.0,3000,-850.0,0.0,SD,8506300.0,18681700.0,False,0.0,11:24:07
19100.0,100,-850.0,0.0,SD,8506300.0,18678700.0,False,0.0,11:24:07
19100.0,500,-850.0,0.0,SD,8506300.0,18678600.0,False,0.0,11:24:07
19100.0,100,-850.0,0.0,SD,8506300.0,18678100.0,False,0.0,11:24:07
19100.0,1000,-850.0,0.0,SD,8506300.0,18678000.0,False,0.0,11:24:07
19100.0,500,-850.0,0.0,SD,8506300.0,18677000.0,False,0.0,11:24:07
19100.0,500,-850.0,0.0,SD,8506300.0,18676500.0,False,0.0,11:24:07
19100.0,500,-850.0,0.0,SD,8506300.0,18676000.0,False,0.0,11:24:07
19100.0,100,-850.0,0.0,SD,8506300.0,18675500.0,False,0.0,11:24:07
19100.0,2000,-850.0,0.0,SD,8506300.0,18675400.0,False,0.0,11:24:07
19100.0,500,-850.0,0.0,SD,8506300.0,18673400.0,False,0.0,11:24:07
19100.0,500,-850.0,0.0,SD,8506300.0,18672900.0,False,0.0,11:24:07
19100.0,100,-850.0,0.0,SD,8506300.0,18672400.0,False,0.0,11:24:07
19100.0,300,-850.0,0.0,SD,8506300.0,18672300.0,False,0.0,11:24:07
19100.0,100,-850.0,0.0,SD,8506300.0,18672000.0,False,0.0,11:24:07
19100.0,1500,-850.0,0.0,SD,8506300.0,18671900.0,False,0.0,11:24:07
19100.0,100,-850.0,0.0,SD,8506300.0,18670400.0,False,0.0,11:24:07
19100.0,200,-850.0,0.0,SD,8506300.0,18670300.0,False,0.0,11:24:07
19100.0,1000,-850.0,0.0,SD,8506300.0,18670100.0,False,0.0,11:24:07
19100.0,1000,-850.0,0.0,SD,8506300.0,18669100.0,False,0.0,11:24:07
19100.0,2500,-850.0,0.0,SD,8506300.0,18668100.0,False,0.0,11:24:07
19100.0,100,-850.0,0.0,SD,8506300.0,18665600.0,False,0.0,11:24:07
19100.0,100,-850.0,0.0,SD,8506300.0,18665500.0,False,0.0,11:24:07
19100.0,500,-850.0,0.0,SD,8506300.0,18665400.0,False,0.0,11:24:07
19100.0,100,-850.0,0.0,SD,8506300.0,18664900.0,False,0.0,11:24:07
19100.0,100,-850.0,0.0,SD,8506300.0,18664800.0,False,0.0,11:24:07
19100.0,100,-850.0,0.0,SD,8506300.0,18664700.0,False,0.0,11:24:07
19100.0,200,-850.0,0.0,SD,8506300.0,18664600.0,False,0.0,11:24:07
19100.0,200,-850.0,0.0,SD,8506300.0,18664400.0,False,0.0,11:24:07
19100.0,1000,-850.0,0.0,SD,8506300.0,18664200.0,False,0.0,11:24:07
19100.0,1000,-850.0,0.0,SD,8506300.0,18663200.0,False,0.0,11:24:07
19100.0,100,-850.0,0.0,SD,8506300.0,18662200.0,False,0.0,11:24:07
19100.0,2000,-850.0,0.0,SD,8506300.0,18662100.0,False,0.0,11:24:07
19100.0,200,-850.0,0.0,SD,8506300.0,18660100.0,False,0.0,11:24:07
19100.0,300,-850.0,0.0,SD,8506300.0,18659900.0,False,0.0,11:24:07
19100.0,300,-850.0,0.0,SD,8506300.0,18659600.0,False,0.0,11:24:07
19100.0,200,-850.0,0.0,SD,8506300.0,18659300.0,False,0.0,11:24:07
19100.0,100,-850.0,0.0,SD,8506300.0,18659100.0,False,0.0,11:24:07
19100.0,200,-850.0,0.0,SD,8506300.0,18659000.0,False,0.0,11:24:07
19100.0,100,-850.0,0.0,SD,8506300.0,18658800.0,False,0.0,11:24:07
19100.0,200,-850.0,0.0,SD,8506300.0,18658700.0,False,0.0,11:24:07
19100.0,200,-850.0,0.0,SD,8506300.0,18658500.0,False,0.0,11:24:07
19100.0,500,-850.0,0.0,SD,8506300.0,18658300.0,False,0.0,11:24:07
19100.0,1000,-850.0,0.0,SD,8506300.0,18657800.0,False,0.0,11:24:07
19100.0,100,-850.0,0.0,SD,8506300.0,18656800.0,False,0.0,11:24:07
19100.0,2000,-850.0,0.0,SD,8506300.0,18656700.0,False,0.0,11:24:07
19100.0,1000,-850.0,0.0,SD,8506300.0,18654700.0,False,0.0,11:24:07
19100.0,500,-850.0,0.0,SD,8506300.0,18653700.0,False,0.0,11:24:07
19100.0,1200,-850.0,0.0,SD,8506300.0,18653200.0,False,0.0,11:24:07
19100.0,100,-850.0,0.0,SD,8506300.0,18652000.0,False,0.0,11:24:07
19100.0,3000,-850.0,0.0,SD,8506300.0,18651900.0,False,0.0,11:24:07
19100.0,4000,-850.0,0.0,SD,8506300.0,18648900.0,False,-50.0,11:24:07
19150.0,500,-800.0,0.0,BU,8506300.0,18644900.0,False,0.0,11:24:04
19150.0,500,-800.0,0.0,BU,8505800.0,18644900.0,False,0.0,11:23:59
19150.0,2600,-800.0,0.0,BU,8505300.0,18644900.0,False,0.0,11:23:59
19150.0,200,-800.0,0.0,BU,8502700.0,18644900.0,False,0.0,11:23:59
19150.0,1200,-800.0,0.0,BU,8502500.0,18644900.0,False,50.0,11:23:59
19100.0,1300,-850.0,0.0,SD,8501300.0,18644900.0,False,0.0,11:23:58
19100.0,500,-850.0,0.0,SD,8501300.0,18643600.0,False,0.0,11:23:58
19100.0,200,-850.0,0.0,SD,8501300.0,18643100.0,False,-50.0,11:23:58
19150.0,800,-800.0,0.0,BU,8501300.0,18642900.0,False,0.0,11:23:58
19150.0,1300,-800.0,0.0,BU,8500500.0,18642900.0,False,0.0,11:23:58
19150.0,100,-800.0,0.0,BU,8499200.0,18642900.0,False,0.0,11:23:58
19150.0,400,-800.0,0.0,BU,8499100.0,18642900.0,False,0.0,11:23:58
19150.0,2000,-800.0,0.0,BU,8498700.0,18642900.0,False,0.0,11:23:58
19150.0,500,-800.0,0.0,BU,8496700.0,18642900.0,False,0.0,11:23:58
19150.0,12500,-800.0,0.0,BU,8496200.0,18642900.0,True,0.0,11:23:58
19150.0,6200,-800.0,0.0,BU,8483700.0,18642900.0,False,0.0,11:23:58
19150.0,1200,-800.0,0.0,BU,8477500.0,18642900.0,False,50.0,11:23:58
19100.0,2600,-850.0,0.0,SD,8476300.0,18642900.0,False,0.0,11:23:55
19100.0,100,-850.0,0.0,SD,8476300.0,18640300.0,False,0.0,11:23:52
19100.0,2200,-850.0,0.0,SD,8476300.0,18640200.0,False,0.0,11:23:52
19100.0,200,-850.0,0.0,SD,8476300.0,18638000.0,False,0.0,11:23:52
19100.0,5000,-850.0,0.0,SD,8476300.0,18637800.0,False,0.0,11:23:52
19100.0,2000,-850.0,0.0,SD,8476300.0,18632800.0,False,0.0,11:23:52
19100.0,500,-850.0,0.0,SD,8476300.0,18630800.0,False,0.0,11:23:52
19100.0,100,-850.0,0.0,SD,8476300.0,18630300.0,False,0.0,11:23:52
19100.0,1000,-850.0,0.0,SD,8476300.0,18630200.0,False,0.0,11:23:52
19100.0,500,-850.0,0.0,SD,8476300.0,18629200.0,False,0.0,11:23:52
19100.0,1000,-850.0,0.0,SD,8476300.0,18628700.0,False,0.0,11:23:52
19100.0,100,-850.0,0.0,SD,8476300.0,18627700.0,False,0.0,11:23:52
19100.0,100,-850.0,0.0,SD,8476300.0,18627600.0,False,0.0,11:23:52
19100.0,500,-850.0,0.0,SD,8476300.0,18627500.0,False,0.0,11:23:52
19100.0,200,-850.0,0.0,SD,8476300.0,18627000.0,False,0.0,11:23:52
19100.0,30000,-850.0,0.0,SD,8476300.0,18626800.0,True,0.0,11:23:52
19100.0,100,-850.0,0.0,SD,8476300.0,18596800.0,False,0.0,11:23:52
19100.0,100,-850.0,0.0,SD,8476300.0,18596700.0,False,0.0,11:23:52
19100.0,2000,-850.0,0.0,SD,8476300.0,18596600.0,False,0.0,11:23:52
19100.0,2000,-850.0,0.0,SD,8476300.0,18594600.0,False,0.0,11:23:52
19100.0,1000,-850.0,0.0,SD,8476300.0,18592600.0,False,0.0,11:23:52
19100.0,100,-850.0,0.0,SD,8476300.0,18591600.0,False,0.0,11:23:52
19100.0,1000,-850.0,0.0,SD,8476300.0,18591500.0,False,0.0,11:23:52
19100.0,500,-850.0,0.0,SD,8476300.0,18590500.0,False,0.0,11:23:52
19100.0,500,-850.0,0.0,SD,8476300.0,18590000.0,False,0.0,11:23:52
19100.0,100,-850.0,0.0,SD,8476300.0,18589500.0,False,0.0,11:23:52
19100.0,4000,-850.0,0.0,SD,8476300.0,18589400.0,False,0.0,11:23:52
19100.0,100,-850.0,0.0,SD,8476300.0,18585400.0,False,0.0,11:23:52
19100.0,200,-850.0,0.0,SD,8476300.0,18585300.0,False,0.0,11:23:52
19100.0,100,-850.0,0.0,SD,8476300.0,18585100.0,False,0.0,11:23:52
19100.0,200,-850.0,0.0,SD,8476300.0,18585000.0,False,0.0,11:23:52
19100.0,500,-850.0,0.0,SD,8476300.0,18584800.0,False,0.0,11:23:52
19100.0,200,-850.0,0.0,SD,8476300.0,18584300.0,False,0.0,11:23:52
19100.0,100,-850.0,0.0,SD,8476300.0,18584100.0,False,0.0,11:23:52
19100.0,100,-850.0,0.0,SD,8476300.0,18584000.0,False,0.0,11:23:52
19100.0,300,-850.0,0.0,SD,8476300.0,18583900.0,False,0.0,11:23:52
19100.0,1000,-850.0,0.0,SD,8476300.0,18583600.0,False,0.0,11:23:52
19100.0,2300,-850.0,0.0,SD,8476300.0,18582600.0,False,0.0,11:23:52
19100.0,1600,-850.0,0.0,SD,8476300.0,18580300.0,False,-50.0,11:23:49
19150.0,500,-800.0,0.0,BU,8476300.0,18578700.0,False,0.0,11:23:47
19150.0,300,-800.0,0.0,BU,8475800.0,18578700.0,False,0.0,11:23:46
19150.0,1600,-800.0,0.0,BU,8475500.0,18578700.0,False,0.0,11:23:42
19150.0,400,-800.0,0.0,BU,8473900.0,18578700.0,False,0.0,11:23:42
19150.0,1800,-800.0,0.0,BU,8473500.0,18578700.0,False,0.0,11:23:39
19150.0,2400,-800.0,0.0,BU,8471700.0,18578700.0,False,0.0,11:23:39
19150.0,500,-800.0,0.0,BU,8469300.0,18578700.0,False,0.0,11:23:39
19150.0,100,-800.0,0.0,BU,8468800.0,18578700.0,False,0.0,11:23:39
19150.0,100,-800.0,0.0,BU,8468700.0,18578700.0,False,0.0,11:23:39
19150.0,500,-800.0,0.0,BU,8468600.0,18578700.0,False,0.0,11:23:39
19150.0,1000,-800.0,0.0,BU,8468100.0,18578700.0,False,0.0,11:23:39
19150.0,3600,-800.0,0.0,BU,8467100.0,18578700.0,False,0.0,11:23:39
19150.0,1000,-800.0,0.0,BU,8463500.0,18578700.0,False,50.0,11:23:39
19100.0,1500,-850.0,0.0,SD,8462500.0,18578700.0,False,0.0,11:23:38
19100.0,300,-850.0,0.0,SD,8462500.0,18577200.0,False,0.0,11:23:38
19100.0,200,-850.0,0.0,SD,8462500.0,18576900.0,False,0.0,11:23:34
19100.0,100,-850.0,0.0,SD,8462500.0,18576700.0,False,0.0,11:23:34
19100.0,600,-850.0,0.0,SD,8462500.0,18576600.0,False,0.0,11:23:34
19100.0,400,-850.0,0.0,SD,8462500.0,18576000.0,False,0.0,11:23:34
19100.0,200,-850.0,0.0,SD,8462500.0,18575600.0,False,0.0,11:23:34
19100.0,100,-850.0,0.0,SD,8462500.0,18575400.0,False,0.0,11:23:34
19100.0,100,-850.0,0.0,SD,8462500.0,18575300.0,False,-50.0,11:23:34
19150.0,700,-800.0,0.0,BU,8462500.0,18575200.0,False,0.0,11:23:33
19150.0,1300,-800.0,0.0,BU,8461800.0,18575200.0,False,0.0,11:23:33
19150.0,100,-800.0,0.0,BU,8460500.0,18575200.0,False,0.0,11:23:33
19150.0,2500,-800.0,0.0,BU,8460400.0,18575200.0,False,0.0,11:23:32
19150.0,100,-800.0,0.0,BU,8457900.0,18575200.0,False,50.0,11:23:32
19100.0,100,-850.0,0.0,SD,8457800.0,18575200.0,False,0.0,11:23:31
19100.0,500,-850.0,0.0,SD,8457800.0,18575100.0,False,0.0,11:23:31
19100.0,200,-850.0,0.0,SD,8457800.0,18574600.0,False,0.0,11:23:31
19100.0,5500,-850.0,0.0,SD,8457800.0,18574400.0,False,0.0,11:23:31
19100.0,200,-850.0,0.0,SD,8457800.0,18568900.0,False,0.0,11:23:31
19100.0,100,-850.0,0.0,SD,8457800.0,18568700.0,False,0.0,11:23:31
19100.0,3000,-850.0,0.0,SD,8457800.0,18568600.0,False,0.0,11:23:31
19100.0,100,-850.0,0.0,SD,8457800.0,18565600.0,False,0.0,11:23:31
19100.0,5000,-850.0,0.0,SD,8457800.0,18565500.0,False,0.0,11:23:31
19100.0,1000,-850.0,0.0,SD,8457800.0,18560500.0,False,0.0,11:23:31
19100.0,100,-850.0,0.0,SD,8457800.0,18559500.0,False,0.0,11:23:31
19100.0,200,-850.0,0.0,SD,8457800.0,18559400.0,False,0.0,11:23:31
19100.0,2000,-850.0,0.0,SD,8457800.0,18559200.0,False,0.0,11:23:31
19100.0,500,-850.0,0.0,SD,8457800.0,18557200.0,False,0.0,11:23:31
19100.0,3000,-850.0,0.0,SD,8457800.0,18556700.0,False,0.0,11:23:31
19100.0,500,-850.0,0.0,SD,8457800.0,18553700.0,False,0.0,11:23:31
19100.0,100,-850.0,0.0,SD,8457800.0,18553200.0,False,0.0,11:23:31
19100.0,1000,-850.0,0.0,SD,8457800.0,18553100.0,False,0.0,11:23:31
19100.0,2000,-850.0,0.0,SD,8457800.0,18552100.0,False,0.0,11:23:31
19100.0,500,-850.0,0.0,SD,8457800.0,18550100.0,False,0.0,11:23:31
19100.0,100,-850.0,0.0,SD,8457800.0,18549600.0,False,0.0,11:23:31
19100.0,2000,-850.0,0.0,SD,8457800.0,18549500.0,False,0.0,11:23:31
19100.0,500,-850.0,0.0,SD,8457800.0,18547500.0,False,0.0,11:23:31
19100.0,100,-850.0,0.0,SD,8457800.0,18547000.0,False,0.0,11:23:31
19100.0,100,-850.0,0.0,SD,8457800.0,18546900.0,False,0.0,11:23:31
19100.0,200,-850.0,0.0,SD,8457800.0,18546800.0,False,0.0,11:23:31
19100.0,100,-850.0,0.0,SD,8457800.0,18546600.0,False,0.0,11:23:31
19100.0,100,-850.0,0.0,SD,8457800.0,18546500.0,False,0.0,11:23:31
19100.0,200,-850.0,0.0,SD,8457800.0,18546400.0,False,0.0,11:23:31
19100.0,600,-850.0,0.0,SD,8457800.0,18546200.0,False,0.0,11:23:31
19100.0,3100,-850.0,0.0,SD,8457800.0,18545600.0,False,0.0,11:23:31
19100.0,500,-850.0,0.0,SD,8457800.0,18542500.0,False,0.0,11:23:31
19100.0,100,-850.0,0.0,SD,8457800.0,18542000.0,False,0.0,11:23:31
19100.0,500,-850.0,0.0,SD,8457800.0,18541900.0,False,0.0,11:23:31
19100.0,1600,-850.0,0.0,SD,8457800.0,18541400.0,False,0.0,11:23:31
19100.0,600,-850.0,0.0,SD,8457800.0,18539800.0,False,0.0,11:23:31
19100.0,100,-850.0,0.0,SD,8457800.0,18539200.0,False,0.0,11:23:31
19100.0,500,-850.0,0.0,SD,8457800.0,18539100.0,False,0.0,11:23:31
19100.0,100,-850.0,0.0,SD,8457800.0,18538600.0,False,0.0,11:23:31
19100.0,100,-850.0,0.0,SD,8457800.0,18538500.0,False,0.0,11:23:31
19100.0,300,-850.0,0.0,SD,8457800.0,18538400.0,False,0.0,11:23:31
19100.0,500,-850.0,0.0,SD,8457800.0,18538100.0,False,0.0,11:23:31
19100.0,1000,-850.0,0.0,SD,8457800.0,18537600.0,False,0.0,11:23:31
19100.0,500,-850.0,0.0,SD,8457800.0,18536600.0,False,0.0,11:23:31
19100.0,100,-850.0,0.0,SD,8457800.0,18536100.0,False,0.0,11:23:31
19100.0,100,-850.0,0.0,SD,8457800.0,18536000.0,False,0.0,11:23:31
19100.0,1000,-850.0,0.0,SD,8457800.0,18535900.0,False,0.0,11:23:31
19100.0,2000,-850.0,0.0,SD,8457800.0,18534900.0,False,0.0,11:23:31
19100.0,2000,-850.0,0.0,SD,8457800.0,18532900.0,False,0.0,11:23:31
19100.0,100,-850.0,0.0,SD,8457800.0,18530900.0,False,0.0,11:23:31
19100.0,2000,-850.0,0.0,SD,8457800.0,18530800.0,False,0.0,11:23:31
19100.0,100,-850.0,0.0,SD,8457800.0,18528800.0,False,0.0,11:23:31
19100.0,3500,-850.0,0.0,SD,8457800.0,18528700.0,False,-50.0,11:23:31
19150.0,1300,-800.0,0.0,BU,8457800.0,18525200.0,False,50.0,11:23:31
19100.0,1200,-850.0,0.0,SD,8456500.0,18525200.0,False,-50.0,11:23:29
19150.0,100,-800.0,0.0,BU,8456500.0,18524000.0,False,0.0,11:23:28
19150.0,100,-800.0,0.0,BU,8456400.0,18524000.0,False,0.0,11:23:28
19150.0,200,-800.0,0.0,BU,8456300.0,18524000.0,False,0.0,11:23:27
19150.0,100,-800.0,0.0,BU,8456100.0,18524000.0,False,0.0,11:23:26
19150.0,4000,-800.0,0.0,BU,8456000.0,18524000.0,False,0.0,11:23:19
19150.0,15200,-800.0,0.0,BU,8452000.0,18524000.0,True,0.0,11:23:18
19150.0,1200,-800.0,0.0,BU,8436800.0,18524000.0,False,0.0,11:23:18
19150.0,2000,-800.0,0.0,BU,8435600.0,18524000.0,False,0.0,11:23:18
19150.0,600,-800.0,0.0,BU,8433600.0,18524000.0,False,0.0,11:23:18
19150.0,400,-800.0,0.0,BU,8433000.0,18524000.0,False,0.0,11:23:18
19150.0,500,-800.0,0.0,BU,8432600.0,18524000.0,False,0.0,11:23:18
19150.0,100,-800.0,0.0,BU,8432100.0,18524000.0,False,50.0,11:23:18
19100.0,300,-850.0,0.0,SD,8432000.0,18524000.0,False,0.0,11:23:18
19100.0,100,-850.0,0.0,SD,8432000.0,18523700.0,False,-50.0,11:23:18
19150.0,100,-800.0,0.0,BU,8432000.0,18523600.0,False,0.0,11:23:18
19150.0,400,-800.0,0.0,BU,8431900.0,18523600.0,False,50.0,11:23:18
19100.0,100,-850.0,0.0,SD,8431500.0,18523600.0,False,0.0,11:23:17
19100.0,1300,-850.0,0.0,SD,8431500.0,18523500.0,False,0.0,11:23:17
19100.0,200,-850.0,0.0,SD,8431500.0,18522200.0,False,0.0,11:23:17
19100.0,500,-850.0,0.0,SD,8431500.0,18522000.0,False,0.0,11:23:17
19100.0,100,-850.0,0.0,SD,8431500.0,18521500.0,False,0.0,11:23:17
19100.0,100,-850.0,0.0,SD,8431500.0,18521400.0,False,0.0,11:23:17
19100.0,100,-850.0,0.0,SD,8431500.0,18521300.0,False,0.0,11:23:17
19100.0,100,-850.0,0.0,SD,8431500.0,18521200.0,False,0.0,11:23:17
19100.0,1000,-850.0,0.0,SD,8431500.0,18521100.0,False,0.0,11:23:17
19100.0,5000,-850.0,0.0,SD,8431500.0,18520100.0,False,0.0,11:23:17
19100.0,1000,-850.0,0.0,SD,8431500.0,18515100.0,False,0.0,11:23:17
19100.0,500,-850.0,0.0,SD,8431500.0,18514100.0,False,0.0,11:23:17
19100.0,500,-850.0,0.0,SD,8431500.0,18513600.0,False,0.0,11:23:17
19100.0,200,-850.0,0.0,SD,8431500.0,18513100.0,False,0.0,11:23:17
19100.0,500,-850.0,0.0,SD,8431500.0,18512900.0,False,0.0,11:23:17
19100.0,100,-850.0,0.0,SD,8431500.0,18512400.0,False,0.0,11:23:17
19100.0,100,-850.0,0.0,SD,8431500.0,18512300.0,False,0.0,11:23:17
19100.0,500,-850.0,0.0,SD,8431500.0,18512200.0,False,0.0,11:23:17
19100.0,200,-850.0,0.0,SD,8431500.0,18511700.0,False,0.0,11:23:17
19100.0,200,-850.0,0.0,SD,8431500.0,18511500.0,False,0.0,11:23:17
19100.0,100,-850.0,0.0,SD,8431500.0,18511300.0,False,0.0,11:23:17
19100.0,500,-850.0,0.0,SD,8431500.0,18511200.0,False,0.0,11:23:17
19100.0,100,-850.0,0.0,SD,8431500.0,18510700.0,False,0.0,11:23:17
19100.0,1000,-850.0,0.0,SD,8431500.0,18510600.0,False,0.0,11:23:17
19100.0,1000,-850.0,0.0,SD,8431500.0,18509600.0,False,0.0,11:23:17
19100.0,100,-850.0,0.0,SD,8431500.0,18508600.0,False,0.0,11:23:17
19100.0,500,-850.0,0.0,SD,8431500.0,18508500.0,False,0.0,11:23:17
19100.0,100,-850.0,0.0,SD,8431500.0,18508000.0,False,0.0,11:23:17
19100.0,100,-850.0,0.0,SD,8431500.0,18507900.0,False,0.0,11:23:17
19100.0,100,-850.0,0.0,SD,8431500.0,18507800.0,False,0.0,11:23:17
19100.0,200,-850.0,0.0,SD,8431500.0,18507700.0,False,0.0,11:23:17
19100.0,1000,-850.0,0.0,SD,8431500.0,18507500.0,False,0.0,11:23:17
19100.0,2000,-850.0,0.0,SD,8431500.0,18506500.0,False,0.0,11:23:17
19100.0,100,-850.0,0.0,SD,8431500.0,18504500.0,False,0.0,11:23:16
19100.0,500,-850.0,0.0,SD,8431500.0,18504400.0,False,0.0,11:23:16
19100.0,900,-850.0,0.0,SD,8431500.0,18503900.0,False,0.0,11:23:14
19100.0,200,-850.0,0.0,SD,8431500.0,18503000.0,False,0.0,11:23:14
19100.0,100,-850.0,0.0,SD,8431500.0,18502800.0,False,0.0,11:23:14
19100.0,600,-850.0,0.0,SD,8431500.0,18502700.0,False,0.0,11:23:14
19100.0,400,-850.0,0.0,SD,8431500.0,18502100.0,False,0.0,11:23:08
19100.0,2000,-850.0,0.0,SD,8431500.0,18501700.0,False,0.0,11:23:08
19100.0,200,-850.0,0.0,SD,8431500.0,18499700.0,False,0.0,11:23:08
19100.0,100,-850.0,0.0,SD,8431500.0,18499500.0,False,0.0,11:23:08
19100.0,100,-850.0,0.0,SD,8431500.0,18499400.0,False,-50.0,11:23:06
19150.0,100,-800.0,0.0,BU,8431500.0,18499300.0,False,50.0,11:23:05
19100.0,200,-850.0,0.0,SD,8431400.0,18499300.0,False,-50.0,11:23:02
19150.0,3500,-800.0,0.0,BU,8431400.0,18499100.0,False,0.0,11:23:02
19150.0,100,-800.0,0.0,BU,8427900.0,18499100.0,False,0.0,11:23:02
19150.0,400,-800.0,0.0,BU,8427800.0,18499100.0,False,0.0,11:23:02
19150.0,600,-800.0,0.0,BU,8427400.0,18499100.0,False,0.0,11:23:01
19150.0,3000,-800.0,0.0,BU,8426800.0,18499100.0,False,0.0,11:23:01
19150.0,6400,-800.0,0.0,BU,8423800.0,18499100.0,False,50.0,11:23:01
19100.0,400,-850.0,0.0,SD,8417400.0,18499100.0,False,0.0,11:22:58
19100.0,100,-850.0,0.0,SD,8417400.0,18498700.0,False,0.0,11:22:58
19100.0,800,-850.0,0.0,SD,8417400.0,18498600.0,False,0.0,11:22:58
19100.0,8700,-850.0,0.0,SD,8417400.0,18497800.0,False,-50.0,11:22:58
19150.0,3000,-800.0,0.0,BU,8417400.0,18489100.0,False,0.0,11:22:56
19150.0,300,-800.0,0.0,BU,8414400.0,18489100.0,False,50.0,11:22:54
19100.0,1400,-850.0,0.0,SD,8414100.0,18489100.0,False,-50.0,11:22:54
19150.0,500,-800.0,0.0,BU,8414100.0,18487700.0,False,0.0,11:22:53
19150.0,700,-800.0,0.0,BU,8413600.0,18487700.0,False,0.0,11:22:53
19150.0,200,-800.0,0.0,BU,8412900.0,18487700.0,False,50.0,11:22:52
19100.0,100,-850.0,0.0,SD,8412700.0,18487700.0,False,-50.0,11:22:51
19150.0,18900,-800.0,0.0,BU,8412700.0,18487600.0,True,0.0,11:22:48
19150.0,4500,-800.0,0.0,BU,8393800.0,18487600.0,False,0.0,11:22:48
19150.0,10000,-800.0,0.0,BU,8389300.0,18487600.0,False,0.0,11:22:48
19150.0,100,-800.0,0.0,BU,8379300.0,18487600.0,False,0.0,11:22:48
19150.0,7000,-800.0,0.0,BU,8379200.0,18487600.0,False,0.0,11:22:48
19150.0,9500,-800.0,0.0,BU,8372200.0,18487600.0,False,50.0,11:22:48
19100.0,100,-850.0,0.0,SD,8362700.0,18487600.0,False,0.0,11:22:45
19100.0,2800,-850.0,0.0,SD,8362700.0,18487500.0,False,0.0,11:22:45
19100.0,100,-850.0,0.0,SD,8362700.0,18484700.0,False,0.0,11:22:45
19100.0,100,-850.0,0.0,SD,8362700.0,18484600.0,False,0.0,11:22:45
19100.0,2000,-850.0,0.0,SD,8362700.0,18484500.0,False,0.0,11:22:45
19100.0,100,-850.0,0.0,SD,8362700.0,18482500.0,False,0.0,11:22:45
19100.0,100,-850.0,0.0,SD,8362700.0,18482400.0,False,0.0,11:22:45
19100.0,100,-850.0,0.0,SD,8362700.0,18482300.0,False,0.0,11:22:45
19100.0,200,-850.0,0.0,SD,8362700.0,18482200.0,False,0.0,11:22:45
19100.0,2000,-850.0,0.0,SD,8362700.0,18482000.0,False,0.0,11:22:45
19100.0,500,-850.0,0.0,SD,8362700.0,18480000.0,False,0.0,11:22:45
19100.0,200,-850.0,0.0,SD,8362700.0,18479500.0,False,0.0,11:22:45
19100.0,100,-850.0,0.0,SD,8362700.0,18479300.0,False,0.0,11:22:45
19100.0,1000,-850.0,0.0,SD,8362700.0,18479200.0,False,0.0,11:22:45
19100.0,100,-850.0,0.0,SD,8362700.0,18478200.0,False,0.0,11:22:45
19100.0,300,-850.0,0.0,SD,8362700.0,18478100.0,False,0.0,11:22:45
19100.0,500,-850.0,0.0,SD,8362700.0,18477800.0,False,0.0,11:22:45
19100.0,100,-850.0,0.0,SD,8362700.0,18477300.0,False,0.0,11:22:45
19100.0,100,-850.0,0.0,SD,8362700.0,18477200.0,False,0.0,11:22:45
19100.0,100,-850.0,0.0,SD,8362700.0,18477100.0,False,0.0,11:22:45
19100.0,200,-850.0,0.0,SD,8362700.0,18477000.0,False,0.0,11:22:45
19100.0,200,-850.0,0.0,SD,8362700.0,18476800.0,False,0.0,11:22:45
19100.0,1000,-850.0,0.0,SD,8362700.0,18476600.0,False,0.0,11:22:45
19100.0,900,-850.0,0.0,SD,8362700.0,18475600.0,False,0.0,11:22:45
19100.0,1600,-850.0,0.0,SD,8362700.0,18474700.0,False,0.0,11:22:45
19100.0,2000,-850.0,0.0,SD,8362700.0,18473100.0,False,0.0,11:22:45
19100.0,100,-850.0,0.0,SD,8362700.0,18471100.0,False,0.0,11:22:45
19100.0,1000,-850.0,0.0,SD,8362700.0,18471000.0,False,0.0,11:22:45
19100.0,200,-850.0,0.0,SD,8362700.0,18470000.0,False,0.0,11:22:45
19100.0,100,-850.0,0.0,SD,8362700.0,18469800.0,False,0.0,11:22:45
19100.0,1000,-850.0,0.0,SD,8362700.0,18469700.0,False,0.0,11:22:45
19100.0,100,-850.0,0.0,SD,8362700.0,18468700.0,False,0.0,11:22:45
19100.0,2000,-850.0,0.0,SD,8362700.0,18468600.0,False,0.0,11:22:45
19100.0,900,-850.0,0.0,SD,8362700.0,18466600.0,False,0.0,11:22:45
19100.0,100,-850.0,0.0,SD,8362700.0,18465700.0,False,0.0,11:22:45
19100.0,800,-850.0,0.0,SD,8362700.0,18465600.0,False,0.0,11:22:45
19100.0,100,-850.0,0.0,SD,8362700.0,18464800.0,False,0.0,11:22:45
19100.0,100,-850.0,0.0,SD,8362700.0,18464700.0,False,0.0,11:22:45
19100.0,100,-850.0,0.0,SD,8362700.0,18464600.0,False,0.0,11:22:45
19100.0,100,-850.0,0.0,SD,8362700.0,18464500.0,False,0.0,11:22:45
19100.0,1000,-850.0,0.0,SD,8362700.0,18464400.0,False,0.0,11:22:45
19100.0,500,-850.0,0.0,SD,8362700.0,18463400.0,False,0.0,11:22:45
19100.0,300,-850.0,0.0,SD,8362700.0,18462900.0,False,0.0,11:22:45
19100.0,100,-850.0,0.0,SD,8362700.0,18462600.0,False,0.0,11:22:45
19100.0,100,-850.0,0.0,SD,8362700.0,18462500.0,False,0.0,11:22:45
19100.0,200,-850.0,0.0,SD,8362700.0,18462400.0,False,0.0,11:22:45
19100.0,500,-850.0,0.0,SD,8362700.0,18462200.0,False,0.0,11:22:45
19100.0,100,-850.0,0.0,SD,8362700.0,18461700.0,False,0.0,11:22:45
19100.0,100,-850.0,0.0,SD,8362700.0,18461600.0,False,0.0,11:22:45
19100.0,300,-850.0,0.0,SD,8362700.0,18461500.0,False,0.0,11:22:45
19100.0,1000,-850.0,0.0,SD,8362700.0,18461200.0,False,0.0,11:22:45
19100.0,100,-850.0,0.0,SD,8362700.0,18460200.0,False,0.0,11:22:45
19100.0,100,-850.0,0.0,SD,8362700.0,18460100.0,False,0.0,11:22:45
19100.0,200,-850.0,0.0,SD,8362700.0,18460000.0,False,0.0,11:22:45
19100.0,300,-850.0,0.0,SD,8362700.0,18459800.0,False,0.0,11:22:45
19100.0,100,-850.0,0.0,SD,8362700.0,18459500.0,False,0.0,11:22:45
19100.0,3000,-850.0,0.0,SD,8362700.0,18459400.0,False,0.0,11:22:45
19100.0,100,-850.0,0.0,SD,8362700.0,18456400.0,False,0.0,11:22:45
19100.0,100,-850.0,0.0,SD,8362700.0,18456300.0,False,0.0,11:22:45
19100.0,500,-850.0,0.0,SD,8362700.0,18456200.0,False,0.0,11:22:45
19100.0,200,-850.0,0.0,SD,8362700.0,18455700.0,False,0.0,11:22:45
19100.0,100,-850.0,0.0,SD,8362700.0,18455500.0,False,0.0,11:22:45
19100.0,1000,-850.0,0.0,SD,8362700.0,18455400.0,False,0.0,11:22:45
19100.0,300,-850.0,0.0,SD,8362700.0,18454400.0,False,0.0,11:22:45
19100.0,1000,-850.0,0.0,SD,8362700.0,18454100.0,False,0.0,11:22:45
19100.0,100,-850.0,0.0,SD,8362700.0,18453100.0,False,0.0,11:22:45
19100.0,100,-850.0,0.0,SD,8362700.0,18453000.0,False,0.0,11:22:45
19100.0,200,-850.0,0.0,SD,8362700.0,18452900.0,False,0.0,11:22:45
19100.0,200,-850.0,0.0,SD,8362700.0,18452700.0,False,0.0,11:22:45
19100.0,100,-850.0,0.0,SD,8362700.0,18452500.0,False,0.0,11:22:45
19100.0,100,-850.0,0.0,SD,8362700.0,18452400.0,False,0.0,11:22:45
19100.0,100,-850.0,0.0,SD,8362700.0,18452300.0,False,0.0,11:22:45
19100.0,500,-850.0,0.0,SD,8362700.0,18452200.0,False,0.0,11:22:45
19100.0,700,-850.0,0.0,SD,8362700.0,18451700.0,False,0.0,11:22:45
19100.0,300,-850.0,0.0,SD,8362700.0,18451000.0,False,0.0,11:22:45
19100.0,100,-850.0,0.0,SD,8362700.0,18450700.0,False,0.0,11:22:45
19100.0,2000,-850.0,0.0,SD,8362700.0,18450600.0,False,0.0,11:22:45
19100.0,1000,-850.0,0.0,SD,8362700.0,18448600.0,False,0.0,11:22:45
19100.0,100,-850.0,0.0,SD,8362700.0,18447600.0,False,0.0,11:22:45
19100.0,500,-850.0,0.0,SD,8362700.0,18447500.0,False,0.0,11:22:45
19100.0,5000,-850.0,0.0,SD,8362700.0,18447000.0,False,0.0,11:22:45
19100.0,200,-850.0,0.0,SD,8362700.0,18442000.0,False,0.0,11:22:45
19100.0,1300,-850.0,0.0,SD,8362700.0,18441800.0,False,0.0,11:22:45
19100.0,100,-850.0,0.0,SD,8362700.0,18440500.0,False,0.0,11:22:45
19100.0,1000,-850.0,0.0,SD,8362700.0,18440400.0,False,0.0,11:22:45
19100.0,1000,-850.0,0.0,SD,8362700.0,18439400.0,False,0.0,11:22:45
19100.0,200,-850.0,0.0,SD,8362700.0,18438400.0,False,0.0,11:22:45
19100.0,200,-850.0,0.0,SD,8362700.0,18438200.0,False,0.0,11:22:45
19100.0,200,-850.0,0.0,SD,8362700.0,18438000.0,False,0.0,11:22:45
19100.0,200,-850.0,0.0,SD,8362700.0,18437800.0,False,-50.0,11:22:45
19150.0,1000,-800.0,0.0,BU,8362700.0,18437600.0,False,0.0,11:22:44
19150.0,200,-800.0,0.0,BU,8361700.0,18437600.0,False,0.0,11:22:44
19150.0,100,-800.0,0.0,BU,8361500.0,18437600.0,False,50.0,11:22:43
19100.0,300,-850.0,0.0,SD,8361400.0,18437600.0,False,0.0,11:22:41
19100.0,1000,-850.0,0.0,SD,8361400.0,18437300.0,False,0.0,11:22:41
19100.0,700,-850.0,0.0,SD,8361400.0,18436300.0,False,0.0,11:22:41
19100.0,300,-850.0,0.0,SD,8361400.0,18435600.0,False,0.0,11:22:40
19100.0,100,-850.0,0.0,SD,8361400.0,18435300.0,False,0.0,11:22:40
19100.0,100,-850.0,0.0,SD,8361400.0,18435200.0,False,0.0,11:22:40
19100.0,400,-850.0,0.0,SD,8361400.0,18435100.0,False,0.0,11:22:40
19100.0,1000,-850.0,0.0,SD,8361400.0,18434700.0,False,0.0,11:22:40
19100.0,2000,-850.0,0.0,SD,8361400.0,18433700.0,False,0.0,11:22:40
19100.0,100,-850.0,0.0,SD,8361400.0,18431700.0,False,0.0,11:22:40
19100.0,700,-850.0,0.0,SD,8361400.0,18431600.0,False,-50.0,11:22:40
19150.0,500,-800.0,0.0,BU,8361400.0,18430900.0,False,0.0,11:22:40
19150.0,500,-800.0,0.0,BU,8360900.0,18430900.0,False,50.0,11:22:35
19100.0,100,-850.0,0.0,SD,8360400.0,18430900.0,False,-50.0,11:22:33
19150.0,18200,-800.0,0.0,BU,8360400.0,18430800.0,True,0.0,11:22:32
19150.0,6800,-800.0,0.0,BU,8342200.0,18430800.0,False,0.0,11:22:32
19150.0,3100,-800.0,0.0,BU,8335400.0,18430800.0,False,50.0,11:22:28
19100.0,200,-850.0,0.0,SD,8332300.0,18430800.0,False,0.0,11:22:27
19100.0,400,-850.0,0.0,SD,8332300.0,18430600.0,False,0.0,11:22:27
19100.0,200,-850.0,0.0,SD,8332300.0,18430200.0,False,0.0,11:22:27
19100.0,200,-850.0,0.0,SD,8332300.0,18430000.0,False,0.0,11:22:27
19100.0,300,-850.0,0.0,SD,8332300.0,18429800.0,False,0.0,11:22:27
19100.0,1000,-850.0,0.0,SD,8332300.0,18429500.0,False,0.0,11:22:27
19100.0,15000,-850.0,0.0,SD,8332300.0,18428500.0,True,0.0,11:22:27
19100.0,100,-850.0,0.0,SD,8332300.0,18413500.0,False,0.0,11:22:27
19100.0,500,-850.0,0.0,SD,8332300.0,18413400.0,False,0.0,11:22:27
19100.0,300,-850.0,0.0,SD,8332300.0,18412900.0,False,0.0,11:22:27
19100.0,100,-850.0,0.0,SD,8332300.0,18412600.0,False,0.0,11:22:27
19100.0,100,-850.0,0.0,SD,8332300.0,18412500.0,False,0.0,11:22:27
19100.0,1000,-850.0,0.0,SD,8332300.0,18412400.0,False,0.0,11:22:27
19100.0,1600,-850.0,0.0,SD,8332300.0,18411400.0,False,0.0,11:22:27
19100.0,400,-850.0,0.0,SD,8332300.0,18409800.0,False,0.0,11:22:27
19100.0,1000,-850.0,0.0,SD,8332300.0,18409400.0,False,0.0,11:22:27
19100.0,200,-850.0,0.0,SD,8332300.0,18408400.0,False,0.0,11:22:27
19100.0,500,-850.0,0.0,SD,8332300.0,18408200.0,False,0.0,11:22:27
19100.0,100,-850.0,0.0,SD,8332300.0,18407700.0,False,0.0,11:22:27
19100.0,100,-850.0,0.0,SD,8332300.0,18407600.0,False,0.0,11:22:27
19100.0,500,-850.0,0.0,SD,8332300.0,18407500.0,False,0.0,11:22:27
19100.0,100,-850.0,0.0,SD,8332300.0,18407000.0,False,0.0,11:22:27
19100.0,300,-850.0,0.0,SD,8332300.0,18406600.0,False,0.0,11:22:27
19100.0,2000,-850.0,0.0,SD,8332300.0,18406300.0,False,0.0,11:22:27
19100.0,100,-850.0,0.0,SD,8332300.0,18404300.0,False,0.0,11:22:27
19100.0,500,-850.0,0.0,SD,8332300.0,18404200.0,False,0.0,11:22:27
19100.0,300,-850.0,0.0,SD,8332300.0,18403700.0,False,0.0,11:22:27
19100.0,200,-850.0,0.0,SD,8332300.0,18403400.0,False,0.0,11:22:27
19100.0,1000,-850.0,0.0,SD,8332300.0,18403200.0,False,0.0,11:22:27
19100.0,1000,-850.0,0.0,SD,8332300.0,18402200.0,False,0.0,11:22:27
19100.0,5000,-850.0,0.0,SD,8332300.0,18401200.0,False,0.0,11:22:27
19100.0,100,-850.0,0.0,SD,8332300.0,18393200.0,False,0.0,11:22:27
19100.0,100,-850.0,0.0,SD,8332300.0,18393100.0,False,0.0,11:22:27
19100.0,100,-850.0,0.0,SD,8332300.0,18392500.0,False,0.0,11:22:27
19100.0,300,-850.0,0.0,SD,8332300.0,18406900.0,False,0.0,11:22:26
19100.0,3000,-850.0,0.0,SD,8332300.0,18396200.0,False,0.0,11:22:26
19100.0,200,-850.0,0.0,SD,8332300.0,18393000.0,False,0.0,11:22:26
19100.0,200,-850.0,0.0,SD,8332300.0,18392800.0,False,0.0,11:22:26
19100.0,100,-850.0,0.0,SD,8332300.0,18392600.0,False,0.0,11:22:26
19100.0,300,-850.0,0.0,SD,8332300.0,18392400.0,False,0.0,11:22:26
19100.0,2000,-850.0,0.0,SD,8332300.0,18392100.0,False,0.0,11:22:26
19100.0,100,-850.0,0.0,SD,8332300.0,18390100.0,False,0.0,11:22:26
19100.0,1100,-850.0,0.0,SD,8332300.0,18390000.0,False,0.0,11:22:26
19100.0,400,-850.0,0.0,SD,8332300.0,18388900.0,False,0.0,11:22:26
19100.0,100,-850.0,0.0,SD,8332300.0,18388500.0,False,0.0,11:22:26
19100.0,200,-850.0,0.0,SD,8332300.0,18388400.0,False,0.0,11:22:26
19100.0,400,-850.0,0.0,SD,8332300.0,18388200.0,False,0.0,11:22:26
19100.0,200,-850.0,0.0,SD,8332300.0,18387800.0,False,0.0,11:22:26
19100.0,1000,-850.0,0.0,SD,8332300.0,18387600.0,False,0.0,11:22:26
19100.0,100,-850.0,0.0,SD,8332300.0,18386600.0,False,0.0,11:22:26
19100.0,100,-850.0,0.0,SD,8332300.0,18386500.0,False,0.0,11:22:26
19100.0,300,-850.0,0.0,SD,8332300.0,18386400.0,False,0.0,11:22:26
19100.0,1700,-850.0,0.0,SD,8332300.0,18386100.0,False,0.0,11:22:26
19100.0,100,-850.0,0.0,SD,8332300.0,18384400.0,False,0.0,11:22:26
19100.0,1000,-850.0,0.0,SD,8332300.0,18384300.0,False,0.0,11:22:26
19100.0,1000,-850.0,0.0,SD,8332300.0,18383300.0,False,0.0,11:22:26
19100.0,1000,-850.0,0.0,SD,8332300.0,18382300.0,False,0.0,11:22:26
19100.0,100,-850.0,0.0,SD,8332300.0,18381300.0,False,0.0,11:22:26
19100.0,100,-850.0,0.0,SD,8332300.0,18381200.0,False,0.0,11:22:26
19100.0,200,-850.0,0.0,SD,8332300.0,18381100.0,False,0.0,11:22:26
19100.0,100,-850.0,0.0,SD,8332300.0,18380900.0,False,-50.0,11:22:26
19150.0,100,-800.0,0.0,BU,8332300.0,18380800.0,False,0.0,11:22:20
19150.0,100,-800.0,0.0,BU,8332200.0,18380800.0,False,0.0,11:22:20
19150.0,200,-800.0,0.0,BU,8332100.0,18380800.0,False,50.0,11:22:20
19100.0,300,-850.0,0.0,SD,8331900.0,18380800.0,False,0.0,11:22:19
19100.0,1000,-850.0,0.0,SD,8331900.0,18380500.0,False,0.0,11:22:19
19100.0,500,-850.0,0.0,SD,8331900.0,18379500.0,False,0.0,11:22:19
19100.0,500,-850.0,0.0,SD,8331900.0,18379000.0,False,0.0,11:22:19
19100.0,300,-850.0,0.0,SD,8331900.0,18378500.0,False,0.0,11:22:19
19100.0,100,-850.0,0.0,SD,8331900.0,18378200.0,False,0.0,11:22:19
19100.0,200,-850.0,0.0,SD,8331900.0,18378100.0,False,0.0,11:22:19
19100.0,900,-850.0,0.0,SD,8331900.0,18377900.0,False,0.0,11:22:19
19100.0,100,-850.0,0.0,SD,8331900.0,18377000.0,False,0.0,11:22:19
19100.0,100,-850.0,0.0,SD,8331900.0,18376900.0,False,0.0,11:22:19
19100.0,1000,-850.0,0.0,SD,8331900.0,18376800.0,False,-50.0,11:22:19
19150.0,100,-800.0,0.0,BU,8331900.0,18375800.0,False,0.0,11:22:19
19150.0,500,-800.0,0.0,BU,8331800.0,18375800.0,False,0.0,11:22:17
19150.0,100,-800.0,0.0,BU,8331300.0,18375800.0,False,50.0,11:22:13
19100.0,5000,-850.0,0.0,SD,8331200.0,18375800.0,False,0.0,11:22:11
19100.0,1000,-850.0,0.0,SD,8331200.0,18370800.0,False,0.0,11:22:11
19100.0,5200,-850.0,0.0,SD,8331200.0,18369800.0,False,0.0,11:22:11
19100.0,100,-850.0,0.0,SD,8331200.0,18364600.0,False,0.0,11:22:11
19100.0,100,-850.0,0.0,SD,8331200.0,18364500.0,False,0.0,11:22:11
19100.0,1000,-850.0,0.0,SD,8331200.0,18364400.0,False,0.0,11:22:11
19100.0,200,-850.0,0.0,SD,8331200.0,18363400.0,False,0.0,11:22:11
19100.0,1000,-850.0,0.0,SD,8331200.0,18363200.0,False,0.0,11:22:11
19100.0,15000,-850.0,0.0,SD,8331200.0,18362200.0,True,0.0,11:22:11
19100.0,100,-850.0,0.0,SD,8331200.0,18347200.0,False,0.0,11:22:11
19100.0,2000,-850.0,0.0,SD,8331200.0,18347100.0,False,0.0,11:22:11
19100.0,100,-850.0,0.0,SD,8331200.0,18345100.0,False,0.0,11:22:11
19100.0,100,-850.0,0.0,SD,8331200.0,18345000.0,False,0.0,11:22:11
19100.0,2000,-850.0,0.0,SD,8331200.0,18344900.0,False,0.0,11:22:11
19100.0,100,-850.0,0.0,SD,8331200.0,18342900.0,False,0.0,11:22:11
19100.0,100,-850.0,0.0,SD,8331200.0,18342800.0,False,0.0,11:22:11
19100.0,3000,-850.0,0.0,SD,8331200.0,18342700.0,False,0.0,11:22:11
19100.0,100,-850.0,0.0,SD,8331200.0,18339700.0,False,0.0,11:22:11
19100.0,500,-850.0,0.0,SD,8331200.0,18339600.0,False,0.0,11:22:11
19100.0,5000,-850.0,0.0,SD,8331200.0,18339100.0,False,0.0,11:22:11
19100.0,100,-850.0,0.0,SD,8331200.0,18334100.0,False,0.0,11:22:11
19100.0,600,-850.0,0.0,SD,8331200.0,18334000.0,False,0.0,11:22:11
19100.0,100,-850.0,0.0,SD,8331200.0,18333400.0,False,0.0,11:22:11
19100.0,300,-850.0,0.0,SD,8331200.0,18333300.0,False,0.0,11:22:11
19100.0,500,-850.0,0.0,SD,8331200.0,18333000.0,False,0.0,11:22:11
19100.0,1000,-850.0,0.0,SD,8331200.0,18332500.0,False,0.0,11:22:11
19100.0,1000,-850.0,0.0,SD,8331200.0,18331500.0,False,0.0,11:22:11
19100.0,200,-850.0,0.0,SD,8331200.0,18330500.0,False,0.0,11:22:11
19100.0,200,-850.0,0.0,SD,8331200.0,18330300.0,False,0.0,11:22:11
19100.0,1000,-850.0,0.0,SD,8331200.0,18330100.0,False,0.0,11:22:11
19100.0,100,-850.0,0.0,SD,8331200.0,18329100.0,False,0.0,11:22:11
19100.0,100,-850.0,0.0,SD,8331200.0,18329000.0,False,0.0,11:22:11
19100.0,1000,-850.0,0.0,SD,8331200.0,18328900.0,False,0.0,11:22:11
19100.0,1000,-850.0,0.0,SD,8331200.0,18327900.0,False,0.0,11:22:11
19100.0,2000,-850.0,0.0,SD,8331200.0,18326900.0,False,0.0,11:22:11
19100.0,100,-850.0,0.0,SD,8331200.0,18324900.0,False,0.0,11:22:11
19100.0,1000,-850.0,0.0,SD,8331200.0,18324800.0,False,0.0,11:22:11
19100.0,800,-850.0,0.0,SD,8331200.0,18323800.0,False,0.0,11:22:11
19100.0,500,-850.0,0.0,SD,8331200.0,18323000.0,False,0.0,11:22:11
19100.0,100,-850.0,0.0,SD,8331200.0,18322500.0,False,0.0,11:22:11
19100.0,200,-850.0,0.0,SD,8331200.0,18322400.0,False,0.0,11:22:11
19100.0,3000,-850.0,0.0,SD,8331200.0,18322200.0,False,0.0,11:22:11
19100.0,500,-850.0,0.0,SD,8331200.0,18319200.0,False,0.0,11:22:11
19100.0,1000,-850.0,0.0,SD,8331200.0,18318700.0,False,0.0,11:22:11
19100.0,100,-850.0,0.0,SD,8331200.0,18317700.0,False,0.0,11:22:11
19100.0,1800,-850.0,0.0,SD,8331200.0,18317600.0,False,-50.0,11:22:11
19150.0,1000,-800.0,0.0,BU,8331200.0,18315800.0,False,0.0,11:22:10
19150.0,1000,-800.0,0.0,BU,8330200.0,18315800.0,False,0.0,11:22:08
19150.0,100,-800.0,0.0,BU,8329200.0,18315800.0,False,0.0,11:22:05
19150.0,400,-800.0,0.0,BU,8329100.0,18315800.0,False,0.0,11:22:04
19150.0,100,-800.0,0.0,BU,8328700.0,18315800.0,False,0.0,11:22:04
19150.0,200,-800.0,0.0,BU,8328600.0,18315800.0,False,0.0,11:22:04
19150.0,100,-800.0,0.0,BU,8328400.0,18315800.0,False,0.0,11:22:00
19150.0,100,-800.0,0.0,BU,8328300.0,18315800.0,False,0.0,11:22:00
19150.0,300,-800.0,0.0,BU,8328200.0,18315800.0,False,0.0,11:21:59
19150.0,200,-800.0,0.0,BU,8327900.0,18315800.0,False,0.0,11:21:59
19150.0,10000,-800.0,0.0,BU,8327700.0,18315800.0,False,50.0,11:21:58
19100.0,8500,-850.0,0.0,SD,8317700.0,18315800.0,False,0.0,11:21:57
19100.0,200,-850.0,0.0,SD,8317700.0,18307300.0,False,0.0,11:21:57
19100.0,100,-850.0,0.0,SD,8317700.0,18307100.0,False,0.0,11:21:57
19100.0,1000,-850.0,0.0,SD,8317700.0,18307000.0,False,0.0,11:21:57
19100.0,500,-850.0,0.0,SD,8317700.0,18306000.0,False,0.0,11:21:57
19100.0,100,-850.0,0.0,SD,8317700.0,18305500.0,False,0.0,11:21:57
19100.0,200,-850.0,0.0,SD,8317700.0,18305400.0,False,0.0,11:21:57
19100.0,1000,-850.0,0.0,SD,8317700.0,18305200.0,False,0.0,11:21:57
19100.0,1000,-850.0,0.0,SD,8317700.0,18304200.0,False,0.0,11:21:57
19100.0,300,-850.0,0.0,SD,8317700.0,18303200.0,False,0.0,11:21:57
19100.0,100,-850.0,0.0,SD,8317700.0,18302900.0,False,0.0,11:21:57
19100.0,500,-850.0,0.0,SD,8317700.0,18302800.0,False,0.0,11:21:57
19100.0,1000,-850.0,0.0,SD,8317700.0,18302300.0,False,0.0,11:21:57
19100.0,200,-850.0,0.0,SD,8317700.0,18301300.0,False,0.0,11:21:57
19100.0,200,-850.0,0.0,SD,8317700.0,18301100.0,False,0.0,11:21:57
19100.0,100,-850.0,0.0,SD,8317700.0,18300900.0,False,0.0,11:21:57
19100.0,100,-850.0,0.0,SD,8317700.0,18300800.0,False,0.0,11:21:57
19100.0,100,-850.0,0.0,SD,8317700.0,18300700.0,False,0.0,11:21:57
19100.0,200,-850.0,0.0,SD,8317700.0,18300600.0,False,0.0,11:21:57
19100.0,200,-850.0,0.0,SD,8317700.0,18300400.0,False,0.0,11:21:57
19100.0,500,-850.0,0.0,SD,8317700.0,18300200.0,False,0.0,11:21:57
19100.0,100,-850.0,0.0,SD,8317700.0,18299700.0,False,0.0,11:21:57
19100.0,200,-850.0,0.0,SD,8317700.0,18299600.0,False,0.0,11:21:57
19100.0,100,-850.0,0.0,SD,8317700.0,18299400.0,False,0.0,11:21:57
19100.0,2400,-850.0,0.0,SD,8317700.0,18299300.0,False,0.0,11:21:57
19100.0,1000,-850.0,0.0,SD,8317700.0,18296900.0,False,0.0,11:21:57
19100.0,500,-850.0,0.0,SD,8317700.0,18295900.0,False,0.0,11:21:57
19100.0,500,-850.0,0.0,SD,8317700.0,18295400.0,False,0.0,11:21:57
19100.0,100,-850.0,0.0,SD,8317700.0,18294900.0,False,0.0,11:21:57
19100.0,500,-850.0,0.0,SD,8317700.0,18294800.0,False,0.0,11:21:57
19100.0,100,-850.0,0.0,SD,8317700.0,18294300.0,False,0.0,11:21:57
19100.0,100,-850.0,0.0,SD,8317700.0,18294200.0,False,0.0,11:21:57
19100.0,1000,-850.0,0.0,SD,8317700.0,18294100.0,False,0.0,11:21:57
19100.0,200,-850.0,0.0,SD,8317700.0,18293100.0,False,0.0,11:21:57
19100.0,1000,-850.0,0.0,SD,8317700.0,18292900.0,False,0.0,11:21:57
19100.0,100,-850.0,0.0,SD,8317700.0,18291900.0,False,0.0,11:21:57
19100.0,1000,-850.0,0.0,SD,8317700.0,18291800.0,False,0.0,11:21:57
19100.0,500,-850.0,0.0,SD,8317700.0,18290800.0,False,0.0,11:21:57
19100.0,200,-850.0,0.0,SD,8317700.0,18290300.0,False,0.0,11:21:57
19100.0,1000,-850.0,0.0,SD,8317700.0,18290100.0,False,0.0,11:21:57
19100.0,300,-850.0,0.0,SD,8317700.0,18289100.0,False,0.0,11:21:57
19100.0,200,-850.0,0.0,SD,8317700.0,18288800.0,False,0.0,11:21:57
19100.0,200,-850.0,0.0,SD,8317700.0,18288600.0,False,0.0,11:21:57
19100.0,100,-850.0,0.0,SD,8317700.0,18288400.0,False,0.0,11:21:57
19100.0,1000,-850.0,0.0,SD,8317700.0,18288300.0,False,0.0,11:21:57
19100.0,100,-850.0,0.0,SD,8317700.0,18287300.0,False,0.0,11:21:57
19100.0,100,-850.0,0.0,SD,8317700.0,18287200.0,False,0.0,11:21:57
19100.0,300,-850.0,0.0,SD,8317700.0,18287100.0,False,0.0,11:21:57
19100.0,100,-850.0,0.0,SD,8317700.0,18286800.0,False,0.0,11:21:57
19100.0,1000,-850.0,0.0,SD,8317700.0,18286700.0,False,0.0,11:21:57
19100.0,500,-850.0,0.0,SD,8317700.0,18285700.0,False,0.0,11:21:57
19100.0,1000,-850.0,0.0,SD,8317700.0,18285200.0,False,0.0,11:21:57
19100.0,100,-850.0,0.0,SD,8317700.0,18284200.0,False,0.0,11:21:57
19100.0,2000,-850.0,0.0,SD,8317700.0,18284100.0,False,0.0,11:21:57
19100.0,1500,-850.0,0.0,SD,8317700.0,18282100.0,False,0.0,11:21:57
19100.0,200,-850.0,0.0,SD,8317700.0,18280600.0,False,0.0,11:21:57
19100.0,1000,-850.0,0.0,SD,8317700.0,18280400.0,False,0.0,11:21:57
19100.0,500,-850.0,0.0,SD,8317700.0,18279400.0,False,0.0,11:21:57
19100.0,5000,-850.0,0.0,SD,8317700.0,18278900.0,False,0.0,11:21:57
19100.0,100,-850.0,0.0,SD,8317700.0,18273900.0,False,0.0,11:21:57
19100.0,8000,-850.0,0.0,SD,8317700.0,18273800.0,False,-50.0,11:21:57
19150.0,200,-800.0,0.0,BU,8317700.0,18265800.0,False,0.0,11:21:56
19150.0,6800,-800.0,0.0,BU,8317500.0,18265800.0,False,0.0,11:21:56
19150.0,2700,-800.0,0.0,BU,8310700.0,18265800.0,False,0.0,11:21:56
19150.0,10000,-800.0,0.0,BU,8308000.0,18265800.0,False,0.0,11:21:53
19150.0,300,-800.0,0.0,BU,8298000.0,18265800.0,False,50.0,11:21:49
19100.0,100,-850.0,0.0,SD,8297700.0,18265800.0,False,0.0,11:21:47
19100.0,100,-850.0,0.0,SD,8297700.0,18265700.0,False,-50.0,11:21:46
19150.0,1000,-800.0,0.0,BU,8297700.0,18265600.0,False,50.0,11:21:45
19100.0,1800,-850.0,0.0,SD,8296700.0,18265600.0,False,0.0,11:21:42
19100.0,1000,-850.0,0.0,SD,8296700.0,18263800.0,False,0.0,11:21:42
19100.0,200,-850.0,0.0,SD,8296700.0,18262800.0,False,0.0,11:21:42
19100.0,100,-850.0,0.0,SD,8296700.0,18262600.0,False,0.0,11:21:42
19100.0,400,-850.0,0.0,SD,8296700.0,18262500.0,False,0.0,11:21:42
19100.0,500,-850.0,0.0,SD,8296700.0,18262100.0,False,0.0,11:21:42
19100.0,400,-850.0,0.0,SD,8296700.0,18261600.0,False,0.0,11:21:42
19100.0,1000,-850.0,0.0,SD,8296700.0,18261200.0,False,0.0,11:21:42
19100.0,200,-850.0,0.0,SD,8296700.0,18260200.0,False,0.0,11:21:42
19100.0,100,-850.0,0.0,SD,8296700.0,18260000.0,False,0.0,11:21:42
19100.0,200,-850.0,0.0,SD,8296700.0,18259900.0,False,0.0,11:21:42
19100.0,1000,-850.0,0.0,SD,8296700.0,18259700.0,False,0.0,11:21:42
19100.0,3000,-850.0,0.0,SD,8296700.0,18258700.0,False,0.0,11:21:42
19100.0,200,-850.0,0.0,SD,8296700.0,18255700.0,False,0.0,11:21:42
19100.0,500,-850.0,0.0,SD,8296700.0,18255500.0,False,0.0,11:21:42
19100.0,100,-850.0,0.0,SD,8296700.0,18255000.0,False,0.0,11:21:42
19100.0,100,-850.0,0.0,SD,8296700.0,18254900.0,False,0.0,11:21:42
19100.0,2000,-850.0,0.0,SD,8296700.0,18254800.0,False,0.0,11:21:42
19100.0,1000,-850.0,0.0,SD,8296700.0,18252800.0,False,0.0,11:21:42
19100.0,1000,-850.0,0.0,SD,8296700.0,18251800.0,False,0.0,11:21:42
19100.0,100,-850.0,0.0,SD,8296700.0,18250800.0,False,0.0,11:21:42
19100.0,100,-850.0,0.0,SD,8296700.0,18250700.0,False,0.0,11:21:42
19100.0,500,-850.0,0.0,SD,8296700.0,18250600.0,False,0.0,11:21:42
19100.0,200,-850.0,0.0,SD,8296700.0,18250100.0,False,0.0,11:21:42
19100.0,100,-850.0,0.0,SD,8296700.0,18249900.0,False,0.0,11:21:42
19100.0,100,-850.0,0.0,SD,8296700.0,18249800.0,False,0.0,11:21:42
19100.0,500,-850.0,0.0,SD,8296700.0,18249700.0,False,0.0,11:21:42
19100.0,1000,-850.0,0.0,SD,8296700.0,18249200.0,False,0.0,11:21:42
19100.0,100,-850.0,0.0,SD,8296700.0,18248200.0,False,0.0,11:21:42
19100.0,100,-850.0,0.0,SD,8296700.0,18248100.0,False,0.0,11:21:42
19100.0,1000,-850.0,0.0,SD,8296700.0,18248000.0,False,0.0,11:21:42
19100.0,100,-850.0,0.0,SD,8296700.0,18247000.0,False,0.0,11:21:42
19100.0,100,-850.0,0.0,SD,8296700.0,18246900.0,False,0.0,11:21:42
19100.0,100,-850.0,0.0,SD,8296700.0,18246800.0,False,0.0,11:21:42
19100.0,200,-850.0,0.0,SD,8296700.0,18246700.0,False,0.0,11:21:42
19100.0,100,-850.0,0.0,SD,8296700.0,18246500.0,False,0.0,11:21:42
19100.0,5000,-850.0,0.0,SD,8296700.0,18246400.0,False,0.0,11:21:42
19100.0,1000,-850.0,0.0,SD,8296700.0,18241400.0,False,0.0,11:21:42
19100.0,5000,-850.0,0.0,SD,8296700.0,18240400.0,False,0.0,11:21:42
19100.0,500,-850.0,0.0,SD,8296700.0,18235400.0,False,0.0,11:21:42
19100.0,500,-850.0,0.0,SD,8296700.0,18234900.0,False,0.0,11:21:42
19100.0,500,-850.0,0.0,SD,8296700.0,18234400.0,False,0.0,11:21:42
19100.0,500,-850.0,0.0,SD,8296700.0,18233900.0,False,0.0,11:21:42
19100.0,1000,-850.0,0.0,SD,8296700.0,18233400.0,False,0.0,11:21:42
19100.0,100,-850.0,0.0,SD,8296700.0,18232400.0,False,0.0,11:21:42
19100.0,500,-850.0,0.0,SD,8296700.0,18232300.0,False,0.0,11:21:42
19100.0,100,-850.0,0.0,SD,8296700.0,18231800.0,False,0.0,11:21:42
19100.0,2000,-850.0,0.0,SD,8296700.0,18231700.0,False,0.0,11:21:42
19100.0,3500,-850.0,0.0,SD,8296700.0,18229700.0,False,0.0,11:21:42
19100.0,500,-850.0,0.0,SD,8296700.0,18226200.0,False,0.0,11:21:42
19100.0,100,-850.0,0.0,SD,8296700.0,18225700.0,False,-50.0,11:21:42
19150.0,100,-800.0,0.0,BU,8296700.0,18225600.0,False,0.0,11:21:39
19150.0,1000,-800.0,0.0,BU,8296600.0,18225600.0,False,50.0,11:21:38
19100.0,100,-850.0,0.0,SD,8295600.0,18225600.0,False,0.0,11:21:38
19100.0,100,-850.0,0.0,SD,8295600.0,18225500.0,False,0.0,11:21:38
19100.0,500,-850.0,0.0,SD,8295600.0,18225400.0,False,0.0,11:21:38
19100.0,400,-850.0,0.0,SD,8295600.0,18224900.0,False,0.0,11:21:37
19100.0,100,-850.0,0.0,SD,8295600.0,18224500.0,False,0.0,11:21:37
19100.0,200,-850.0,0.0,SD,8295600.0,18224400.0,False,0.0,11:21:37
19100.0,600,-850.0,0.0,SD,8295600.0,18224200.0,False,0.0,11:21:37
19100.0,100,-850.0,0.0,SD,8295600.0,18223600.0,False,0.0,11:21:37
19100.0,300,-850.0,0.0,SD,8295600.0,18223500.0,False,0.0,11:21:37
19100.0,100,-850.0,0.0,SD,8295600.0,18223200.0,False,0.0,11:21:37
19100.0,100,-850.0,0.0,SD,8295600.0,18223100.0,False,0.0,11:21:37
19100.0,400,-850.0,0.0,SD,8295600.0,18223000.0,False,0.0,11:21:37
19100.0,1600,-850.0,0.0,SD,8295600.0,18222600.0,False,0.0,11:21:36
19100.0,400,-850.0,0.0,SD,8295600.0,18221000.0,False,-50.0,11:21:36
19150.0,200,-800.0,0.0,BU,8295600.0,18220600.0,False,0.0,11:21:34
19150.0,1400,-800.0,0.0,BU,8295400.0,18220600.0,False,0.0,11:21:32
19150.0,3500,-800.0,0.0,BU,8294000.0,18220600.0,False,0.0,11:21:28
19150.0,100,-800.0,0.0,BU,8290500.0,18220600.0,False,0.0,11:21:28
19150.0,1400,-800.0,0.0,BU,8290400.0,18220600.0,False,0.0,11:21:22
19150.0,2000,-800.0,0.0,BU,8289000.0,18220600.0,False,0.0,11:21:21
19150.0,300,-800.0,0.0,BU,8287000.0,18220600.0,False,50.0,11:21:19
19100.0,200,-850.0,0.0,SD,8286700.0,18220600.0,False,-50.0,11:21:16
19150.0,100,-800.0,0.0,BU,8286700.0,18220400.0,False,0.0,11:21:14
19150.0,500,-800.0,0.0,BU,8286600.0,18220400.0,False,0.0,11:21:13
19150.0,5000,-800.0,0.0,BU,8286100.0,18220400.0,False,0.0,11:21:11
19150.0,1500,-800.0,0.0,BU,8281100.0,18220400.0,False,0.0,11:21:10
19150.0,200,-800.0,0.0,BU,8279600.0,18220400.0,False,0.0,11:21:09
19150.0,1000,-800.0,0.0,SD,8279400.0,18220400.0,False,0.0,11:21:02
19150.0,7700,-800.0,0.0,SD,8279400.0,18219400.0,False,0.0,11:21:02
19150.0,2500,-800.0,0.0,SD,8279400.0,18211700.0,False,0.0,11:21:01
19150.0,2300,-800.0,0.0,SD,8279400.0,18209200.0,False,0.0,11:21:01
19150.0,2000,-800.0,0.0,SD,8279400.0,18206900.0,False,0.0,11:21:01
19150.0,800,-800.0,0.0,SD,8279400.0,18204900.0,False,0.0,11:21:01
19150.0,200,-800.0,0.0,SD,8279400.0,18204100.0,False,0.0,11:21:01
19150.0,500,-800.0,0.0,SD,8279400.0,18203900.0,False,0.0,11:21:01
19150.0,500,-800.0,0.0,SD,8279400.0,18203400.0,False,-50.0,11:21:01
19200.0,500,-750.0,0.0,BU,8279400.0,18202900.0,False,50.0,11:21:00
19150.0,1000,-800.0,0.0,SD,8278900.0,18202900.0,False,0.0,11:21:00
19150.0,2000,-800.0,0.0,SD,8278900.0,18201900.0,False,0.0,11:20:59
19150.0,1000,-800.0,0.0,SD,8278900.0,18199900.0,False,0.0,11:20:59
19150.0,200,-800.0,0.0,SD,8278900.0,18198900.0,False,0.0,11:20:59
19150.0,100,-800.0,0.0,SD,8278900.0,18198700.0,False,0.0,11:20:59
19150.0,1000,-800.0,0.0,SD,8278900.0,18198600.0,False,0.0,11:20:59
19150.0,2000,-800.0,0.0,SD,8278900.0,18197600.0,False,0.0,11:20:59
19150.0,400,-800.0,0.0,SD,8278900.0,18195600.0,False,0.0,11:20:59
19150.0,500,-800.0,0.0,SD,8278900.0,18195200.0,False,0.0,11:20:59
19150.0,2800,-800.0,0.0,SD,8278900.0,18194700.0,False,0.0,11:20:59
19150.0,200,-800.0,0.0,SD,8278900.0,18191900.0,False,0.0,11:20:57
19150.0,100,-800.0,0.0,SD,8278900.0,18191700.0,False,0.0,11:20:57
19150.0,900,-800.0,0.0,SD,8278900.0,18191600.0,False,0.0,11:20:56
19150.0,100,-800.0,0.0,SD,8278900.0,18190700.0,False,0.0,11:20:56
19150.0,100,-800.0,0.0,SD,8278900.0,18190600.0,False,0.0,11:20:55
19150.0,1000,-800.0,0.0,SD,8278900.0,18190500.0,False,0.0,11:20:55
19150.0,200,-800.0,0.0,SD,8278900.0,18189500.0,False,0.0,11:20:55
19150.0,100,-800.0,0.0,SD,8278900.0,18189300.0,False,0.0,11:20:55
19150.0,2600,-800.0,0.0,SD,8278900.0,18189200.0,False,0.0,11:20:55
19150.0,500,-800.0,0.0,SD,8278900.0,18186600.0,False,0.0,11:20:53
19150.0,600,-800.0,0.0,SD,8278900.0,18186100.0,False,0.0,11:20:53
19150.0,900,-800.0,0.0,SD,8278900.0,18185500.0,False,0.0,11:20:53
19150.0,100,-800.0,0.0,SD,8278900.0,18184600.0,False,0.0,11:20:52
19150.0,400,-800.0,0.0,SD,8278900.0,18184500.0,False,0.0,11:20:52
19150.0,100,-800.0,0.0,SD,8278900.0,18184100.0,False,0.0,11:20:51
19150.0,1000,-800.0,0.0,SD,8278900.0,18184000.0,False,0.0,11:20:51
19150.0,200,-800.0,0.0,SD,8278900.0,18183000.0,False,0.0,11:20:51
19150.0,100,-800.0,0.0,SD,8278900.0,18182800.0,False,0.0,11:20:51
19150.0,13400,-800.0,0.0,SD,8278900.0,18182700.0,True,0.0,11:20:51
19150.0,100,-800.0,0.0,SD,8278900.0,18169300.0,False,0.0,11:20:51
19150.0,500,-800.0,0.0,SD,8278900.0,18169200.0,False,0.0,11:20:51
19150.0,100,-800.0,0.0,SD,8278900.0,18168700.0,False,0.0,11:20:51
19150.0,200,-800.0,0.0,SD,8278900.0,18168600.0,False,0.0,11:20:51
19150.0,100,-800.0,0.0,SD,8278900.0,18168400.0,False,0.0,11:20:51
19150.0,20000,-800.0,0.0,SD,8278900.0,18168300.0,True,0.0,11:20:51
19150.0,200,-800.0,0.0,SD,8278900.0,18148300.0,False,0.0,11:20:51
19150.0,100,-800.0,0.0,SD,8278900.0,18148100.0,False,0.0,11:20:51
19150.0,400,-800.0,0.0,SD,8278900.0,18148000.0,False,0.0,11:20:51
19150.0,100,-800.0,0.0,SD,8278900.0,18147600.0,False,0.0,11:20:51
19150.0,5000,-800.0,0.0,SD,8278900.0,18147500.0,False,0.0,11:20:51
19150.0,400,-800.0,0.0,SD,8278900.0,18142500.0,False,0.0,11:20:51
19150.0,500,-800.0,0.0,SD,8278900.0,18142100.0,False,0.0,11:20:51
19150.0,1000,-800.0,0.0,SD,8278900.0,18141600.0,False,0.0,11:20:51
19150.0,2000,-800.0,0.0,SD,8278900.0,18140600.0,False,0.0,11:20:51
19150.0,4000,-800.0,0.0,SD,8278900.0,18138600.0,False,0.0,11:20:51
19150.0,500,-800.0,0.0,SD,8278900.0,18134600.0,False,0.0,11:20:51
19150.0,300,-800.0,0.0,SD,8278900.0,18134100.0,False,0.0,11:20:51
19150.0,1000,-800.0,0.0,SD,8278900.0,18133800.0,False,0.0,11:20:51
19150.0,500,-800.0,0.0,SD,8278900.0,18132800.0,False,0.0,11:20:51
19150.0,200,-800.0,0.0,SD,8278900.0,18132300.0,False,0.0,11:20:51
19150.0,200,-800.0,0.0,SD,8278900.0,18132100.0,False,0.0,11:20:51
19150.0,500,-800.0,0.0,SD,8278900.0,18131900.0,False,0.0,11:20:51
19150.0,600,-800.0,0.0,SD,8278900.0,18131400.0,False,0.0,11:20:51
19150.0,100,-800.0,0.0,SD,8278900.0,18130800.0,False,0.0,11:20:51
19150.0,500,-800.0,0.0,SD,8278900.0,18130700.0,False,0.0,11:20:51
19150.0,100,-800.0,0.0,SD,8278900.0,18130200.0,False,0.0,11:20:51
19150.0,1500,-800.0,0.0,SD,8278900.0,18130100.0,False,0.0,11:20:51
19150.0,1000,-800.0,0.0,SD,8278900.0,18128600.0,False,0.0,11:20:51
19150.0,3000,-800.0,0.0,SD,8278900.0,18127600.0,False,0.0,11:20:51
19150.0,100,-800.0,0.0,SD,8278900.0,18124600.0,False,0.0,11:20:51
19150.0,300,-800.0,0.0,SD,8278900.0,18124500.0,False,0.0,11:20:51
19150.0,100,-800.0,0.0,SD,8278900.0,18124200.0,False,0.0,11:20:51
19150.0,100,-800.0,0.0,SD,8278900.0,18124100.0,False,0.0,11:20:49
19150.0,1000,-800.0,0.0,SD,8278900.0,18124000.0,False,0.0,11:20:48
19150.0,3500,-800.0,0.0,SD,8278900.0,18123000.0,False,0.0,11:20:45
19150.0,1100,-800.0,0.0,SD,8278900.0,18119500.0,False,0.0,11:20:41
19150.0,100,-800.0,0.0,SD,8278900.0,18118400.0,False,0.0,11:20:40
19150.0,200,-800.0,0.0,SD,8278900.0,18118300.0,False,0.0,11:20:39
19150.0,300,-800.0,0.0,SD,8278900.0,18118100.0,False,0.0,11:20:39
19150.0,700,-800.0,0.0,SD,8278900.0,18117800.0,False,0.0,11:20:38
19150.0,200,-800.0,0.0,SD,8278900.0,18117100.0,False,0.0,11:20:36
19150.0,1300,-800.0,0.0,SD,8278900.0,18116900.0,False,0.0,11:20:36
19150.0,200,-800.0,0.0,SD,8278900.0,18115600.0,False,0.0,11:20:36
19150.0,2000,-800.0,0.0,SD,8278900.0,18115400.0,False,0.0,11:20:35
19150.0,1500,-800.0,0.0,SD,8278900.0,18113400.0,False,0.0,11:20:35
19150.0,100,-800.0,0.0,SD,8278900.0,18111900.0,False,0.0,11:20:35
19150.0,500,-800.0,0.0,SD,8278900.0,18111800.0,False,0.0,11:20:35
19150.0,2000,-800.0,0.0,SD,8278900.0,18111300.0,False,0.0,11:20:35
19150.0,1000,-800.0,0.0,SD,8278900.0,18109300.0,False,0.0,11:20:35
19150.0,300,-800.0,0.0,SD,8278900.0,18108300.0,False,0.0,11:20:35
19150.0,100,-800.0,0.0,SD,8278900.0,18108000.0,False,0.0,11:20:35
19150.0,500,-800.0,0.0,SD,8278900.0,18107900.0,False,0.0,11:20:35
19150.0,500,-800.0,0.0,SD,8278900.0,18107400.0,False,0.0,11:20:35
19150.0,100,-800.0,0.0,SD,8278900.0,18106900.0,False,0.0,11:20:35
19150.0,2000,-800.0,0.0,SD,8278900.0,18106800.0,False,0.0,11:20:35
19150.0,3000,-800.0,0.0,SD,8278900.0,18104800.0,False,0.0,11:20:35
19150.0,500,-800.0,0.0,SD,8278900.0,18101800.0,False,0.0,11:20:35
19150.0,2500,-800.0,0.0,SD,8278900.0,18101300.0,False,0.0,11:20:35
19150.0,1000,-800.0,0.0,SD,8278900.0,18098800.0,False,0.0,11:20:35
19150.0,300,-800.0,0.0,SD,8278900.0,18097800.0,False,0.0,11:20:35
19150.0,10000,-800.0,0.0,SD,8278900.0,18097500.0,False,0.0,11:20:35
19150.0,2800,-800.0,0.0,SD,8278900.0,18087500.0,False,0.0,11:20:35
19150.0,3000,-800.0,0.0,SD,8278900.0,18084700.0,False,0.0,11:20:35
19150.0,300,-800.0,0.0,SD,8278900.0,18081700.0,False,0.0,11:20:35
19150.0,100,-800.0,0.0,SD,8278900.0,18081400.0,False,0.0,11:20:35
19150.0,400,-800.0,0.0,SD,8278900.0,18081300.0,False,0.0,11:20:35
19150.0,300,-800.0,0.0,SD,8278900.0,18080900.0,False,0.0,11:20:35
19150.0,200,-800.0,0.0,SD,8278900.0,18080600.0,False,0.0,11:20:35
19150.0,1600,-800.0,0.0,SD,8278900.0,18080400.0,False,0.0,11:20:35
19150.0,100,-800.0,0.0,SD,8278900.0,18078800.0,False,0.0,11:20:35
19150.0,1000,-800.0,0.0,SD,8278900.0,18078700.0,False,0.0,11:20:35
19150.0,100,-800.0,0.0,SD,8278900.0,18077700.0,False,0.0,11:20:35
19150.0,5000,-800.0,0.0,SD,8278900.0,18077600.0,False,0.0,11:20:35
19150.0,100,-800.0,0.0,SD,8278900.0,18072600.0,False,0.0,11:20:35
19150.0,20000,-800.0,0.0,SD,8278900.0,18072500.0,True,0.0,11:20:35
19150.0,200,-800.0,0.0,SD,8278900.0,18052500.0,False,0.0,11:20:35
19150.0,300,-800.0,0.0,SD,8278900.0,18052300.0,False,0.0,11:20:35
19150.0,500,-800.0,0.0,SD,8278900.0,18052000.0,False,0.0,11:20:35
19150.0,200,-800.0,0.0,SD,8278900.0,18051500.0,False,0.0,11:20:35
19150.0,100,-800.0,0.0,SD,8278900.0,18051300.0,False,0.0,11:20:35
19150.0,5800,-800.0,0.0,SD,8278900.0,18051200.0,False,0.0,11:20:35
19150.0,500,-800.0,0.0,SD,8278900.0,18045400.0,False,0.0,11:20:33
19150.0,800,-800.0,0.0,SD,8278900.0,18044900.0,False,0.0,11:20:27
19150.0,42900,-800.0,0.0,SD,8278900.0,18044100.0,True,0.0,11:20:25
19150.0,500,-800.0,0.0,SD,8278900.0,18001200.0,False,0.0,11:20:25
19150.0,100,-800.0,0.0,SD,8278900.0,18000700.0,False,0.0,11:20:25
19150.0,200,-800.0,0.0,SD,8278900.0,18000600.0,False,0.0,11:20:25
19150.0,100,-800.0,0.0,SD,8278900.0,18000400.0,False,0.0,11:20:25
19150.0,100,-800.0,0.0,SD,8278900.0,18000300.0,False,0.0,11:20:25
19150.0,400,-800.0,0.0,SD,8278900.0,18000200.0,False,0.0,11:20:25
19150.0,400,-800.0,0.0,SD,8278900.0,17999800.0,False,0.0,11:20:25
19150.0,1000,-800.0,0.0,SD,8278900.0,17999400.0,False,0.0,11:20:25
19150.0,2000,-800.0,0.0,SD,8278900.0,17998400.0,False,0.0,11:20:25
19150.0,1000,-800.0,0.0,SD,8278900.0,17996400.0,False,0.0,11:20:25
19150.0,1300,-800.0,0.0,SD,8278900.0,17995400.0,False,0.0,11:20:25
19150.0,500,-800.0,0.0,SD,8278900.0,17994100.0,False,0.0,11:20:24
19150.0,300,-800.0,0.0,SD,8278900.0,17993600.0,False,-50.0,11:20:22
19200.0,1900,-750.0,0.0,BU,8278900.0,17993300.0,False,0.0,11:20:22
19200.0,100,-750.0,0.0,BU,8277000.0,17993300.0,False,0.0,11:20:20
19200.0,100,-750.0,0.0,BU,8276900.0,17993300.0,False,50.0,11:20:16
19150.0,100,-800.0,0.0,SD,8276800.0,17993300.0,False,0.0,11:20:16
19150.0,800,-800.0,0.0,SD,8276800.0,17993200.0,False,0.0,11:20:15
19150.0,26100,-800.0,0.0,SD,8276800.0,17992400.0,True,0.0,11:20:15
19150.0,300,-800.0,0.0,SD,8276800.0,17966300.0,False,0.0,11:20:15
19150.0,100,-800.0,0.0,SD,8276800.0,17966000.0,False,0.0,11:20:15
19150.0,100,-800.0,0.0,SD,8276800.0,17965900.0,False,0.0,11:20:15
19150.0,300,-800.0,0.0,SD,8276800.0,17965800.0,False,0.0,11:20:15
19150.0,400,-800.0,0.0,SD,8276800.0,17965500.0,False,0.0,11:20:15
19150.0,200,-800.0,0.0,SD,8276800.0,17965100.0,False,0.0,11:20:15
19150.0,500,-800.0,0.0,SD,8276800.0,17964900.0,False,0.0,11:20:15
19150.0,1000,-800.0,0.0,SD,8276800.0,17964400.0,False,0.0,11:20:15
19150.0,2000,-800.0,0.0,SD,8276800.0,17963400.0,False,0.0,11:20:15
19150.0,400,-800.0,0.0,SD,8276800.0,17961400.0,False,0.0,11:20:15
19150.0,1000,-800.0,0.0,SD,8276800.0,17961000.0,False,0.0,11:20:15
19150.0,1000,-800.0,0.0,SD,8276800.0,17960000.0,False,0.0,11:20:15
19150.0,100,-800.0,0.0,SD,8276800.0,17959000.0,False,0.0,11:20:15
19150.0,500,-800.0,0.0,SD,8276800.0,17958900.0,False,0.0,11:20:15
19150.0,100,-800.0,0.0,SD,8276800.0,17958400.0,False,0.0,11:20:15
19150.0,2000,-800.0,0.0,SD,8276800.0,17958300.0,False,0.0,11:20:15
19150.0,100,-800.0,0.0,SD,8276800.0,17956300.0,False,0.0,11:20:15
19150.0,1000,-800.0,0.0,SD,8276800.0,17956200.0,False,0.0,11:20:15
19150.0,400,-800.0,0.0,SD,8276800.0,17955200.0,False,0.0,11:20:15
19150.0,500,-800.0,0.0,SD,8276800.0,17954800.0,False,0.0,11:20:15
19150.0,500,-800.0,0.0,SD,8276800.0,17954300.0,False,0.0,11:20:15
19150.0,100,-800.0,0.0,SD,8276800.0,17953800.0,False,0.0,11:20:15
19150.0,1000,-800.0,0.0,SD,8276800.0,17953700.0,False,0.0,11:20:15
19150.0,9000,-800.0,0.0,SD,8276800.0,17952700.0,False,0.0,11:20:15
19150.0,2000,-800.0,0.0,SD,8276800.0,17943700.0,False,0.0,11:20:15
19150.0,1000,-800.0,0.0,SD,8276800.0,17941700.0,False,0.0,11:20:15
19150.0,1000,-800.0,0.0,SD,8276800.0,17940700.0,False,0.0,11:20:15
19150.0,100,-800.0,0.0,SD,8276800.0,17939700.0,False,0.0,11:20:15
19150.0,600,-800.0,0.0,SD,8276800.0,17939600.0,False,0.0,11:20:15
19150.0,1100,-800.0,0.0,SD,8276800.0,17939000.0,False,0.0,11:20:15
19150.0,1000,-800.0,0.0,SD,8276800.0,17937900.0,False,0.0,11:20:15
19150.0,1000,-800.0,0.0,SD,8276800.0,17936900.0,False,0.0,11:20:15
19150.0,600,-800.0,0.0,SD,8276800.0,17935900.0,False,0.0,11:20:15
19150.0,200,-800.0,0.0,SD,8276800.0,17935300.0,False,0.0,11:20:15
19150.0,1000,-800.0,0.0,SD,8276800.0,17935100.0,False,0.0,11:20:15
19150.0,100,-800.0,0.0,SD,8276800.0,17934100.0,False,0.0,11:20:15
19150.0,800,-800.0,0.0,SD,8276800.0,17934000.0,False,-50.0,11:20:15
19200.0,100,-750.0,0.0,BU,8276800.0,17933200.0,False,50.0,11:20:15
19150.0,100,-800.0,0.0,SD,8276700.0,17933200.0,False,0.0,11:20:14
19150.0,100,-800.0,0.0,SD,8276700.0,17933100.0,False,0.0,11:20:14
19150.0,200,-800.0,0.0,SD,8276700.0,17933000.0,False,0.0,11:20:14
19150.0,1000,-800.0,0.0,SD,8276700.0,17932800.0,False,0.0,11:20:14
19150.0,100,-800.0,0.0,SD,8276700.0,17931800.0,False,0.0,11:20:14
19150.0,500,-800.0,0.0,SD,8276700.0,17931700.0,False,0.0,11:20:14
19150.0,100,-800.0,0.0,SD,8276700.0,17931200.0,False,0.0,11:20:14
19150.0,1000,-800.0,0.0,SD,8276700.0,17931100.0,False,0.0,11:20:14
19150.0,200,-800.0,0.0,SD,8276700.0,17930100.0,False,0.0,11:20:14
19150.0,4500,-800.0,0.0,SD,8276700.0,17929900.0,False,-50.0,11:20:14
19200.0,900,-750.0,0.0,BU,8276700.0,17925400.0,False,50.0,11:20:12
19150.0,8500,-800.0,0.0,SD,8275800.0,17925400.0,False,0.0,11:20:11
19150.0,2000,-800.0,0.0,SD,8275800.0,17916900.0,False,0.0,11:20:11
19150.0,5000,-800.0,0.0,SD,8275800.0,17914900.0,False,0.0,11:20:11
19150.0,500,-800.0,0.0,SD,8275800.0,17909900.0,False,0.0,11:20:11
19150.0,500,-800.0,0.0,SD,8275800.0,17909400.0,False,0.0,11:20:11
19150.0,200,-800.0,0.0,SD,8275800.0,17908900.0,False,0.0,11:20:11
19150.0,1000,-800.0,0.0,SD,8275800.0,17908700.0,False,0.0,11:20:11
19150.0,300,-800.0,0.0,SD,8275800.0,17907700.0,False,0.0,11:20:11
19150.0,100,-800.0,0.0,SD,8275800.0,17907400.0,False,0.0,11:20:11
19150.0,2000,-800.0,0.0,SD,8275800.0,17907300.0,False,0.0,11:20:11
19150.0,300,-800.0,0.0,SD,8275800.0,17905300.0,False,0.0,11:20:11
19150.0,2000,-800.0,0.0,SD,8275800.0,17905000.0,False,0.0,11:20:11
19150.0,6000,-800.0,0.0,SD,8275800.0,17903000.0,False,0.0,11:20:11
19150.0,1400,-800.0,0.0,SD,8275800.0,17897000.0,False,0.0,11:20:11
19150.0,200,-800.0,0.0,SD,8275800.0,17895600.0,False,-50.0,11:20:11
19200.0,700,-750.0,0.0,BU,8275800.0,17895400.0,False,0.0,11:20:10
19200.0,3600,-750.0,0.0,BU,8275100.0,17895400.0,False,0.0,11:20:08
19200.0,2000,-750.0,0.0,BU,8271500.0,17895400.0,False,0.0,11:20:08
19200.0,300,-750.0,0.0,BU,8269500.0,17895400.0,False,0.0,11:20:08
19200.0,4100,-750.0,0.0,BU,8269200.0,17895400.0,False,0.0,11:20:08
19200.0,200,-750.0,0.0,BU,8265100.0,17895400.0,False,50.0,11:20:07
19150.0,500,-800.0,0.0,SD,8264900.0,17895400.0,False,-50.0,11:20:07
19200.0,100,-750.0,0.0,BU,8264900.0,17894900.0,False,0.0,11:20:06
19200.0,14600,-750.0,0.0,BU,8264800.0,17894900.0,True,0.0,11:20:03
19200.0,1000,-750.0,0.0,BU,8250200.0,17894900.0,False,0.0,11:20:03
19200.0,1000,-750.0,0.0,BU,8249200.0,17894900.0,False,0.0,11:20:03
19200.0,3000,-750.0,0.0,BU,8248200.0,17894900.0,False,0.0,11:20:03
19200.0,1800,-750.0,0.0,BU,8245200.0,17894900.0,False,0.0,11:20:03
19200.0,300,-750.0,0.0,BU,8243400.0,17894900.0,False,0.0,11:20:03
19200.0,300,-750.0,0.0,BU,8243100.0,17894900.0,False,0.0,11:20:03
19200.0,1000,-750.0,0.0,BU,8242800.0,17894900.0,False,0.0,11:20:03
19200.0,200,-750.0,0.0,BU,8241800.0,17894900.0,False,0.0,11:20:03
19200.0,2000,-750.0,0.0,BU,8241600.0,17894900.0,False,0.0,11:20:03
19200.0,100,-750.0,0.0,BU,8239600.0,17894900.0,False,0.0,11:20:03
19200.0,300,-750.0,0.0,BU,8239500.0,17894900.0,False,0.0,11:20:03
19200.0,500,-750.0,0.0,BU,8239200.0,17894900.0,False,0.0,11:20:03
19200.0,10000,-750.0,0.0,BU,8238700.0,17894900.0,False,0.0,11:20:03
19200.0,400,-750.0,0.0,BU,8228700.0,17894900.0,False,0.0,11:20:03
19200.0,1000,-750.0,0.0,BU,8228300.0,17894900.0,False,0.0,11:20:03
19200.0,900,-750.0,0.0,BU,8227300.0,17894900.0,False,0.0,11:20:03
19200.0,1500,-750.0,0.0,BU,8226400.0,17894900.0,False,50.0,11:20:03
19150.0,1300,-800.0,0.0,SD,8224900.0,17894900.0,False,0.0,11:20:01
19150.0,100,-800.0,0.0,SD,8224900.0,17893600.0,False,0.0,11:20:01
19150.0,200,-800.0,0.0,SD,8224900.0,17893500.0,False,0.0,11:20:01
19150.0,5000,-800.0,0.0,SD,8224900.0,17893300.0,False,0.0,11:20:01
19150.0,1000,-800.0,0.0,SD,8224900.0,17888300.0,False,0.0,11:20:01
19150.0,19000,-800.0,0.0,SD,8224900.0,17887300.0,True,0.0,11:20:01
19150.0,2700,-800.0,0.0,SD,8224900.0,17868300.0,False,0.0,11:20:01
19150.0,2000,-800.0,0.0,SD,8224900.0,17865600.0,False,0.0,11:20:01
19150.0,500,-800.0,0.0,SD,8224900.0,17863600.0,False,0.0,11:20:01
19150.0,3100,-800.0,0.0,SD,8224900.0,17863100.0,False,0.0,11:20:01
19150.0,8800,-800.0,0.0,SD,8224900.0,17860000.0,False,0.0,11:20:01
19150.0,1000,-800.0,0.0,SD,8224900.0,17851200.0,False,0.0,11:20:01
19150.0,200,-800.0,0.0,SD,8224900.0,17850200.0,False,0.0,11:20:01
19150.0,100,-800.0,0.0,SD,8224900.0,17850000.0,False,0.0,11:20:01
19150.0,1000,-800.0,0.0,SD,8224900.0,17849900.0,False,0.0,11:20:01
19150.0,100,-800.0,0.0,SD,8224900.0,17848900.0,False,0.0,11:20:01
19150.0,2200,-800.0,0.0,SD,8224900.0,17848800.0,False,0.0,11:20:01
19150.0,500,-800.0,0.0,SD,8224900.0,17846600.0,False,0.0,11:20:01
19150.0,1000,-800.0,0.0,SD,8224900.0,17846100.0,False,0.0,11:20:01
19150.0,100,-800.0,0.0,SD,8224900.0,17845100.0,False,0.0,11:20:01
19150.0,100,-800.0,0.0,SD,8224900.0,17845000.0,False,0.0,11:20:01
19150.0,100,-800.0,0.0,SD,8224900.0,17844900.0,False,0.0,11:19:57
19150.0,200,-800.0,0.0,SD,8224900.0,17844800.0,False,0.0,11:19:57
19150.0,400,-800.0,0.0,SD,8224900.0,17844600.0,False,0.0,11:19:57
19150.0,1000,-800.0,0.0,SD,8224900.0,17844200.0,False,0.0,11:19:56
19150.0,1400,-800.0,0.0,SD,8224900.0,17843200.0,False,0.0,11:19:53
19150.0,500,-800.0,0.0,SD,8224900.0,17841800.0,False,0.0,11:19:53
19150.0,200,-800.0,0.0,SD,8224900.0,17841300.0,False,-50.0,11:19:53
19200.0,500,-750.0,0.0,BU,8224900.0,17841100.0,False,0.0,11:19:53
19200.0,1000,-750.0,0.0,BU,8224400.0,17841100.0,False,0.0,11:19:53
19200.0,500,-750.0,0.0,BU,8223400.0,17841100.0,False,50.0,11:19:53
19150.0,300,-800.0,0.0,SD,8222900.0,17841100.0,False,0.0,11:19:51
19150.0,200,-800.0,0.0,SD,8222900.0,17840800.0,False,-50.0,11:19:51
19200.0,200,-750.0,0.0,BU,8222900.0,17840600.0,False,50.0,11:19:47
19150.0,100,-800.0,0.0,SD,8222700.0,17840600.0,False,0.0,11:19:44
19150.0,700,-800.0,0.0,SD,8222700.0,17840500.0,False,0.0,11:19:42
19150.0,1000,-800.0,0.0,SD,8222700.0,17839800.0,False,0.0,11:19:42
19150.0,500,-800.0,0.0,SD,8222700.0,17838800.0,False,0.0,11:19:42
19150.0,100,-800.0,0.0,SD,8222700.0,17838300.0,False,0.0,11:19:42
19150.0,400,-800.0,0.0,SD,8222700.0,17838200.0,False,0.0,11:19:42
19150.0,100,-800.0,0.0,SD,8222700.0,17837800.0,False,0.0,11:19:40
19150.0,1400,-800.0,0.0,SD,8222700.0,17837700.0,False,0.0,11:19:39
19150.0,600,-800.0,0.0,SD,8222700.0,17836300.0,False,0.0,11:19:32
19150.0,500,-800.0,0.0,SD,8222700.0,17835700.0,False,0.0,11:19:27
19150.0,200,-800.0,0.0,SD,8222700.0,17835200.0,False,0.0,11:19:27
19150.0,300,-800.0,0.0,SD,8222700.0,17835000.0,False,-50.0,11:19:27
19200.0,800,-750.0,0.0,BU,8222700.0,17834700.0,False,0.0,11:19:23
19200.0,100,-750.0,0.0,BU,8221900.0,17834700.0,False,0.0,11:19:21
19200.0,100,-750.0,0.0,BU,8221800.0,17834700.0,False,0.0,11:19:20
19200.0,100,-750.0,0.0,BU,8221700.0,17834700.0,False,0.0,11:19:19
19200.0,300,-750.0,0.0,BU,8221600.0,17834700.0,False,0.0,11:19:19
19200.0,100,-750.0,0.0,BU,8221300.0,17834700.0,False,0.0,11:19:19
19200.0,1000,-750.0,0.0,BU,8221200.0,17834700.0,False,0.0,11:19:19
19200.0,2000,-750.0,0.0,BU,8220200.0,17834700.0,False,0.0,11:19:19
19200.0,100,-750.0,0.0,BU,8218200.0,17834700.0,False,0.0,11:19:18
19200.0,300,-750.0,0.0,BU,8218100.0,17834700.0,False,0.0,11:19:17
19200.0,1000,-750.0,0.0,BU,8217800.0,17834700.0,False,0.0,11:19:17
19200.0,700,-750.0,0.0,BU,8216800.0,17834700.0,False,0.0,11:19:17
19200.0,1300,-750.0,0.0,BU,8216100.0,17834700.0,False,0.0,11:19:09
19200.0,500,-750.0,0.0,BU,8214800.0,17834700.0,False,0.0,11:19:09
19200.0,200,-750.0,0.0,BU,8214300.0,17834700.0,False,0.0,11:19:09
19200.0,1800,-750.0,0.0,BU,8214100.0,17834700.0,False,0.0,11:19:02
19200.0,600,-750.0,0.0,BU,8212300.0,17834700.0,False,0.0,11:19:02
19200.0,1200,-750.0,0.0,BU,8211700.0,17834700.0,False,0.0,11:19:02
19200.0,1400,-750.0,0.0,BU,8210500.0,17834700.0,False,50.0,11:19:02
19150.0,200,-800.0,0.0,SD,8209100.0,17834700.0,False,0.0,11:18:56
19150.0,100,-800.0,0.0,SD,8209100.0,17834500.0,False,0.0,11:18:56
19150.0,500,-800.0,0.0,SD,8209100.0,17834400.0,False,0.0,11:18:56
19150.0,800,-800.0,0.0,SD,8209100.0,17833900.0,False,-50.0,11:18:56
19200.0,1000,-750.0,0.0,BU,8209100.0,17833100.0,False,50.0,11:18:50
19150.0,200,-800.0,0.0,SD,8208100.0,17833100.0,False,0.0,11:18:48
19150.0,100,-800.0,0.0,SD,8208100.0,17832900.0,False,0.0,11:18:48
19150.0,300,-800.0,0.0,SD,8208100.0,17832800.0,False,0.0,11:18:48
19150.0,200,-800.0,0.0,SD,8208100.0,17832500.0,False,0.0,11:18:48
19150.0,100,-800.0,0.0,SD,8208100.0,17832300.0,False,0.0,11:18:48
19150.0,100,-800.0,0.0,SD,8208100.0,17832200.0,False,0.0,11:18:48
19150.0,100,-800.0,0.0,SD,8208100.0,17832100.0,False,0.0,11:18:48
19150.0,500,-800.0,0.0,SD,8208100.0,17832000.0,False,0.0,11:18:48
19150.0,100,-800.0,0.0,SD,8208100.0,17831500.0,False,0.0,11:18:48
19150.0,1300,-800.0,0.0,SD,8208100.0,17831400.0,False,0.0,11:18:48
19150.0,3200,-800.0,0.0,SD,8208100.0,17830100.0,False,0.0,11:18:48
19150.0,100,-800.0,0.0,SD,8208100.0,17826900.0,False,0.0,11:18:48
19150.0,200,-800.0,0.0,SD,8208100.0,17826800.0,False,0.0,11:18:48
19150.0,400,-800.0,0.0,SD,8208100.0,17826600.0,False,0.0,11:18:48
19150.0,200,-800.0,0.0,SD,8208100.0,17826200.0,False,0.0,11:18:48
19150.0,200,-800.0,0.0,SD,8208100.0,17826000.0,False,0.0,11:18:47
19150.0,100,-800.0,0.0,SD,8208100.0,17825800.0,False,0.0,11:18:47
19150.0,600,-800.0,0.0,SD,8208100.0,17825700.0,False,0.0,11:18:47
19150.0,400,-800.0,0.0,SD,8208100.0,17825100.0,False,0.0,11:18:45
19150.0,1000,-800.0,0.0,SD,8208100.0,17824700.0,False,0.0,11:18:45
19150.0,100,-800.0,0.0,SD,8208100.0,17823700.0,False,-50.0,11:18:45
19200.0,500,-750.0,0.0,BU,8208100.0,17823600.0,False,50.0,11:18:45
19150.0,200,-800.0,0.0,SD,8207600.0,17823600.0,False,0.0,11:18:43
19150.0,500,-800.0,0.0,SD,8207600.0,17823400.0,False,0.0,11:18:43
19150.0,300,-800.0,0.0,SD,8207600.0,17822900.0,False,0.0,11:18:43
19150.0,200,-800.0,0.0,SD,8207600.0,17822600.0,False,0.0,11:18:37
19150.0,500,-800.0,0.0,SD,8207600.0,17822400.0,False,0.0,11:18:37
19150.0,300,-800.0,0.0,SD,8207600.0,17821900.0,False,0.0,11:18:37
19150.0,100,-800.0,0.0,SD,8207600.0,17821600.0,False,0.0,11:18:26
19150.0,200,-800.0,0.0,SD,8207600.0,17821500.0,False,0.0,11:18:21
19150.0,1000,-800.0,0.0,SD,8207600.0,17821300.0,False,0.0,11:18:21
19150.0,800,-800.0,0.0,SD,8207600.0,17820300.0,False,0.0,11:18:21
19150.0,200,-800.0,0.0,SD,8207600.0,17819500.0,False,0.0,11:18:18
19150.0,100,-800.0,0.0,SD,8207600.0,17819300.0,False,0.0,11:18:15
19150.0,100,-800.0,0.0,SD,8207600.0,17819200.0,False,0.0,11:18:15
19150.0,200,-800.0,0.0,SD,8207600.0,17819100.0,False,0.0,11:18:15
19150.0,500,-800.0,0.0,SD,8207600.0,17818900.0,False,0.0,11:18:15
19150.0,500,-800.0,0.0,SD,8207600.0,17818400.0,False,0.0,11:18:15
19150.0,1000,-800.0,0.0,SD,8207600.0,17817900.0,False,0.0,11:18:15
19150.0,100,-800.0,0.0,SD,8207600.0,17816900.0,False,0.0,11:18:15
19150.0,100,-800.0,0.0,SD,8207600.0,17816800.0,False,0.0,11:18:15
19150.0,400,-800.0,0.0,SD,8207600.0,17816700.0,False,0.0,11:18:15
19150.0,200,-800.0,0.0,SD,8207600.0,17816300.0,False,0.0,11:18:10
19150.0,1900,-800.0,0.0,SD,8207600.0,17816100.0,False,-50.0,11:18:09
19200.0,500,-750.0,0.0,BU,8207600.0,17814200.0,False,50.0,11:18:06
19150.0,2000,-800.0,0.0,SD,8207100.0,17814200.0,False,0.0,11:18:05
19150.0,20000,-800.0,0.0,SD,8207100.0,17812200.0,True,0.0,11:18:02
19150.0,1000,-800.0,0.0,SD,8207100.0,17792200.0,False,0.0,11:17:58
19150.0,3000,-800.0,0.0,SD,8207100.0,17791200.0,False,0.0,11:17:54
19150.0,100,-800.0,0.0,SD,8207100.0,17788200.0,False,0.0,11:17:50
19150.0,1000,-800.0,0.0,SD,8207100.0,17788100.0,False,-50.0,11:17:47
19200.0,2000,-750.0,0.0,BU,8207100.0,17787100.0,False,50.0,11:17:44
19150.0,1000,-800.0,0.0,SD,8205100.0,17787100.0,False,0.0,11:17:42
19150.0,1000,-800.0,0.0,SD,8205100.0,17786100.0,False,0.0,11:17:41
19150.0,3000,-800.0,0.0,SD,8205100.0,17785100.0,False,0.0,11:17:35
19150.0,1000,-800.0,0.0,SD,8205100.0,17782100.0,False,0.0,11:17:31
19150.0,900,-800.0,0.0,SD,8205100.0,17781100.0,False,0.0,11:17:26
19150.0,800,-800.0,0.0,SD,8205100.0,17780200.0,False,-50.0,11:17:24
19200.0,1100,-750.0,0.0,BU,8205100.0,17779400.0,False,50.0,11:17:20
19150.0,500,-800.0,0.0,SD,8204000.0,17779400.0,False,-50.0,11:17:20
19200.0,200,-750.0,0.0,BU,8204000.0,17778900.0,False,0.0,11:17:20
19200.0,300,-750.0,0.0,BU,8203800.0,17778900.0,False,50.0,11:17:20
19150.0,1000,-800.0,0.0,SD,8203500.0,17778900.0,False,0.0,11:17:14
19150.0,900,-800.0,0.0,SD,8203500.0,17777900.0,False,-50.0,11:17:08
19200.0,300,-750.0,0.0,BU,8203500.0,17777000.0,False,0.0,11:17:07
19200.0,100,-750.0,0.0,BU,8203200.0,17777000.0,False,50.0,11:17:07
19150.0,10000,-800.0,0.0,SD,8203100.0,17777000.0,False,-50.0,11:17:04
19200.0,3300,-750.0,0.0,BU,8203100.0,17767000.0,False,0.0,11:16:56
19200.0,1000,-750.0,0.0,BU,8199800.0,17767000.0,False,50.0,11:16:56
19150.0,500,-800.0,0.0,SD,8198800.0,17767000.0,False,0.0,11:16:56
19150.0,500,-800.0,0.0,SD,8198800.0,17766500.0,False,0.0,11:16:50
19150.0,600,-800.0,0.0,SD,8198800.0,17766000.0,False,-50.0,11:16:47
19200.0,2000,-750.0,0.0,BU,8198800.0,17765400.0,False,50.0,11:16:45
19150.0,1500,-800.0,0.0,SD,8196800.0,17765400.0,False,0.0,11:16:40
19150.0,5000,-800.0,0.0,SD,8196800.0,17763900.0,False,0.0,11:16:37
19150.0,6200,-800.0,0.0,SD,8196800.0,17758900.0,False,0.0,11:16:33
19150.0,200,-800.0,0.0,SD,8196800.0,17752700.0,False,0.0,11:16:33
19150.0,500,-800.0,0.0,SD,8196800.0,17752500.0,False,0.0,11:16:32
19150.0,2000,-800.0,0.0,SD,8196800.0,17752000.0,False,-50.0,11:16:32
19200.0,600,-750.0,0.0,BU,8196800.0,17750000.0,False,0.0,11:16:30
19200.0,200,-750.0,0.0,BU,8196200.0,17750000.0,False,0.0,11:16:30
19200.0,1300,-750.0,0.0,BU,8196000.0,17750000.0,False,0.0,11:16:30
19200.0,1000,-750.0,0.0,BU,8194700.0,17750000.0,False,50.0,11:16:26
19150.0,1700,-800.0,0.0,SD,8193700.0,17750000.0,False,-50.0,11:16:23
19200.0,700,-750.0,0.0,BU,8193700.0,17748300.0,False,50.0,11:16:20
19150.0,10000,-800.0,0.0,SD,8193000.0,17748300.0,False,-50.0,11:16:18
19200.0,100,-750.0,0.0,BU,8193000.0,17738300.0,False,50.0,11:16:14
19150.0,1000,-800.0,0.0,SD,8192900.0,17738300.0,False,-50.0,11:16:13
19200.0,500,-750.0,0.0,BU,8192900.0,17737300.0,False,50.0,11:16:07
19150.0,2000,-800.0,0.0,SD,8192400.0,17737300.0,False,0.0,11:16:06
19150.0,4000,-800.0,0.0,SD,8192400.0,17735300.0,False,0.0,11:16:05
19150.0,100,-800.0,0.0,SD,8192400.0,17731300.0,False,0.0,11:16:03
19150.0,600,-800.0,0.0,SD,8192400.0,17731200.0,False,0.0,11:16:00
19150.0,3000,-800.0,0.0,SD,8192400.0,17730600.0,False,0.0,11:15:59
19150.0,100,-800.0,0.0,SD,8192400.0,17727600.0,False,0.0,11:15:59
19150.0,1500,-800.0,0.0,SD,8192400.0,17727500.0,False,0.0,11:15:57
19150.0,3000,-800.0,0.0,SD,8192400.0,17726000.0,False,0.0,11:15:57
19150.0,200,-800.0,0.0,SD,8192400.0,17723000.0,False,0.0,11:15:49
19150.0,900,-800.0,0.0,SD,8192400.0,17722800.0,False,0.0,11:15:48
19150.0,1000,-800.0,0.0,SD,8192400.0,17721900.0,False,0.0,11:15:45
19150.0,4200,-800.0,0.0,BU,8192400.0,17720900.0,False,0.0,11:15:42
19150.0,500,-800.0,0.0,BU,8188200.0,17720900.0,False,0.0,11:15:42
19150.0,300,-800.0,0.0,BU,8187700.0,17720900.0,False,0.0,11:15:42
19150.0,700,-800.0,0.0,BU,8187400.0,17720900.0,False,0.0,11:15:41
19150.0,500,-800.0,0.0,BU,8186700.0,17720900.0,False,0.0,11:15:41
19150.0,200,-800.0,0.0,SD,8186200.0,17720900.0,False,0.0,11:15:39
19150.0,100,-800.0,0.0,SD,8186200.0,17720700.0,False,0.0,11:15:39
19150.0,500,-800.0,0.0,SD,8186200.0,17720600.0,False,0.0,11:15:39
19150.0,400,-800.0,0.0,SD,8186200.0,17720100.0,False,0.0,11:15:39
19150.0,1000,-800.0,0.0,SD,8186200.0,17719700.0,False,0.0,11:15:37
19150.0,1000,-800.0,0.0,SD,8186200.0,17718700.0,False,0.0,11:15:36
19150.0,500,-800.0,0.0,SD,8186200.0,17717700.0,False,0.0,11:15:36
19150.0,100,-800.0,0.0,SD,8186200.0,17717200.0,False,0.0,11:15:36
19150.0,500,-800.0,0.0,BU,8186200.0,17717100.0,False,0.0,11:15:35
19150.0,100,-800.0,0.0,BU,8185700.0,17717100.0,False,0.0,11:15:35
19150.0,300,-800.0,0.0,BU,8185600.0,17717100.0,False,0.0,11:15:31
19150.0,500,-800.0,0.0,BU,8185300.0,17717100.0,False,0.0,11:15:30
19150.0,500,-800.0,0.0,BU,8184800.0,17717100.0,False,0.0,11:15:29
19150.0,1000,-800.0,0.0,BU,8184300.0,17717100.0,False,0.0,11:15:27
19150.0,400,-800.0,0.0,BU,8183300.0,17717100.0,False,0.0,11:15:27
19150.0,200,-800.0,0.0,SD,8182900.0,17717100.0,False,0.0,11:15:26
19150.0,500,-800.0,0.0,SD,8182900.0,17716900.0,False,0.0,11:15:26
19150.0,500,-800.0,0.0,SD,8182900.0,17716400.0,False,0.0,11:15:26
19150.0,200,-800.0,0.0,SD,8182900.0,17715900.0,False,0.0,11:15:26
19150.0,1000,-800.0,0.0,SD,8182900.0,17715700.0,False,0.0,11:15:26
19150.0,5000,-800.0,0.0,SD,8182900.0,17714700.0,False,0.0,11:15:26
19150.0,1000,-800.0,0.0,SD,8182900.0,17709700.0,False,0.0,11:15:26
19150.0,1000,-800.0,0.0,SD,8182900.0,17708700.0,False,0.0,11:15:26
19150.0,19200,-800.0,0.0,SD,8182900.0,17707700.0,True,0.0,11:15:26
19150.0,800,-800.0,0.0,SD,8182900.0,17688500.0,False,0.0,11:15:25
19150.0,100,-800.0,0.0,SD,8182900.0,17687700.0,False,0.0,11:15:25
19150.0,100,-800.0,0.0,SD,8182900.0,17687600.0,False,0.0,11:15:23
19150.0,1000,-800.0,0.0,SD,8182900.0,17687500.0,False,0.0,11:15:21
19150.0,2000,-800.0,0.0,SD,8182900.0,17686500.0,False,0.0,11:15:21
19150.0,100,-800.0,0.0,SD,8182900.0,17684500.0,False,0.0,11:15:21
19150.0,1000,-800.0,0.0,SD,8182900.0,17684400.0,False,0.0,11:15:21
19150.0,100,-800.0,0.0,SD,8182900.0,17683400.0,False,0.0,11:15:21
19150.0,500,-800.0,0.0,SD,8182900.0,17683300.0,False,0.0,11:15:21
19150.0,200,-800.0,0.0,SD,8182900.0,17682800.0,False,0.0,11:15:21
19150.0,500,-800.0,0.0,SD,8182900.0,17682600.0,False,0.0,11:15:21
19150.0,200,-800.0,0.0,SD,8182900.0,17682100.0,False,0.0,11:15:21
19150.0,1400,-800.0,0.0,SD,8182900.0,17681900.0,False,0.0,11:15:21
19150.0,500,-800.0,0.0,SD,8182900.0,17680500.0,False,0.0,11:15:21
19150.0,1000,-800.0,0.0,SD,8182900.0,17680000.0,False,0.0,11:15:21
19150.0,100,-800.0,0.0,SD,8182900.0,17679000.0,False,0.0,11:15:21
19150.0,800,-800.0,0.0,SD,8182900.0,17678900.0,False,0.0,11:15:21
19150.0,500,-800.0,0.0,SD,8182900.0,17678100.0,False,0.0,11:15:21
19150.0,8800,-800.0,0.0,SD,8182900.0,17677600.0,False,0.0,11:15:21
19150.0,100,-800.0,0.0,SD,8182900.0,17668800.0,False,0.0,11:15:21
19150.0,2000,-800.0,0.0,SD,8182900.0,17668700.0,False,0.0,11:15:21
19150.0,100,-800.0,0.0,SD,8182900.0,17666700.0,False,0.0,11:15:21
19150.0,1000,-800.0,0.0,SD,8182900.0,17666600.0,False,0.0,11:15:21
19150.0,1000,-800.0,0.0,SD,8182900.0,17665600.0,False,0.0,11:15:21
19150.0,700,-800.0,0.0,SD,8182900.0,17664600.0,False,0.0,11:15:21
19150.0,100,-800.0,0.0,SD,8182900.0,17663900.0,False,0.0,11:15:21
19150.0,100,-800.0,0.0,SD,8182900.0,17663800.0,False,0.0,11:15:21
19150.0,100,-800.0,0.0,SD,8182900.0,17663700.0,False,0.0,11:15:21
19150.0,100,-800.0,0.0,SD,8182900.0,17663600.0,False,0.0,11:15:21
19150.0,2000,-800.0,0.0,SD,8182900.0,17663500.0,False,0.0,11:15:21
19150.0,2000,-800.0,0.0,SD,8182900.0,17661500.0,False,0.0,11:15:21
19150.0,300,-800.0,0.0,SD,8182900.0,17659500.0,False,0.0,11:15:21
19150.0,2000,-800.0,0.0,SD,8182900.0,17659200.0,False,0.0,11:15:21
19150.0,200,-800.0,0.0,SD,8182900.0,17657200.0,False,0.0,11:15:21
19150.0,1000,-800.0,0.0,SD,8182900.0,17657000.0,False,0.0,11:15:21
19150.0,2000,-800.0,0.0,SD,8182900.0,17656000.0,False,0.0,11:15:21
19150.0,200,-800.0,0.0,SD,8182900.0,17654000.0,False,-50.0,11:15:21
19200.0,100,-750.0,0.0,BU,8182900.0,17653800.0,False,50.0,11:15:20
19150.0,1800,-800.0,0.0,SD,8182800.0,17653800.0,False,0.0,11:15:17
19150.0,100,-800.0,0.0,SD,8182800.0,17652000.0,False,0.0,11:15:17
19150.0,500,-800.0,0.0,SD,8182800.0,17651900.0,False,0.0,11:15:17
19150.0,100,-800.0,0.0,SD,8182800.0,17651400.0,False,0.0,11:15:17
19150.0,500,-800.0,0.0,SD,8182800.0,17651300.0,False,0.0,11:15:17
19150.0,300,-800.0,0.0,SD,8182800.0,17650800.0,False,-50.0,11:15:17
19200.0,2500,-750.0,0.0,BU,8182800.0,17650500.0,False,50.0,11:15:16
19150.0,200,-800.0,0.0,SD,8180300.0,17650500.0,False,0.0,11:15:16
19150.0,800,-800.0,0.0,SD,8180300.0,17650300.0,False,0.0,11:15:16
19150.0,500,-800.0,0.0,SD,8180300.0,17649500.0,False,0.0,11:15:15
19150.0,100,-800.0,0.0,SD,8180300.0,17649000.0,False,0.0,11:15:15
19150.0,200,-800.0,0.0,SD,8180300.0,17648900.0,False,0.0,11:15:15
19150.0,500,-800.0,0.0,SD,8180300.0,17648700.0,False,0.0,11:15:15
19150.0,400,-800.0,0.0,SD,8180300.0,17648200.0,False,0.0,11:15:15
19150.0,600,-800.0,0.0,SD,8180300.0,17647800.0,False,0.0,11:15:15
19150.0,300,-800.0,0.0,SD,8180300.0,17647200.0,False,0.0,11:15:15
19150.0,1000,-800.0,0.0,SD,8180300.0,17646900.0,False,0.0,11:15:15
19150.0,100,-800.0,0.0,SD,8180300.0,17645900.0,False,0.0,11:15:15
19150.0,100,-800.0,0.0,SD,8180300.0,17645800.0,False,0.0,11:15:15
19150.0,1200,-800.0,0.0,SD,8180300.0,17645700.0,False,0.0,11:15:15
19150.0,1600,-800.0,0.0,SD,8180300.0,17644500.0,False,0.0,11:15:14
19150.0,100,-800.0,0.0,SD,8180300.0,17642900.0,False,0.0,11:15:14
19150.0,500,-800.0,0.0,SD,8180300.0,17642800.0,False,0.0,11:15:14
19150.0,100,-800.0,0.0,SD,8180300.0,17642300.0,False,0.0,11:15:14
19150.0,100,-800.0,0.0,SD,8180300.0,17642200.0,False,0.0,11:15:14
19150.0,1300,-800.0,0.0,SD,8180300.0,17642100.0,False,0.0,11:15:14
19150.0,8200,-800.0,0.0,SD,8180300.0,17640800.0,False,0.0,11:15:14
19150.0,200,-800.0,0.0,SD,8180300.0,17632600.0,False,0.0,11:15:14
19150.0,200,-800.0,0.0,SD,8180300.0,17632400.0,False,0.0,11:15:14
19150.0,1000,-800.0,0.0,SD,8180300.0,17632200.0,False,0.0,11:15:14
19150.0,100,-800.0,0.0,SD,8180300.0,17631200.0,False,0.0,11:15:14
19150.0,400,-800.0,0.0,SD,8180300.0,17631100.0,False,0.0,11:15:14
19150.0,300,-800.0,0.0,SD,8180300.0,17630700.0,False,0.0,11:15:14
19150.0,10000,-800.0,0.0,SD,8180300.0,17630400.0,False,0.0,11:15:14
19150.0,500,-800.0,0.0,SD,8180300.0,17620400.0,False,0.0,11:15:14
19150.0,500,-800.0,0.0,SD,8180300.0,17619900.0,False,0.0,11:15:14
19150.0,100,-800.0,0.0,SD,8180300.0,17619400.0,False,0.0,11:15:14
19150.0,1000,-800.0,0.0,SD,8180300.0,17619300.0,False,0.0,11:15:14
19150.0,100,-800.0,0.0,SD,8180300.0,17618300.0,False,0.0,11:15:14
19150.0,100,-800.0,0.0,SD,8180300.0,17618200.0,False,0.0,11:15:14
19150.0,1200,-800.0,0.0,SD,8180300.0,17618100.0,False,0.0,11:15:14
19150.0,1100,-800.0,0.0,SD,8180300.0,17616900.0,False,0.0,11:15:12
19150.0,1000,-800.0,0.0,SD,8180300.0,17615800.0,False,0.0,11:15:10
19150.0,100,-800.0,0.0,SD,8180300.0,17614800.0,False,0.0,11:15:06
19150.0,500,-800.0,0.0,SD,8180300.0,17614700.0,False,0.0,11:15:06
19150.0,600,-800.0,0.0,SD,8180300.0,17614200.0,False,0.0,11:15:06
19150.0,100,-800.0,0.0,SD,8180300.0,17613600.0,False,0.0,11:15:06
19150.0,4200,-800.0,0.0,SD,8180300.0,17613500.0,False,0.0,11:15:06
19150.0,100,-800.0,0.0,SD,8180300.0,17609300.0,False,0.0,11:15:06
19150.0,5000,-800.0,0.0,SD,8180300.0,17609200.0,False,0.0,11:15:06
19150.0,200,-800.0,0.0,SD,8180300.0,17604200.0,False,0.0,11:15:06
19150.0,10000,-800.0,0.0,SD,8180300.0,17604000.0,False,0.0,11:15:06
19150.0,900,-800.0,0.0,SD,8180300.0,17594000.0,False,0.0,11:15:06
19150.0,1500,-800.0,0.0,SD,8180300.0,17593100.0,False,0.0,11:15:06
19150.0,100,-800.0,0.0,SD,8180300.0,17591600.0,False,0.0,11:15:06
19150.0,300,-800.0,0.0,SD,8180300.0,17591500.0,False,0.0,11:15:06
19150.0,200,-800.0,0.0,SD,8180300.0,17591200.0,False,0.0,11:15:06
19150.0,300,-800.0,0.0,SD,8180300.0,17591000.0,False,0.0,11:15:06
19150.0,100,-800.0,0.0,SD,8180300.0,17590700.0,False,0.0,11:15:06
19150.0,300,-800.0,0.0,SD,8180300.0,17590600.0,False,0.0,11:15:06
19150.0,1000,-800.0,0.0,SD,8180300.0,17590300.0,False,0.0,11:15:06
19150.0,10000,-800.0,0.0,SD,8180300.0,17589300.0,False,0.0,11:15:06
19150.0,100,-800.0,0.0,SD,8180300.0,17579300.0,False,0.0,11:15:06
19150.0,2000,-800.0,0.0,SD,8180300.0,17579200.0,False,0.0,11:15:06
19150.0,300,-800.0,0.0,SD,8180300.0,17577200.0,False,0.0,11:15:06
19150.0,1000,-800.0,0.0,SD,8180300.0,17576900.0,False,0.0,11:15:06
19150.0,300,-800.0,0.0,SD,8180300.0,17575900.0,False,0.0,11:15:06
19150.0,100,-800.0,0.0,SD,8180300.0,17575600.0,False,0.0,11:15:06
19150.0,500,-800.0,0.0,SD,8180300.0,17575500.0,False,0.0,11:15:06
19150.0,200,-800.0,0.0,SD,8180300.0,17575000.0,False,0.0,11:15:06
19150.0,1000,-800.0,0.0,SD,8180300.0,17574800.0,False,0.0,11:15:06
19150.0,200,-800.0,0.0,SD,8180300.0,17573800.0,False,0.0,11:15:06
19150.0,700,-800.0,0.0,SD,8180300.0,17573600.0,False,0.0,11:15:06
19150.0,200,-800.0,0.0,SD,8180300.0,17572900.0,False,0.0,11:15:06
19150.0,100,-800.0,0.0,SD,8180300.0,17572700.0,False,0.0,11:15:06
19150.0,500,-800.0,0.0,SD,8180300.0,17572600.0,False,0.0,11:15:06
19150.0,20000,-800.0,0.0,SD,8180300.0,17572100.0,True,0.0,11:15:06
19150.0,100,-800.0,0.0,SD,8180300.0,17552100.0,False,0.0,11:15:06
19150.0,200,-800.0,0.0,SD,8180300.0,17552000.0,False,0.0,11:15:06
19150.0,3200,-800.0,0.0,SD,8180300.0,17551800.0,False,0.0,11:15:06
19150.0,600,-800.0,0.0,SD,8180300.0,17548600.0,False,0.0,11:15:06
19150.0,8000,-800.0,0.0,SD,8180300.0,17548000.0,False,0.0,11:15:06
19150.0,100,-800.0,0.0,SD,8180300.0,17540000.0,False,0.0,11:15:06
19150.0,2000,-800.0,0.0,SD,8180300.0,17539900.0,False,0.0,11:15:06
19150.0,1000,-800.0,0.0,SD,8180300.0,17537900.0,False,0.0,11:15:06
19150.0,500,-800.0,0.0,SD,8180300.0,17536900.0,False,0.0,11:15:06
19150.0,100,-800.0,0.0,SD,8180300.0,17536400.0,False,0.0,11:15:06
19150.0,100,-800.0,0.0,SD,8180300.0,17536300.0,False,0.0,11:15:06
19150.0,10000,-800.0,0.0,SD,8180300.0,17536200.0,False,0.0,11:15:06
19150.0,100,-800.0,0.0,SD,8180300.0,17526200.0,False,0.0,11:15:06
19150.0,500,-800.0,0.0,SD,8180300.0,17526100.0,False,0.0,11:15:06
19150.0,100,-800.0,0.0,SD,8180300.0,17525600.0,False,0.0,11:15:06
19150.0,4900,-800.0,0.0,SD,8180300.0,17525500.0,False,0.0,11:15:06
19150.0,1000,-800.0,0.0,SD,8180300.0,17520600.0,False,0.0,11:15:06
19150.0,200,-800.0,0.0,SD,8180300.0,17519600.0,False,0.0,11:15:06
19150.0,1500,-800.0,0.0,SD,8180300.0,17519400.0,False,0.0,11:15:06
19150.0,2700,-800.0,0.0,SD,8180300.0,17517900.0,False,0.0,11:15:06
19150.0,1000,-800.0,0.0,SD,8180300.0,17515200.0,False,0.0,11:15:06
19150.0,100,-800.0,0.0,SD,8180300.0,17514200.0,False,0.0,11:15:06
19150.0,800,-800.0,0.0,SD,8180300.0,17514100.0,False,0.0,11:15:06
19150.0,2000,-800.0,0.0,SD,8180300.0,17513300.0,False,0.0,11:15:06
19150.0,100,-800.0,0.0,SD,8180300.0,17511300.0,False,0.0,11:15:06
19150.0,200,-800.0,0.0,SD,8180300.0,17511200.0,False,0.0,11:15:06
19150.0,100,-800.0,0.0,SD,8180300.0,17511000.0,False,0.0,11:15:06
19150.0,8000,-800.0,0.0,SD,8180300.0,17510900.0,False,0.0,11:15:06
19150.0,100,-800.0,0.0,SD,8180300.0,17502900.0,False,0.0,11:15:06
19150.0,500,-800.0,0.0,SD,8180300.0,17502800.0,False,0.0,11:15:06
19150.0,100,-800.0,0.0,SD,8180300.0,17502300.0,False,0.0,11:15:06
19150.0,1900,-800.0,0.0,SD,8180300.0,17502200.0,False,0.0,11:15:06
19150.0,2000,-800.0,0.0,SD,8180300.0,17500300.0,False,0.0,11:15:06
19150.0,100,-800.0,0.0,SD,8180300.0,17498300.0,False,0.0,11:15:06
19150.0,300,-800.0,0.0,SD,8180300.0,17498200.0,False,0.0,11:15:06
19150.0,500,-800.0,0.0,SD,8180300.0,17497900.0,False,0.0,11:15:06
19150.0,100,-800.0,0.0,SD,8180300.0,17497400.0,False,0.0,11:15:06
19150.0,300,-800.0,0.0,SD,8180300.0,17497300.0,False,0.0,11:15:06
19150.0,200,-800.0,0.0,SD,8180300.0,17497000.0,False,0.0,11:15:06
19150.0,100,-800.0,0.0,SD,8180300.0,17496800.0,False,0.0,11:15:06
19150.0,1400,-800.0,0.0,SD,8180300.0,17496700.0,False,0.0,11:15:06
19150.0,200,-800.0,0.0,SD,8180300.0,17495300.0,False,0.0,11:15:06
19150.0,8000,-800.0,0.0,SD,8180300.0,17495100.0,False,0.0,11:15:06
19150.0,200,-800.0,0.0,SD,8180300.0,17487100.0,False,0.0,11:15:06
19150.0,100,-800.0,0.0,SD,8180300.0,17486900.0,False,0.0,11:15:06
19150.0,100,-800.0,0.0,SD,8180300.0,17486800.0,False,0.0,11:15:06
19150.0,1000,-800.0,0.0,SD,8180300.0,17486700.0,False,0.0,11:15:06
19150.0,20900,-800.0,0.0,SD,8180300.0,17485700.0,True,0.0,11:15:06
19150.0,1000,-800.0,0.0,SD,8180300.0,17464800.0,False,0.0,11:15:06
19150.0,300,-800.0,0.0,SD,8180300.0,17463800.0,False,0.0,11:15:05
19150.0,1500,-800.0,0.0,SD,8180300.0,17463500.0,False,0.0,11:15:00
19150.0,300,-800.0,0.0,SD,8180300.0,17462000.0,False,0.0,11:15:00
19150.0,5000,-800.0,0.0,SD,8180300.0,17461700.0,False,0.0,11:15:00
19150.0,600,-800.0,0.0,SD,8180300.0,17456700.0,False,0.0,11:15:00
19150.0,3000,-800.0,0.0,SD,8180300.0,17456100.0,False,0.0,11:14:56
19150.0,1000,-800.0,0.0,SD,8180300.0,17453100.0,False,-50.0,11:14:55
19200.0,2600,-750.0,0.0,BU,8180300.0,17452100.0,False,0.0,11:14:55
19200.0,1000,-750.0,0.0,BU,8177700.0,17452100.0,False,50.0,11:14:54
19150.0,100,-800.0,0.0,SD,8176700.0,17452100.0,False,0.0,11:14:54
19150.0,2000,-800.0,0.0,SD,8176700.0,17452000.0,False,0.0,11:14:51
19150.0,100,-800.0,0.0,SD,8176700.0,17450000.0,False,0.0,11:14:51
19150.0,200,-800.0,0.0,SD,8176700.0,17449900.0,False,0.0,11:14:50
19150.0,800,-800.0,0.0,SD,8176700.0,17449700.0,False,0.0,11:14:50
19150.0,400,-800.0,0.0,SD,8176700.0,17448900.0,False,0.0,11:14:50
19150.0,16100,-800.0,0.0,SD,8176700.0,17448500.0,True,0.0,11:14:50
19150.0,100,-800.0,0.0,SD,8176700.0,17432400.0,False,0.0,11:14:50
19150.0,400,-800.0,0.0,SD,8176700.0,17432300.0,False,0.0,11:14:50
19150.0,500,-800.0,0.0,SD,8176700.0,17431900.0,False,0.0,11:14:50
19150.0,500,-800.0,0.0,SD,8176700.0,17431400.0,False,0.0,11:14:50
19150.0,300,-800.0,0.0,SD,8176700.0,17430900.0,False,0.0,11:14:50
19150.0,100,-800.0,0.0,SD,8176700.0,17430600.0,False,0.0,11:14:50
19150.0,600,-800.0,0.0,SD,8176700.0,17430500.0,False,-50.0,11:14:50
19200.0,1000,-750.0,0.0,BU,8176700.0,17429900.0,False,50.0,11:14:49
19150.0,400,-800.0,0.0,SD,8175700.0,17429900.0,False,0.0,11:14:48
19150.0,400,-800.0,0.0,SD,8175700.0,17429500.0,False,0.0,11:14:48
19150.0,400,-800.0,0.0,SD,8175700.0,17429100.0,False,0.0,11:14:48
19150.0,100,-800.0,0.0,SD,8175700.0,17428700.0,False,0.0,11:14:48
19150.0,700,-800.0,0.0,SD,8175700.0,17428600.0,False,0.0,11:14:48
19150.0,300,-800.0,0.0,SD,8175700.0,17427900.0,False,0.0,11:14:45
19150.0,200,-800.0,0.0,SD,8175700.0,17427600.0,False,0.0,11:14:45
19150.0,200,-800.0,0.0,SD,8175700.0,17427400.0,False,0.0,11:14:45
19150.0,700,-800.0,0.0,SD,8175700.0,17427200.0,False,0.0,11:14:43
19150.0,600,-800.0,0.0,SD,8175700.0,17426500.0,False,0.0,11:14:42
19150.0,200,-800.0,0.0,SD,8175700.0,17425900.0,False,0.0,11:14:42
19150.0,2400,-800.0,0.0,SD,8175700.0,17425700.0,False,0.0,11:14:42
19150.0,500,-800.0,0.0,SD,8175700.0,17423300.0,False,0.0,11:14:42
19150.0,1600,-800.0,0.0,SD,8175700.0,17422800.0,False,-50.0,11:14:42
19200.0,200,-750.0,0.0,BU,8175700.0,17421200.0,False,50.0,11:14:42
19150.0,2000,-800.0,0.0,SD,8175500.0,17421200.0,False,0.0,11:14:42
19150.0,300,-800.0,0.0,SD,8175500.0,17419200.0,False,-50.0,11:14:40
19200.0,500,-750.0,0.0,BU,8175500.0,17418900.0,False,50.0,11:14:40
19150.0,2000,-800.0,0.0,SD,8175000.0,17418900.0,False,0.0,11:14:39
19150.0,500,-800.0,0.0,SD,8175000.0,17416900.0,False,0.0,11:14:38
19150.0,3600,-800.0,0.0,SD,8175000.0,17416400.0,False,0.0,11:14:36
19150.0,200,-800.0,0.0,SD,8175000.0,17412800.0,False,0.0,11:14:36
19150.0,1200,-800.0,0.0,SD,8175000.0,17412600.0,False,0.0,11:14:36
19150.0,3300,-800.0,0.0,SD,8175000.0,17411400.0,False,0.0,11:14:32
19150.0,1700,-800.0,0.0,SD,8175000.0,17408100.0,False,-50.0,11:14:32
19200.0,100,-750.0,0.0,BU,8175000.0,17406400.0,False,50.0,11:14:30
19150.0,500,-800.0,0.0,SD,8174900.0,17406400.0,False,-50.0,11:14:29
19200.0,200,-750.0,0.0,BU,8174900.0,17405900.0,False,0.0,11:14:29
19200.0,2000,-750.0,0.0,BU,8174700.0,17405900.0,False,50.0,11:14:21
19150.0,800,-800.0,0.0,SD,8172700.0,17405900.0,False,0.0,11:14:20
19150.0,200,-800.0,0.0,SD,8172700.0,17405100.0,False,-50.0,11:14:19
19200.0,1000,-750.0,0.0,BU,8172700.0,17404900.0,False,50.0,11:14:19
19150.0,300,-800.0,0.0,SD,8171700.0,17404900.0,False,0.0,11:14:16
19150.0,2000,-800.0,0.0,SD,8171700.0,17404600.0,False,0.0,11:14:16
19150.0,4500,-800.0,0.0,SD,8171700.0,17402600.0,False,0.0,11:14:13
19150.0,500,-800.0,0.0,SD,8171700.0,17398100.0,False,0.0,11:14:13
19150.0,500,-800.0,0.0,SD,8171700.0,17397600.0,False,0.0,11:14:04
19150.0,200,-800.0,0.0,SD,8171700.0,17397100.0,False,0.0,11:14:04
19150.0,300,-800.0,0.0,SD,8171700.0,17396900.0,False,0.0,11:14:04
19150.0,200,-800.0,0.0,SD,8171700.0,17396600.0,False,0.0,11:14:03
19150.0,100,-800.0,0.0,SD,8171700.0,17396400.0,False,0.0,11:14:03
19150.0,100,-800.0,0.0,SD,8171700.0,17396300.0,False,0.0,11:14:03
19150.0,100,-800.0,0.0,SD,8171700.0,17396200.0,False,0.0,11:14:03
19150.0,300,-800.0,0.0,SD,8171700.0,17396100.0,False,-50.0,11:14:03
19200.0,200,-750.0,0.0,BU,8171700.0,17395800.0,False,50.0,11:14:03
19150.0,200,-800.0,0.0,SD,8171500.0,17395800.0,False,0.0,11:13:59
19150.0,100,-800.0,0.0,SD,8171500.0,17395600.0,False,0.0,11:13:59
19150.0,200,-800.0,0.0,SD,8171500.0,17395500.0,False,0.0,11:13:59
19150.0,800,-800.0,0.0,SD,8171500.0,17395300.0,False,0.0,11:13:58
19150.0,300,-800.0,0.0,SD,8171500.0,17394500.0,False,0.0,11:13:58
19150.0,100,-800.0,0.0,SD,8171500.0,17394200.0,False,0.0,11:13:58
19150.0,2000,-800.0,0.0,SD,8171500.0,17394100.0,False,0.0,11:13:58
19150.0,200,-800.0,0.0,SD,8171500.0,17392100.0,False,0.0,11:13:58
19150.0,400,-800.0,0.0,SD,8171500.0,17391900.0,False,0.0,11:13:58
19150.0,1000,-800.0,0.0,SD,8171500.0,17391500.0,False,0.0,11:13:58
19150.0,200,-800.0,0.0,SD,8171500.0,17390500.0,False,0.0,11:13:58
19150.0,100,-800.0,0.0,SD,8171500.0,17390300.0,False,0.0,11:13:58
19150.0,1000,-800.0,0.0,SD,8171500.0,17390200.0,False,0.0,11:13:58
19150.0,100,-800.0,0.0,SD,8171500.0,17389200.0,False,0.0,11:13:58
19150.0,300,-800.0,0.0,SD,8171500.0,17389100.0,False,0.0,11:13:58
19150.0,100,-800.0,0.0,SD,8171500.0,17388800.0,False,0.0,11:13:58
19150.0,500,-800.0,0.0,SD,8171500.0,17388700.0,False,0.0,11:13:58
19150.0,200,-800.0,0.0,SD,8171500.0,17388200.0,False,0.0,11:13:58
19150.0,100,-800.0,0.0,SD,8171500.0,17388000.0,False,0.0,11:13:58
19150.0,100,-800.0,0.0,SD,8171500.0,17387900.0,False,0.0,11:13:58
19150.0,1600,-800.0,0.0,SD,8171500.0,17387800.0,False,0.0,11:13:58
19150.0,1000,-800.0,0.0,SD,8171500.0,17386200.0,False,0.0,11:13:58
19150.0,800,-800.0,0.0,SD,8171500.0,17385200.0,False,0.0,11:13:58
19150.0,100,-800.0,0.0,SD,8171500.0,17384400.0,False,0.0,11:13:58
19150.0,100,-800.0,0.0,SD,8171500.0,17384300.0,False,0.0,11:13:58
19150.0,500,-800.0,0.0,SD,8171500.0,17384200.0,False,0.0,11:13:58
19150.0,100,-800.0,0.0,SD,8171500.0,17383700.0,False,0.0,11:13:58
19150.0,500,-800.0,0.0,SD,8171500.0,17383600.0,False,0.0,11:13:58
19150.0,200,-800.0,0.0,SD,8171500.0,17383100.0,False,0.0,11:13:58
19150.0,1000,-800.0,0.0,SD,8171500.0,17382900.0,False,0.0,11:13:58
19150.0,500,-800.0,0.0,SD,8171500.0,17381900.0,False,0.0,11:13:58
19150.0,100,-800.0,0.0,SD,8171500.0,17381400.0,False,0.0,11:13:58
19150.0,200,-800.0,0.0,SD,8171500.0,17381300.0,False,0.0,11:13:58
19150.0,1000,-800.0,0.0,SD,8171500.0,17381100.0,False,0.0,11:13:58
19150.0,100,-800.0,0.0,SD,8171500.0,17380100.0,False,0.0,11:13:58
19150.0,3100,-800.0,0.0,SD,8171500.0,17380000.0,False,0.0,11:13:58
19150.0,600,-800.0,0.0,SD,8171500.0,17376900.0,False,0.0,11:13:58
19150.0,500,-800.0,0.0,SD,8171500.0,17376300.0,False,0.0,11:13:58
19150.0,5000,-800.0,0.0,SD,8171500.0,17375800.0,False,0.0,11:13:58
19150.0,200,-800.0,0.0,SD,8171500.0,17370800.0,False,0.0,11:13:58
19150.0,100,-800.0,0.0,SD,8171500.0,17370600.0,False,0.0,11:13:58
19150.0,500,-800.0,0.0,SD,8171500.0,17370500.0,False,0.0,11:13:58
19150.0,100,-800.0,0.0,SD,8171500.0,17370000.0,False,0.0,11:13:58
19150.0,100,-800.0,0.0,SD,8171500.0,17369900.0,False,0.0,11:13:58
19150.0,300,-800.0,0.0,SD,8171500.0,17369800.0,False,0.0,11:13:58
19150.0,500,-800.0,0.0,SD,8171500.0,17369500.0,False,0.0,11:13:58
19150.0,100,-800.0,0.0,SD,8171500.0,17369000.0,False,0.0,11:13:58
19150.0,200,-800.0,0.0,SD,8171500.0,17368900.0,False,0.0,11:13:58
19150.0,3000,-800.0,0.0,SD,8171500.0,17368700.0,False,0.0,11:13:58
19150.0,100,-800.0,0.0,SD,8171500.0,17365700.0,False,0.0,11:13:58
19150.0,300,-800.0,0.0,SD,8171500.0,17365600.0,False,-50.0,11:13:58
19200.0,100,-750.0,0.0,BU,8171500.0,17365300.0,False,50.0,11:13:55
19150.0,100,-800.0,0.0,SD,8171400.0,17365300.0,False,0.0,11:13:51
19150.0,100,-800.0,0.0,SD,8171400.0,17365200.0,False,0.0,11:13:47
19150.0,100,-800.0,0.0,SD,8171400.0,17365100.0,False,0.0,11:13:47
19150.0,2000,-800.0,0.0,SD,8171400.0,17365000.0,False,0.0,11:13:47
19150.0,100,-800.0,0.0,SD,8171400.0,17363000.0,False,0.0,11:13:47
19150.0,500,-800.0,0.0,SD,8171400.0,17362900.0,False,0.0,11:13:47
19150.0,100,-800.0,0.0,SD,8171400.0,17362400.0,False,0.0,11:13:47
19150.0,100,-800.0,0.0,SD,8171400.0,17362300.0,False,0.0,11:13:47
19150.0,900,-800.0,0.0,SD,8171400.0,17362200.0,False,0.0,11:13:38
19150.0,100,-800.0,0.0,SD,8171400.0,17361300.0,False,0.0,11:13:38
19150.0,100,-800.0,0.0,SD,8171400.0,17361200.0,False,0.0,11:13:38
19150.0,3900,-800.0,0.0,SD,8171400.0,17361100.0,False,0.0,11:13:38
19150.0,1100,-800.0,0.0,SD,8171400.0,17357200.0,False,0.0,11:13:35
19150.0,300,-800.0,0.0,SD,8171400.0,17356100.0,False,0.0,11:13:35
19150.0,400,-800.0,0.0,SD,8171400.0,17355800.0,False,0.0,11:13:35
19150.0,7600,-800.0,0.0,SD,8171400.0,17355400.0,False,-50.0,11:13:35
19200.0,100,-750.0,0.0,BU,8171400.0,17347800.0,False,50.0,11:13:35
19150.0,1000,-800.0,0.0,SD,8171300.0,17347800.0,False,-50.0,11:13:28
19200.0,1000,-750.0,0.0,BU,8171300.0,17346800.0,False,50.0,11:13:25
19150.0,4100,-800.0,0.0,SD,8170300.0,17346800.0,False,-50.0,11:13:24
19200.0,900,-750.0,0.0,BU,8170300.0,17342700.0,False,0.0,11:13:23
19200.0,200,-750.0,0.0,BU,8169400.0,17342700.0,False,50.0,11:13:23
19150.0,2000,-800.0,0.0,SD,8169200.0,17342700.0,False,-50.0,11:13:21
19200.0,400,-750.0,0.0,BU,8169200.0,17340700.0,False,50.0,11:13:19
19150.0,3100,-800.0,0.0,SD,8168800.0,17340700.0,False,-50.0,11:13:17
19200.0,200,-750.0,0.0,BU,8168800.0,17337600.0,False,0.0,11:13:09
19200.0,1800,-750.0,0.0,BU,8168600.0,17337600.0,False,50.0,11:13:09
19150.0,400,-800.0,0.0,SD,8166800.0,17337600.0,False,-50.0,11:13:05
19200.0,100,-750.0,0.0,BU,8166800.0,17337200.0,False,50.0,11:13:05
19150.0,6900,-800.0,0.0,SD,8166700.0,17337200.0,False,0.0,11:13:05
19150.0,1000,-800.0,0.0,SD,8166700.0,17330300.0,False,0.0,11:13:05
19150.0,1000,-800.0,0.0,SD,8166700.0,17329300.0,False,0.0,11:13:05
19150.0,500,-800.0,0.0,SD,8166700.0,17328300.0,False,0.0,11:13:05
19150.0,200,-800.0,0.0,SD,8166700.0,17327800.0,False,0.0,11:13:05
19150.0,1000,-800.0,0.0,SD,8166700.0,17327600.0,False,0.0,11:13:05
19150.0,1000,-800.0,0.0,SD,8166700.0,17326600.0,False,0.0,11:13:05
19150.0,5500,-800.0,0.0,SD,8166700.0,17325600.0,False,0.0,11:13:05
19150.0,200,-800.0,0.0,SD,8166700.0,17320100.0,False,0.0,11:13:05
19150.0,100,-800.0,0.0,SD,8166700.0,17319900.0,False,0.0,11:13:05
19150.0,1100,-800.0,0.0,SD,8166700.0,17319800.0,False,0.0,11:13:05
19150.0,200,-800.0,0.0,SD,8166700.0,17318700.0,False,0.0,11:13:05
19150.0,100,-800.0,0.0,SD,8166700.0,17318500.0,False,0.0,11:13:05
19150.0,100,-800.0,0.0,SD,8166700.0,17318400.0,False,0.0,11:13:05
19150.0,100,-800.0,0.0,SD,8166700.0,17318300.0,False,0.0,11:13:05
19150.0,600,-800.0,0.0,SD,8166700.0,17318200.0,False,-50.0,11:13:05
19200.0,100,-750.0,0.0,BU,8166700.0,17317600.0,False,0.0,11:13:05
19200.0,100,-750.0,0.0,BU,8166600.0,17317600.0,False,0.0,11:13:05
19200.0,100,-750.0,0.0,BU,8166500.0,17317600.0,False,50.0,11:13:05
19150.0,500,-800.0,0.0,SD,8166400.0,17317600.0,False,0.0,11:13:02
19150.0,300,-800.0,0.0,SD,8166400.0,17317100.0,False,0.0,11:13:02
19150.0,400,-800.0,0.0,SD,8166400.0,17316800.0,False,0.0,11:13:02
19150.0,200,-800.0,0.0,SD,8166400.0,17316400.0,False,0.0,11:13:02
19150.0,500,-800.0,0.0,SD,8166400.0,17316200.0,False,0.0,11:13:02
19150.0,400,-800.0,0.0,SD,8166400.0,17315700.0,False,0.0,11:13:02
19150.0,100,-800.0,0.0,SD,8166400.0,17315300.0,False,0.0,11:13:02
19150.0,300,-800.0,0.0,SD,8166400.0,17315200.0,False,0.0,11:13:02
19150.0,5000,-800.0,0.0,SD,8166400.0,17314900.0,False,0.0,11:13:02
19150.0,100,-800.0,0.0,SD,8166400.0,17309900.0,False,0.0,11:13:02
19150.0,500,-800.0,0.0,SD,8166400.0,17309800.0,False,0.0,11:13:02
19150.0,200,-800.0,0.0,SD,8166400.0,17309300.0,False,0.0,11:13:02
19150.0,1000,-800.0,0.0,SD,8166400.0,17309100.0,False,0.0,11:13:02
19150.0,100,-800.0,0.0,SD,8166400.0,17308100.0,False,0.0,11:13:02
19150.0,200,-800.0,0.0,SD,8166400.0,17308000.0,False,0.0,11:13:02
19150.0,200,-800.0,0.0,SD,8166400.0,17307800.0,False,-50.0,11:13:02
19200.0,100,-750.0,0.0,BU,8166400.0,17307600.0,False,50.0,11:12:54
19150.0,500,-800.0,0.0,SD,8166300.0,17307600.0,False,-50.0,11:12:52
19200.0,1300,-750.0,0.0,BU,8166300.0,17307100.0,False,0.0,11:12:48
19200.0,900,-750.0,0.0,BU,8165000.0,17307100.0,False,50.0,11:12:48
19150.0,300,-800.0,0.0,SD,8164100.0,17307100.0,False,0.0,11:12:48
19150.0,300,-800.0,0.0,SD,8164100.0,17306800.0,False,0.0,11:12:48
19150.0,200,-800.0,0.0,SD,8164100.0,17306500.0,False,0.0,11:12:46
19150.0,400,-800.0,0.0,SD,8164100.0,17306300.0,False,0.0,11:12:46
19150.0,400,-800.0,0.0,SD,8164100.0,17305900.0,False,0.0,11:12:46
19150.0,100,-800.0,0.0,SD,8164100.0,17305500.0,False,0.0,11:12:40
19150.0,1900,-800.0,0.0,SD,8164100.0,17305400.0,False,-50.0,11:12:40
19200.0,500,-750.0,0.0,BU,8164100.0,17303500.0,False,50.0,11:12:39
19150.0,1000,-800.0,0.0,SD,8163600.0,17303500.0,False,0.0,11:12:29
19150.0,100,-800.0,0.0,SD,8163600.0,17302500.0,False,-50.0,11:12:23
19200.0,500,-750.0,0.0,BU,8163600.0,17302400.0,False,0.0,11:12:15
19200.0,200,-750.0,0.0,BU,8163100.0,17302400.0,False,0.0,11:12:15
19200.0,300,-750.0,0.0,BU,8162900.0,17302400.0,False,0.0,11:12:15
19200.0,200,-750.0,0.0,BU,8162600.0,17302400.0,False,0.0,11:12:13
19200.0,800,-750.0,0.0,BU,8162400.0,17302400.0,False,0.0,11:12:13
19200.0,100,-750.0,0.0,BU,8161600.0,17302400.0,False,50.0,11:12:10
19150.0,1400,-800.0,0.0,SD,8161500.0,17302400.0,False,-50.0,11:12:09
19200.0,100,-750.0,0.0,BU,8161500.0,17301000.0,False,50.0,11:12:06
19150.0,100,-800.0,0.0,SD,8161400.0,17301000.0,False,-50.0,11:12:06
19200.0,1000,-750.0,0.0,BU,8161400.0,17300900.0,False,50.0,11:12:02
19150.0,400,-800.0,0.0,SD,8160400.0,17300900.0,False,0.0,11:11:59
19150.0,600,-800.0,0.0,SD,8160400.0,17300500.0,False,-50.0,11:11:59
19200.0,500,-750.0,0.0,BU,8160400.0,17299900.0,False,0.0,11:11:55
19200.0,1500,-750.0,0.0,BU,8159900.0,17299900.0,False,50.0,11:11:55
19150.0,10000,-800.0,0.0,SD,8158400.0,17299900.0,False,0.0,11:11:55
19150.0,200,-800.0,0.0,SD,8158400.0,17289900.0,False,0.0,11:11:54
19150.0,5000,-800.0,0.0,SD,8158400.0,17289700.0,False,-50.0,11:11:53
19200.0,200,-750.0,0.0,BU,8158400.0,17284700.0,False,0.0,11:11:49
19200.0,300,-750.0,0.0,BU,8158200.0,17284700.0,False,0.0,11:11:48
19200.0,200,-750.0,0.0,BU,8157900.0,17284700.0,False,50.0,11:11:48
19150.0,1000,-800.0,0.0,SD,8157700.0,17284700.0,False,0.0,11:11:46
19150.0,28300,-800.0,0.0,SD,8157700.0,17283700.0,True,0.0,11:11:41
19150.0,100,-800.0,0.0,SD,8157700.0,17255400.0,False,0.0,11:11:41
19150.0,200,-800.0,0.0,SD,8157700.0,17255300.0,False,0.0,11:11:41
19150.0,200,-800.0,0.0,SD,8157700.0,17255100.0,False,0.0,11:11:41
19150.0,300,-800.0,0.0,SD,8157700.0,17254900.0,False,0.0,11:11:41
19150.0,300,-800.0,0.0,SD,8157700.0,17254600.0,False,0.0,11:11:41
19150.0,100,-800.0,0.0,SD,8157700.0,17254300.0,False,0.0,11:11:41
19150.0,500,-800.0,0.0,SD,8157700.0,17254200.0,False,0.0,11:11:41
19150.0,100,-800.0,0.0,SD,8157700.0,17253700.0,False,0.0,11:11:41
19150.0,1300,-800.0,0.0,SD,8157700.0,17253600.0,False,0.0,11:11:41
19150.0,100,-800.0,0.0,SD,8157700.0,17252300.0,False,0.0,11:11:41
19150.0,1000,-800.0,0.0,SD,8157700.0,17252200.0,False,0.0,11:11:41
19150.0,100,-800.0,0.0,SD,8157700.0,17251200.0,False,0.0,11:11:41
19150.0,100,-800.0,0.0,SD,8157700.0,17251100.0,False,0.0,11:11:41
19150.0,1000,-800.0,0.0,SD,8157700.0,17251000.0,False,0.0,11:11:41
19150.0,200,-800.0,0.0,SD,8157700.0,17250000.0,False,0.0,11:11:41
19150.0,300,-800.0,0.0,SD,8157700.0,17249800.0,False,0.0,11:11:41
19150.0,500,-800.0,0.0,SD,8157700.0,17249500.0,False,0.0,11:11:41
19150.0,100,-800.0,0.0,SD,8157700.0,17249000.0,False,0.0,11:11:41
19150.0,200,-800.0,0.0,SD,8157700.0,17248900.0,False,0.0,11:11:41
19150.0,500,-800.0,0.0,SD,8157700.0,17248700.0,False,0.0,11:11:41
19150.0,500,-800.0,0.0,SD,8157700.0,17248200.0,False,0.0,11:11:41
19150.0,500,-800.0,0.0,SD,8157700.0,17247700.0,False,0.0,11:11:41
19150.0,100,-800.0,0.0,SD,8157700.0,17247200.0,False,0.0,11:11:41
19150.0,5000,-800.0,0.0,SD,8157700.0,17247100.0,False,0.0,11:11:41
19150.0,200,-800.0,0.0,SD,8157700.0,17242100.0,False,0.0,11:11:41
19150.0,100,-800.0,0.0,SD,8157700.0,17241900.0,False,0.0,11:11:41
19150.0,100,-800.0,0.0,SD,8157700.0,17241800.0,False,0.0,11:11:41
19150.0,100,-800.0,0.0,SD,8157700.0,17241700.0,False,0.0,11:11:41
19150.0,2000,-800.0,0.0,SD,8157700.0,17241600.0,False,0.0,11:11:41
19150.0,500,-800.0,0.0,SD,8157700.0,17239600.0,False,0.0,11:11:41
19150.0,500,-800.0,0.0,SD,8157700.0,17239100.0,False,0.0,11:11:41
19150.0,100,-800.0,0.0,SD,8157700.0,17238600.0,False,0.0,11:11:41
19150.0,300,-800.0,0.0,SD,8157700.0,17238500.0,False,0.0,11:11:41
19150.0,500,-800.0,0.0,SD,8157700.0,17238200.0,False,0.0,11:11:41
19150.0,100,-800.0,0.0,SD,8157700.0,17237700.0,False,0.0,11:11:41
19150.0,100,-800.0,0.0,SD,8157700.0,17237600.0,False,0.0,11:11:41
19150.0,2000,-800.0,0.0,SD,8157700.0,17237500.0,False,0.0,11:11:41
19150.0,1000,-800.0,0.0,SD,8157700.0,17235500.0,False,0.0,11:11:41
19150.0,200,-800.0,0.0,SD,8157700.0,17234500.0,False,0.0,11:11:41
19150.0,2000,-800.0,0.0,SD,8157700.0,17234300.0,False,0.0,11:11:41
19150.0,400,-800.0,0.0,SD,8157700.0,17232300.0,False,0.0,11:11:41
19150.0,10000,-800.0,0.0,SD,8157700.0,17231900.0,False,0.0,11:11:41
19150.0,200,-800.0,0.0,SD,8157700.0,17221900.0,False,0.0,11:11:41
19150.0,100,-800.0,0.0,SD,8157700.0,17221700.0,False,0.0,11:11:41
19150.0,100,-800.0,0.0,SD,8157700.0,17221600.0,False,0.0,11:11:41
19150.0,1000,-800.0,0.0,SD,8157700.0,17221500.0,False,0.0,11:11:41
19150.0,200,-800.0,0.0,SD,8157700.0,17220500.0,False,0.0,11:11:41
19150.0,1000,-800.0,0.0,SD,8157700.0,17220300.0,False,0.0,11:11:41
19150.0,100,-800.0,0.0,SD,8157700.0,17219300.0,False,0.0,11:11:41
19150.0,200,-800.0,0.0,SD,8157700.0,17219200.0,False,0.0,11:11:41
19150.0,100,-800.0,0.0,SD,8157700.0,17219000.0,False,0.0,11:11:41
19150.0,300,-800.0,0.0,SD,8157700.0,17218900.0,False,0.0,11:11:41
19150.0,2000,-800.0,0.0,SD,8157700.0,17218600.0,False,0.0,11:11:41
19150.0,200,-800.0,0.0,SD,8157700.0,17216600.0,False,0.0,11:11:41
19150.0,1000,-800.0,0.0,SD,8157700.0,17216400.0,False,0.0,11:11:41
19150.0,100,-800.0,0.0,SD,8157700.0,17215400.0,False,0.0,11:11:41
19150.0,100,-800.0,0.0,SD,8157700.0,17215300.0,False,0.0,11:11:41
19150.0,500,-800.0,0.0,SD,8157700.0,17215200.0,False,0.0,11:11:41
19150.0,200,-800.0,0.0,SD,8157700.0,17214700.0,False,0.0,11:11:41
19150.0,100,-800.0,0.0,SD,8157700.0,17214500.0,False,0.0,11:11:41
19150.0,100,-800.0,0.0,SD,8157700.0,17214400.0,False,0.0,11:11:41
19150.0,1000,-800.0,0.0,SD,8157700.0,17214300.0,False,0.0,11:11:41
19150.0,2000,-800.0,0.0,SD,8157700.0,17213300.0,False,0.0,11:11:41
19150.0,500,-800.0,0.0,SD,8157700.0,17211300.0,False,0.0,11:11:41
19150.0,1000,-800.0,0.0,SD,8157700.0,17210800.0,False,0.0,11:11:41
19150.0,100,-800.0,0.0,SD,8157700.0,17209800.0,False,-50.0,11:11:41
19200.0,3000,-750.0,0.0,BU,8157700.0,17209700.0,False,50.0,11:11:39
19150.0,2900,-800.0,0.0,SD,8154700.0,17209700.0,False,0.0,11:11:35
19150.0,100,-800.0,0.0,SD,8154700.0,17206800.0,False,-50.0,11:11:35
19200.0,100,-750.0,0.0,BU,8154700.0,17206700.0,False,0.0,11:11:34
19200.0,100,-750.0,0.0,BU,8154600.0,17206700.0,False,0.0,11:11:34
19200.0,200,-750.0,0.0,BU,8154500.0,17206700.0,False,0.0,11:11:34
19200.0,900,-750.0,0.0,BU,8154300.0,17206700.0,False,0.0,11:11:34
19200.0,500,-750.0,0.0,BU,8153400.0,17206700.0,False,50.0,11:11:32
19150.0,500,-800.0,0.0,SD,8152900.0,17206700.0,False,-50.0,11:11:29
19200.0,500,-750.0,0.0,BU,8152900.0,17206200.0,False,0.0,11:11:28
19200.0,100,-750.0,0.0,BU,8152400.0,17206200.0,False,0.0,11:11:28
19200.0,100,-750.0,0.0,BU,8152300.0,17206200.0,False,0.0,11:11:28
19200.0,400,-750.0,0.0,BU,8152200.0,17206200.0,False,0.0,11:11:26
19200.0,1000,-750.0,0.0,BU,8151800.0,17206200.0,False,0.0,11:11:25
19200.0,100,-750.0,0.0,BU,8150800.0,17206200.0,False,0.0,11:11:25
19200.0,700,-750.0,0.0,BU,8150700.0,17206200.0,False,0.0,11:11:25
19200.0,100,-750.0,0.0,BU,8150000.0,17206200.0,False,50.0,11:11:24
19150.0,400,-800.0,0.0,SD,8149900.0,17206200.0,False,-50.0,11:11:24
19200.0,500,-750.0,0.0,BU,8149900.0,17205800.0,False,0.0,11:11:23
19200.0,100,-750.0,0.0,BU,8149400.0,17205800.0,False,50.0,11:11:19
19150.0,300,-800.0,0.0,SD,8149300.0,17205800.0,False,-50.0,11:11:18
19200.0,200,-750.0,0.0,BU,8149300.0,17205500.0,False,50.0,11:11:18
19150.0,4000,-800.0,0.0,SD,8149100.0,17205500.0,False,0.0,11:11:18
19150.0,100,-800.0,0.0,SD,8149100.0,17201500.0,False,0.0,11:11:18
19150.0,1000,-800.0,0.0,SD,8149100.0,17201400.0,False,0.0,11:11:17
19150.0,1000,-800.0,0.0,SD,8149100.0,17200400.0,False,0.0,11:11:17
19150.0,900,-800.0,0.0,SD,8149100.0,17199400.0,False,0.0,11:11:17
19150.0,500,-800.0,0.0,SD,8149100.0,17198500.0,False,0.0,11:11:17
19150.0,100,-800.0,0.0,SD,8149100.0,17198000.0,False,0.0,11:11:17
19150.0,1000,-800.0,0.0,SD,8149100.0,17197900.0,False,0.0,11:11:17
19150.0,5000,-800.0,0.0,SD,8149100.0,17196900.0,False,0.0,11:11:17
19150.0,1000,-800.0,0.0,SD,8149100.0,17191900.0,False,0.0,11:11:17
19150.0,500,-800.0,0.0,SD,8149100.0,17190900.0,False,0.0,11:11:17
19150.0,1000,-800.0,0.0,SD,8149100.0,17190400.0,False,0.0,11:11:17
19150.0,500,-800.0,0.0,SD,8149100.0,17189400.0,False,0.0,11:11:17
19150.0,200,-800.0,0.0,SD,8149100.0,17188900.0,False,0.0,11:11:17
19150.0,30000,-800.0,0.0,SD,8149100.0,17188700.0,True,0.0,11:11:17
19150.0,500,-800.0,0.0,SD,8149100.0,17158700.0,False,0.0,11:11:17
19150.0,200,-800.0,0.0,SD,8149100.0,17158200.0,False,0.0,11:11:17
19150.0,300,-800.0,0.0,SD,8149100.0,17158000.0,False,0.0,11:11:17
19150.0,500,-800.0,0.0,SD,8149100.0,17157700.0,False,0.0,11:11:17
19150.0,700,-800.0,0.0,SD,8149100.0,17157200.0,False,0.0,11:11:17
19150.0,800,-800.0,0.0,SD,8149100.0,17156500.0,False,0.0,11:11:17
19150.0,1000,-800.0,0.0,SD,8149100.0,17155700.0,False,0.0,11:11:17
19150.0,300,-800.0,0.0,SD,8149100.0,17154700.0,False,0.0,11:11:17
19150.0,100,-800.0,0.0,SD,8149100.0,17154400.0,False,0.0,11:11:17
19150.0,100,-800.0,0.0,SD,8149100.0,17154300.0,False,0.0,11:11:17
19150.0,1000,-800.0,0.0,SD,8149100.0,17154200.0,False,0.0,11:11:17
19150.0,100,-800.0,0.0,SD,8149100.0,17153200.0,False,0.0,11:11:17
19150.0,5000,-800.0,0.0,SD,8149100.0,17153100.0,False,0.0,11:11:17
19150.0,100,-800.0,0.0,SD,8149100.0,17148100.0,False,0.0,11:11:17
19150.0,500,-800.0,0.0,SD,8149100.0,17148000.0,False,0.0,11:11:17
19150.0,1000,-800.0,0.0,SD,8149100.0,17147500.0,False,0.0,11:11:17
19150.0,500,-800.0,0.0,SD,8149100.0,17146500.0,False,0.0,11:11:17
19150.0,100,-800.0,0.0,SD,8149100.0,17146000.0,False,0.0,11:11:17
19150.0,500,-800.0,0.0,SD,8149100.0,17145900.0,False,0.0,11:11:17
19150.0,2000,-800.0,0.0,SD,8149100.0,17145400.0,False,0.0,11:11:17
19150.0,500,-800.0,0.0,SD,8149100.0,17143400.0,False,0.0,11:11:17
19150.0,500,-800.0,0.0,SD,8149100.0,17142900.0,False,0.0,11:11:17
19150.0,500,-800.0,0.0,SD,8149100.0,17142400.0,False,0.0,11:11:17
19150.0,100,-800.0,0.0,SD,8149100.0,17141900.0,False,0.0,11:11:17
19150.0,500,-800.0,0.0,SD,8149100.0,17141800.0,False,0.0,11:11:17
19150.0,300,-800.0,0.0,SD,8149100.0,17141300.0,False,0.0,11:11:17
19150.0,1000,-800.0,0.0,SD,8149100.0,17141000.0,False,0.0,11:11:17
19150.0,1000,-800.0,0.0,SD,8149100.0,17140000.0,False,0.0,11:11:17
19150.0,1000,-800.0,0.0,SD,8149100.0,17139000.0,False,0.0,11:11:17
19150.0,1000,-800.0,0.0,SD,8149100.0,17138000.0,False,0.0,11:11:17
19150.0,100,-800.0,0.0,SD,8149100.0,17137000.0,False,0.0,11:11:17
19150.0,100,-800.0,0.0,SD,8149100.0,17136900.0,False,0.0,11:11:17
19150.0,700,-800.0,0.0,SD,8149100.0,17136800.0,False,0.0,11:11:17
19150.0,100,-800.0,0.0,SD,8149100.0,17136100.0,False,0.0,11:11:17
19150.0,200,-800.0,0.0,SD,8149100.0,17136000.0,False,0.0,11:11:17
19150.0,500,-800.0,0.0,SD,8149100.0,17135800.0,False,0.0,11:11:17
19150.0,100,-800.0,0.0,SD,8149100.0,17135300.0,False,0.0,11:11:17
19150.0,100,-800.0,0.0,SD,8149100.0,17135200.0,False,0.0,11:11:17
19150.0,500,-800.0,0.0,SD,8149100.0,17135100.0,False,0.0,11:11:17
19150.0,100,-800.0,0.0,SD,8149100.0,17134600.0,False,0.0,11:11:17
19150.0,1000,-800.0,0.0,SD,8149100.0,17134500.0,False,0.0,11:11:17
19150.0,200,-800.0,0.0,SD,8149100.0,17133500.0,False,0.0,11:11:17
19150.0,1000,-800.0,0.0,SD,8149100.0,17133300.0,False,0.0,11:11:17
19150.0,51500,-800.0,0.0,SD,8149100.0,17132300.0,True,-50.0,11:11:17
19200.0,100,-750.0,0.0,BU,8149100.0,17080800.0,False,0.0,11:11:16
19200.0,100,-750.0,0.0,BU,8149000.0,17080800.0,False,0.0,11:11:11
19200.0,100,-750.0,0.0,BU,8148900.0,17080800.0,False,0.0,11:11:10
19200.0,9500,-750.0,0.0,BU,8148800.0,17080800.0,False,0.0,11:11:06
19200.0,15500,-750.0,0.0,BU,8139300.0,17080800.0,True,0.0,11:11:06
19200.0,100,-750.0,0.0,BU,8123800.0,17080800.0,False,50.0,11:11:04
19150.0,17000,-800.0,0.0,SD,8123700.0,17080800.0,True,0.0,11:11:03
19150.0,400,-800.0,0.0,SD,8123700.0,17063800.0,False,0.0,11:11:01
19150.0,200,-800.0,0.0,SD,8123700.0,17063400.0,False,0.0,11:11:00
19150.0,500,-800.0,0.0,SD,8123700.0,17063200.0,False,-50.0,11:10:59
19200.0,100,-750.0,0.0,BU,8123700.0,17062700.0,False,0.0,11:10:58
19200.0,300,-750.0,0.0,BU,8123600.0,17062700.0,False,0.0,11:10:55
19200.0,100,-750.0,0.0,BU,8123300.0,17062700.0,False,0.0,11:10:55
19200.0,300,-750.0,0.0,BU,8123200.0,17062700.0,False,0.0,11:10:55
19200.0,100,-750.0,0.0,BU,8122900.0,17062700.0,False,0.0,11:10:55
19200.0,2600,-750.0,0.0,BU,8122800.0,17062700.0,False,50.0,11:10:54
19150.0,25600,-800.0,0.0,SD,8120200.0,17062700.0,True,-50.0,11:10:52
19200.0,700,-750.0,0.0,BU,8120200.0,17037100.0,False,0.0,11:10:52
19200.0,100,-750.0,0.0,BU,8119500.0,17037100.0,False,50.0,11:10:48
19150.0,100,-800.0,0.0,SD,8119400.0,17037100.0,False,-50.0,11:10:45
19200.0,300,-750.0,0.0,BU,8119400.0,17037000.0,False,50.0,11:10:43
19150.0,900,-800.0,0.0,SD,8119100.0,17037000.0,False,0.0,11:10:40
19150.0,300,-800.0,0.0,SD,8119100.0,17036100.0,False,-50.0,11:10:40
19200.0,1500,-750.0,0.0,BU,8119100.0,17035800.0,False,0.0,11:10:40
19200.0,100,-750.0,0.0,BU,8117600.0,17035800.0,False,0.0,11:10:39
19200.0,500,-750.0,0.0,BU,8117500.0,17035800.0,False,50.0,11:10:36
19150.0,1000,-800.0,0.0,SD,8117000.0,17035800.0,False,-50.0,11:10:35
19200.0,100,-750.0,0.0,BU,8117000.0,17034800.0,False,50.0,11:10:32
19150.0,1300,-800.0,0.0,SD,8116900.0,17034800.0,False,-50.0,11:10:25
19200.0,300,-750.0,0.0,BU,8116900.0,17033500.0,False,0.0,11:10:22
19200.0,200,-750.0,0.0,BU,8116600.0,17033500.0,False,50.0,11:10:20
19150.0,1200,-800.0,0.0,SD,8116400.0,17033500.0,False,0.0,11:10:19
19150.0,100,-800.0,0.0,SD,8116400.0,17032300.0,False,0.0,11:10:19
19150.0,1200,-800.0,0.0,SD,8116400.0,17032200.0,False,0.0,11:10:19
19150.0,2000,-800.0,0.0,SD,8116400.0,17031000.0,False,-50.0,11:10:19
19200.0,100,-750.0,0.0,BU,8116400.0,17029000.0,False,50.0,11:10:16
19150.0,200,-800.0,0.0,SD,8116300.0,17029000.0,False,-50.0,11:10:12
19200.0,100,-750.0,0.0,BU,8116300.0,17028800.0,False,0.0,11:10:12
19200.0,300,-750.0,0.0,BU,8116200.0,17028800.0,False,50.0,11:10:10
19150.0,200,-800.0,0.0,SD,8115900.0,17028800.0,False,-50.0,11:10:09
19200.0,100,-750.0,0.0,BU,8115900.0,17028600.0,False,0.0,11:10:07
19200.0,100,-750.0,0.0,BU,8115800.0,17028600.0,False,50.0,11:10:05
19150.0,3100,-800.0,0.0,SD,8115700.0,17028600.0,False,-50.0,11:09:56
19200.0,100,-750.0,0.0,BU,8115700.0,17025500.0,False,50.0,11:09:55
19150.0,400,-800.0,0.0,SD,8115600.0,17025500.0,False,-50.0,11:09:54
19200.0,100,-750.0,0.0,BU,8115600.0,17025100.0,False,0.0,11:09:52
19200.0,2400,-750.0,0.0,BU,8115500.0,17025100.0,False,0.0,11:09:50
19200.0,100,-750.0,0.0,BU,8113100.0,17025100.0,False,50.0,11:09:49
19150.0,4100,-800.0,0.0,SD,8113000.0,17025100.0,False,0.0,11:09:46
19150.0,4000,-800.0,0.0,SD,8113000.0,17021000.0,False,0.0,11:09:46
19150.0,1000,-800.0,0.0,SD,8113000.0,17017000.0,False,0.0,11:09:46
19150.0,500,-800.0,0.0,SD,8113000.0,17016000.0,False,0.0,11:09:46
19150.0,400,-800.0,0.0,SD,8113000.0,17015500.0,False,-50.0,11:09:46
19200.0,200,-750.0,0.0,BU,8113000.0,17015100.0,False,50.0,11:09:45
19150.0,2500,-800.0,0.0,SD,8112800.0,17015100.0,False,-50.0,11:09:42
19200.0,9900,-750.0,0.0,BU,8112800.0,17012600.0,False,0.0,11:09:38
19200.0,100,-750.0,0.0,BU,8102900.0,17012600.0,False,0.0,11:09:38
19200.0,100,-750.0,0.0,BU,8102800.0,17012600.0,False,0.0,11:09:38
19200.0,100,-750.0,0.0,BU,8102700.0,17012600.0,False,50.0,11:09:38
19150.0,200,-800.0,0.0,SD,8102600.0,17012600.0,False,-50.0,11:09:37
19200.0,9700,-750.0,0.0,BU,8102600.0,17012400.0,False,0.0,11:09:37
19200.0,300,-750.0,0.0,BU,8092900.0,17012400.0,False,0.0,11:09:37
19200.0,700,-750.0,0.0,BU,8092600.0,17012400.0,False,0.0,11:09:32
19200.0,1000,-750.0,0.0,BU,8091900.0,17012400.0,False,0.0,11:09:32
19200.0,3300,-750.0,0.0,BU,8090900.0,17012400.0,False,0.0,11:09:32
19200.0,300,-750.0,0.0,BU,8087600.0,17012400.0,False,0.0,11:09:30
19200.0,100,-750.0,0.0,BU,8087300.0,17012400.0,False,0.0,11:09:21
19200.0,600,-750.0,0.0,BU,8087200.0,17012400.0,False,50.0,11:09:20
19150.0,500,-800.0,0.0,SD,8086600.0,17012400.0,False,-50.0,11:09:20
19200.0,100,-750.0,0.0,BU,8086600.0,17011900.0,False,0.0,11:09:18
19200.0,200,-750.0,0.0,BU,8086500.0,17011900.0,False,0.0,11:09:15
19200.0,400,-750.0,0.0,BU,8086300.0,17011900.0,False,0.0,11:09:14
19200.0,600,-750.0,0.0,BU,8085900.0,17011900.0,False,0.0,11:09:14
19200.0,400,-750.0,0.0,BU,8085300.0,17011900.0,False,0.0,11:09:13
19200.0,600,-750.0,0.0,BU,8084900.0,17011900.0,False,0.0,11:09:13
19200.0,2000,-750.0,0.0,BU,8084300.0,17011900.0,False,0.0,11:09:11
19200.0,2000,-750.0,0.0,BU,8082300.0,17011900.0,False,50.0,11:09:11
19150.0,3000,-800.0,0.0,SD,8080300.0,17011900.0,False,-50.0,11:09:10
19200.0,200,-750.0,0.0,BU,8080300.0,17008900.0,False,50.0,11:09:09
19150.0,400,-800.0,0.0,SD,8080100.0,17008900.0,False,0.0,11:09:08
19150.0,100,-800.0,0.0,SD,8080100.0,17008500.0,False,0.0,11:09:08
19150.0,700,-800.0,0.0,SD,8080100.0,17008400.0,False,0.0,11:09:08
19150.0,100,-800.0,0.0,SD,8080100.0,17007700.0,False,0.0,11:09:08
19150.0,100,-800.0,0.0,SD,8080100.0,17007600.0,False,0.0,11:09:08
19150.0,100,-800.0,0.0,SD,8080100.0,17007500.0,False,0.0,11:09:08
19150.0,100,-800.0,0.0,SD,8080100.0,17007400.0,False,0.0,11:09:08
19150.0,200,-800.0,0.0,SD,8080100.0,17007300.0,False,0.0,11:09:08
19150.0,500,-800.0,0.0,SD,8080100.0,17007100.0,False,0.0,11:09:08
19150.0,500,-800.0,0.0,SD,8080100.0,17006600.0,False,0.0,11:09:08
19150.0,500,-800.0,0.0,SD,8080100.0,17006100.0,False,0.0,11:09:08
19150.0,200,-800.0,0.0,SD,8080100.0,17005600.0,False,0.0,11:09:08
19150.0,500,-800.0,0.0,SD,8080100.0,17005400.0,False,0.0,11:09:08
19150.0,700,-800.0,0.0,SD,8080100.0,17004900.0,False,-50.0,11:09:08
19200.0,1700,-750.0,0.0,BU,8080100.0,17004200.0,False,0.0,11:09:06
19200.0,42800,-750.0,0.0,BU,8078400.0,17004200.0,True,50.0,11:09:06
19150.0,300,-800.0,0.0,SD,8035600.0,17004200.0,False,0.0,11:09:05
19150.0,100,-800.0,0.0,SD,8035600.0,17003900.0,False,0.0,11:09:05
19150.0,100,-800.0,0.0,SD,8035600.0,17003800.0,False,-50.0,11:09:05
19200.0,100,-750.0,0.0,BU,8035600.0,17003700.0,False,0.0,11:09:04
19200.0,100,-750.0,0.0,BU,8035500.0,17003700.0,False,0.0,11:09:04
19200.0,100,-750.0,0.0,BU,8035400.0,17003700.0,False,0.0,11:09:02
19200.0,200,-750.0,0.0,BU,8035300.0,17003700.0,False,0.0,11:09:01
19200.0,100,-750.0,0.0,BU,8035100.0,17003700.0,False,0.0,11:09:01
19200.0,100,-750.0,0.0,BU,8035000.0,17003700.0,False,0.0,11:09:00
19200.0,300,-750.0,0.0,BU,8034900.0,17003700.0,False,0.0,11:09:00
19200.0,200,-750.0,0.0,BU,8034600.0,17003700.0,False,0.0,11:08:58
19200.0,2100,-750.0,0.0,BU,8034400.0,17003700.0,False,0.0,11:08:52
19200.0,3000,-750.0,0.0,BU,8032300.0,17003700.0,False,0.0,11:08:52
19200.0,4900,-750.0,0.0,BU,8029300.0,17003700.0,False,0.0,11:08:52
19200.0,5000,-750.0,0.0,BU,8024400.0,17003700.0,False,0.0,11:08:51
19200.0,10000,-750.0,0.0,BU,8019400.0,17003700.0,False,50.0,11:08:45
19150.0,4800,-800.0,0.0,SD,8009400.0,17003700.0,False,0.0,11:08:44
19150.0,100,-800.0,0.0,SD,8009400.0,16998900.0,False,0.0,11:08:44
19150.0,100,-800.0,0.0,SD,8009400.0,16998800.0,False,-50.0,11:08:44
19200.0,8000,-750.0,0.0,BU,8009400.0,16998700.0,False,0.0,11:08:44
19200.0,100,-750.0,0.0,BU,8001400.0,16998700.0,False,0.0,11:08:41
19200.0,100,-750.0,0.0,BU,8001300.0,16998700.0,False,0.0,11:08:39
19200.0,400,-750.0,0.0,BU,8001200.0,16998700.0,False,0.0,11:08:38
19200.0,100,-750.0,0.0,BU,8000800.0,16998700.0,False,0.0,11:08:37
19200.0,100,-750.0,0.0,BU,8000700.0,16998700.0,False,50.0,11:08:35
19150.0,4000,-800.0,0.0,SD,8000600.0,16998700.0,False,-50.0,11:08:34
19200.0,1400,-750.0,0.0,BU,8000600.0,16994700.0,False,0.0,11:08:33
19200.0,1000,-750.0,0.0,BU,7999200.0,16994700.0,False,0.0,11:08:31
19200.0,500,-750.0,0.0,BU,7998200.0,16994700.0,False,0.0,11:08:26
19200.0,100,-750.0,0.0,BU,7997700.0,16994700.0,False,0.0,11:08:26
19200.0,68300,-750.0,0.0,BU,7997600.0,16994700.0,True,0.0,11:08:26
19200.0,100,-750.0,0.0,BU,7929300.0,16994700.0,False,0.0,11:08:24
19200.0,2000,-750.0,0.0,BU,7929200.0,16994700.0,False,0.0,11:08:24
19200.0,1000,-750.0,0.0,BU,7927200.0,16994700.0,False,0.0,11:08:24
19200.0,500,-750.0,0.0,BU,7926200.0,16994700.0,False,0.0,11:08:24
19200.0,2000,-750.0,0.0,BU,7925700.0,16994700.0,False,0.0,11:08:24
19200.0,5500,-750.0,0.0,BU,7923700.0,16994700.0,False,0.0,11:08:24
19200.0,5000,-750.0,0.0,BU,7918200.0,16994700.0,False,0.0,11:08:24
19200.0,1000,-750.0,0.0,BU,7913200.0,16994700.0,False,0.0,11:08:24
19200.0,1000,-750.0,0.0,BU,7912200.0,16994700.0,False,0.0,11:08:24
19200.0,1500,-750.0,0.0,BU,7911200.0,16994700.0,False,0.0,11:08:24
19200.0,500,-750.0,0.0,BU,7909700.0,16994700.0,False,0.0,11:08:24
19200.0,200,-750.0,0.0,BU,7909200.0,16994700.0,False,0.0,11:08:24
19200.0,200,-750.0,0.0,BU,7909000.0,16994700.0,False,0.0,11:08:24
19200.0,2000,-750.0,0.0,BU,7908800.0,16994700.0,False,0.0,11:08:24
19200.0,5000,-750.0,0.0,BU,7906800.0,16994700.0,False,0.0,11:08:24
19200.0,4400,-750.0,0.0,BU,7901800.0,16994700.0,False,0.0,11:08:24
19200.0,10000,-750.0,0.0,BU,7897400.0,16994700.0,False,0.0,11:08:24
19200.0,2000,-750.0,0.0,BU,7887400.0,16994700.0,False,0.0,11:08:24
19200.0,200,-750.0,0.0,BU,7885400.0,16994700.0,False,0.0,11:08:24
19200.0,1000,-750.0,0.0,BU,7885200.0,16994700.0,False,0.0,11:08:24
19200.0,3000,-750.0,0.0,BU,7884200.0,16994700.0,False,0.0,11:08:24
19200.0,13500,-750.0,0.0,BU,7881200.0,16994700.0,True,0.0,11:08:24
19200.0,500,-750.0,0.0,BU,7867700.0,16994700.0,False,0.0,11:08:24
19200.0,400,-750.0,0.0,BU,7867200.0,16994700.0,False,0.0,11:08:24
19200.0,10000,-750.0,0.0,BU,7866800.0,16994700.0,False,0.0,11:08:24
19200.0,500,-750.0,0.0,BU,7856800.0,16994700.0,False,0.0,11:08:24
19200.0,1000,-750.0,0.0,BU,7856300.0,16994700.0,False,0.0,11:08:24
19200.0,1000,-750.0,0.0,BU,7855300.0,16994700.0,False,0.0,11:08:24
19200.0,9500,-750.0,0.0,BU,7854300.0,16994700.0,False,0.0,11:08:24
19200.0,300,-750.0,0.0,BU,7844800.0,16994700.0,False,0.0,11:08:24
19200.0,400,-750.0,0.0,BU,7844500.0,16994700.0,False,0.0,11:08:24
19200.0,1000,-750.0,0.0,BU,7844100.0,16994700.0,False,0.0,11:08:24
19200.0,4400,-750.0,0.0,BU,7843100.0,16994700.0,False,0.0,11:08:24
19200.0,100,-750.0,0.0,BU,7838700.0,16994700.0,False,0.0,11:08:24
19200.0,500,-750.0,0.0,BU,7838600.0,16994700.0,False,0.0,11:08:24
19200.0,500,-750.0,0.0,BU,7838100.0,16994700.0,False,0.0,11:08:24
19200.0,200,-750.0,0.0,BU,7837600.0,16994700.0,False,50.0,11:08:23
19150.0,300,-800.0,0.0,SD,7837400.0,16994700.0,False,-50.0,11:08:22
19200.0,500,-750.0,0.0,BU,7837400.0,16994400.0,False,0.0,11:08:22
19200.0,100,-750.0,0.0,BU,7836900.0,16994400.0,False,0.0,11:08:21
19200.0,3700,-750.0,0.0,BU,7836800.0,16994400.0,False,0.0,11:08:21
19200.0,100,-750.0,0.0,BU,7833100.0,16994400.0,False,0.0,11:08:21
19200.0,10000,-750.0,0.0,BU,7833000.0,16994400.0,False,0.0,11:08:21
19200.0,1200,-750.0,0.0,BU,7823000.0,16994400.0,False,0.0,11:08:21
19200.0,1000,-750.0,0.0,BU,7821800.0,16994400.0,False,0.0,11:08:20
19200.0,400,-750.0,0.0,BU,7820800.0,16994400.0,False,50.0,11:08:14
19150.0,1000,-800.0,0.0,SD,7820400.0,16994400.0,False,-50.0,11:08:13
19200.0,2000,-750.0,0.0,BU,7820400.0,16993400.0,False,0.0,11:08:10
19200.0,500,-750.0,0.0,BU,7818400.0,16993400.0,False,50.0,11:08:10
19150.0,9800,-800.0,0.0,SD,7817900.0,16993400.0,False,-50.0,11:08:05
19200.0,1000,-750.0,0.0,BU,7817900.0,16983600.0,False,0.0,11:08:04
19200.0,1000,-750.0,0.0,BU,7816900.0,16983600.0,False,0.0,11:08:03
19200.0,500,-750.0,0.0,BU,7815900.0,16983600.0,False,0.0,11:08:00
19200.0,100,-750.0,0.0,BU,7815400.0,16983600.0,False,0.0,11:07:59
19200.0,1700,-750.0,0.0,BU,7815300.0,16983600.0,False,50.0,11:07:56
19150.0,700,-800.0,0.0,SD,7813600.0,16983600.0,False,-50.0,11:07:55
19200.0,100,-750.0,0.0,BU,7813600.0,16982900.0,False,50.0,11:07:55
19150.0,500,-800.0,0.0,SD,7813500.0,16982900.0,False,-50.0,11:07:54
19200.0,200,-750.0,0.0,BU,7813500.0,16982400.0,False,0.0,11:07:53
19200.0,100,-750.0,0.0,BU,7813300.0,16982400.0,False,0.0,11:07:53
19200.0,500,-750.0,0.0,BU,7813200.0,16982400.0,False,0.0,11:07:52
19200.0,100,-750.0,0.0,BU,7812700.0,16982400.0,False,0.0,11:07:51
19200.0,2000,-750.0,0.0,BU,7812600.0,16982400.0,False,0.0,11:07:43
19200.0,100,-750.0,0.0,BU,7810600.0,16982400.0,False,0.0,11:07:43
19200.0,200,-750.0,0.0,BU,7810500.0,16982400.0,False,0.0,11:07:39
19200.0,2000,-750.0,0.0,BU,7810300.0,16982400.0,False,0.0,11:07:37
19200.0,100,-750.0,0.0,BU,7808300.0,16982400.0,False,0.0,11:07:36
19200.0,1000,-750.0,0.0,BU,7808200.0,16982400.0,False,0.0,11:07:35
19200.0,200,-750.0,0.0,BU,7807200.0,16982400.0,False,0.0,11:07:35
19200.0,1000,-750.0,0.0,BU,7807000.0,16982400.0,False,0.0,11:07:35
19200.0,100,-750.0,0.0,BU,7806000.0,16982400.0,False,0.0,11:07:34
19200.0,1200,-750.0,0.0,BU,7805900.0,16982400.0,False,0.0,11:07:32
19200.0,1700,-750.0,0.0,BU,7804700.0,16982400.0,False,0.0,11:07:30
19200.0,900,-750.0,0.0,BU,7803000.0,16982400.0,False,0.0,11:07:30
19200.0,1000,-750.0,0.0,BU,7802100.0,16982400.0,False,0.0,11:07:27
19200.0,100,-750.0,0.0,BU,7801100.0,16982400.0,False,0.0,11:07:26
19200.0,100,-750.0,0.0,BU,7801000.0,16982400.0,False,50.0,11:07:26
19150.0,2000,-800.0,0.0,SD,7800900.0,16982400.0,False,-50.0,11:07:26
19200.0,100,-750.0,0.0,BU,7800900.0,16980400.0,False,0.0,11:07:24
19200.0,500,-750.0,0.0,BU,7800800.0,16980400.0,False,0.0,11:07:23
19200.0,500,-750.0,0.0,BU,7800300.0,16980400.0,False,0.0,11:07:21
19200.0,200,-750.0,0.0,BU,7799800.0,16980400.0,False,0.0,11:07:20
19200.0,100,-750.0,0.0,BU,7799600.0,16980400.0,False,0.0,11:07:20
19200.0,500,-750.0,0.0,BU,7799500.0,16980400.0,False,0.0,11:07:18
19200.0,200,-750.0,0.0,BU,7799000.0,16980400.0,False,0.0,11:07:18
19200.0,100,-750.0,0.0,BU,7798800.0,16980400.0,False,0.0,11:07:16
19200.0,2000,-750.0,0.0,BU,7798700.0,16980400.0,False,0.0,11:07:14
19200.0,100,-750.0,0.0,BU,7796700.0,16980400.0,False,0.0,11:07:13
19200.0,200,-750.0,0.0,BU,7796600.0,16980400.0,False,0.0,11:07:12
19200.0,1000,-750.0,0.0,BU,7796400.0,16980400.0,False,0.0,11:07:11
19200.0,100,-750.0,0.0,BU,7795400.0,16980400.0,False,50.0,11:07:08
19150.0,200,-800.0,0.0,SD,7795300.0,16980400.0,False,-50.0,11:07:08
19200.0,100,-750.0,0.0,BU,7795300.0,16980200.0,False,0.0,11:07:08
19200.0,100,-750.0,0.0,BU,7795200.0,16980200.0,False,0.0,11:07:07
19200.0,500,-750.0,0.0,BU,7795100.0,16980200.0,False,0.0,11:07:07
19200.0,100,-750.0,0.0,BU,7794600.0,16980200.0,False,0.0,11:07:06
19200.0,10000,-750.0,0.0,BU,7794500.0,16980200.0,False,0.0,11:07:06
19200.0,500,-750.0,0.0,BU,7784500.0,16980200.0,False,0.0,11:07:03
19200.0,800,-750.0,0.0,BU,7784000.0,16980200.0,False,0.0,11:07:01
19200.0,100,-750.0,0.0,BU,7783200.0,16980200.0,False,0.0,11:06:59
19200.0,2000,-750.0,0.0,BU,7783100.0,16980200.0,False,0.0,11:06:58
19200.0,2300,-750.0,0.0,BU,7781100.0,16980200.0,False,0.0,11:06:58
19200.0,100,-750.0,0.0,BU,7778800.0,16980200.0,False,0.0,11:06:58
19200.0,600,-750.0,0.0,BU,7778700.0,16980200.0,False,0.0,11:06:58
19200.0,100,-750.0,0.0,BU,7778100.0,16980200.0,False,0.0,11:06:57
19200.0,800,-750.0,0.0,BU,7778000.0,16980200.0,False,0.0,11:06:55
19200.0,100,-750.0,0.0,BU,7777200.0,16980200.0,False,0.0,11:06:55
19200.0,400,-750.0,0.0,BU,7777100.0,16980200.0,False,0.0,11:06:51
19200.0,600,-750.0,0.0,BU,7776700.0,16980200.0,False,0.0,11:06:51
19200.0,100,-750.0,0.0,BU,7776100.0,16980200.0,False,0.0,11:06:49
19200.0,100,-750.0,0.0,BU,7776000.0,16980200.0,False,0.0,11:06:48
19200.0,900,-750.0,0.0,BU,7775900.0,16980200.0,False,0.0,11:06:48
19200.0,4100,-750.0,0.0,BU,7775000.0,16980200.0,False,0.0,11:06:45
19200.0,5000,-750.0,0.0,BU,7770900.0,16980200.0,False,0.0,11:06:45
19200.0,100,-750.0,0.0,BU,7765900.0,16980200.0,False,0.0,11:06:45
19200.0,800,-750.0,0.0,BU,7765800.0,16980200.0,False,0.0,11:06:45
19200.0,200,-750.0,0.0,BU,7765000.0,16980200.0,False,50.0,11:06:44
19150.0,200,-800.0,0.0,SD,7764800.0,16980200.0,False,-50.0,11:06:44
19200.0,100,-750.0,0.0,BU,7764800.0,16980000.0,False,50.0,11:06:44
19150.0,100,-800.0,0.0,SD,7764700.0,16980000.0,False,0.0,11:06:44
19150.0,6700,-800.0,0.0,SD,7764700.0,16979900.0,False,0.0,11:06:44
19150.0,100,-800.0,0.0,SD,7764700.0,16973200.0,False,0.0,11:06:44
19150.0,400,-800.0,0.0,SD,7764700.0,16973100.0,False,0.0,11:06:44
19150.0,500,-800.0,0.0,SD,7764700.0,16972700.0,False,0.0,11:06:44
19150.0,100,-800.0,0.0,SD,7764700.0,16972200.0,False,0.0,11:06:44
19150.0,200,-800.0,0.0,SD,7764700.0,16972100.0,False,0.0,11:06:44
19150.0,100,-800.0,0.0,SD,7764700.0,16971900.0,False,0.0,11:06:44
19150.0,500,-800.0,0.0,SD,7764700.0,16971800.0,False,0.0,11:06:44
19150.0,100,-800.0,0.0,SD,7764700.0,16971300.0,False,0.0,11:06:44
19150.0,5000,-800.0,0.0,SD,7764700.0,16971200.0,False,0.0,11:06:44
19150.0,100,-800.0,0.0,SD,7764700.0,16966200.0,False,0.0,11:06:44
19150.0,200,-800.0,0.0,SD,7764700.0,16966100.0,False,0.0,11:06:44
19150.0,1000,-800.0,0.0,SD,7764700.0,16965900.0,False,0.0,11:06:44
19150.0,600,-800.0,0.0,SD,7764700.0,16964900.0,False,0.0,11:06:44
19150.0,100,-800.0,0.0,SD,7764700.0,16964300.0,False,0.0,11:06:44
19150.0,100,-800.0,0.0,SD,7764700.0,16964200.0,False,0.0,11:06:44
19150.0,2000,-800.0,0.0,SD,7764700.0,16964100.0,False,0.0,11:06:44
19150.0,1900,-800.0,0.0,SD,7764700.0,16962100.0,False,-50.0,11:06:44
19200.0,100,-750.0,0.0,BU,7764700.0,16960200.0,False,0.0,11:06:43
19200.0,200,-750.0,0.0,BU,7764600.0,16960200.0,False,0.0,11:06:37
19200.0,500,-750.0,0.0,BU,7764400.0,16960200.0,False,0.0,11:06:33
19200.0,1000,-750.0,0.0,BU,7763900.0,16960200.0,False,0.0,11:06:32
19200.0,4400,-750.0,0.0,BU,7762900.0,16960200.0,False,50.0,11:06:31
19150.0,1000,-800.0,0.0,SD,7758500.0,16960200.0,False,-50.0,11:06:31
19200.0,800,-750.0,0.0,BU,7758500.0,16959200.0,False,0.0,11:06:30
19200.0,200,-750.0,0.0,BU,7757700.0,16959200.0,False,0.0,11:06:28
19200.0,100,-750.0,0.0,BU,7757500.0,16959200.0,False,0.0,11:06:28
19200.0,100,-750.0,0.0,BU,7757400.0,16959200.0,False,0.0,11:06:26
19200.0,300,-750.0,0.0,BU,7757300.0,16959200.0,False,0.0,11:06:26
19200.0,1000,-750.0,0.0,BU,7757000.0,16959200.0,False,0.0,11:06:26
19200.0,17000,-750.0,0.0,BU,7756000.0,16959200.0,True,0.0,11:06:25
19200.0,100,-750.0,0.0,BU,7739000.0,16959200.0,False,0.0,11:06:24
19200.0,300,-750.0,0.0,BU,7738900.0,16959200.0,False,0.0,11:06:23
19200.0,300,-750.0,0.0,BU,7738600.0,16959200.0,False,0.0,11:06:21
19200.0,500,-750.0,0.0,BU,7738300.0,16959200.0,False,0.0,11:06:19
19200.0,100,-750.0,0.0,BU,7737800.0,16959200.0,False,50.0,11:06:14
19150.0,1000,-800.0,0.0,SD,7737700.0,16959200.0,False,-50.0,11:06:14
19200.0,300,-750.0,0.0,BU,7737700.0,16958200.0,False,0.0,11:06:12
19200.0,5000,-750.0,0.0,BU,7737400.0,16958200.0,False,50.0,11:06:08
19150.0,1000,-800.0,0.0,SD,7732400.0,16958200.0,False,-50.0,11:06:05
19200.0,1000,-750.0,0.0,BU,7732400.0,16957200.0,False,50.0,11:06:05
19150.0,100,-800.0,0.0,SD,7731400.0,16957200.0,False,-50.0,11:06:02
19200.0,100,-750.0,0.0,BU,7731400.0,16957100.0,False,0.0,11:06:01
19200.0,10000,-750.0,0.0,BU,7731300.0,16957100.0,False,50.0,11:06:01
19150.0,500,-800.0,0.0,SD,7721300.0,16957100.0,False,0.0,11:06:00
19150.0,100,-800.0,0.0,SD,7721300.0,16956600.0,False,0.0,11:06:00
19150.0,400,-800.0,0.0,SD,7721300.0,16956500.0,False,0.0,11:06:00
19150.0,500,-800.0,0.0,SD,7721300.0,16956100.0,False,0.0,11:06:00
19150.0,1000,-800.0,0.0,SD,7721300.0,16955600.0,False,0.0,11:06:00
19150.0,100,-800.0,0.0,SD,7721300.0,16954600.0,False,0.0,11:06:00
19150.0,100,-800.0,0.0,SD,7721300.0,16954500.0,False,0.0,11:06:00
19150.0,500,-800.0,0.0,SD,7721300.0,16954400.0,False,0.0,11:06:00
19150.0,100,-800.0,0.0,SD,7721300.0,16953900.0,False,0.0,11:06:00
19150.0,200,-800.0,0.0,SD,7721300.0,16953800.0,False,0.0,11:06:00
19150.0,1000,-800.0,0.0,SD,7721300.0,16953600.0,False,0.0,11:06:00
19150.0,500,-800.0,0.0,SD,7721300.0,16952600.0,False,-50.0,11:06:00
19200.0,100,-750.0,0.0,BU,7721300.0,16952100.0,False,0.0,11:05:58
19200.0,200,-750.0,0.0,BU,7721200.0,16952100.0,False,0.0,11:05:56
19200.0,2000,-750.0,0.0,BU,7721000.0,16952100.0,False,0.0,11:05:55
19200.0,1100,-750.0,0.0,BU,7719000.0,16952100.0,False,0.0,11:05:52
19200.0,1300,-750.0,0.0,BU,7717900.0,16952100.0,False,0.0,11:05:47
19200.0,100,-750.0,0.0,BU,7716600.0,16952100.0,False,0.0,11:05:45
19200.0,500,-750.0,0.0,BU,7716500.0,16952100.0,False,0.0,11:05:40
19200.0,200,-750.0,0.0,BU,7716000.0,16952100.0,False,0.0,11:05:40
19200.0,800,-750.0,0.0,BU,7715800.0,16952100.0,False,50.0,11:05:40
19150.0,200,-800.0,0.0,SD,7715000.0,16952100.0,False,0.0,11:05:38
19150.0,100,-800.0,0.0,SD,7715000.0,16951900.0,False,0.0,11:05:38
19150.0,100,-800.0,0.0,SD,7715000.0,16951800.0,False,0.0,11:05:38
19150.0,100,-800.0,0.0,SD,7715000.0,16951700.0,False,-50.0,11:05:38
19200.0,200,-750.0,0.0,BU,7715000.0,16951600.0,False,0.0,11:05:38
19200.0,100,-750.0,0.0,BU,7714800.0,16951600.0,False,0.0,11:05:33
19200.0,500,-750.0,0.0,BU,7714700.0,16951600.0,False,50.0,11:05:33
19150.0,400,-800.0,0.0,SD,7714200.0,16951600.0,False,0.0,11:05:33
19150.0,100,-800.0,0.0,SD,7714200.0,16951200.0,False,0.0,11:05:33
19150.0,500,-800.0,0.0,SD,7714200.0,16951100.0,False,0.0,11:05:33
19150.0,1000,-800.0,0.0,SD,7714200.0,16950600.0,False,-50.0,11:05:33
19200.0,100,-750.0,0.0,BU,7714200.0,16949600.0,False,0.0,11:05:29
19200.0,200,-750.0,0.0,BU,7714100.0,16949600.0,False,0.0,11:05:28
19200.0,100,-750.0,0.0,BU,7713900.0,16949600.0,False,0.0,11:05:25
19200.0,500,-750.0,0.0,BU,7713800.0,16949600.0,False,0.0,11:05:23
19200.0,1500,-750.0,0.0,BU,7713300.0,16949600.0,False,0.0,11:05:23
19200.0,700,-750.0,0.0,BU,7711800.0,16949600.0,False,0.0,11:05:23
19200.0,200,-750.0,0.0,BU,7711100.0,16949600.0,False,0.0,11:05:23
19200.0,500,-750.0,0.0,BU,7710900.0,16949600.0,False,0.0,11:05:23
19200.0,500,-750.0,0.0,BU,7710400.0,16949600.0,False,0.0,11:05:23
19200.0,1000,-750.0,0.0,BU,7709900.0,16949600.0,False,0.0,11:05:23
19200.0,100,-750.0,0.0,BU,7708900.0,16949600.0,False,0.0,11:05:23
19200.0,1000,-750.0,0.0,BU,7708800.0,16949600.0,False,0.0,11:05:23
19200.0,100,-750.0,0.0,BU,7707800.0,16949600.0,False,0.0,11:05:23
19200.0,200,-750.0,0.0,BU,7707700.0,16949600.0,False,0.0,11:05:23
19200.0,1500,-750.0,0.0,BU,7707500.0,16949600.0,False,0.0,11:05:23
19200.0,100,-750.0,0.0,BU,7706000.0,16949600.0,False,0.0,11:05:23
19200.0,200,-750.0,0.0,BU,7705900.0,16949600.0,False,0.0,11:05:23
19200.0,100,-750.0,0.0,BU,7705700.0,16949600.0,False,0.0,11:05:23
19200.0,100,-750.0,0.0,BU,7705600.0,16949600.0,False,0.0,11:05:23
19200.0,100,-750.0,0.0,BU,7705500.0,16949600.0,False,0.0,11:05:23
19200.0,500,-750.0,0.0,BU,7705400.0,16949600.0,False,0.0,11:05:23
19200.0,100,-750.0,0.0,BU,7704900.0,16949600.0,False,0.0,11:05:23
19200.0,1000,-750.0,0.0,BU,7704800.0,16949600.0,False,0.0,11:05:23
19200.0,400,-750.0,0.0,BU,7703800.0,16949600.0,False,0.0,11:05:23
19200.0,100,-750.0,0.0,BU,7703400.0,16949600.0,False,0.0,11:05:23
19200.0,1000,-750.0,0.0,BU,7703300.0,16949600.0,False,0.0,11:05:23
19200.0,100,-750.0,0.0,BU,7702300.0,16949600.0,False,0.0,11:05:23
19200.0,1100,-750.0,0.0,BU,7702200.0,16949600.0,False,0.0,11:05:23
19200.0,2000,-750.0,0.0,BU,7701100.0,16949600.0,False,0.0,11:05:23
19200.0,100,-750.0,0.0,BU,7699100.0,16949600.0,False,0.0,11:05:23
19200.0,200,-750.0,0.0,BU,7699000.0,16949600.0,False,0.0,11:05:23
19200.0,7000,-750.0,0.0,BU,7698800.0,16949600.0,False,0.0,11:05:23
19200.0,100,-750.0,0.0,SD,7691800.0,16949600.0,False,0.0,11:05:22
19200.0,100,-750.0,0.0,SD,7691800.0,16949500.0,False,0.0,11:05:22
19200.0,100,-750.0,0.0,SD,7691800.0,16949400.0,False,0.0,11:05:22
19200.0,200,-750.0,0.0,SD,7691800.0,16949300.0,False,-50.0,11:05:22
19250.0,100,-700.0,0.0,BU,7691800.0,16949100.0,False,50.0,11:05:22
19200.0,200,-750.0,0.0,SD,7691700.0,16949100.0,False,0.0,11:05:19
19200.0,100,-750.0,0.0,SD,7691700.0,16948900.0,False,0.0,11:05:19
19200.0,300,-750.0,0.0,SD,7691700.0,16948800.0,False,0.0,11:05:19
19200.0,200,-750.0,0.0,SD,7691700.0,16948500.0,False,0.0,11:05:19
19200.0,100,-750.0,0.0,SD,7691700.0,16948300.0,False,0.0,11:05:19
19200.0,200,-750.0,0.0,SD,7691700.0,16948200.0,False,0.0,11:05:19
19200.0,1500,-750.0,0.0,SD,7691700.0,16948000.0,False,0.0,11:05:19
19200.0,500,-750.0,0.0,SD,7691700.0,16946500.0,False,0.0,11:05:18
19200.0,2000,-750.0,0.0,SD,7691700.0,16946000.0,False,0.0,11:05:18
19200.0,300,-750.0,0.0,SD,7691700.0,16944000.0,False,0.0,11:05:17
19200.0,900,-750.0,0.0,SD,7691700.0,16943700.0,False,-50.0,11:05:17
19250.0,200,-700.0,0.0,BU,7691700.0,16942800.0,False,50.0,11:05:16
19200.0,100,-750.0,0.0,SD,7691500.0,16942800.0,False,0.0,11:05:15
19200.0,300,-750.0,0.0,SD,7691500.0,16942700.0,False,0.0,11:05:15
19200.0,5200,-750.0,0.0,SD,7691500.0,16942400.0,False,0.0,11:05:15
19200.0,500,-750.0,0.0,SD,7691500.0,16937200.0,False,0.0,11:05:15
19200.0,500,-750.0,0.0,SD,7691500.0,16936700.0,False,0.0,11:05:15
19200.0,5000,-750.0,0.0,SD,7691500.0,16936200.0,False,0.0,11:05:15
19200.0,2000,-750.0,0.0,SD,7691500.0,16931200.0,False,0.0,11:05:15
19200.0,1000,-750.0,0.0,SD,7691500.0,16929200.0,False,0.0,11:05:15
19200.0,200,-750.0,0.0,SD,7691500.0,16928200.0,False,0.0,11:05:15
19200.0,5000,-750.0,0.0,SD,7691500.0,16928000.0,False,0.0,11:05:15
19200.0,300,-750.0,0.0,SD,7691500.0,16923000.0,False,0.0,11:05:15
19200.0,10100,-750.0,0.0,SD,7691500.0,16922700.0,False,0.0,11:05:15
19200.0,500,-750.0,0.0,SD,7691500.0,16912600.0,False,0.0,11:05:15
19200.0,19300,-750.0,0.0,SD,7691500.0,16912100.0,True,0.0,11:05:15
19200.0,700,-750.0,0.0,SD,7691500.0,16892800.0,False,0.0,11:05:15
19200.0,2000,-750.0,0.0,SD,7691500.0,16892100.0,False,0.0,11:05:15
19200.0,100,-750.0,0.0,SD,7691500.0,16890100.0,False,0.0,11:05:15
19200.0,1000,-750.0,0.0,SD,7691500.0,16890000.0,False,0.0,11:05:15
19200.0,1000,-750.0,0.0,SD,7691500.0,16889000.0,False,0.0,11:05:15
19200.0,200,-750.0,0.0,SD,7691500.0,16888000.0,False,0.0,11:05:15
19200.0,400,-750.0,0.0,SD,7691500.0,16887800.0,False,0.0,11:05:12
19200.0,600,-750.0,0.0,SD,7691500.0,16887400.0,False,0.0,11:05:11
19200.0,200,-750.0,0.0,SD,7691500.0,16886800.0,False,0.0,11:05:11
19200.0,100,-750.0,0.0,SD,7691500.0,16886600.0,False,0.0,11:05:11
19200.0,300,-750.0,0.0,SD,7691500.0,16886500.0,False,0.0,11:05:11
19200.0,700,-750.0,0.0,SD,7691500.0,16886200.0,False,0.0,11:05:10
19200.0,500,-750.0,0.0,SD,7691500.0,16885500.0,False,0.0,11:05:10
19200.0,100,-750.0,0.0,SD,7691500.0,16885000.0,False,0.0,11:05:10
19200.0,100,-750.0,0.0,SD,7691500.0,16884900.0,False,0.0,11:05:10
19200.0,100,-750.0,0.0,SD,7691500.0,16884800.0,False,0.0,11:05:10
19200.0,500,-750.0,0.0,SD,7691500.0,16884700.0,False,0.0,11:05:10
19200.0,2500,-750.0,0.0,SD,7691500.0,16884200.0,False,0.0,11:05:10
19200.0,1000,-750.0,0.0,SD,7691500.0,16881700.0,False,0.0,11:05:10
19200.0,1000,-750.0,0.0,SD,7691500.0,16880700.0,False,0.0,11:05:10
19200.0,200,-750.0,0.0,SD,7691500.0,16879700.0,False,0.0,11:05:10
19200.0,200,-750.0,0.0,SD,7691500.0,16879500.0,False,0.0,11:05:10
19200.0,1000,-750.0,0.0,SD,7691500.0,16879300.0,False,0.0,11:05:10
19200.0,100,-750.0,0.0,SD,7691500.0,16878300.0,False,0.0,11:05:10
19200.0,100,-750.0,0.0,SD,7691500.0,16878200.0,False,0.0,11:05:10
19200.0,900,-750.0,0.0,SD,7691500.0,16878100.0,False,0.0,11:05:10
19200.0,200,-750.0,0.0,SD,7691500.0,16877200.0,False,0.0,11:05:10
19200.0,200,-750.0,0.0,SD,7691500.0,16877000.0,False,0.0,11:05:10
19200.0,500,-750.0,0.0,SD,7691500.0,16876800.0,False,0.0,11:05:10
19200.0,5000,-750.0,0.0,SD,7691500.0,16876300.0,False,0.0,11:05:10
19200.0,1000,-750.0,0.0,SD,7691500.0,16871300.0,False,0.0,11:05:10
19200.0,100,-750.0,0.0,SD,7691500.0,16870300.0,False,0.0,11:05:10
19200.0,700,-750.0,0.0,SD,7691500.0,16870200.0,False,0.0,11:05:10
19200.0,1000,-750.0,0.0,SD,7691500.0,16869500.0,False,0.0,11:05:10
19200.0,1800,-750.0,0.0,SD,7691500.0,16868500.0,False,0.0,11:05:10
19200.0,100,-750.0,0.0,SD,7691500.0,16866700.0,False,0.0,11:05:10
19200.0,300,-750.0,0.0,SD,7691500.0,16866600.0,False,0.0,11:05:10
19200.0,200,-750.0,0.0,SD,7691500.0,16866300.0,False,0.0,11:05:10
19200.0,200,-750.0,0.0,SD,7691500.0,16866100.0,False,0.0,11:05:10
19200.0,300,-750.0,0.0,SD,7691500.0,16865900.0,False,0.0,11:05:10
19200.0,100,-750.0,0.0,SD,7691500.0,16865600.0,False,0.0,11:05:10
19200.0,100,-750.0,0.0,SD,7691500.0,16865500.0,False,0.0,11:05:10
19200.0,5000,-750.0,0.0,SD,7691500.0,16865400.0,False,0.0,11:05:10
19200.0,5000,-750.0,0.0,SD,7691500.0,16860400.0,False,0.0,11:05:10
19200.0,100,-750.0,0.0,SD,7691500.0,16855400.0,False,0.0,11:05:10
19200.0,5000,-750.0,0.0,SD,7691500.0,16855300.0,False,0.0,11:05:10
19200.0,100,-750.0,0.0,SD,7691500.0,16850300.0,False,0.0,11:05:10
19200.0,100,-750.0,0.0,SD,7691500.0,16850200.0,False,0.0,11:05:10
19200.0,1000,-750.0,0.0,SD,7691500.0,16850100.0,False,0.0,11:05:10
19200.0,200,-750.0,0.0,SD,7691500.0,16849100.0,False,0.0,11:05:10
19200.0,700,-750.0,0.0,SD,7691500.0,16848900.0,False,0.0,11:05:10
19200.0,4300,-750.0,0.0,SD,7691500.0,16848200.0,False,0.0,11:05:08
19200.0,100,-750.0,0.0,SD,7691500.0,16843900.0,False,0.0,11:05:08
19200.0,500,-750.0,0.0,SD,7691500.0,16843800.0,False,0.0,11:05:08
19200.0,200,-750.0,0.0,SD,7691500.0,16843300.0,False,0.0,11:05:08
19200.0,500,-750.0,0.0,SD,7691500.0,16843100.0,False,0.0,11:05:08
19200.0,100,-750.0,0.0,SD,7691500.0,16842600.0,False,0.0,11:05:08
19200.0,100,-750.0,0.0,SD,7691500.0,16842500.0,False,0.0,11:05:08
19200.0,500,-750.0,0.0,SD,7691500.0,16842400.0,False,0.0,11:05:08
19200.0,2000,-750.0,0.0,SD,7691500.0,16841900.0,False,0.0,11:05:08
19200.0,900,-750.0,0.0,SD,7691500.0,16839900.0,False,0.0,11:05:08
19200.0,100,-750.0,0.0,SD,7691500.0,16839000.0,False,0.0,11:05:08
19200.0,200,-750.0,0.0,SD,7691500.0,16838900.0,False,0.0,11:05:08
19200.0,200,-750.0,0.0,SD,7691500.0,16838700.0,False,0.0,11:05:08
19200.0,100,-750.0,0.0,SD,7691500.0,16838500.0,False,0.0,11:05:08
19200.0,500,-750.0,0.0,SD,7691500.0,16838400.0,False,0.0,11:05:08
19200.0,300,-750.0,0.0,SD,7691500.0,16837900.0,False,0.0,11:05:08
19200.0,500,-750.0,0.0,SD,7691500.0,16837600.0,False,0.0,11:05:08
19200.0,500,-750.0,0.0,SD,7691500.0,16837100.0,False,0.0,11:05:08
19200.0,100,-750.0,0.0,SD,7691500.0,16836600.0,False,0.0,11:05:08
19200.0,100,-750.0,0.0,SD,7691500.0,16836500.0,False,0.0,11:05:08
19200.0,100,-750.0,0.0,SD,7691500.0,16836400.0,False,0.0,11:05:08
19200.0,100,-750.0,0.0,SD,7691500.0,16836300.0,False,0.0,11:05:08
19200.0,1200,-750.0,0.0,SD,7691500.0,16836200.0,False,0.0,11:05:08
19200.0,100,-750.0,0.0,SD,7691500.0,16835000.0,False,0.0,11:05:08
19200.0,1000,-750.0,0.0,SD,7691500.0,16834900.0,False,0.0,11:05:08
19200.0,100,-750.0,0.0,SD,7691500.0,16833900.0,False,0.0,11:05:08
19200.0,500,-750.0,0.0,SD,7691500.0,16833800.0,False,0.0,11:05:08
19200.0,1000,-750.0,0.0,SD,7691500.0,16833300.0,False,0.0,11:05:08
19200.0,200,-750.0,0.0,SD,7691500.0,16832300.0,False,0.0,11:05:08
19200.0,200,-750.0,0.0,SD,7691500.0,16832100.0,False,0.0,11:05:08
19200.0,100,-750.0,0.0,SD,7691500.0,16831900.0,False,0.0,11:05:08
19200.0,2000,-750.0,0.0,SD,7691500.0,16831800.0,False,0.0,11:05:08
19200.0,6700,-750.0,0.0,SD,7691500.0,16829800.0,False,0.0,11:05:08
19200.0,2700,-750.0,0.0,SD,7691500.0,16823100.0,False,0.0,11:05:08
19200.0,2000,-750.0,0.0,SD,7691500.0,16820400.0,False,0.0,11:05:08
19200.0,500,-750.0,0.0,SD,7691500.0,16818400.0,False,0.0,11:05:08
19200.0,1000,-750.0,0.0,SD,7691500.0,16817900.0,False,0.0,11:05:08
19200.0,1600,-750.0,0.0,SD,7691500.0,16816900.0,False,0.0,11:05:08
19200.0,200,-750.0,0.0,SD,7691500.0,16815300.0,False,0.0,11:05:08
19200.0,5000,-750.0,0.0,SD,7691500.0,16815100.0,False,0.0,11:05:08
19200.0,200,-750.0,0.0,SD,7691500.0,16810100.0,False,0.0,11:05:08
19200.0,3000,-750.0,0.0,SD,7691500.0,16809900.0,False,0.0,11:05:08
19200.0,1000,-750.0,0.0,SD,7691500.0,16806900.0,False,0.0,11:05:08
19200.0,100,-750.0,0.0,SD,7691500.0,16805900.0,False,0.0,11:05:08
19200.0,300,-750.0,0.0,SD,7691500.0,16805800.0,False,0.0,11:05:08
19200.0,100,-750.0,0.0,SD,7691500.0,16805500.0,False,0.0,11:05:08
19200.0,100,-750.0,0.0,SD,7691500.0,16805400.0,False,0.0,11:05:08
19200.0,3000,-750.0,0.0,SD,7691500.0,16805300.0,False,0.0,11:05:08
19200.0,3600,-750.0,0.0,SD,7691500.0,16802300.0,False,0.0,11:05:08
19200.0,100,-750.0,0.0,SD,7691500.0,16798700.0,False,0.0,11:05:08
19200.0,400,-750.0,0.0,SD,7691500.0,16798600.0,False,0.0,11:05:08
19200.0,500,-750.0,0.0,SD,7691500.0,16798200.0,False,0.0,11:05:07
19200.0,1100,-750.0,0.0,SD,7691500.0,16797700.0,False,0.0,11:05:05
19200.0,1000,-750.0,0.0,SD,7691500.0,16796600.0,False,0.0,11:05:05
19200.0,300,-750.0,0.0,SD,7691500.0,16795600.0,False,0.0,11:05:05
19200.0,500,-750.0,0.0,SD,7691500.0,16795300.0,False,0.0,11:05:05
19200.0,1000,-750.0,0.0,SD,7691500.0,16794800.0,False,0.0,11:05:05
19200.0,500,-750.0,0.0,SD,7691500.0,16793800.0,False,0.0,11:05:05
19200.0,3000,-750.0,0.0,SD,7691500.0,16793300.0,False,0.0,11:05:05
19200.0,700,-750.0,0.0,SD,7691500.0,16790300.0,False,0.0,11:05:05
19200.0,200,-750.0,0.0,SD,7691500.0,16789600.0,False,0.0,11:05:05
19200.0,100,-750.0,0.0,SD,7691500.0,16789400.0,False,0.0,11:05:05
19200.0,100,-750.0,0.0,SD,7691500.0,16789300.0,False,0.0,11:05:05
19200.0,1000,-750.0,0.0,SD,7691500.0,16789200.0,False,0.0,11:05:05
19200.0,1000,-750.0,0.0,SD,7691500.0,16788200.0,False,0.0,11:05:05
19200.0,100,-750.0,0.0,SD,7691500.0,16787200.0,False,0.0,11:05:05
19200.0,2000,-750.0,0.0,SD,7691500.0,16787100.0,False,0.0,11:05:05
19200.0,200,-750.0,0.0,SD,7691500.0,16785100.0,False,0.0,11:05:05
19200.0,200,-750.0,0.0,SD,7691500.0,16784900.0,False,0.0,11:05:05
19200.0,1000,-750.0,0.0,SD,7691500.0,16784700.0,False,0.0,11:05:05
19200.0,3000,-750.0,0.0,SD,7691500.0,16783700.0,False,0.0,11:05:05
19200.0,500,-750.0,0.0,SD,7691500.0,16780700.0,False,0.0,11:05:05
19200.0,200,-750.0,0.0,SD,7691500.0,16780200.0,False,0.0,11:05:05
19200.0,1300,-750.0,0.0,SD,7691500.0,16780000.0,False,0.0,11:05:05
19200.0,200,-750.0,0.0,SD,7691500.0,16778700.0,False,0.0,11:05:05
19200.0,100,-750.0,0.0,SD,7691500.0,16778500.0,False,0.0,11:05:05
19200.0,2700,-750.0,0.0,SD,7691500.0,16778400.0,False,0.0,11:05:05
19200.0,2000,-750.0,0.0,SD,7691500.0,16775700.0,False,0.0,11:05:05
19200.0,300,-750.0,0.0,SD,7691500.0,16773700.0,False,0.0,11:05:04
19200.0,300,-750.0,0.0,SD,7691500.0,16773400.0,False,0.0,11:05:04
19200.0,500,-750.0,0.0,SD,7691500.0,16773100.0,False,0.0,11:05:04
19200.0,500,-750.0,0.0,SD,7691500.0,16772600.0,False,0.0,11:05:04
19200.0,1400,-750.0,0.0,SD,7691500.0,16772100.0,False,0.0,11:05:04
19200.0,600,-750.0,0.0,SD,7691500.0,16770700.0,False,0.0,11:05:02
19200.0,100,-750.0,0.0,SD,7691500.0,16770100.0,False,0.0,11:05:01
19200.0,100,-750.0,0.0,SD,7691500.0,16770000.0,False,0.0,11:05:01
19200.0,6300,-750.0,0.0,SD,7691500.0,16769900.0,False,0.0,11:05:01
19200.0,13700,-750.0,0.0,SD,7691500.0,16763600.0,True,0.0,11:04:58
19200.0,100,-750.0,0.0,SD,7691500.0,16749900.0,False,0.0,11:04:58
19200.0,1000,-750.0,0.0,SD,7691500.0,16749800.0,False,0.0,11:04:58
19200.0,400,-750.0,0.0,SD,7691500.0,16748800.0,False,0.0,11:04:58
19200.0,700,-750.0,0.0,SD,7691500.0,16748400.0,False,0.0,11:04:58
19200.0,100,-750.0,0.0,SD,7691500.0,16747700.0,False,0.0,11:04:58
19200.0,400,-750.0,0.0,SD,7691500.0,16747600.0,False,0.0,11:04:58
19200.0,100,-750.0,0.0,SD,7691500.0,16747200.0,False,0.0,11:04:58
19200.0,500,-750.0,0.0,SD,7691500.0,16747100.0,False,0.0,11:04:58
19200.0,500,-750.0,0.0,SD,7691500.0,16746600.0,False,0.0,11:04:58
19200.0,1000,-750.0,0.0,SD,7691500.0,16746100.0,False,0.0,11:04:58
19200.0,100,-750.0,0.0,SD,7691500.0,16745100.0,False,0.0,11:04:58
19200.0,500,-750.0,0.0,SD,7691500.0,16745000.0,False,0.0,11:04:58
19200.0,100,-750.0,0.0,SD,7691500.0,16744500.0,False,0.0,11:04:58
19200.0,700,-750.0,0.0,SD,7691500.0,16744400.0,False,0.0,11:04:58
19200.0,100,-750.0,0.0,SD,7691500.0,16743700.0,False,0.0,11:04:58
19200.0,200,-750.0,0.0,SD,7691500.0,16743600.0,False,0.0,11:04:58
19200.0,3500,-750.0,0.0,SD,7691500.0,16743400.0,False,0.0,11:04:58
19200.0,1000,-750.0,0.0,SD,7691500.0,16739900.0,False,0.0,11:04:58
19200.0,1000,-750.0,0.0,SD,7691500.0,16738900.0,False,0.0,11:04:58
19200.0,1000,-750.0,0.0,SD,7691500.0,16737900.0,False,0.0,11:04:58
19200.0,100,-750.0,0.0,SD,7691500.0,16736900.0,False,0.0,11:04:58
19200.0,100,-750.0,0.0,SD,7691500.0,16736800.0,False,0.0,11:04:58
19200.0,100,-750.0,0.0,SD,7691500.0,16736700.0,False,0.0,11:04:58
19200.0,900,-750.0,0.0,SD,7691500.0,16736600.0,False,0.0,11:04:58
19200.0,100,-750.0,0.0,SD,7691500.0,16735700.0,False,0.0,11:04:58
19200.0,5000,-750.0,0.0,SD,7691500.0,16735600.0,False,0.0,11:04:58
19200.0,2000,-750.0,0.0,SD,7691500.0,16730600.0,False,0.0,11:04:58
19200.0,100,-750.0,0.0,SD,7691500.0,16728600.0,False,0.0,11:04:58
19200.0,200,-750.0,0.0,SD,7691500.0,16728500.0,False,0.0,11:04:58
19200.0,2000,-750.0,0.0,SD,7691500.0,16728300.0,False,0.0,11:04:58
19200.0,100,-750.0,0.0,SD,7691500.0,16726300.0,False,0.0,11:04:58
19200.0,400,-750.0,0.0,SD,7691500.0,16726200.0,False,0.0,11:04:58
19200.0,200,-750.0,0.0,SD,7691500.0,16725800.0,False,0.0,11:04:58
19200.0,4600,-750.0,0.0,SD,7691500.0,16725600.0,False,0.0,11:04:58
19200.0,200,-750.0,0.0,SD,7691500.0,16721000.0,False,0.0,11:04:58
19200.0,1000,-750.0,0.0,SD,7691500.0,16720800.0,False,0.0,11:04:58
19200.0,100,-750.0,0.0,SD,7691500.0,16719800.0,False,0.0,11:04:58
19200.0,800,-750.0,0.0,SD,7691500.0,16719700.0,False,0.0,11:04:58
19200.0,1000,-750.0,0.0,SD,7691500.0,16718900.0,False,0.0,11:04:58
19200.0,100,-750.0,0.0,SD,7691500.0,16717900.0,False,0.0,11:04:58
19200.0,100,-750.0,0.0,SD,7691500.0,16717800.0,False,0.0,11:04:58
19200.0,300,-750.0,0.0,SD,7691500.0,16717700.0,False,0.0,11:04:58
19200.0,2000,-750.0,0.0,SD,7691500.0,16717400.0,False,0.0,11:04:58
19200.0,1000,-750.0,0.0,SD,7691500.0,16715400.0,False,0.0,11:04:58
19200.0,800,-750.0,0.0,SD,7691500.0,16714400.0,False,0.0,11:04:58
19200.0,300,-750.0,0.0,SD,7691500.0,16713600.0,False,0.0,11:04:55
19200.0,2000,-750.0,0.0,SD,7691500.0,16713300.0,False,0.0,11:04:55
19200.0,800,-750.0,0.0,SD,7691500.0,16711300.0,False,0.0,11:04:55
19200.0,500,-750.0,0.0,SD,7691500.0,16710500.0,False,0.0,11:04:55
19200.0,1000,-750.0,0.0,SD,7691500.0,16710000.0,False,0.0,11:04:55
19200.0,400,-750.0,0.0,SD,7691500.0,16709000.0,False,0.0,11:04:55
19200.0,300,-750.0,0.0,SD,7691500.0,16708600.0,False,0.0,11:04:55
19200.0,500,-750.0,0.0,SD,7691500.0,16708300.0,False,0.0,11:04:55
19200.0,1000,-750.0,0.0,SD,7691500.0,16707800.0,False,0.0,11:04:55
19200.0,100,-750.0,0.0,SD,7691500.0,16706800.0,False,0.0,11:04:55
19200.0,5000,-750.0,0.0,SD,7691500.0,16706700.0,False,0.0,11:04:55
19200.0,300,-750.0,0.0,SD,7691500.0,16701700.0,False,0.0,11:04:55
19200.0,300,-750.0,0.0,SD,7691500.0,16701400.0,False,0.0,11:04:55
19200.0,1000,-750.0,0.0,SD,7691500.0,16701100.0,False,0.0,11:04:55
19200.0,1000,-750.0,0.0,SD,7691500.0,16700100.0,False,0.0,11:04:55
19200.0,100,-750.0,0.0,SD,7691500.0,16699100.0,False,0.0,11:04:55
19200.0,400,-750.0,0.0,SD,7691500.0,16699000.0,False,0.0,11:04:55
19200.0,100,-750.0,0.0,SD,7691500.0,16698600.0,False,0.0,11:04:53
19200.0,500,-750.0,0.0,SD,7691500.0,16698500.0,False,0.0,11:04:52
19200.0,100,-750.0,0.0,SD,7691500.0,16698000.0,False,0.0,11:04:52
19200.0,200,-750.0,0.0,SD,7691500.0,16697900.0,False,0.0,11:04:52
19200.0,500,-750.0,0.0,SD,7691500.0,16697700.0,False,0.0,11:04:52
19200.0,200,-750.0,0.0,SD,7691500.0,16697200.0,False,0.0,11:04:52
19200.0,200,-750.0,0.0,SD,7691500.0,16697000.0,False,0.0,11:04:52
19200.0,1200,-750.0,0.0,SD,7691500.0,16696800.0,False,0.0,11:04:52
19200.0,100,-750.0,0.0,SD,7691500.0,16695600.0,False,0.0,11:04:52
19200.0,200,-750.0,0.0,SD,7691500.0,16695500.0,False,0.0,11:04:49
19200.0,1000,-750.0,0.0,SD,7691500.0,16695300.0,False,0.0,11:04:49
19200.0,500,-750.0,0.0,SD,7691500.0,16694300.0,False,0.0,11:04:49
19200.0,100,-750.0,0.0,SD,7691500.0,16693800.0,False,0.0,11:04:49
19200.0,400,-750.0,0.0,SD,7691500.0,16693700.0,False,0.0,11:04:49
19200.0,1000,-750.0,0.0,SD,7691500.0,16693300.0,False,0.0,11:04:49
19200.0,1000,-750.0,0.0,SD,7691500.0,16692300.0,False,0.0,11:04:49
19200.0,800,-750.0,0.0,SD,7691500.0,16691300.0,False,-50.0,11:04:49
19250.0,1400,-700.0,0.0,BU,7691500.0,16690500.0,False,50.0,11:04:47
19200.0,200,-750.0,0.0,SD,7690100.0,16690500.0,False,0.0,11:04:45
19200.0,100,-750.0,0.0,SD,7690100.0,16690300.0,False,0.0,11:04:45
19200.0,2000,-750.0,0.0,SD,7690100.0,16690200.0,False,0.0,11:04:45
19200.0,700,-750.0,0.0,SD,7690100.0,16688200.0,False,0.0,11:04:45
19200.0,2300,-750.0,0.0,SD,7690100.0,16687500.0,False,0.0,11:04:45
19200.0,1000,-750.0,0.0,SD,7690100.0,16685200.0,False,0.0,11:04:45
19200.0,100,-750.0,0.0,SD,7690100.0,16684200.0,False,0.0,11:04:45
19200.0,200,-750.0,0.0,SD,7690100.0,16684100.0,False,0.0,11:04:45
19200.0,100,-750.0,0.0,SD,7690100.0,16683900.0,False,0.0,11:04:45
19200.0,100,-750.0,0.0,SD,7690100.0,16683800.0,False,0.0,11:04:45
19200.0,2300,-750.0,0.0,SD,7690100.0,16683700.0,False,0.0,11:04:45
19200.0,200,-750.0,0.0,SD,7690100.0,16681400.0,False,0.0,11:04:45
19200.0,300,-750.0,0.0,SD,7690100.0,16681200.0,False,0.0,11:04:45
19200.0,100,-750.0,0.0,SD,7690100.0,16680900.0,False,0.0,11:04:45
19200.0,4000,-750.0,0.0,SD,7690100.0,16680800.0,False,0.0,11:04:45
19200.0,500,-750.0,0.0,SD,7690100.0,16676800.0,False,0.0,11:04:45
19200.0,200,-750.0,0.0,SD,7690100.0,16676300.0,False,0.0,11:04:45
19200.0,1000,-750.0,0.0,SD,7690100.0,16676100.0,False,0.0,11:04:45
19200.0,100,-750.0,0.0,SD,7690100.0,16675100.0,False,0.0,11:04:45
19200.0,300,-750.0,0.0,SD,7690100.0,16675000.0,False,0.0,11:04:45
19200.0,100,-750.0,0.0,SD,7690100.0,16674700.0,False,0.0,11:04:45
19200.0,300,-750.0,0.0,SD,7690100.0,16674600.0,False,0.0,11:04:45
19200.0,100,-750.0,0.0,SD,7690100.0,16674300.0,False,0.0,11:04:45
19200.0,100,-750.0,0.0,SD,7690100.0,16674200.0,False,0.0,11:04:45
19200.0,200,-750.0,0.0,SD,7690100.0,16674100.0,False,0.0,11:04:45
19200.0,25400,-750.0,0.0,SD,7690100.0,16673900.0,True,-50.0,11:04:45
19250.0,100,-700.0,0.0,BU,7690100.0,16648500.0,False,50.0,11:04:39
19200.0,50000,-750.0,0.0,SD,7690000.0,16648500.0,True,0.0,11:04:39
19200.0,100,-750.0,0.0,SD,7690000.0,16598500.0,False,0.0,11:04:38
19200.0,2000,-750.0,0.0,SD,7690000.0,16598400.0,False,0.0,11:04:38
19200.0,24600,-750.0,0.0,SD,7690000.0,16596400.0,True,0.0,11:04:38
19200.0,1000,-750.0,0.0,SD,7690000.0,16571800.0,False,0.0,11:04:38
19200.0,300,-750.0,0.0,SD,7690000.0,16570800.0,False,0.0,11:04:38
19200.0,100,-750.0,0.0,SD,7690000.0,16570500.0,False,0.0,11:04:38
19200.0,500,-750.0,0.0,SD,7690000.0,16570400.0,False,0.0,11:04:38
19200.0,200,-750.0,0.0,SD,7690000.0,16569900.0,False,0.0,11:04:38
19200.0,200,-750.0,0.0,SD,7690000.0,16569700.0,False,0.0,11:04:38
19200.0,100,-750.0,0.0,SD,7690000.0,16569500.0,False,0.0,11:04:38
19200.0,100,-750.0,0.0,SD,7690000.0,16569400.0,False,0.0,11:04:38
19200.0,5000,-750.0,0.0,SD,7690000.0,16569300.0,False,0.0,11:04:38
19200.0,2000,-750.0,0.0,SD,7690000.0,16564300.0,False,0.0,11:04:38
19200.0,100,-750.0,0.0,SD,7690000.0,16562300.0,False,0.0,11:04:38
19200.0,10000,-750.0,0.0,SD,7690000.0,16562200.0,False,0.0,11:04:38
19200.0,600,-750.0,0.0,SD,7690000.0,16552200.0,False,0.0,11:04:38
19200.0,200,-750.0,0.0,SD,7690000.0,16551600.0,False,0.0,11:04:38
19200.0,2400,-750.0,0.0,SD,7690000.0,16551400.0,False,0.0,11:04:38
19200.0,100,-750.0,0.0,SD,7690000.0,16549000.0,False,0.0,11:04:38
19200.0,200,-750.0,0.0,SD,7690000.0,16548900.0,False,0.0,11:04:38
19200.0,200,-750.0,0.0,SD,7690000.0,16548700.0,False,-50.0,11:04:38
19250.0,3200,-700.0,0.0,BU,7690000.0,16548500.0,False,0.0,11:04:30
19250.0,2200,-700.0,0.0,SD,7686800.0,16548500.0,False,0.0,11:04:30
19250.0,2600,-700.0,0.0,SD,7686800.0,16546300.0,False,0.0,11:04:30
19250.0,2000,-700.0,0.0,SD,7686800.0,16543700.0,False,0.0,11:04:30
19250.0,200,-700.0,0.0,SD,7686800.0,16541700.0,False,0.0,11:04:30
19250.0,200,-700.0,0.0,SD,7686800.0,16541500.0,False,0.0,11:04:30
19250.0,2000,-700.0,0.0,SD,7686800.0,16541300.0,False,0.0,11:04:30
19250.0,2000,-700.0,0.0,SD,7686800.0,16539300.0,False,0.0,11:04:30
19250.0,100,-700.0,0.0,SD,7686800.0,16537300.0,False,0.0,11:04:30
19250.0,2400,-700.0,0.0,SD,7686800.0,16537200.0,False,0.0,11:04:30
19250.0,100,-700.0,0.0,SD,7686800.0,16534800.0,False,0.0,11:04:30
19250.0,100,-700.0,0.0,SD,7686800.0,16534700.0,False,0.0,11:04:30
19250.0,1100,-700.0,0.0,SD,7686800.0,16534600.0,False,0.0,11:04:30
19250.0,15500,-700.0,0.0,SD,7686800.0,16533500.0,True,0.0,11:04:30
19250.0,2000,-700.0,0.0,SD,7686800.0,16518000.0,False,0.0,11:04:30
19250.0,100,-700.0,0.0,SD,7686800.0,16516000.0,False,0.0,11:04:30
19250.0,500,-700.0,0.0,SD,7686800.0,16515900.0,False,0.0,11:04:30
19250.0,1500,-700.0,0.0,SD,7686800.0,16515400.0,False,0.0,11:04:30
19250.0,1000,-700.0,0.0,SD,7686800.0,16513900.0,False,0.0,11:04:30
19250.0,1500,-700.0,0.0,SD,7686800.0,16512900.0,False,0.0,11:04:30
19250.0,100,-700.0,0.0,SD,7686800.0,16511400.0,False,0.0,11:04:30
19250.0,200,-700.0,0.0,SD,7686800.0,16511300.0,False,0.0,11:04:30
19250.0,500,-700.0,0.0,SD,7686800.0,16511100.0,False,0.0,11:04:30
19250.0,1200,-700.0,0.0,SD,7686800.0,16510600.0,False,0.0,11:04:30
19250.0,1000,-700.0,0.0,SD,7686800.0,16509400.0,False,0.0,11:04:30
19250.0,600,-700.0,0.0,SD,7686800.0,16508400.0,False,0.0,11:04:30
19250.0,5000,-700.0,0.0,SD,7686800.0,16507800.0,False,0.0,11:04:30
19250.0,100,-700.0,0.0,SD,7686800.0,16502800.0,False,0.0,11:04:30
19250.0,200,-700.0,0.0,SD,7686800.0,16502700.0,False,0.0,11:04:30
19250.0,200,-700.0,0.0,SD,7686800.0,16502500.0,False,0.0,11:04:30
19250.0,400,-700.0,0.0,SD,7686800.0,16502300.0,False,0.0,11:04:30
19250.0,1000,-700.0,0.0,SD,7686800.0,16501900.0,False,0.0,11:04:30
19250.0,100,-700.0,0.0,SD,7686800.0,16500900.0,False,0.0,11:04:30
19250.0,100,-700.0,0.0,SD,7686800.0,16500800.0,False,0.0,11:04:30
19250.0,7000,-700.0,0.0,SD,7686800.0,16500700.0,False,0.0,11:04:30
19250.0,200,-700.0,0.0,SD,7686800.0,16493700.0,False,0.0,11:04:30
19250.0,200,-700.0,0.0,SD,7686800.0,16493500.0,False,0.0,11:04:30
19250.0,200,-700.0,0.0,SD,7686800.0,16493300.0,False,0.0,11:04:30
19250.0,100,-700.0,0.0,SD,7686800.0,16493100.0,False,0.0,11:04:30
19250.0,2000,-700.0,0.0,SD,7686800.0,16493000.0,False,0.0,11:04:30
19250.0,100,-700.0,0.0,SD,7686800.0,16491000.0,False,0.0,11:04:30
19250.0,100,-700.0,0.0,SD,7686800.0,16490900.0,False,0.0,11:04:30
19250.0,1000,-700.0,0.0,SD,7686800.0,16490800.0,False,0.0,11:04:30
19250.0,1600,-700.0,0.0,SD,7686800.0,16489800.0,False,0.0,11:04:30
19250.0,100,-700.0,0.0,SD,7686800.0,16488200.0,False,0.0,11:04:30
19250.0,300,-700.0,0.0,SD,7686800.0,16488100.0,False,0.0,11:04:30
19250.0,100,-700.0,0.0,SD,7686800.0,16487800.0,False,0.0,11:04:30
19250.0,300,-700.0,0.0,SD,7686800.0,16487700.0,False,0.0,11:04:30
19250.0,100,-700.0,0.0,SD,7686800.0,16487400.0,False,0.0,11:04:30
19250.0,500,-700.0,0.0,SD,7686800.0,16487300.0,False,0.0,11:04:30
19250.0,100,-700.0,0.0,SD,7686800.0,16486800.0,False,0.0,11:04:30
19250.0,1000,-700.0,0.0,SD,7686800.0,16486700.0,False,0.0,11:04:30
19250.0,1400,-700.0,0.0,SD,7686800.0,16485700.0,False,0.0,11:04:30
19250.0,500,-700.0,0.0,SD,7686800.0,16484300.0,False,0.0,11:04:30
19250.0,100,-700.0,0.0,SD,7686800.0,16483800.0,False,0.0,11:04:30
19250.0,1000,-700.0,0.0,SD,7686800.0,16483700.0,False,0.0,11:04:30
19250.0,500,-700.0,0.0,SD,7686800.0,16482700.0,False,0.0,11:04:30
19250.0,1000,-700.0,0.0,SD,7686800.0,16482200.0,False,0.0,11:04:30
19250.0,300,-700.0,0.0,SD,7686800.0,16481200.0,False,0.0,11:04:30
19250.0,200,-700.0,0.0,SD,7686800.0,16480900.0,False,0.0,11:04:30
19250.0,100,-700.0,0.0,SD,7686800.0,16480700.0,False,0.0,11:04:30
19250.0,100,-700.0,0.0,SD,7686800.0,16480600.0,False,0.0,11:04:30
19250.0,100,-700.0,0.0,SD,7686800.0,16480500.0,False,0.0,11:04:30
19250.0,1000,-700.0,0.0,SD,7686800.0,16480400.0,False,0.0,11:04:30
19250.0,2000,-700.0,0.0,SD,7686800.0,16479400.0,False,0.0,11:04:30
19250.0,100,-700.0,0.0,SD,7686800.0,16477400.0,False,0.0,11:04:30
19250.0,100,-700.0,0.0,SD,7686800.0,16477300.0,False,0.0,11:04:30
19250.0,100,-700.0,0.0,SD,7686800.0,16477200.0,False,0.0,11:04:30
19250.0,5000,-700.0,0.0,SD,7686800.0,16477100.0,False,0.0,11:04:30
19250.0,1000,-700.0,0.0,SD,7686800.0,16472100.0,False,0.0,11:04:30
19250.0,1000,-700.0,0.0,SD,7686800.0,16471100.0,False,0.0,11:04:30
19250.0,100,-700.0,0.0,SD,7686800.0,16470100.0,False,0.0,11:04:30
19250.0,500,-700.0,0.0,SD,7686800.0,16470000.0,False,0.0,11:04:30
19250.0,500,-700.0,0.0,SD,7686800.0,16469500.0,False,0.0,11:04:30
19250.0,2000,-700.0,0.0,SD,7686800.0,16469000.0,False,0.0,11:04:30
19250.0,1000,-700.0,0.0,SD,7686800.0,16467000.0,False,0.0,11:04:30
19250.0,1000,-700.0,0.0,SD,7686800.0,16466000.0,False,0.0,11:04:30
19250.0,1000,-700.0,0.0,SD,7686800.0,16465000.0,False,0.0,11:04:30
19250.0,300,-700.0,0.0,SD,7686800.0,16464000.0,False,0.0,11:04:30
19250.0,200,-700.0,0.0,SD,7686800.0,16463700.0,False,0.0,11:04:30
19250.0,3300,-700.0,0.0,SD,7686800.0,16463500.0,False,0.0,11:04:30
19250.0,3200,-700.0,0.0,SD,7686800.0,16460200.0,False,0.0,11:04:30
19250.0,100,-700.0,0.0,SD,7686800.0,16457000.0,False,0.0,11:04:30
19250.0,300,-700.0,0.0,SD,7686800.0,16456900.0,False,0.0,11:04:30
19250.0,500,-700.0,0.0,SD,7686800.0,16456600.0,False,0.0,11:04:30
19250.0,100,-700.0,0.0,SD,7686800.0,16456100.0,False,0.0,11:04:30
19250.0,5000,-700.0,0.0,SD,7686800.0,16456000.0,False,0.0,11:04:30
19250.0,100,-700.0,0.0,SD,7686800.0,16451000.0,False,0.0,11:04:30
19250.0,100,-700.0,0.0,SD,7686800.0,16450900.0,False,0.0,11:04:30
19250.0,200,-700.0,0.0,SD,7686800.0,16450800.0,False,0.0,11:04:30
19250.0,500,-700.0,0.0,SD,7686800.0,16450600.0,False,0.0,11:04:30
19250.0,5000,-700.0,0.0,SD,7686800.0,16450100.0,False,0.0,11:04:30
19250.0,500,-700.0,0.0,SD,7686800.0,16445100.0,False,0.0,11:04:30
19250.0,100,-700.0,0.0,SD,7686800.0,16444600.0,False,0.0,11:04:30
19250.0,2800,-700.0,0.0,SD,7686800.0,16444500.0,False,0.0,11:04:30
19250.0,2000,-700.0,0.0,SD,7686800.0,16441700.0,False,0.0,11:04:29
19250.0,100,-700.0,0.0,SD,7686800.0,16439700.0,False,0.0,11:04:28
19250.0,8000,-700.0,0.0,SD,7686800.0,16439600.0,False,0.0,11:04:27
19250.0,2000,-700.0,0.0,SD,7686800.0,16431600.0,False,0.0,11:04:26
19250.0,11000,-700.0,0.0,SD,7686800.0,16429600.0,True,0.0,11:04:25
19250.0,300,-700.0,0.0,SD,7686800.0,16418600.0,False,0.0,11:04:25
19250.0,100,-700.0,0.0,SD,7686800.0,16418300.0,False,0.0,11:04:25
19250.0,1000,-700.0,0.0,SD,7686800.0,16418200.0,False,0.0,11:04:25
19250.0,100,-700.0,0.0,SD,7686800.0,16417200.0,False,0.0,11:04:25
19250.0,100,-700.0,0.0,SD,7686800.0,16417100.0,False,0.0,11:04:25
19250.0,1000,-700.0,0.0,SD,7686800.0,16417000.0,False,0.0,11:04:25
19250.0,100,-700.0,0.0,SD,7686800.0,16416000.0,False,0.0,11:04:25
19250.0,100,-700.0,0.0,SD,7686800.0,16415900.0,False,0.0,11:04:25
19250.0,100,-700.0,0.0,SD,7686800.0,16415800.0,False,0.0,11:04:25
19250.0,1000,-700.0,0.0,SD,7686800.0,16415700.0,False,0.0,11:04:25
19250.0,200,-700.0,0.0,SD,7686800.0,16414700.0,False,0.0,11:04:25
19250.0,300,-700.0,0.0,SD,7686800.0,16414500.0,False,0.0,11:04:25
19250.0,800,-700.0,0.0,SD,7686800.0,16414200.0,False,0.0,11:04:25
19250.0,1000,-700.0,0.0,SD,7686800.0,16413400.0,False,0.0,11:04:25
19250.0,200,-700.0,0.0,SD,7686800.0,16412400.0,False,0.0,11:04:25
19250.0,600,-700.0,0.0,SD,7686800.0,16412200.0,False,0.0,11:04:25
19250.0,1400,-700.0,0.0,SD,7686800.0,16411600.0,False,0.0,11:04:25
19250.0,500,-700.0,0.0,SD,7686800.0,16410200.0,False,0.0,11:04:25
19250.0,400,-700.0,0.0,SD,7686800.0,16409700.0,False,0.0,11:04:25
19250.0,1000,-700.0,0.0,SD,7686800.0,16409300.0,False,0.0,11:04:25
19250.0,500,-700.0,0.0,SD,7686800.0,16408300.0,False,0.0,11:04:25
19250.0,1000,-700.0,0.0,SD,7686800.0,16407800.0,False,0.0,11:04:25
19250.0,1000,-700.0,0.0,SD,7686800.0,16406800.0,False,0.0,11:04:25
19250.0,1000,-700.0,0.0,SD,7686800.0,16405800.0,False,0.0,11:04:25
19250.0,100,-700.0,0.0,SD,7686800.0,16404800.0,False,0.0,11:04:25
19250.0,1000,-700.0,0.0,SD,7686800.0,16404700.0,False,0.0,11:04:25
19250.0,100,-700.0,0.0,SD,7686800.0,16403700.0,False,0.0,11:04:25
19250.0,500,-700.0,0.0,SD,7686800.0,16403600.0,False,0.0,11:04:25
19250.0,100,-700.0,0.0,SD,7686800.0,16403100.0,False,0.0,11:04:25
19250.0,5000,-700.0,0.0,SD,7686800.0,16403000.0,False,0.0,11:04:25
19250.0,100,-700.0,0.0,SD,7686800.0,16398000.0,False,0.0,11:04:25
19250.0,5000,-700.0,0.0,SD,7686800.0,16397900.0,False,0.0,11:04:25
19250.0,2000,-700.0,0.0,SD,7686800.0,16392900.0,False,0.0,11:04:25
19250.0,1000,-700.0,0.0,SD,7686800.0,16390900.0,False,0.0,11:04:25
19250.0,1000,-700.0,0.0,SD,7686800.0,16389900.0,False,0.0,11:04:25
19250.0,500,-700.0,0.0,SD,7686800.0,16388900.0,False,0.0,11:04:25
19250.0,3000,-700.0,0.0,SD,7686800.0,16388400.0,False,0.0,11:04:25
19250.0,100,-700.0,0.0,SD,7686800.0,16385400.0,False,0.0,11:04:25
19250.0,100,-700.0,0.0,SD,7686800.0,16385300.0,False,0.0,11:04:25
19250.0,100,-700.0,0.0,SD,7686800.0,16385200.0,False,0.0,11:04:25
19250.0,200,-700.0,0.0,SD,7686800.0,16385100.0,False,0.0,11:04:25
19250.0,200,-700.0,0.0,SD,7686800.0,16384900.0,False,0.0,11:04:25
19250.0,100,-700.0,0.0,SD,7686800.0,16384700.0,False,0.0,11:04:25
19250.0,100,-700.0,0.0,SD,7686800.0,16384600.0,False,0.0,11:04:25
19250.0,4900,-700.0,0.0,SD,7686800.0,16384500.0,False,0.0,11:04:25
19250.0,300,-700.0,0.0,SD,7686800.0,16379600.0,False,0.0,11:04:23
19250.0,2100,-700.0,0.0,SD,7686800.0,16379300.0,False,0.0,11:04:23
19250.0,1000,-700.0,0.0,SD,7686800.0,16377200.0,False,0.0,11:04:23
19250.0,100,-700.0,0.0,SD,7686800.0,16376200.0,False,0.0,11:04:23
19250.0,1000,-700.0,0.0,SD,7686800.0,16376100.0,False,0.0,11:04:23
19250.0,200,-700.0,0.0,SD,7686800.0,16375100.0,False,0.0,11:04:23
19250.0,200,-700.0,0.0,SD,7686800.0,16374900.0,False,0.0,11:04:23
19250.0,2000,-700.0,0.0,SD,7686800.0,16374700.0,False,0.0,11:04:23
19250.0,1000,-700.0,0.0,SD,7686800.0,16372700.0,False,0.0,11:04:23
19250.0,100,-700.0,0.0,SD,7686800.0,16371700.0,False,0.0,11:04:23
19250.0,900,-700.0,0.0,SD,7686800.0,16371600.0,False,0.0,11:04:21
19250.0,200,-700.0,0.0,SD,7686800.0,16370700.0,False,0.0,11:04:21
19250.0,200,-700.0,0.0,SD,7686800.0,16370500.0,False,0.0,11:04:21
19250.0,100,-700.0,0.0,SD,7686800.0,16370300.0,False,0.0,11:04:21
19250.0,5000,-700.0,0.0,SD,7686800.0,16370200.0,False,0.0,11:04:21
19250.0,100,-700.0,0.0,SD,7686800.0,16365200.0,False,0.0,11:04:21
19250.0,1000,-700.0,0.0,SD,7686800.0,16365100.0,False,0.0,11:04:21
19250.0,2000,-700.0,0.0,SD,7686800.0,16364100.0,False,0.0,11:04:21
19250.0,5000,-700.0,0.0,SD,7686800.0,16362100.0,False,0.0,11:04:21
19250.0,1000,-700.0,0.0,SD,7686800.0,16357100.0,False,0.0,11:04:21
19250.0,100,-700.0,0.0,SD,7686800.0,16356100.0,False,0.0,11:04:21
19250.0,1000,-700.0,0.0,SD,7686800.0,16356000.0,False,0.0,11:04:21
19250.0,100,-700.0,0.0,SD,7686800.0,16355000.0,False,0.0,11:04:21
19250.0,100,-700.0,0.0,SD,7686800.0,16354900.0,False,0.0,11:04:21
19250.0,1000,-700.0,0.0,SD,7686800.0,16354800.0,False,0.0,11:04:21
19250.0,500,-700.0,0.0,SD,7686800.0,16353800.0,False,0.0,11:04:21
19250.0,2000,-700.0,0.0,SD,7686800.0,16353300.0,False,0.0,11:04:21
19250.0,1000,-700.0,0.0,SD,7686800.0,16351300.0,False,0.0,11:04:21
19250.0,100,-700.0,0.0,SD,7686800.0,16350300.0,False,0.0,11:04:21
19250.0,500,-700.0,0.0,SD,7686800.0,16350200.0,False,0.0,11:04:21
19250.0,1200,-700.0,0.0,SD,7686800.0,16349700.0,False,0.0,11:04:21
19250.0,100,-700.0,0.0,SD,7686800.0,16348500.0,False,0.0,11:04:21
19250.0,6800,-700.0,0.0,SD,7686800.0,16348400.0,False,0.0,11:04:21
19250.0,2200,-700.0,0.0,SD,7686800.0,16341600.0,False,0.0,11:04:14
19250.0,1000,-700.0,0.0,SD,7686800.0,16339400.0,False,0.0,11:04:09
19250.0,300,-700.0,0.0,SD,7686800.0,16338400.0,False,0.0,11:04:04
19250.0,19700,-700.0,0.0,SD,7686800.0,16338100.0,True,0.0,11:04:04
19250.0,6500,-700.0,0.0,SD,7686800.0,16318400.0,False,-50.0,11:03:56
19300.0,100,-650.0,0.0,BU,7686800.0,16311900.0,False,50.0,11:03:56
19250.0,1300,-700.0,0.0,SD,7686700.0,16311900.0,False,0.0,11:03:53
19250.0,10000,-700.0,0.0,SD,7686700.0,16310600.0,False,0.0,11:03:52
19250.0,12500,-700.0,0.0,SD,7686700.0,16300600.0,True,0.0,11:03:49
19250.0,1000,-700.0,0.0,SD,7686700.0,16288100.0,False,0.0,11:03:49
19250.0,300,-700.0,0.0,SD,7686700.0,16287100.0,False,0.0,11:03:49
19250.0,500,-700.0,0.0,SD,7686700.0,16286800.0,False,0.0,11:03:49
19250.0,2000,-700.0,0.0,SD,7686700.0,16286300.0,False,0.0,11:03:49
19250.0,100,-700.0,0.0,SD,7686700.0,16284300.0,False,0.0,11:03:49
19250.0,200,-700.0,0.0,SD,7686700.0,16284200.0,False,0.0,11:03:49
19250.0,2000,-700.0,0.0,SD,7686700.0,16284000.0,False,0.0,11:03:49
19250.0,100,-700.0,0.0,SD,7686700.0,16282000.0,False,0.0,11:03:49
19250.0,100,-700.0,0.0,SD,7686700.0,16281900.0,False,0.0,11:03:49
19250.0,300,-700.0,0.0,SD,7686700.0,16281800.0,False,0.0,11:03:49
19250.0,100,-700.0,0.0,SD,7686700.0,16281500.0,False,0.0,11:03:49
19250.0,500,-700.0,0.0,SD,7686700.0,16281400.0,False,0.0,11:03:49
19250.0,500,-700.0,0.0,SD,7686700.0,16280900.0,False,0.0,11:03:49
19250.0,1000,-700.0,0.0,SD,7686700.0,16280400.0,False,0.0,11:03:49
19250.0,200,-700.0,0.0,SD,7686700.0,16279400.0,False,0.0,11:03:49
19250.0,3000,-700.0,0.0,SD,7686700.0,16279200.0,False,0.0,11:03:49
19250.0,100,-700.0,0.0,SD,7686700.0,16276200.0,False,0.0,11:03:49
19250.0,500,-700.0,0.0,SD,7686700.0,16276100.0,False,0.0,11:03:49
19250.0,500,-700.0,0.0,SD,7686700.0,16275600.0,False,0.0,11:03:42
19250.0,200,-700.0,0.0,SD,7686700.0,16275100.0,False,0.0,11:03:42
19250.0,500,-700.0,0.0,SD,7686700.0,16274900.0,False,0.0,11:03:42
19250.0,300,-700.0,0.0,SD,7686700.0,16274400.0,False,-50.0,11:03:42
19300.0,1100,-650.0,0.0,BU,7686700.0,16274100.0,False,50.0,11:03:39
19250.0,300,-700.0,0.0,SD,7685600.0,16274100.0,False,0.0,11:03:39
19250.0,500,-700.0,0.0,SD,7685600.0,16273800.0,False,0.0,11:03:39
19250.0,3500,-700.0,0.0,SD,7685600.0,16273300.0,False,0.0,11:03:39
19250.0,700,-700.0,0.0,SD,7685600.0,16269800.0,False,0.0,11:03:39
19250.0,300,-700.0,0.0,SD,7685600.0,16269100.0,False,0.0,11:03:36
19250.0,300,-700.0,0.0,SD,7685600.0,16268800.0,False,0.0,11:03:36
19250.0,2000,-700.0,0.0,SD,7685600.0,16268500.0,False,0.0,11:03:36
19250.0,200,-700.0,0.0,SD,7685600.0,16266500.0,False,0.0,11:03:36
19250.0,300,-700.0,0.0,SD,7685600.0,16266300.0,False,0.0,11:03:36
19250.0,100,-700.0,0.0,SD,7685600.0,16266000.0,False,0.0,11:03:36
19250.0,400,-700.0,0.0,SD,7685600.0,16265900.0,False,0.0,11:03:36
19250.0,100,-700.0,0.0,SD,7685600.0,16265500.0,False,0.0,11:03:36
19250.0,100,-700.0,0.0,SD,7685600.0,16265400.0,False,0.0,11:03:36
19250.0,200,-700.0,0.0,SD,7685600.0,16265300.0,False,0.0,11:03:36
19250.0,100,-700.0,0.0,SD,7685600.0,16265100.0,False,0.0,11:03:36
19250.0,200,-700.0,0.0,SD,7685600.0,16265000.0,False,0.0,11:03:36
19250.0,200,-700.0,0.0,SD,7685600.0,16264800.0,False,0.0,11:03:36
19250.0,100,-700.0,0.0,SD,7685600.0,16264600.0,False,0.0,11:03:36
19250.0,2000,-700.0,0.0,SD,7685600.0,16264500.0,False,0.0,11:03:36
19250.0,300,-700.0,0.0,SD,7685600.0,16262500.0,False,0.0,11:03:36
19250.0,1400,-700.0,0.0,SD,7685600.0,16262200.0,False,-50.0,11:03:36
19300.0,100,-650.0,0.0,BU,7685600.0,16260800.0,False,50.0,11:03:35
19250.0,500,-700.0,0.0,SD,7685500.0,16260800.0,False,0.0,11:03:35
19250.0,3100,-700.0,0.0,SD,7685500.0,16260300.0,False,0.0,11:03:33
19250.0,1000,-700.0,0.0,SD,7685500.0,16257200.0,False,0.0,11:03:33
19250.0,2000,-700.0,0.0,SD,7685500.0,16256200.0,False,0.0,11:03:33
19250.0,200,-700.0,0.0,SD,7685500.0,16254200.0,False,0.0,11:03:33
19250.0,100,-700.0,0.0,SD,7685500.0,16254000.0,False,0.0,11:03:33
19250.0,100,-700.0,0.0,SD,7685500.0,16253900.0,False,0.0,11:03:33
19250.0,100,-700.0,0.0,SD,7685500.0,16253800.0,False,0.0,11:03:33
19250.0,100,-700.0,0.0,SD,7685500.0,16253700.0,False,0.0,11:03:33
19250.0,500,-700.0,0.0,SD,7685500.0,16253600.0,False,0.0,11:03:33
19250.0,100,-700.0,0.0,SD,7685500.0,16253100.0,False,0.0,11:03:33
19250.0,500,-700.0,0.0,SD,7685500.0,16253000.0,False,0.0,11:03:33
19250.0,1200,-700.0,0.0,SD,7685500.0,16252500.0,False,0.0,11:03:33
19250.0,5000,-700.0,0.0,SD,7685500.0,16251300.0,False,0.0,11:03:30
19250.0,1200,-700.0,0.0,SD,7685500.0,16246300.0,False,0.0,11:03:27
19250.0,800,-700.0,0.0,SD,7685500.0,16245100.0,False,-50.0,11:03:27
19300.0,500,-650.0,0.0,BU,7685500.0,16244300.0,False,50.0,11:03:23
19250.0,1200,-700.0,0.0,SD,7685000.0,16244300.0,False,0.0,11:03:22
19250.0,200,-700.0,0.0,SD,7685000.0,16243100.0,False,0.0,11:03:22
19250.0,800,-700.0,0.0,SD,7685000.0,16242900.0,False,0.0,11:03:21
19250.0,500,-700.0,0.0,SD,7685000.0,16242100.0,False,0.0,11:03:21
19250.0,2000,-700.0,0.0,SD,7685000.0,16241600.0,False,0.0,11:03:21
19250.0,300,-700.0,0.0,SD,7685000.0,16239600.0,False,0.0,11:03:21
19250.0,100,-700.0,0.0,SD,7685000.0,16239300.0,False,0.0,11:03:21
19250.0,1300,-700.0,0.0,SD,7685000.0,16239200.0,False,0.0,11:03:21
19250.0,1000,-700.0,0.0,SD,7685000.0,16237900.0,False,0.0,11:03:21
19250.0,100,-700.0,0.0,SD,7685000.0,16236900.0,False,0.0,11:03:15
19250.0,300,-700.0,0.0,SD,7685000.0,16236800.0,False,0.0,11:03:15
19250.0,200,-700.0,0.0,SD,7685000.0,16236500.0,False,0.0,11:03:15
19250.0,400,-700.0,0.0,SD,7685000.0,16236300.0,False,0.0,11:03:15
19250.0,2700,-700.0,0.0,SD,7685000.0,16235900.0,False,0.0,11:03:15
19250.0,1000,-700.0,0.0,SD,7685000.0,16233200.0,False,0.0,11:03:15
19250.0,600,-700.0,0.0,SD,7685000.0,16232200.0,False,0.0,11:03:15
19250.0,100,-700.0,0.0,SD,7685000.0,16231600.0,False,0.0,11:03:15
19250.0,500,-700.0,0.0,SD,7685000.0,16231500.0,False,0.0,11:03:15
19250.0,100,-700.0,0.0,SD,7685000.0,16231000.0,False,0.0,11:03:15
19250.0,600,-700.0,0.0,SD,7685000.0,16230900.0,False,0.0,11:03:15
19250.0,300,-700.0,0.0,SD,7685000.0,16230300.0,False,0.0,11:03:15
19250.0,1000,-700.0,0.0,SD,7685000.0,16230000.0,False,0.0,11:03:15
19250.0,200,-700.0,0.0,SD,7685000.0,16229000.0,False,0.0,11:03:15
19250.0,1000,-700.0,0.0,SD,7685000.0,16228800.0,False,0.0,11:03:15
19250.0,100,-700.0,0.0,SD,7685000.0,16227800.0,False,0.0,11:03:15
19250.0,500,-700.0,0.0,SD,7685000.0,16227700.0,False,0.0,11:03:15
19250.0,100,-700.0,0.0,SD,7685000.0,16227200.0,False,0.0,11:03:15
19250.0,200,-700.0,0.0,SD,7685000.0,16227100.0,False,-50.0,11:03:15
19300.0,400,-650.0,0.0,BU,7685000.0,16226900.0,False,50.0,11:03:12
19250.0,100,-700.0,0.0,SD,7684600.0,16226900.0,False,0.0,11:03:10
19250.0,1000,-700.0,0.0,SD,7684600.0,16226800.0,False,0.0,11:03:10
19250.0,5000,-700.0,0.0,SD,7684600.0,16225800.0,False,-50.0,11:03:07
19300.0,100,-650.0,0.0,BU,7684600.0,16220800.0,False,0.0,11:03:06
19300.0,1000,-650.0,0.0,BU,7684500.0,16220800.0,False,50.0,11:03:01
19250.0,2000,-700.0,0.0,SD,7683500.0,16220800.0,False,0.0,11:03:01
19250.0,1500,-700.0,0.0,SD,7683500.0,16218800.0,False,0.0,11:02:59
19250.0,500,-700.0,0.0,SD,7683500.0,16217300.0,False,0.0,11:02:59
19250.0,100,-700.0,0.0,SD,7683500.0,16216800.0,False,0.0,11:02:59
19250.0,100,-700.0,0.0,SD,7683500.0,16216700.0,False,0.0,11:02:59
19250.0,1000,-700.0,0.0,SD,7683500.0,16216600.0,False,0.0,11:02:59
19250.0,1000,-700.0,0.0,SD,7683500.0,16215600.0,False,0.0,11:02:59
19250.0,5800,-700.0,0.0,SD,7683500.0,16214600.0,False,0.0,11:02:59
19250.0,10000,-700.0,0.0,SD,7683500.0,16208800.0,False,-50.0,11:02:57
19300.0,1000,-650.0,0.0,BU,7683500.0,16198800.0,False,0.0,11:02:55
19300.0,100,-650.0,0.0,BU,7682500.0,16198800.0,False,0.0,11:02:54
19300.0,500,-650.0,0.0,BU,7682400.0,16198800.0,False,50.0,11:02:51
19250.0,300,-700.0,0.0,SD,7681900.0,16198800.0,False,-50.0,11:02:48
19300.0,200,-650.0,0.0,BU,7681900.0,16198500.0,False,0.0,11:02:37
19300.0,100,-650.0,0.0,BU,7681700.0,16198500.0,False,0.0,11:02:36
19300.0,1000,-650.0,0.0,BU,7681600.0,16198500.0,False,50.0,11:02:35
19250.0,200,-700.0,0.0,SD,7680600.0,16198500.0,False,-50.0,11:02:35
19300.0,2300,-650.0,0.0,BU,7680600.0,16198300.0,False,0.0,11:02:28
19300.0,200,-650.0,0.0,BU,7678300.0,16198300.0,False,0.0,11:02:20
19300.0,10000,-650.0,0.0,BU,7678100.0,16198300.0,False,50.0,11:02:12
19250.0,2000,-700.0,0.0,SD,7668100.0,16198300.0,False,-50.0,11:02:11
19300.0,500,-650.0,0.0,BU,7668100.0,16196300.0,False,50.0,11:02:11
19250.0,100,-700.0,0.0,SD,7667600.0,16196300.0,False,-50.0,11:02:10
19300.0,800,-650.0,0.0,BU,7667600.0,16196200.0,False,50.0,11:02:09
19250.0,1000,-700.0,0.0,SD,7666800.0,16196200.0,False,0.0,11:02:08
19250.0,900,-700.0,0.0,SD,7666800.0,16195200.0,False,-50.0,11:02:08
19300.0,100,-650.0,0.0,BU,7666800.0,16194300.0,False,0.0,11:02:06
19300.0,100,-650.0,0.0,BU,7666700.0,16194300.0,False,50.0,11:01:57
19250.0,300,-700.0,0.0,SD,7666600.0,16194300.0,False,0.0,11:01:53
19250.0,2000,-700.0,0.0,SD,7666600.0,16194000.0,False,0.0,11:01:51
19250.0,8000,-700.0,0.0,SD,7666600.0,16192000.0,False,0.0,11:01:50
19250.0,1000,-700.0,0.0,SD,7666600.0,16184000.0,False,0.0,11:01:47
19250.0,900,-700.0,0.0,SD,7666600.0,16183000.0,False,0.0,11:01:46
19250.0,2200,-700.0,0.0,SD,7666600.0,16182100.0,False,-50.0,11:01:34
19300.0,100,-650.0,0.0,BU,7666600.0,16179900.0,False,0.0,11:01:33
19300.0,500,-650.0,0.0,BU,7666500.0,16179900.0,False,0.0,11:01:30
19300.0,500,-650.0,0.0,BU,7666000.0,16179900.0,False,0.0,11:01:30
19300.0,2000,-650.0,0.0,BU,7665500.0,16179900.0,False,0.0,11:01:28
19300.0,4700,-650.0,0.0,BU,7663500.0,16179900.0,False,0.0,11:01:26
19300.0,100,-650.0,0.0,BU,7658800.0,16179900.0,False,0.0,11:01:26
19300.0,1000,-650.0,0.0,BU,7658700.0,16179900.0,False,0.0,11:01:26
19300.0,1000,-650.0,0.0,BU,7657700.0,16179900.0,False,0.0,11:01:26
19300.0,1100,-650.0,0.0,BU,7656700.0,16179900.0,False,0.0,11:01:26
19300.0,1000,-650.0,0.0,BU,7655600.0,16179900.0,False,0.0,11:01:26
19300.0,1100,-650.0,0.0,BU,7654600.0,16179900.0,False,0.0,11:01:26
19300.0,100,-650.0,0.0,BU,7653500.0,16179900.0,False,0.0,11:01:24
19300.0,100,-650.0,0.0,BU,7653400.0,16179900.0,False,0.0,11:01:22
19300.0,200,-650.0,0.0,BU,7653300.0,16179900.0,False,50.0,11:01:17
19250.0,2000,-700.0,0.0,SD,7653100.0,16179900.0,False,-50.0,11:01:17
19300.0,100,-650.0,0.0,BU,7653100.0,16177900.0,False,0.0,11:01:16
19300.0,800,-650.0,0.0,BU,7653000.0,16177900.0,False,0.0,11:01:15
19300.0,500,-650.0,0.0,BU,7652200.0,16177900.0,False,0.0,11:01:10
19300.0,300,-650.0,0.0,BU,7651700.0,16177900.0,False,0.0,11:01:07
19300.0,1300,-650.0,0.0,BU,7651400.0,16177900.0,False,0.0,11:01:05
19300.0,100,-650.0,0.0,BU,7650100.0,16177900.0,False,0.0,11:01:04
19300.0,200,-650.0,0.0,BU,7650000.0,16177900.0,False,0.0,11:01:03
19300.0,200,-650.0,0.0,BU,7649800.0,16177900.0,False,0.0,11:01:01
19300.0,2800,-650.0,0.0,BU,7649600.0,16177900.0,False,0.0,11:01:01
19300.0,1000,-650.0,0.0,BU,7646800.0,16177900.0,False,0.0,11:00:55
19300.0,3900,-650.0,0.0,BU,7645800.0,16177900.0,False,0.0,11:00:49
19300.0,100,-650.0,0.0,BU,7641900.0,16177900.0,False,0.0,11:00:47
19300.0,1000,-650.0,0.0,BU,7641800.0,16177900.0,False,50.0,11:00:47
19250.0,4200,-700.0,0.0,SD,7640800.0,16177900.0,False,-50.0,11:00:47
19300.0,2000,-650.0,0.0,BU,7640800.0,16173700.0,False,0.0,11:00:44
19300.0,200,-650.0,0.0,BU,7638800.0,16173700.0,False,0.0,11:00:44
19300.0,1000,-650.0,0.0,BU,7638600.0,16173700.0,False,0.0,11:00:43
19300.0,1000,-650.0,0.0,BU,7637600.0,16173700.0,False,0.0,11:00:43
19300.0,200,-650.0,0.0,BU,7636600.0,16173700.0,False,0.0,11:00:40
19300.0,100,-650.0,0.0,SD,7636400.0,16173700.0,False,0.0,11:00:39
19300.0,100,-650.0,0.0,SD,7636400.0,16173600.0,False,0.0,11:00:39
19300.0,100,-650.0,0.0,SD,7636400.0,16173500.0,False,0.0,11:00:39
19300.0,6500,-650.0,0.0,SD,7636400.0,16173400.0,False,0.0,11:00:39
19300.0,600,-650.0,0.0,SD,7636400.0,16166900.0,False,0.0,11:00:38
19300.0,1400,-650.0,0.0,SD,7636400.0,16166300.0,False,0.0,11:00:38
19300.0,800,-650.0,0.0,SD,7636400.0,16164900.0,False,0.0,11:00:38
19300.0,2500,-650.0,0.0,SD,7636400.0,16164100.0,False,0.0,11:00:38
19300.0,1500,-650.0,0.0,SD,7636400.0,16161600.0,False,0.0,11:00:36
19300.0,1000,-650.0,0.0,SD,7636400.0,16160100.0,False,0.0,11:00:31
19300.0,1000,-650.0,0.0,SD,7636400.0,16159100.0,False,0.0,11:00:31
19300.0,4000,-650.0,0.0,BU,7636400.0,16158100.0,False,0.0,11:00:29
19300.0,100,-650.0,0.0,BU,7632400.0,16158100.0,False,0.0,11:00:29
19300.0,200,-650.0,0.0,BU,7632300.0,16158100.0,False,0.0,11:00:29
19300.0,200,-650.0,0.0,BU,7632100.0,16158100.0,False,0.0,11:00:29
19300.0,1000,-650.0,0.0,BU,7631900.0,16158100.0,False,0.0,11:00:29
19300.0,300,-650.0,0.0,BU,7630900.0,16158100.0,False,0.0,11:00:29
19300.0,100,-650.0,0.0,BU,7630600.0,16158100.0,False,0.0,11:00:29
19300.0,500,-650.0,0.0,BU,7630500.0,16158100.0,False,0.0,11:00:29
19300.0,100,-650.0,0.0,BU,7630000.0,16158100.0,False,0.0,11:00:29
19300.0,100,-650.0,0.0,BU,7629900.0,16158100.0,False,0.0,11:00:29
19300.0,100,-650.0,0.0,BU,7629800.0,16158100.0,False,0.0,11:00:29
19300.0,4000,-650.0,0.0,BU,7629700.0,16158100.0,False,0.0,11:00:29
19300.0,300,-650.0,0.0,BU,7625700.0,16158100.0,False,0.0,11:00:29
19300.0,100,-650.0,0.0,BU,7625400.0,16158100.0,False,0.0,11:00:29
19300.0,100,-650.0,0.0,BU,7625300.0,16158100.0,False,0.0,11:00:29
19300.0,2000,-650.0,0.0,BU,7625200.0,16158100.0,False,0.0,11:00:29
19300.0,100,-650.0,0.0,BU,7623200.0,16158100.0,False,0.0,11:00:29
19300.0,100,-650.0,0.0,BU,7623100.0,16158100.0,False,0.0,11:00:29
19300.0,300,-650.0,0.0,BU,7623000.0,16158100.0,False,0.0,11:00:29
19300.0,400,-650.0,0.0,BU,7622700.0,16158100.0,False,0.0,11:00:29
19300.0,400,-650.0,0.0,SD,7622300.0,16158100.0,False,0.0,11:00:29
19300.0,100,-650.0,0.0,SD,7622300.0,16157700.0,False,0.0,11:00:29
19300.0,100,-650.0,0.0,SD,7622300.0,16157600.0,False,0.0,11:00:29
19300.0,100,-650.0,0.0,SD,7622300.0,16157500.0,False,0.0,11:00:29
19300.0,5200,-650.0,0.0,SD,7622300.0,16157400.0,False,0.0,11:00:29
19300.0,1000,-650.0,0.0,SD,7622300.0,16152200.0,False,0.0,11:00:26
19300.0,1300,-650.0,0.0,SD,7622300.0,16151200.0,False,0.0,11:00:26
19300.0,800,-650.0,0.0,SD,7622300.0,16149900.0,False,0.0,11:00:26
19300.0,3000,-650.0,0.0,SD,7622300.0,16149100.0,False,0.0,11:00:24
19300.0,700,-650.0,0.0,SD,7622300.0,16146100.0,False,0.0,11:00:23
19300.0,300,-650.0,0.0,SD,7622300.0,16145400.0,False,0.0,11:00:23
19300.0,200,-650.0,0.0,SD,7622300.0,16145100.0,False,0.0,11:00:18
19300.0,100,-650.0,0.0,SD,7622300.0,16144900.0,False,0.0,11:00:18
19300.0,100,-650.0,0.0,SD,7622300.0,16144800.0,False,0.0,11:00:18
19300.0,400,-650.0,0.0,SD,7622300.0,16144700.0,False,0.0,11:00:18
19300.0,200,-650.0,0.0,SD,7622300.0,16144300.0,False,0.0,11:00:18
19300.0,200,-650.0,0.0,SD,7622300.0,16144100.0,False,0.0,11:00:18
19300.0,100,-650.0,0.0,SD,7622300.0,16143900.0,False,0.0,11:00:18
19300.0,100,-650.0,0.0,SD,7622300.0,16143800.0,False,0.0,11:00:18
19300.0,5000,-650.0,0.0,SD,7622300.0,16143700.0,False,0.0,11:00:18
19300.0,1000,-650.0,0.0,SD,7622300.0,16138700.0,False,0.0,11:00:18
19300.0,100,-650.0,0.0,SD,7622300.0,16137700.0,False,0.0,11:00:18
19300.0,1000,-650.0,0.0,SD,7622300.0,16137600.0,False,0.0,11:00:18
19300.0,700,-650.0,0.0,SD,7622300.0,16136600.0,False,0.0,11:00:18
19300.0,300,-650.0,0.0,SD,7622300.0,16135900.0,False,0.0,11:00:18
19300.0,3000,-650.0,0.0,SD,7622300.0,16135600.0,False,0.0,11:00:18
19300.0,100,-650.0,0.0,SD,7622300.0,16132600.0,False,0.0,11:00:18
19300.0,1000,-650.0,0.0,SD,7622300.0,16132500.0,False,0.0,11:00:18
19300.0,1000,-650.0,0.0,SD,7622300.0,16131500.0,False,0.0,11:00:18
19300.0,100,-650.0,0.0,SD,7622300.0,16130500.0,False,0.0,11:00:18
19300.0,200,-650.0,0.0,SD,7622300.0,16130400.0,False,0.0,11:00:18
19300.0,100,-650.0,0.0,SD,7622300.0,16130200.0,False,-50.0,11:00:18
19350.0,100,-600.0,0.0,BU,7622300.0,16130100.0,False,0.0,11:00:17
19350.0,400,-600.0,0.0,BU,7622200.0,16130100.0,False,50.0,11:00:17
19300.0,100,-650.0,0.0,SD,7621800.0,16130100.0,False,0.0,11:00:16
19300.0,500,-650.0,0.0,SD,7621800.0,16130000.0,False,0.0,11:00:15
19300.0,100,-650.0,0.0,SD,7621800.0,16129500.0,False,0.0,11:00:15
19300.0,100,-650.0,0.0,SD,7621800.0,16129400.0,False,0.0,11:00:15
19300.0,200,-650.0,0.0,SD,7621800.0,16129300.0,False,0.0,11:00:15
19300.0,100,-650.0,0.0,SD,7621800.0,16129100.0,False,0.0,11:00:15
19300.0,100,-650.0,0.0,SD,7621800.0,16129000.0,False,0.0,11:00:15
19300.0,900,-650.0,0.0,SD,7621800.0,16128900.0,False,0.0,11:00:15
19300.0,100,-650.0,0.0,SD,7621800.0,16128000.0,False,0.0,11:00:15
19300.0,200,-650.0,0.0,SD,7621800.0,16127900.0,False,0.0,11:00:15
19300.0,400,-650.0,0.0,SD,7621800.0,16127700.0,False,0.0,11:00:14
19300.0,200,-650.0,0.0,SD,7621800.0,16127300.0,False,0.0,11:00:13
19300.0,400,-650.0,0.0,SD,7621800.0,16127100.0,False,0.0,11:00:13
19300.0,600,-650.0,0.0,SD,7621800.0,16126600.0,False,0.0,11:00:13
19300.0,1000,-650.0,0.0,SD,7621800.0,16126000.0,False,0.0,11:00:13
19300.0,1000,-650.0,0.0,SD,7621800.0,16125000.0,False,0.0,11:00:13
19300.0,100,-650.0,0.0,SD,7621800.0,16124000.0,False,0.0,11:00:13
19300.0,2500,-650.0,0.0,SD,7621800.0,16123900.0,False,0.0,11:00:13
19300.0,1000,-650.0,0.0,SD,7621800.0,16121400.0,False,0.0,11:00:13
19300.0,5000,-650.0,0.0,SD,7621800.0,16120400.0,False,0.0,11:00:13
19300.0,100,-650.0,0.0,SD,7621800.0,16126700.0,False,0.0,11:00:12
19300.0,1000,-650.0,0.0,SD,7621800.0,16115400.0,False,0.0,11:00:12
19300.0,400,-650.0,0.0,SD,7621800.0,16114400.0,False,0.0,11:00:12
19300.0,200,-650.0,0.0,SD,7621800.0,16114000.0,False,0.0,11:00:12
19300.0,100,-650.0,0.0,SD,7621800.0,16113800.0,False,0.0,11:00:12
19300.0,2000,-650.0,0.0,SD,7621800.0,16113700.0,False,0.0,11:00:12
19300.0,100,-650.0,0.0,SD,7621800.0,16111700.0,False,0.0,11:00:12
19300.0,300,-650.0,0.0,SD,7621800.0,16111600.0,False,0.0,11:00:01
19300.0,100,-650.0,0.0,SD,7621800.0,16111300.0,False,0.0,10:59:58
19300.0,1000,-650.0,0.0,SD,7621800.0,16111200.0,False,0.0,10:59:58
19300.0,500,-650.0,0.0,SD,7621800.0,16110200.0,False,0.0,10:59:58
19300.0,400,-650.0,0.0,SD,7621800.0,16109700.0,False,0.0,10:59:58
19300.0,400,-650.0,0.0,SD,7621800.0,16109300.0,False,0.0,10:59:57
19300.0,600,-650.0,0.0,SD,7621800.0,16108900.0,False,0.0,10:59:57
19300.0,400,-650.0,0.0,SD,7621800.0,16108300.0,False,0.0,10:59:35
19300.0,100,-650.0,0.0,SD,7621800.0,16107900.0,False,0.0,10:59:35
19300.0,200,-650.0,0.0,SD,7621800.0,16107800.0,False,-50.0,10:59:34
19350.0,100,-600.0,0.0,BU,7621800.0,16107600.0,False,0.0,10:59:32
19350.0,300,-600.0,0.0,BU,7621700.0,16107600.0,False,50.0,10:59:31
19300.0,300,-650.0,0.0,SD,7621400.0,16107600.0,False,0.0,10:59:30
19300.0,500,-650.0,0.0,SD,7621400.0,16107300.0,False,0.0,10:59:30
19300.0,400,-650.0,0.0,SD,7621400.0,16106800.0,False,0.0,10:59:30
19300.0,800,-650.0,0.0,SD,7621400.0,16106400.0,False,-50.0,10:59:24
19350.0,200,-600.0,0.0,BU,7621400.0,16105600.0,False,0.0,10:59:21
19350.0,700,-600.0,0.0,BU,7621200.0,16105600.0,False,0.0,10:59:21
19350.0,600,-600.0,0.0,BU,7620500.0,16105600.0,False,0.0,10:59:21
19350.0,1000,-600.0,0.0,BU,7619900.0,16105600.0,False,0.0,10:59:21
19350.0,200,-600.0,0.0,BU,7618900.0,16105600.0,False,0.0,10:59:21
19350.0,300,-600.0,0.0,BU,7618700.0,16105600.0,False,50.0,10:59:21
19300.0,500,-650.0,0.0,SD,7618400.0,16105600.0,False,-50.0,10:59:21
19350.0,100,-600.0,0.0,BU,7618400.0,16105100.0,False,0.0,10:59:21
19350.0,100,-600.0,0.0,BU,7618300.0,16105100.0,False,50.0,10:59:16
19300.0,600,-650.0,0.0,SD,7618200.0,16105100.0,False,0.0,10:59:12
19300.0,600,-650.0,0.0,SD,7618200.0,16104500.0,False,0.0,10:59:12
19300.0,400,-650.0,0.0,SD,7618200.0,16103900.0,False,0.0,10:59:12
19300.0,5500,-650.0,0.0,SD,7618200.0,16103500.0,False,0.0,10:59:12
19300.0,500,-650.0,0.0,SD,7618200.0,16098000.0,False,0.0,10:59:09
19300.0,2300,-650.0,0.0,SD,7618200.0,16097500.0,False,0.0,10:59:06
19300.0,200,-650.0,0.0,SD,7618200.0,16095200.0,False,-50.0,10:59:06
19350.0,1000,-600.0,0.0,BU,7618200.0,16095000.0,False,50.0,10:59:02
19300.0,200,-650.0,0.0,SD,7617200.0,16095000.0,False,0.0,10:59:02
19300.0,800,-650.0,0.0,SD,7617200.0,16094800.0,False,0.0,10:59:02
19300.0,1900,-650.0,0.0,SD,7617200.0,16094000.0,False,0.0,10:58:59
19300.0,100,-650.0,0.0,SD,7617200.0,16092100.0,False,0.0,10:58:59
19300.0,100,-650.0,0.0,SD,7617200.0,16092000.0,False,0.0,10:58:59
19300.0,200,-650.0,0.0,SD,7617200.0,16091900.0,False,0.0,10:58:59
19300.0,1000,-650.0,0.0,SD,7617200.0,16091700.0,False,0.0,10:58:59
19300.0,100,-650.0,0.0,SD,7617200.0,16090700.0,False,0.0,10:58:59
19300.0,100,-650.0,0.0,SD,7617200.0,16090600.0,False,0.0,10:58:59
19300.0,400,-650.0,0.0,SD,7617200.0,16090500.0,False,0.0,10:58:59
19300.0,100,-650.0,0.0,SD,7617200.0,16090100.0,False,0.0,10:58:59
19300.0,500,-650.0,0.0,SD,7617200.0,16090000.0,False,0.0,10:58:59
19300.0,5000,-650.0,0.0,SD,7617200.0,16089500.0,False,0.0,10:58:59
19300.0,500,-650.0,0.0,SD,7617200.0,16084500.0,False,0.0,10:58:59
19300.0,100,-650.0,0.0,SD,7617200.0,16084000.0,False,0.0,10:58:54
19300.0,100,-650.0,0.0,SD,7617200.0,16083900.0,False,0.0,10:58:54
19300.0,800,-650.0,0.0,SD,7617200.0,16083800.0,False,-50.0,10:58:54
19350.0,1600,-600.0,0.0,BU,7617200.0,16083000.0,False,50.0,10:58:52
19300.0,200,-650.0,0.0,SD,7615600.0,16083000.0,False,0.0,10:58:51
19300.0,900,-650.0,0.0,SD,7615600.0,16082800.0,False,0.0,10:58:51
19300.0,5000,-650.0,0.0,SD,7615600.0,16081900.0,False,0.0,10:58:49
19300.0,200,-650.0,0.0,SD,7615600.0,16076900.0,False,0.0,10:58:48
19300.0,600,-650.0,0.0,SD,7615600.0,16076700.0,False,0.0,10:58:47
19300.0,6900,-650.0,0.0,SD,7615600.0,16076100.0,False,0.0,10:58:47
19300.0,2000,-650.0,0.0,SD,7615600.0,16069200.0,False,0.0,10:58:47
19300.0,100,-650.0,0.0,SD,7615600.0,16067200.0,False,0.0,10:58:47
19300.0,300,-650.0,0.0,SD,7615600.0,16067100.0,False,0.0,10:58:47
19300.0,600,-650.0,0.0,SD,7615600.0,16066800.0,False,0.0,10:58:47
19300.0,4000,-650.0,0.0,SD,7615600.0,16066200.0,False,0.0,10:58:47
19300.0,600,-650.0,0.0,SD,7615600.0,16062200.0,False,0.0,10:58:47
19300.0,1000,-650.0,0.0,SD,7615600.0,16061600.0,False,0.0,10:58:47
19300.0,1000,-650.0,0.0,SD,7615600.0,16060600.0,False,0.0,10:58:47
19300.0,100,-650.0,0.0,SD,7615600.0,16059600.0,False,0.0,10:58:47
19300.0,200,-650.0,0.0,SD,7615600.0,16059500.0,False,0.0,10:58:47
19300.0,500,-650.0,0.0,SD,7615600.0,16059300.0,False,0.0,10:58:47
19300.0,500,-650.0,0.0,SD,7615600.0,16058800.0,False,0.0,10:58:47
19300.0,1600,-650.0,0.0,SD,7615600.0,16058300.0,False,0.0,10:58:47
19300.0,2000,-650.0,0.0,SD,7615600.0,16056700.0,False,0.0,10:58:46
19300.0,300,-650.0,0.0,SD,7615600.0,16054700.0,False,0.0,10:58:25
19300.0,800,-650.0,0.0,SD,7615600.0,16054400.0,False,0.0,10:58:20
19300.0,1800,-650.0,0.0,SD,7615600.0,16053600.0,False,0.0,10:58:20
19300.0,2000,-650.0,0.0,SD,7615600.0,16051800.0,False,50.0,10:58:20
19250.0,2000,-700.0,0.0,SD,7615600.0,16049800.0,False,-50.0,10:58:20
19300.0,100,-650.0,0.0,BU,7615600.0,16047800.0,False,0.0,10:58:19
19300.0,300,-650.0,0.0,BU,7615500.0,16047800.0,False,0.0,10:58:18
19300.0,100,-650.0,0.0,BU,7615200.0,16047800.0,False,0.0,10:58:18
19300.0,600,-650.0,0.0,BU,7615100.0,16047800.0,False,0.0,10:58:18
19300.0,100,-650.0,0.0,BU,7614500.0,16047800.0,False,0.0,10:58:18
19300.0,4900,-650.0,0.0,BU,7614400.0,16047800.0,False,0.0,10:58:18
19300.0,100,-650.0,0.0,BU,7609500.0,16047800.0,False,0.0,10:58:17
19300.0,200,-650.0,0.0,BU,7609400.0,16047800.0,False,0.0,10:58:15
19300.0,200,-650.0,0.0,BU,7609200.0,16047800.0,False,0.0,10:58:15
19300.0,500,-650.0,0.0,BU,7609000.0,16047800.0,False,0.0,10:58:15
19300.0,2000,-650.0,0.0,BU,7608500.0,16047800.0,False,0.0,10:58:14
19300.0,300,-650.0,0.0,BU,7606500.0,16047800.0,False,0.0,10:58:14
19300.0,200,-650.0,0.0,BU,7606200.0,16047800.0,False,0.0,10:58:14
19300.0,100,-650.0,0.0,BU,7606000.0,16047800.0,False,0.0,10:58:14
19300.0,100,-650.0,0.0,BU,7605900.0,16047800.0,False,0.0,10:58:14
19300.0,1000,-650.0,0.0,BU,7605800.0,16047800.0,False,0.0,10:58:12
19300.0,100,-650.0,0.0,BU,7604800.0,16047800.0,False,0.0,10:58:10
19300.0,500,-650.0,0.0,BU,7604700.0,16047800.0,False,0.0,10:58:10
19300.0,200,-650.0,0.0,SD,7604200.0,16047800.0,False,0.0,10:58:08
19300.0,2000,-650.0,0.0,SD,7604200.0,16047600.0,False,0.0,10:58:08
19300.0,500,-650.0,0.0,SD,7604200.0,16045600.0,False,0.0,10:58:08
19300.0,100,-650.0,0.0,SD,7604200.0,16045100.0,False,0.0,10:58:08
19300.0,200,-650.0,0.0,SD,7604200.0,16045000.0,False,0.0,10:58:08
19300.0,100,-650.0,0.0,SD,7604200.0,16044800.0,False,0.0,10:58:05
19300.0,400,-650.0,0.0,SD,7604200.0,16044700.0,False,0.0,10:58:04
19300.0,100,-650.0,0.0,SD,7604200.0,16044300.0,False,0.0,10:58:04
19300.0,2600,-650.0,0.0,SD,7604200.0,16044200.0,False,0.0,10:58:04
19300.0,300,-650.0,0.0,SD,7604200.0,16041600.0,False,0.0,10:58:04
19300.0,1000,-650.0,0.0,SD,7604200.0,16041300.0,False,0.0,10:58:04
19300.0,500,-650.0,0.0,SD,7604200.0,16040300.0,False,0.0,10:58:04
19300.0,5500,-650.0,0.0,SD,7604200.0,16039800.0,False,0.0,10:58:04
19300.0,300,-650.0,0.0,SD,7604200.0,16034300.0,False,0.0,10:57:59
19300.0,2800,-650.0,0.0,BU,7604200.0,16034000.0,False,0.0,10:57:58
19300.0,100,-650.0,0.0,BU,7601400.0,16034000.0,False,0.0,10:57:58
19300.0,100,-650.0,0.0,BU,7601300.0,16034000.0,False,0.0,10:57:58
19300.0,9000,-650.0,0.0,BU,7601200.0,16034000.0,False,0.0,10:57:58
19300.0,800,-650.0,0.0,BU,7592200.0,16034000.0,False,0.0,10:57:58
19300.0,100,-650.0,0.0,BU,7591400.0,16034000.0,False,0.0,10:57:58
19300.0,300,-650.0,0.0,BU,7591300.0,16034000.0,False,0.0,10:57:58
19300.0,1800,-650.0,0.0,BU,7591000.0,16034000.0,False,0.0,10:57:58
19300.0,200,-650.0,0.0,BU,7589200.0,16034000.0,False,0.0,10:57:57
19300.0,1000,-650.0,0.0,BU,7589000.0,16034000.0,False,0.0,10:57:57
19300.0,200,-650.0,0.0,BU,7588000.0,16034000.0,False,0.0,10:57:57
19300.0,500,-650.0,0.0,BU,7587800.0,16034000.0,False,0.0,10:57:57
19300.0,400,-650.0,0.0,BU,7587300.0,16034000.0,False,0.0,10:57:57
19300.0,1000,-650.0,0.0,BU,7586900.0,16034000.0,False,0.0,10:57:57
19300.0,1000,-650.0,0.0,BU,7585900.0,16034000.0,False,0.0,10:57:57
19300.0,900,-650.0,0.0,BU,7584900.0,16034000.0,False,0.0,10:57:57
19300.0,1100,-650.0,0.0,BU,7584000.0,16034000.0,False,0.0,10:57:56
19300.0,900,-650.0,0.0,BU,7582900.0,16034000.0,False,0.0,10:57:56
19300.0,400,-650.0,0.0,BU,7582000.0,16034000.0,False,0.0,10:57:56
19300.0,600,-650.0,0.0,BU,7581600.0,16034000.0,False,0.0,10:57:56
19300.0,100,-650.0,0.0,BU,7581000.0,16034000.0,False,0.0,10:57:56
19300.0,800,-650.0,0.0,BU,7580900.0,16034000.0,False,0.0,10:57:56
19300.0,1000,-650.0,0.0,BU,7580100.0,16034000.0,False,0.0,10:57:56
19300.0,1900,-650.0,0.0,BU,7579100.0,16034000.0,False,0.0,10:57:55
19300.0,100,-650.0,0.0,BU,7577200.0,16034000.0,False,0.0,10:57:55
19300.0,200,-650.0,0.0,BU,7577100.0,16034000.0,False,0.0,10:57:54
19300.0,100,-650.0,0.0,BU,7576900.0,16034000.0,False,0.0,10:57:54
19300.0,1700,-650.0,0.0,BU,7576800.0,16034000.0,False,0.0,10:57:54
19300.0,1000,-650.0,0.0,BU,7575100.0,16034000.0,False,0.0,10:57:54
19300.0,2000,-650.0,0.0,BU,7574100.0,16034000.0,False,0.0,10:57:54
19300.0,300,-650.0,0.0,BU,7572100.0,16034000.0,False,0.0,10:57:54
19300.0,400,-650.0,0.0,BU,7571800.0,16034000.0,False,0.0,10:57:53
19300.0,100,-650.0,0.0,BU,7571400.0,16034000.0,False,0.0,10:57:53
19300.0,3000,-650.0,0.0,BU,7571300.0,16034000.0,False,0.0,10:57:53
19300.0,200,-650.0,0.0,BU,7568300.0,16034000.0,False,0.0,10:57:53
19300.0,300,-650.0,0.0,BU,7568100.0,16034000.0,False,0.0,10:57:53
19300.0,700,-650.0,0.0,BU,7567800.0,16034000.0,False,0.0,10:57:53
19300.0,500,-650.0,0.0,BU,7567100.0,16034000.0,False,0.0,10:57:53
19300.0,1300,-650.0,0.0,BU,7566600.0,16034000.0,False,0.0,10:57:53
19300.0,17500,-650.0,0.0,BU,7565300.0,16034000.0,True,0.0,10:57:53
19300.0,2500,-650.0,0.0,BU,7547800.0,16034000.0,False,0.0,10:57:52
19300.0,500,-650.0,0.0,BU,7545300.0,16034000.0,False,0.0,10:57:52
19300.0,100,-650.0,0.0,BU,7544800.0,16034000.0,False,0.0,10:57:52
19300.0,400,-650.0,0.0,BU,7544700.0,16034000.0,False,0.0,10:57:52
19300.0,200,-650.0,0.0,BU,7544300.0,16034000.0,False,0.0,10:57:52
19300.0,400,-650.0,0.0,BU,7544100.0,16034000.0,False,0.0,10:57:52
19300.0,300,-650.0,0.0,BU,7543700.0,16034000.0,False,0.0,10:57:52
19300.0,3000,-650.0,0.0,BU,7543400.0,16034000.0,False,0.0,10:57:50
19300.0,200,-650.0,0.0,BU,7540400.0,16034000.0,False,0.0,10:57:50
19300.0,1000,-650.0,0.0,BU,7540200.0,16034000.0,False,0.0,10:57:50
19300.0,500,-650.0,0.0,BU,7539200.0,16034000.0,False,0.0,10:57:49
19300.0,10000,-650.0,0.0,BU,7538700.0,16034000.0,False,0.0,10:57:48
19300.0,100,-650.0,0.0,BU,7528700.0,16034000.0,False,0.0,10:57:46
19300.0,4600,-650.0,0.0,BU,7528600.0,16034000.0,False,0.0,10:57:46
19300.0,3000,-650.0,0.0,BU,7524000.0,16034000.0,False,0.0,10:57:46
19300.0,10000,-650.0,0.0,BU,7521000.0,16034000.0,False,0.0,10:57:46
19300.0,1500,-650.0,0.0,BU,7511000.0,16034000.0,False,0.0,10:57:46
19300.0,1100,-650.0,0.0,BU,7509500.0,16034000.0,False,0.0,10:57:46
19300.0,9700,-650.0,0.0,BU,7508400.0,16034000.0,False,0.0,10:57:46
19300.0,3900,-650.0,0.0,BU,7498700.0,16034000.0,False,0.0,10:57:42
19300.0,2800,-650.0,0.0,BU,7494800.0,16034000.0,False,0.0,10:57:42
19300.0,400,-650.0,0.0,BU,7492000.0,16034000.0,False,0.0,10:57:41
19300.0,100,-650.0,0.0,BU,7491600.0,16034000.0,False,0.0,10:57:41
19300.0,100,-650.0,0.0,BU,7491500.0,16034000.0,False,0.0,10:57:41
19300.0,100,-650.0,0.0,BU,7491400.0,16034000.0,False,0.0,10:57:39
19300.0,1000,-650.0,0.0,BU,7491300.0,16034000.0,False,0.0,10:57:35
19300.0,300,-650.0,0.0,BU,7490300.0,16034000.0,False,0.0,10:57:35
19300.0,100,-650.0,0.0,BU,7490000.0,16034000.0,False,0.0,10:57:34
19300.0,100,-650.0,0.0,BU,7489900.0,16034000.0,False,0.0,10:57:33
19300.0,9000,-650.0,0.0,BU,7489800.0,16034000.0,False,50.0,10:57:31
19250.0,4000,-700.0,0.0,SD,7480800.0,16034000.0,False,-50.0,10:57:27
19300.0,1000,-650.0,0.0,BU,7480800.0,16030000.0,False,50.0,10:57:25
19250.0,2000,-700.0,0.0,SD,7479800.0,16030000.0,False,-50.0,10:57:23
19300.0,500,-650.0,0.0,BU,7479800.0,16028000.0,False,0.0,10:57:22
19300.0,100,-650.0,0.0,BU,7479300.0,16028000.0,False,0.0,10:57:21
19300.0,1500,-650.0,0.0,BU,7479200.0,16028000.0,False,0.0,10:57:19
19300.0,2900,-650.0,0.0,BU,7477700.0,16028000.0,False,0.0,10:57:19
19300.0,500,-650.0,0.0,BU,7474800.0,16028000.0,False,0.0,10:57:19
19300.0,3000,-650.0,0.0,BU,7474300.0,16028000.0,False,0.0,10:57:19
19300.0,4000,-650.0,0.0,BU,7471300.0,16028000.0,False,0.0,10:57:19
19300.0,2000,-650.0,0.0,BU,7467300.0,16028000.0,False,0.0,10:57:19
19300.0,5000,-650.0,0.0,BU,7465300.0,16028000.0,False,0.0,10:57:19
19300.0,100,-650.0,0.0,BU,7460300.0,16028000.0,False,0.0,10:57:19
19300.0,1000,-650.0,0.0,BU,7460200.0,16028000.0,False,0.0,10:57:19
19300.0,600,-650.0,0.0,BU,7459200.0,16028000.0,False,0.0,10:57:19
19300.0,13100,-650.0,0.0,BU,7458600.0,16028000.0,True,0.0,10:57:19
19300.0,500,-650.0,0.0,BU,7445500.0,16028000.0,False,0.0,10:57:19
19300.0,100,-650.0,0.0,BU,7445000.0,16028000.0,False,0.0,10:57:19
19300.0,17200,-650.0,0.0,BU,7444900.0,16028000.0,True,0.0,10:57:19
19300.0,5000,-650.0,0.0,BU,7427700.0,16028000.0,False,0.0,10:57:17
19300.0,200,-650.0,0.0,BU,7422700.0,16028000.0,False,0.0,10:57:15
19300.0,100,-650.0,0.0,BU,7422500.0,16028000.0,False,50.0,10:57:13
19250.0,300,-700.0,0.0,SD,7422400.0,16028000.0,False,-50.0,10:57:12
19300.0,800,-650.0,0.0,BU,7422400.0,16027700.0,False,0.0,10:57:11
19300.0,1700,-650.0,0.0,BU,7421600.0,16027700.0,False,0.0,10:57:10
19300.0,8300,-650.0,0.0,BU,7419900.0,16027700.0,False,50.0,10:57:10
19250.0,100,-700.0,0.0,SD,7411600.0,16027700.0,False,-50.0,10:57:10
19300.0,1700,-650.0,0.0,BU,7411600.0,16027600.0,False,0.0,10:57:04
19300.0,200,-650.0,0.0,BU,7409900.0,16027600.0,False,0.0,10:57:04
19300.0,2000,-650.0,0.0,BU,7409700.0,16027600.0,False,0.0,10:57:04
19300.0,500,-650.0,0.0,BU,7407700.0,16027600.0,False,0.0,10:57:04
19300.0,800,-650.0,0.0,BU,7407200.0,16027600.0,False,0.0,10:57:04
19300.0,100,-650.0,0.0,BU,7406400.0,16027600.0,False,0.0,10:57:02
19300.0,200,-650.0,0.0,BU,7406300.0,16027600.0,False,0.0,10:57:00
19300.0,100,-650.0,0.0,BU,7406100.0,16027600.0,False,0.0,10:57:00
19300.0,100,-650.0,0.0,BU,7406000.0,16027600.0,False,50.0,10:56:58
19250.0,100,-700.0,0.0,SD,7405900.0,16027600.0,False,-50.0,10:56:55
19300.0,100,-650.0,0.0,BU,7405900.0,16027500.0,False,0.0,10:56:53
19300.0,700,-650.0,0.0,BU,7405800.0,16027500.0,False,0.0,10:56:51
19300.0,500,-650.0,0.0,BU,7405100.0,16027500.0,False,0.0,10:56:51
19300.0,100,-650.0,0.0,BU,7404600.0,16027500.0,False,0.0,10:56:51
19300.0,100,-650.0,0.0,BU,7404500.0,16027500.0,False,0.0,10:56:51
19300.0,100,-650.0,0.0,BU,7404400.0,16027500.0,False,0.0,10:56:51
19300.0,800,-650.0,0.0,BU,7404300.0,16027500.0,False,0.0,10:56:48
19300.0,100,-650.0,0.0,BU,7403500.0,16027500.0,False,0.0,10:56:48
19300.0,500,-650.0,0.0,BU,7403400.0,16027500.0,False,0.0,10:56:48
19300.0,1000,-650.0,0.0,BU,7402900.0,16027500.0,False,0.0,10:56:48
19300.0,1200,-650.0,0.0,BU,7401900.0,16027500.0,False,0.0,10:56:48
19300.0,300,-650.0,0.0,BU,7400700.0,16027500.0,False,0.0,10:56:48
19300.0,500,-650.0,0.0,BU,7400400.0,16027500.0,False,0.0,10:56:48
19300.0,2400,-650.0,0.0,BU,7399900.0,16027500.0,False,0.0,10:56:48
19300.0,2100,-650.0,0.0,BU,7397500.0,16027500.0,False,0.0,10:56:48
19300.0,6100,-650.0,0.0,BU,7395400.0,16027500.0,False,0.0,10:56:48
19300.0,200,-650.0,0.0,BU,7389300.0,16027500.0,False,0.0,10:56:47
19300.0,100,-650.0,0.0,BU,7389100.0,16027500.0,False,0.0,10:56:47
19300.0,1500,-650.0,0.0,BU,7389000.0,16027500.0,False,0.0,10:56:46
19300.0,1000,-650.0,0.0,BU,7387500.0,16027500.0,False,0.0,10:56:46
19300.0,2000,-650.0,0.0,BU,7386500.0,16027500.0,False,0.0,10:56:46
19300.0,100,-650.0,0.0,BU,7384500.0,16027500.0,False,0.0,10:56:46
19300.0,200,-650.0,0.0,BU,7384400.0,16027500.0,False,0.0,10:56:45
19300.0,3000,-650.0,0.0,BU,7384200.0,16027500.0,False,50.0,10:56:43
19250.0,500,-700.0,0.0,SD,7381200.0,16027500.0,False,-50.0,10:56:41
19300.0,500,-650.0,0.0,BU,7381200.0,16027000.0,False,0.0,10:56:40
19300.0,2800,-650.0,0.0,BU,7380700.0,16027000.0,False,0.0,10:56:40
19300.0,100,-650.0,0.0,BU,7377900.0,16027000.0,False,0.0,10:56:40
19300.0,600,-650.0,0.0,BU,7377800.0,16027000.0,False,0.0,10:56:40
19300.0,300,-650.0,0.0,BU,7377200.0,16027000.0,False,0.0,10:56:39
19300.0,1000,-650.0,0.0,BU,7376900.0,16027000.0,False,0.0,10:56:38
19300.0,500,-650.0,0.0,BU,7375900.0,16027000.0,False,0.0,10:56:36
19300.0,1000,-650.0,0.0,BU,7375400.0,16027000.0,False,50.0,10:56:35
19250.0,100,-700.0,0.0,SD,7374400.0,16027000.0,False,-50.0,10:56:35
19300.0,2000,-650.0,0.0,BU,7374400.0,16026900.0,False,0.0,10:56:29
19300.0,200,-650.0,0.0,BU,7372400.0,16026900.0,False,0.0,10:56:29
19300.0,1000,-650.0,0.0,BU,7372200.0,16026900.0,False,0.0,10:56:29
19300.0,2000,-650.0,0.0,BU,7371200.0,16026900.0,False,0.0,10:56:28
19300.0,2000,-650.0,0.0,BU,7369200.0,16026900.0,False,0.0,10:56:26
19300.0,600,-650.0,0.0,BU,7367200.0,16026900.0,False,50.0,10:56:23
19250.0,200,-700.0,0.0,SD,7366600.0,16026900.0,False,-50.0,10:56:23
19300.0,100,-650.0,0.0,BU,7366600.0,16026700.0,False,0.0,10:56:21
19300.0,100,-650.0,0.0,BU,7366500.0,16026700.0,False,0.0,10:56:20
19300.0,1000,-650.0,0.0,BU,7366400.0,16026700.0,False,0.0,10:56:20
19300.0,900,-650.0,0.0,BU,7365400.0,16026700.0,False,0.0,10:56:19
19300.0,100,-650.0,0.0,BU,7364500.0,16026700.0,False,0.0,10:56:17
19300.0,100,-650.0,0.0,BU,7364400.0,16026700.0,False,0.0,10:56:16
19300.0,400,-650.0,0.0,BU,7364300.0,16026700.0,False,0.0,10:56:16
19300.0,100,-650.0,0.0,BU,7363900.0,16026700.0,False,0.0,10:56:14
19300.0,500,-650.0,0.0,BU,7363800.0,16026700.0,False,0.0,10:56:11
19300.0,100,-650.0,0.0,BU,7363300.0,16026700.0,False,0.0,10:56:11
19300.0,800,-650.0,0.0,BU,7363200.0,16026700.0,False,0.0,10:56:10
19300.0,4100,-650.0,0.0,BU,7362400.0,16026700.0,False,0.0,10:56:07
19300.0,100,-650.0,0.0,BU,7358300.0,16026700.0,False,0.0,10:56:06
19300.0,1000,-650.0,0.0,BU,7358200.0,16026700.0,False,0.0,10:56:05
19300.0,200,-650.0,0.0,BU,7357200.0,16026700.0,False,0.0,10:56:04
19300.0,2000,-650.0,0.0,BU,7357000.0,16026700.0,False,50.0,10:56:03
19250.0,1000,-700.0,0.0,SD,7355000.0,16026700.0,False,-50.0,10:56:03
19300.0,4500,-650.0,0.0,BU,7355000.0,16025700.0,False,0.0,10:56:00
19300.0,1000,-650.0,0.0,BU,7350500.0,16025700.0,False,0.0,10:55:59
19300.0,4100,-650.0,0.0,BU,7349500.0,16025700.0,False,0.0,10:55:51
19300.0,500,-650.0,0.0,BU,7345400.0,16025700.0,False,0.0,10:55:51
19300.0,400,-650.0,0.0,BU,7344900.0,16025700.0,False,0.0,10:55:51
19300.0,2600,-650.0,0.0,BU,7344500.0,16025700.0,False,0.0,10:55:44
19300.0,100,-650.0,0.0,BU,7341900.0,16025700.0,False,0.0,10:55:44
19300.0,800,-650.0,0.0,BU,7341800.0,16025700.0,False,0.0,10:55:44
19300.0,100,-650.0,0.0,BU,7341000.0,16025700.0,False,0.0,10:55:43
19300.0,200,-650.0,0.0,BU,7340900.0,16025700.0,False,0.0,10:55:42
19300.0,1900,-650.0,0.0,BU,7340700.0,16025700.0,False,0.0,10:55:41
19300.0,300,-650.0,0.0,BU,7338800.0,16025700.0,False,0.0,10:55:40
19300.0,100,-650.0,0.0,BU,7338500.0,16025700.0,False,0.0,10:55:40
19300.0,500,-650.0,0.0,BU,7338400.0,16025700.0,False,0.0,10:55:38
19300.0,100,-650.0,0.0,BU,7337900.0,16025700.0,False,0.0,10:55:38
19300.0,800,-650.0,0.0,BU,7337800.0,16025700.0,False,0.0,10:55:37
19300.0,4000,-650.0,0.0,BU,7337000.0,16025700.0,False,0.0,10:55:37
19300.0,500,-650.0,0.0,BU,7333000.0,16025700.0,False,0.0,10:55:33
19300.0,300,-650.0,0.0,BU,7332500.0,16025700.0,False,0.0,10:55:33
19300.0,100,-650.0,0.0,BU,7332200.0,16025700.0,False,0.0,10:55:31
19300.0,100,-650.0,0.0,BU,7332100.0,16025700.0,False,0.0,10:55:31
19300.0,300,-650.0,0.0,BU,7332000.0,16025700.0,False,0.0,10:55:30
19300.0,1400,-650.0,0.0,BU,7331700.0,16025700.0,False,0.0,10:55:29
19300.0,200,-650.0,0.0,BU,7330300.0,16025700.0,False,0.0,10:55:28
19300.0,10000,-650.0,0.0,BU,7330100.0,16025700.0,False,0.0,10:55:27
19300.0,100,-650.0,0.0,BU,7320100.0,16025700.0,False,0.0,10:55:20
19300.0,100,-650.0,0.0,BU,7320000.0,16025700.0,False,0.0,10:55:19
19300.0,100,-650.0,0.0,BU,7319900.0,16025700.0,False,0.0,10:55:16
19300.0,1000,-650.0,0.0,BU,7319800.0,16025700.0,False,0.0,10:55:15
19300.0,100,-650.0,0.0,BU,7318800.0,16025700.0,False,50.0,10:55:11
19250.0,4000,-700.0,0.0,SD,7318700.0,16025700.0,False,-50.0,10:55:08
19300.0,900,-650.0,0.0,BU,7318700.0,16021700.0,False,0.0,10:55:00
19300.0,200,-650.0,0.0,BU,7317800.0,16021700.0,False,0.0,10:55:00
19300.0,100,-650.0,0.0,BU,7317600.0,16021700.0,False,0.0,10:55:00
19300.0,100,-650.0,0.0,BU,7317500.0,16021700.0,False,0.0,10:55:00
19300.0,400,-650.0,0.0,BU,7317400.0,16021700.0,False,0.0,10:55:00
19300.0,100,-650.0,0.0,BU,7317000.0,16021700.0,False,50.0,10:54:59
19250.0,700,-700.0,0.0,SD,7316900.0,16021700.0,False,-50.0,10:54:57
19300.0,300,-650.0,0.0,BU,7316900.0,16021000.0,False,0.0,10:54:53
19300.0,700,-650.0,0.0,BU,7316600.0,16021000.0,False,0.0,10:54:53
19300.0,100,-650.0,0.0,BU,7315900.0,16021000.0,False,0.0,10:54:50
19300.0,200,-650.0,0.0,BU,7315800.0,16021000.0,False,0.0,10:54:50
19300.0,1000,-650.0,0.0,BU,7315600.0,16021000.0,False,0.0,10:54:49
19300.0,8000,-650.0,0.0,BU,7314600.0,16021000.0,False,0.0,10:54:49
19300.0,1000,-650.0,0.0,BU,7306600.0,16021000.0,False,0.0,10:54:44
19300.0,200,-650.0,0.0,BU,7305600.0,16021000.0,False,0.0,10:54:43
19300.0,100,-650.0,0.0,BU,7305400.0,16021000.0,False,50.0,10:54:43
19250.0,4000,-700.0,0.0,SD,7305300.0,16021000.0,False,-50.0,10:54:42
19300.0,100,-650.0,0.0,BU,7305300.0,16017000.0,False,50.0,10:54:42
19250.0,100,-700.0,0.0,SD,7305200.0,16017000.0,False,0.0,10:54:42
19250.0,500,-700.0,0.0,SD,7305200.0,16016900.0,False,0.0,10:54:42
19250.0,500,-700.0,0.0,SD,7305200.0,16016400.0,False,0.0,10:54:42
19250.0,3900,-700.0,0.0,SD,7305200.0,16015900.0,False,-50.0,10:54:42
19300.0,500,-650.0,0.0,BU,7305200.0,16012000.0,False,0.0,10:54:41
19300.0,100,-650.0,0.0,BU,7304700.0,16012000.0,False,0.0,10:54:39
19300.0,100,-650.0,0.0,BU,7304600.0,16012000.0,False,0.0,10:54:39
19300.0,800,-650.0,0.0,BU,7304500.0,16012000.0,False,0.0,10:54:39
19300.0,1000,-650.0,0.0,BU,7303700.0,16012000.0,False,0.0,10:54:37
19300.0,500,-650.0,0.0,BU,7302700.0,16012000.0,False,0.0,10:54:36
19300.0,800,-650.0,0.0,BU,7302200.0,16012000.0,False,0.0,10:54:36
19300.0,3000,-650.0,0.0,BU,7301400.0,16012000.0,False,0.0,10:54:35
19300.0,200,-650.0,0.0,BU,7298400.0,16012000.0,False,0.0,10:54:30
19300.0,100,-650.0,0.0,BU,7298200.0,16012000.0,False,0.0,10:54:27
19300.0,200,-650.0,0.0,BU,7298100.0,16012000.0,False,0.0,10:54:23
19300.0,200,-650.0,0.0,BU,7297900.0,16012000.0,False,50.0,10:54:21
19250.0,2000,-700.0,0.0,SD,7297700.0,16012000.0,False,-50.0,10:54:20
19300.0,200,-650.0,0.0,BU,7297700.0,16010000.0,False,0.0,10:54:19
19300.0,1000,-650.0,0.0,BU,7297500.0,16010000.0,False,0.0,10:54:18
19300.0,100,-650.0,0.0,BU,7296500.0,16010000.0,False,0.0,10:54:16
19300.0,400,-650.0,0.0,BU,7296400.0,16010000.0,False,0.0,10:54:16
19300.0,100,-650.0,0.0,BU,7296000.0,16010000.0,False,0.0,10:54:13
19300.0,5000,-650.0,0.0,BU,7295900.0,16010000.0,False,0.0,10:54:10
19300.0,1000,-650.0,0.0,BU,7290900.0,16010000.0,False,50.0,10:54:08
19250.0,1000,-700.0,0.0,SD,7289900.0,16010000.0,False,-50.0,10:54:02
19300.0,400,-650.0,0.0,BU,7289900.0,16009000.0,False,0.0,10:54:01
19300.0,100,-650.0,0.0,BU,7289500.0,16009000.0,False,0.0,10:54:01
19300.0,4800,-650.0,0.0,BU,7289400.0,16009000.0,False,0.0,10:54:00
19300.0,500,-650.0,0.0,BU,7284600.0,16009000.0,False,0.0,10:54:00
19300.0,3500,-650.0,0.0,BU,7284100.0,16009000.0,False,0.0,10:54:00
19300.0,1200,-650.0,0.0,BU,7280600.0,16009000.0,False,0.0,10:54:00
19300.0,200,-650.0,0.0,BU,7279400.0,16009000.0,False,0.0,10:53:59
19300.0,300,-650.0,0.0,BU,7279200.0,16009000.0,False,0.0,10:53:59
19300.0,1000,-650.0,0.0,BU,7278900.0,16009000.0,False,0.0,10:53:57
19300.0,100,-650.0,0.0,BU,7277900.0,16009000.0,False,0.0,10:53:54
19300.0,100,-650.0,0.0,BU,7277800.0,16009000.0,False,0.0,10:53:49
19300.0,100,-650.0,0.0,BU,7277700.0,16009000.0,False,0.0,10:53:49
19300.0,2700,-650.0,0.0,BU,7277600.0,16009000.0,False,50.0,10:53:49
19250.0,700,-700.0,0.0,SD,7274900.0,16009000.0,False,-50.0,10:53:45
19300.0,200,-650.0,0.0,BU,7274900.0,16008300.0,False,0.0,10:53:45
19300.0,100,-650.0,0.0,BU,7274700.0,16008300.0,False,0.0,10:53:45
19300.0,600,-650.0,0.0,BU,7274600.0,16008300.0,False,0.0,10:53:39
19300.0,300,-650.0,0.0,BU,7274000.0,16008300.0,False,0.0,10:53:38
19300.0,500,-650.0,0.0,BU,7273700.0,16008300.0,False,0.0,10:53:34
19300.0,100,-650.0,0.0,BU,7273200.0,16008300.0,False,0.0,10:53:33
19300.0,300,-650.0,0.0,BU,7273100.0,16008300.0,False,0.0,10:53:33
19300.0,300,-650.0,0.0,BU,7272800.0,16008300.0,False,50.0,10:53:32
19250.0,100,-700.0,0.0,SD,7272500.0,16008300.0,False,-50.0,10:53:29
19300.0,300,-650.0,0.0,BU,7272500.0,16008200.0,False,0.0,10:53:28
19300.0,300,-650.0,0.0,BU,7272200.0,16008200.0,False,0.0,10:53:28
19300.0,1400,-650.0,0.0,BU,7271900.0,16008200.0,False,0.0,10:53:28
19300.0,100,-650.0,0.0,BU,7270500.0,16008200.0,False,50.0,10:53:27
19250.0,400,-700.0,0.0,SD,7270400.0,16008200.0,False,-50.0,10:53:23
19300.0,10000,-650.0,0.0,BU,7270400.0,16007800.0,False,0.0,10:53:22
19300.0,3200,-650.0,0.0,BU,7260400.0,16007800.0,False,0.0,10:53:20
19300.0,500,-650.0,0.0,BU,7257200.0,16007800.0,False,0.0,10:53:19
19300.0,1200,-650.0,0.0,BU,7256700.0,16007800.0,False,0.0,10:53:18
19300.0,3600,-650.0,0.0,BU,7255500.0,16007800.0,False,0.0,10:53:18
19300.0,100,-650.0,0.0,BU,7251900.0,16007800.0,False,0.0,10:53:18
19300.0,900,-650.0,0.0,BU,7251800.0,16007800.0,False,0.0,10:53:15
19300.0,100,-650.0,0.0,BU,7250900.0,16007800.0,False,0.0,10:53:15
19300.0,300,-650.0,0.0,BU,7250800.0,16007800.0,False,0.0,10:53:15
19300.0,700,-650.0,0.0,BU,7250500.0,16007800.0,False,0.0,10:53:15
19300.0,600,-650.0,0.0,BU,7249800.0,16007800.0,False,0.0,10:53:15
19300.0,1000,-650.0,0.0,BU,7249200.0,16007800.0,False,0.0,10:53:13
19300.0,200,-650.0,0.0,BU,7248200.0,16007800.0,False,0.0,10:53:12
19300.0,300,-650.0,0.0,BU,7248000.0,16007800.0,False,0.0,10:53:12
19300.0,1000,-650.0,0.0,BU,7247700.0,16007800.0,False,0.0,10:53:12
19300.0,100,-650.0,0.0,BU,7246700.0,16007800.0,False,0.0,10:53:12
19300.0,100,-650.0,0.0,BU,7246600.0,16007800.0,False,0.0,10:53:12
19300.0,100,-650.0,0.0,BU,7246500.0,16007800.0,False,0.0,10:53:12
19300.0,100,-650.0,0.0,BU,7246400.0,16007800.0,False,0.0,10:53:10
19300.0,700,-650.0,0.0,BU,7246300.0,16007800.0,False,0.0,10:53:09
19300.0,100,-650.0,0.0,BU,7245600.0,16007800.0,False,0.0,10:53:06
19300.0,600,-650.0,0.0,BU,7245500.0,16007800.0,False,0.0,10:53:05
19300.0,200,-650.0,0.0,BU,7244900.0,16007800.0,False,0.0,10:53:04
19300.0,100,-650.0,0.0,BU,7244700.0,16007800.0,False,0.0,10:53:04
19300.0,400,-650.0,0.0,BU,7244600.0,16007800.0,False,0.0,10:53:04
19300.0,2000,-650.0,0.0,BU,7244200.0,16007800.0,False,0.0,10:53:04
19300.0,1200,-650.0,0.0,BU,7242200.0,16007800.0,False,0.0,10:53:02
19300.0,100,-650.0,0.0,BU,7241000.0,16007800.0,False,0.0,10:53:01
19300.0,100,-650.0,0.0,BU,7240900.0,16007800.0,False,0.0,10:52:56
19300.0,100,-650.0,0.0,BU,7240800.0,16007800.0,False,0.0,10:52:54
19300.0,1000,-650.0,0.0,BU,7240700.0,16007800.0,False,0.0,10:52:50
19300.0,100,-650.0,0.0,BU,7239700.0,16007800.0,False,0.0,10:52:50
19300.0,500,-650.0,0.0,BU,7239600.0,16007800.0,False,0.0,10:52:50
19300.0,100,-650.0,0.0,BU,7239100.0,16007800.0,False,0.0,10:52:50
19300.0,5000,-650.0,0.0,BU,7239000.0,16007800.0,False,0.0,10:52:50
19300.0,500,-650.0,0.0,BU,7234000.0,16007800.0,False,0.0,10:52:50
19300.0,300,-650.0,0.0,BU,7233500.0,16007800.0,False,0.0,10:52:50
19300.0,100,-650.0,0.0,BU,7233200.0,16007800.0,False,0.0,10:52:50
19300.0,500,-650.0,0.0,BU,7233100.0,16007800.0,False,0.0,10:52:47
19300.0,100,-650.0,0.0,BU,7232600.0,16007800.0,False,0.0,10:52:46
19300.0,900,-650.0,0.0,BU,7232500.0,16007800.0,False,0.0,10:52:46
19300.0,100,-650.0,0.0,BU,7231600.0,16007800.0,False,0.0,10:52:46
19300.0,900,-650.0,0.0,BU,7231500.0,16007800.0,False,0.0,10:52:46
19300.0,200,-650.0,0.0,BU,7230600.0,16007800.0,False,0.0,10:52:43
19300.0,600,-650.0,0.0,BU,7230400.0,16007800.0,False,0.0,10:52:41
19300.0,200,-650.0,0.0,BU,7229800.0,16007800.0,False,0.0,10:52:39
19300.0,1600,-650.0,0.0,BU,7229600.0,16007800.0,False,0.0,10:52:37
19300.0,100,-650.0,0.0,BU,7228000.0,16007800.0,False,0.0,10:52:37
19300.0,1300,-650.0,0.0,BU,7227900.0,16007800.0,False,0.0,10:52:37
19300.0,300,-650.0,0.0,BU,7226600.0,16007800.0,False,0.0,10:52:35
19300.0,100,-650.0,0.0,BU,7226300.0,16007800.0,False,0.0,10:52:34
19300.0,300,-650.0,0.0,BU,7226200.0,16007800.0,False,0.0,10:52:34
19300.0,1400,-650.0,0.0,BU,7225900.0,16007800.0,False,0.0,10:52:34
19300.0,300,-650.0,0.0,BU,7224500.0,16007800.0,False,0.0,10:52:31
19300.0,500,-650.0,0.0,BU,7224200.0,16007800.0,False,0.0,10:52:29
19300.0,1800,-650.0,0.0,BU,7223700.0,16007800.0,False,0.0,10:52:29
19300.0,100,-650.0,0.0,BU,7221900.0,16007800.0,False,0.0,10:52:29
19300.0,1000,-650.0,0.0,BU,7221800.0,16007800.0,False,0.0,10:52:29
19300.0,200,-650.0,0.0,BU,7220800.0,16007800.0,False,0.0,10:52:29
19300.0,1900,-650.0,0.0,BU,7220600.0,16007800.0,False,0.0,10:52:29
19300.0,100,-650.0,0.0,BU,7218700.0,16007800.0,False,0.0,10:52:29
19300.0,700,-650.0,0.0,BU,7218600.0,16007800.0,False,0.0,10:52:24
19300.0,1000,-650.0,0.0,BU,7217900.0,16007800.0,False,0.0,10:52:24
19300.0,1500,-650.0,0.0,BU,7216900.0,16007800.0,False,0.0,10:52:21
19300.0,200,-650.0,0.0,BU,7215400.0,16007800.0,False,0.0,10:52:19
19300.0,100,-650.0,0.0,BU,7215200.0,16007800.0,False,0.0,10:52:13
19300.0,200,-650.0,0.0,BU,7215100.0,16007800.0,False,0.0,10:52:12
19300.0,100,-650.0,0.0,BU,7214900.0,16007800.0,False,0.0,10:52:09
19300.0,400,-650.0,0.0,BU,7214800.0,16007800.0,False,50.0,10:52:08
19250.0,100,-700.0,0.0,SD,7214400.0,16007800.0,False,-50.0,10:52:08
19300.0,3800,-650.0,0.0,BU,7214400.0,16007700.0,False,0.0,10:52:05
19300.0,500,-650.0,0.0,BU,7210600.0,16007700.0,False,0.0,10:52:05
19300.0,700,-650.0,0.0,BU,7210100.0,16007700.0,False,0.0,10:52:05
19300.0,300,-650.0,0.0,BU,7209400.0,16007700.0,False,0.0,10:52:03
19300.0,1500,-650.0,0.0,BU,7209100.0,16007700.0,False,0.0,10:52:03
19300.0,200,-650.0,0.0,BU,7207600.0,16007700.0,False,0.0,10:52:03
19300.0,800,-650.0,0.0,BU,7207400.0,16007700.0,False,0.0,10:52:03
19300.0,1000,-650.0,0.0,BU,7206600.0,16007700.0,False,50.0,10:52:03
19250.0,4500,-700.0,0.0,SD,7205600.0,16007700.0,False,-50.0,10:52:02
19300.0,100,-650.0,0.0,BU,7205600.0,16003200.0,False,0.0,10:52:00
19300.0,5000,-650.0,0.0,BU,7205500.0,16003200.0,False,0.0,10:51:59
19300.0,200,-650.0,0.0,BU,7200500.0,16003200.0,False,0.0,10:51:57
19300.0,1000,-650.0,0.0,BU,7200300.0,16003200.0,False,0.0,10:51:57
19300.0,1000,-650.0,0.0,BU,7199300.0,16003200.0,False,0.0,10:51:57
19300.0,100,-650.0,0.0,BU,7198300.0,16003200.0,False,0.0,10:51:56
19300.0,500,-650.0,0.0,BU,7198200.0,16003200.0,False,0.0,10:51:53
19300.0,200,-650.0,0.0,BU,7197700.0,16003200.0,False,0.0,10:51:53
19300.0,100,-650.0,0.0,BU,7197500.0,16003200.0,False,0.0,10:51:53
19300.0,500,-650.0,0.0,BU,7197400.0,16003200.0,False,0.0,10:51:53
19300.0,200,-650.0,0.0,BU,7196900.0,16003200.0,False,0.0,10:51:53
19300.0,200,-650.0,0.0,BU,7196700.0,16003200.0,False,0.0,10:51:49
19300.0,900,-650.0,0.0,BU,7196500.0,16003200.0,False,50.0,10:51:49
19250.0,200,-700.0,0.0,SD,7195600.0,16003200.0,False,-50.0,10:51:48
19300.0,2500,-650.0,0.0,BU,7195600.0,16003000.0,False,50.0,10:51:46
19250.0,1000,-700.0,0.0,SD,7193100.0,16003000.0,False,-50.0,10:51:45
19300.0,100,-650.0,0.0,BU,7193100.0,16002000.0,False,0.0,10:51:45
19300.0,100,-650.0,0.0,BU,7193000.0,16002000.0,False,0.0,10:51:44
19300.0,600,-650.0,0.0,BU,7192900.0,16002000.0,False,0.0,10:51:44
19300.0,1500,-650.0,0.0,BU,7192300.0,16002000.0,False,0.0,10:51:44
19300.0,1200,-650.0,0.0,BU,7190800.0,16002000.0,False,0.0,10:51:44
19300.0,100,-650.0,0.0,BU,7189600.0,16002000.0,False,0.0,10:51:40
19300.0,1200,-650.0,0.0,BU,7189500.0,16002000.0,False,0.0,10:51:39
19300.0,500,-650.0,0.0,BU,7188300.0,16002000.0,False,0.0,10:51:39
19300.0,900,-650.0,0.0,BU,7187800.0,16002000.0,False,0.0,10:51:36
19300.0,100,-650.0,0.0,BU,7186900.0,16002000.0,False,0.0,10:51:32
19300.0,100,-650.0,0.0,BU,7186800.0,16002000.0,False,50.0,10:51:32
19250.0,400,-700.0,0.0,SD,7186700.0,16002000.0,False,-50.0,10:51:31
19300.0,100,-650.0,0.0,BU,7186700.0,16001600.0,False,0.0,10:51:31
19300.0,1800,-650.0,0.0,BU,7186600.0,16001600.0,False,0.0,10:51:29
19300.0,200,-650.0,0.0,BU,7184800.0,16001600.0,False,50.0,10:51:29
19250.0,5700,-700.0,0.0,SD,7184600.0,16001600.0,False,0.0,10:51:27
19250.0,1000,-700.0,0.0,SD,7184600.0,15995900.0,False,0.0,10:51:27
19250.0,1000,-700.0,0.0,SD,7184600.0,15994900.0,False,0.0,10:51:27
19250.0,100,-700.0,0.0,SD,7184600.0,15993900.0,False,0.0,10:51:27
19250.0,200,-700.0,0.0,SD,7184600.0,15993800.0,False,0.0,10:51:27
19250.0,500,-700.0,0.0,SD,7184600.0,15993600.0,False,0.0,10:51:27
19250.0,100,-700.0,0.0,SD,7184600.0,15993100.0,False,0.0,10:51:27
19250.0,8000,-700.0,0.0,SD,7184600.0,15993000.0,False,0.0,10:51:27
19250.0,100,-700.0,0.0,SD,7184600.0,15985000.0,False,0.0,10:51:27
19250.0,100,-700.0,0.0,SD,7184600.0,15984900.0,False,0.0,10:51:27
19250.0,100,-700.0,0.0,SD,7184600.0,15984800.0,False,0.0,10:51:27
19250.0,1000,-700.0,0.0,SD,7184600.0,15984700.0,False,0.0,10:51:27
19250.0,100,-700.0,0.0,SD,7184600.0,15983700.0,False,0.0,10:51:27
19250.0,500,-700.0,0.0,SD,7184600.0,15983600.0,False,0.0,10:51:27
19250.0,200,-700.0,0.0,SD,7184600.0,15983100.0,False,0.0,10:51:27
19250.0,1300,-700.0,0.0,SD,7184600.0,15982900.0,False,-50.0,10:51:27
19300.0,500,-650.0,0.0,BU,7184600.0,15981600.0,False,0.0,10:51:27
19300.0,100,-650.0,0.0,BU,7184100.0,15981600.0,False,0.0,10:51:27
19300.0,500,-650.0,0.0,BU,7184000.0,15981600.0,False,0.0,10:51:24
19300.0,100,-650.0,0.0,BU,7183500.0,15981600.0,False,50.0,10:51:22
19250.0,300,-700.0,0.0,SD,7183400.0,15981600.0,False,0.0,10:51:22
19250.0,200,-700.0,0.0,SD,7183400.0,15981300.0,False,-50.0,10:51:22
19300.0,600,-650.0,0.0,BU,7183400.0,15981100.0,False,0.0,10:51:21
19300.0,1500,-650.0,0.0,BU,7182800.0,15981100.0,False,0.0,10:51:21
19300.0,700,-650.0,0.0,BU,7181300.0,15981100.0,False,50.0,10:51:17
19250.0,1500,-700.0,0.0,SD,7180600.0,15981100.0,False,0.0,10:51:16
19250.0,500,-700.0,0.0,SD,7180600.0,15979600.0,False,0.0,10:51:14
19250.0,100,-700.0,0.0,SD,7180600.0,15979100.0,False,0.0,10:51:14
19250.0,100,-700.0,0.0,SD,7180600.0,15979000.0,False,0.0,10:51:14
19250.0,200,-700.0,0.0,SD,7180600.0,15978900.0,False,0.0,10:51:14
19250.0,200,-700.0,0.0,SD,7180600.0,15978700.0,False,0.0,10:51:14
19250.0,2000,-700.0,0.0,SD,7180600.0,15978500.0,False,0.0,10:51:14
19250.0,100,-700.0,0.0,SD,7180600.0,15976500.0,False,0.0,10:51:14
19250.0,1000,-700.0,0.0,SD,7180600.0,15976400.0,False,0.0,10:51:14
19250.0,600,-700.0,0.0,SD,7180600.0,15975400.0,False,-50.0,10:51:14
19300.0,100,-650.0,0.0,BU,7180600.0,15974800.0,False,0.0,10:51:11
19300.0,100,-650.0,0.0,BU,7180500.0,15974800.0,False,0.0,10:51:09
19300.0,4600,-650.0,0.0,BU,7180400.0,15974800.0,False,0.0,10:51:09
19300.0,200,-650.0,0.0,BU,7175800.0,15974800.0,False,0.0,10:51:07
19300.0,100,-650.0,0.0,BU,7175600.0,15974800.0,False,0.0,10:51:06
19300.0,1400,-650.0,0.0,BU,7175500.0,15974800.0,False,0.0,10:51:00
19300.0,500,-650.0,0.0,BU,7174100.0,15974800.0,False,0.0,10:51:00
19300.0,7700,-650.0,0.0,BU,7173600.0,15974800.0,False,50.0,10:50:59
19250.0,400,-700.0,0.0,SD,7165900.0,15974800.0,False,0.0,10:50:58
19250.0,3600,-700.0,0.0,SD,7165900.0,15974400.0,False,-50.0,10:50:58
19300.0,100,-650.0,0.0,BU,7165900.0,15970800.0,False,0.0,10:50:57
19300.0,700,-650.0,0.0,BU,7165800.0,15970800.0,False,0.0,10:50:55
19300.0,200,-650.0,0.0,BU,7165100.0,15970800.0,False,0.0,10:50:52
19300.0,300,-650.0,0.0,BU,7164900.0,15970800.0,False,0.0,10:50:51
19300.0,500,-650.0,0.0,BU,7164600.0,15970800.0,False,0.0,10:50:50
19300.0,1300,-650.0,0.0,BU,7164100.0,15970800.0,False,0.0,10:50:50
19300.0,700,-650.0,0.0,BU,7162800.0,15970800.0,False,0.0,10:50:50
19300.0,2100,-650.0,0.0,BU,7162100.0,15970800.0,False,0.0,10:50:50
19300.0,100,-650.0,0.0,BU,7160000.0,15970800.0,False,0.0,10:50:46
19300.0,100,-650.0,0.0,BU,7159900.0,15970800.0,False,0.0,10:50:45
19300.0,2000,-650.0,0.0,BU,7159800.0,15970800.0,False,0.0,10:50:43
19300.0,1000,-650.0,0.0,BU,7157800.0,15970800.0,False,0.0,10:50:41
19300.0,100,-650.0,0.0,BU,7156800.0,15970800.0,False,0.0,10:50:38
19300.0,5000,-650.0,0.0,BU,7156700.0,15970800.0,False,0.0,10:50:38
19300.0,1000,-650.0,0.0,BU,7151700.0,15970800.0,False,0.0,10:50:34
19300.0,200,-650.0,0.0,BU,7150700.0,15970800.0,False,0.0,10:50:29
19300.0,3000,-650.0,0.0,BU,7150500.0,15970800.0,False,0.0,10:50:29
19300.0,3100,-650.0,0.0,BU,7147500.0,15970800.0,False,0.0,10:50:25
19300.0,800,-650.0,0.0,BU,7144400.0,15970800.0,False,50.0,10:50:25
19250.0,1900,-700.0,0.0,SD,7143600.0,15970800.0,False,-50.0,10:50:22
19300.0,6000,-650.0,0.0,BU,7143600.0,15968900.0,False,0.0,10:50:19
19300.0,1000,-650.0,0.0,BU,7137600.0,15968900.0,False,0.0,10:50:19
19300.0,500,-650.0,0.0,BU,7136600.0,15968900.0,False,0.0,10:50:19
19300.0,6000,-650.0,0.0,BU,7136100.0,15968900.0,False,0.0,10:50:16
19300.0,100,-650.0,0.0,BU,7130100.0,15968900.0,False,50.0,10:50:15
19250.0,10000,-700.0,0.0,SD,7130000.0,15968900.0,False,-50.0,10:50:12
19300.0,100,-650.0,0.0,BU,7130000.0,15958900.0,False,0.0,10:50:09
19300.0,300,-650.0,0.0,BU,7129900.0,15958900.0,False,0.0,10:50:06
19300.0,100,-650.0,0.0,BU,7129600.0,15958900.0,False,0.0,10:50:05
19300.0,100,-650.0,0.0,BU,7129500.0,15958900.0,False,0.0,10:50:05
19300.0,100,-650.0,0.0,BU,7129400.0,15958900.0,False,0.0,10:50:04
19300.0,100,-650.0,0.0,BU,7129300.0,15958900.0,False,0.0,10:50:04
19300.0,1000,-650.0,0.0,BU,7129200.0,15958900.0,False,0.0,10:50:00
19300.0,1000,-650.0,0.0,BU,7128200.0,15958900.0,False,0.0,10:49:58
19300.0,300,-650.0,0.0,BU,7127200.0,15958900.0,False,0.0,10:49:56
19300.0,400,-650.0,0.0,BU,7126900.0,15958900.0,False,0.0,10:49:52
19300.0,1000,-650.0,0.0,BU,7126500.0,15958900.0,False,0.0,10:49:51
19300.0,1000,-650.0,0.0,BU,7125500.0,15958900.0,False,0.0,10:49:47
19300.0,900,-650.0,0.0,BU,7124500.0,15958900.0,False,0.0,10:49:44
19300.0,400,-650.0,0.0,BU,7123600.0,15958900.0,False,0.0,10:49:44
19300.0,200,-650.0,0.0,BU,7123200.0,15958900.0,False,0.0,10:49:44
19300.0,400,-650.0,0.0,BU,7123000.0,15958900.0,False,0.0,10:49:44
19300.0,100,-650.0,0.0,BU,7122600.0,15958900.0,False,0.0,10:49:44
19300.0,100,-650.0,0.0,BU,7122500.0,15958900.0,False,0.0,10:49:44
19300.0,600,-650.0,0.0,BU,7122400.0,15958900.0,False,0.0,10:49:44
19300.0,1000,-650.0,0.0,BU,7121800.0,15958900.0,False,0.0,10:49:44
19300.0,100,-650.0,0.0,BU,7120800.0,15958900.0,False,0.0,10:49:44
19300.0,2700,-650.0,0.0,BU,7120700.0,15958900.0,False,0.0,10:49:44
19300.0,500,-650.0,0.0,BU,7118000.0,15958900.0,False,0.0,10:49:44
19300.0,200,-650.0,0.0,BU,7117500.0,15958900.0,False,0.0,10:49:44
19300.0,300,-650.0,0.0,BU,7117300.0,15958900.0,False,0.0,10:49:44
19300.0,3000,-650.0,0.0,BU,7117000.0,15958900.0,False,0.0,10:49:44
19300.0,300,-650.0,0.0,BU,7114000.0,15958900.0,False,0.0,10:49:44
19300.0,200,-650.0,0.0,BU,7113700.0,15958900.0,False,0.0,10:49:44
19300.0,300,-650.0,0.0,BU,7113500.0,15958900.0,False,0.0,10:49:44
19300.0,300,-650.0,0.0,BU,7113200.0,15958900.0,False,0.0,10:49:44
19300.0,100,-650.0,0.0,BU,7112900.0,15958900.0,False,0.0,10:49:44
19300.0,100,-650.0,0.0,BU,7112800.0,15958900.0,False,0.0,10:49:44
19300.0,100,-650.0,0.0,BU,7112700.0,15958900.0,False,0.0,10:49:44
19300.0,300,-650.0,0.0,BU,7112600.0,15958900.0,False,0.0,10:49:44
19300.0,3000,-650.0,0.0,BU,7112300.0,15958900.0,False,0.0,10:49:44
19300.0,100,-650.0,0.0,SD,7109300.0,15958900.0,False,0.0,10:49:43
19300.0,800,-650.0,0.0,SD,7109300.0,15958800.0,False,0.0,10:49:42
19300.0,400,-650.0,0.0,SD,7109300.0,15958000.0,False,-50.0,10:49:42
19350.0,200,-600.0,0.0,BU,7109300.0,15957600.0,False,0.0,10:49:39
19350.0,100,-600.0,0.0,BU,7109100.0,15957600.0,False,50.0,10:49:38
19300.0,100,-650.0,0.0,SD,7109000.0,15957600.0,False,0.0,10:49:36
19300.0,400,-650.0,0.0,SD,7109000.0,15957500.0,False,0.0,10:49:36
19300.0,800,-650.0,0.0,SD,7109000.0,15957100.0,False,0.0,10:49:36
19300.0,1000,-650.0,0.0,SD,7109000.0,15956300.0,False,0.0,10:49:35
19300.0,100,-650.0,0.0,SD,7109000.0,15955300.0,False,0.0,10:49:32
19300.0,1200,-650.0,0.0,SD,7109000.0,15955200.0,False,0.0,10:49:32
19300.0,1000,-650.0,0.0,SD,7109000.0,15954000.0,False,0.0,10:49:32
19300.0,500,-650.0,0.0,SD,7109000.0,15953000.0,False,0.0,10:49:24
19300.0,1300,-650.0,0.0,SD,7109000.0,15952500.0,False,0.0,10:49:24
19300.0,100,-650.0,0.0,SD,7109000.0,15951200.0,False,0.0,10:49:24
19300.0,500,-650.0,0.0,SD,7109000.0,15951100.0,False,0.0,10:49:24
19300.0,100,-650.0,0.0,SD,7109000.0,15950600.0,False,0.0,10:49:24
19300.0,100,-650.0,0.0,SD,7109000.0,15950500.0,False,0.0,10:49:24
19300.0,2900,-650.0,0.0,SD,7109000.0,15950400.0,False,0.0,10:49:24
19300.0,3000,-650.0,0.0,SD,7109000.0,15947500.0,False,0.0,10:49:23
19300.0,2000,-650.0,0.0,SD,7109000.0,15944500.0,False,0.0,10:49:22
19300.0,3000,-650.0,0.0,SD,7109000.0,15942500.0,False,0.0,10:49:17
19300.0,200,-650.0,0.0,SD,7109000.0,15939500.0,False,-50.0,10:49:11
19350.0,100,-600.0,0.0,BU,7109000.0,15939300.0,False,50.0,10:49:11
19300.0,3000,-650.0,0.0,SD,7108900.0,15939300.0,False,0.0,10:49:04
19300.0,1000,-650.0,0.0,SD,7108900.0,15936300.0,False,0.0,10:49:00
19300.0,800,-650.0,0.0,SD,7108900.0,15935300.0,False,0.0,10:48:58
19300.0,100,-650.0,0.0,SD,7108900.0,15934500.0,False,0.0,10:48:56
19300.0,14000,-650.0,0.0,BU,7108900.0,15934400.0,True,0.0,10:48:52
19300.0,5000,-650.0,0.0,BU,7094900.0,15934400.0,False,0.0,10:48:52
19300.0,100,-650.0,0.0,BU,7089900.0,15934400.0,False,0.0,10:48:50
19300.0,500,-650.0,0.0,SD,7089800.0,15934400.0,False,0.0,10:48:50
19300.0,100,-650.0,0.0,SD,7089800.0,15933900.0,False,0.0,10:48:50
19300.0,100,-650.0,0.0,SD,7089800.0,15933800.0,False,0.0,10:48:50
19300.0,200,-650.0,0.0,SD,7089800.0,15933700.0,False,0.0,10:48:50
19300.0,300,-650.0,0.0,SD,7089800.0,15933500.0,False,0.0,10:48:48
19300.0,200,-650.0,0.0,SD,7089800.0,15933200.0,False,0.0,10:48:48
19300.0,300,-650.0,0.0,SD,7089800.0,15933000.0,False,0.0,10:48:47
19300.0,500,-650.0,0.0,SD,7089800.0,15932700.0,False,0.0,10:48:47
19300.0,1300,-650.0,0.0,SD,7089800.0,15932200.0,False,0.0,10:48:47
19300.0,1200,-650.0,0.0,SD,7089800.0,15930900.0,False,0.0,10:48:45
19300.0,400,-650.0,0.0,SD,7089800.0,15929700.0,False,0.0,10:48:45
19300.0,300,-650.0,0.0,SD,7089800.0,15929300.0,False,0.0,10:48:45
19300.0,100,-650.0,0.0,SD,7089800.0,15929000.0,False,0.0,10:48:45
19300.0,1800,-650.0,0.0,SD,7089800.0,15928900.0,False,0.0,10:48:45
19300.0,100,-650.0,0.0,SD,7089800.0,15927100.0,False,0.0,10:48:45
19300.0,100,-650.0,0.0,SD,7089800.0,15927000.0,False,0.0,10:48:45
19300.0,100,-650.0,0.0,SD,7089800.0,15926900.0,False,0.0,10:48:45
19300.0,100,-650.0,0.0,SD,7089800.0,15926800.0,False,0.0,10:48:45
19300.0,200,-650.0,0.0,SD,7089800.0,15926700.0,False,0.0,10:48:45
19300.0,600,-650.0,0.0,SD,7089800.0,15926500.0,False,-50.0,10:48:45
19350.0,5000,-600.0,0.0,BU,7089800.0,15925900.0,False,50.0,10:48:43
19300.0,1000,-650.0,0.0,SD,7084800.0,15925900.0,False,0.0,10:48:36
19300.0,1000,-650.0,0.0,SD,7084800.0,15924900.0,False,0.0,10:48:36
19300.0,300,-650.0,0.0,SD,7084800.0,15923900.0,False,0.0,10:48:33
19300.0,500,-650.0,0.0,SD,7084800.0,15923600.0,False,0.0,10:48:32
19300.0,1600,-650.0,0.0,SD,7084800.0,15923100.0,False,0.0,10:48:26
19300.0,5400,-650.0,0.0,SD,7084800.0,15921500.0,False,0.0,10:48:26
19300.0,2000,-650.0,0.0,SD,7084800.0,15916100.0,False,0.0,10:48:22
19300.0,200,-650.0,0.0,BU,7084800.0,15914100.0,False,0.0,10:48:21
19300.0,1000,-650.0,0.0,BU,7084600.0,15914100.0,False,0.0,10:48:21
19300.0,1400,-650.0,0.0,BU,7083600.0,15914100.0,False,0.0,10:48:21
19300.0,600,-650.0,0.0,SD,7082200.0,15914100.0,False,0.0,10:48:17
19300.0,1000,-650.0,0.0,SD,7082200.0,15913500.0,False,0.0,10:48:17
19300.0,300,-650.0,0.0,BU,7082200.0,15912500.0,False,0.0,10:48:15
19300.0,500,-650.0,0.0,BU,7081900.0,15912500.0,False,0.0,10:48:15
19300.0,100,-650.0,0.0,BU,7081400.0,15912500.0,False,0.0,10:48:15
19300.0,600,-650.0,0.0,BU,7081300.0,15912500.0,False,0.0,10:48:15
19300.0,1000,-650.0,0.0,BU,7080700.0,15912500.0,False,0.0,10:48:15
19300.0,1000,-650.0,0.0,BU,7079700.0,15912500.0,False,0.0,10:48:15
19300.0,3900,-650.0,0.0,BU,7078700.0,15912500.0,False,0.0,10:48:15
19300.0,200,-650.0,0.0,BU,7074800.0,15912500.0,False,0.0,10:48:15
19300.0,4000,-650.0,0.0,BU,7074600.0,15912500.0,False,0.0,10:48:15
19300.0,5000,-650.0,0.0,BU,7070600.0,15912500.0,False,0.0,10:48:15
19300.0,1000,-650.0,0.0,BU,7065600.0,15912500.0,False,0.0,10:48:15
19300.0,8000,-650.0,0.0,BU,7064600.0,15912500.0,False,0.0,10:48:15
19300.0,100,-650.0,0.0,BU,7056600.0,15912500.0,False,0.0,10:48:15
19300.0,1000,-650.0,0.0,BU,7056500.0,15912500.0,False,0.0,10:48:15
19300.0,300,-650.0,0.0,BU,7055500.0,15912500.0,False,0.0,10:48:15
19300.0,100,-650.0,0.0,BU,7055200.0,15912500.0,False,0.0,10:48:15
19300.0,1300,-650.0,0.0,BU,7055100.0,15912500.0,False,0.0,10:48:15
19300.0,100,-650.0,0.0,BU,7053800.0,15912500.0,False,0.0,10:48:12
19300.0,600,-650.0,0.0,BU,7053700.0,15912500.0,False,0.0,10:48:09
19300.0,400,-650.0,0.0,BU,7053100.0,15912500.0,False,0.0,10:48:09
19300.0,300,-650.0,0.0,BU,7052700.0,15912500.0,False,0.0,10:48:04
19300.0,2000,-650.0,0.0,BU,7052400.0,15912500.0,False,0.0,10:48:03
19300.0,100,-650.0,0.0,BU,7050400.0,15912500.0,False,0.0,10:48:02
19300.0,100,-650.0,0.0,BU,7050300.0,15912500.0,False,50.0,10:48:02
19250.0,2000,-700.0,0.0,SD,7050200.0,15912500.0,False,0.0,10:48:00
19250.0,9100,-700.0,0.0,SD,7050200.0,15910500.0,False,0.0,10:48:00
19250.0,300,-700.0,0.0,SD,7050200.0,15901400.0,False,0.0,10:48:00
19250.0,100,-700.0,0.0,SD,7050200.0,15901100.0,False,0.0,10:48:00
19250.0,1000,-700.0,0.0,SD,7050200.0,15901000.0,False,0.0,10:48:00
19250.0,5000,-700.0,0.0,SD,7050200.0,15900000.0,False,0.0,10:48:00
19250.0,2800,-700.0,0.0,SD,7050200.0,15895000.0,False,0.0,10:48:00
19250.0,5000,-700.0,0.0,SD,7050200.0,15892200.0,False,0.0,10:48:00
19250.0,300,-700.0,0.0,SD,7050200.0,15887200.0,False,0.0,10:48:00
19250.0,1000,-700.0,0.0,SD,7050200.0,15886900.0,False,0.0,10:48:00
19250.0,1000,-700.0,0.0,SD,7050200.0,15885900.0,False,0.0,10:48:00
19250.0,500,-700.0,0.0,SD,7050200.0,15884900.0,False,0.0,10:48:00
19250.0,100,-700.0,0.0,SD,7050200.0,15884400.0,False,0.0,10:48:00
19250.0,200,-700.0,0.0,SD,7050200.0,15884300.0,False,0.0,10:48:00
19250.0,1900,-700.0,0.0,SD,7050200.0,15884100.0,False,0.0,10:48:00
19250.0,500,-700.0,0.0,SD,7050200.0,15882200.0,False,0.0,10:48:00
19250.0,200,-700.0,0.0,SD,7050200.0,15881700.0,False,0.0,10:48:00
19250.0,300,-700.0,0.0,SD,7050200.0,15881500.0,False,0.0,10:48:00
19250.0,2000,-700.0,0.0,SD,7050200.0,15881200.0,False,0.0,10:48:00
19250.0,200,-700.0,0.0,SD,7050200.0,15879200.0,False,0.0,10:48:00
19250.0,500,-700.0,0.0,SD,7050200.0,15879000.0,False,-50.0,10:48:00
19300.0,500,-650.0,0.0,BU,7050200.0,15878500.0,False,0.0,10:48:00
19300.0,7000,-650.0,0.0,BU,7049700.0,15878500.0,False,0.0,10:48:00
19300.0,2000,-650.0,0.0,BU,7042700.0,15878500.0,False,0.0,10:47:58
19300.0,2000,-650.0,0.0,BU,7040700.0,15878500.0,False,0.0,10:47:57
19300.0,100,-650.0,0.0,BU,7038700.0,15878500.0,False,0.0,10:47:56
19300.0,400,-650.0,0.0,BU,7038600.0,15878500.0,False,0.0,10:47:54
19300.0,100,-650.0,0.0,BU,7038200.0,15878500.0,False,0.0,10:47:54
19300.0,400,-650.0,0.0,BU,7038100.0,15878500.0,False,0.0,10:47:54
19300.0,600,-650.0,0.0,SD,7037700.0,15878500.0,False,0.0,10:47:53
19300.0,2000,-650.0,0.0,SD,7037700.0,15877900.0,False,0.0,10:47:53
19300.0,500,-650.0,0.0,SD,7037700.0,15875900.0,False,0.0,10:47:53
19300.0,1500,-650.0,0.0,SD,7037700.0,15875400.0,False,0.0,10:47:53
19300.0,200,-650.0,0.0,SD,7037700.0,15873900.0,False,0.0,10:47:53
19300.0,100,-650.0,0.0,SD,7037700.0,15873700.0,False,0.0,10:47:53
19300.0,300,-650.0,0.0,SD,7037700.0,15873600.0,False,0.0,10:47:53
19300.0,100,-650.0,0.0,SD,7037700.0,15873300.0,False,0.0,10:47:53
19300.0,100,-650.0,0.0,SD,7037700.0,15873200.0,False,0.0,10:47:53
19300.0,500,-650.0,0.0,SD,7037700.0,15873100.0,False,0.0,10:47:53
19300.0,100,-650.0,0.0,SD,7037700.0,15872600.0,False,0.0,10:47:53
19300.0,200,-650.0,0.0,SD,7037700.0,15872500.0,False,0.0,10:47:53
19300.0,300,-650.0,0.0,SD,7037700.0,15872300.0,False,0.0,10:47:53
19300.0,100,-650.0,0.0,SD,7037700.0,15872000.0,False,0.0,10:47:53
19300.0,3500,-650.0,0.0,SD,7037700.0,15871900.0,False,0.0,10:47:53
19300.0,500,-650.0,0.0,SD,7037700.0,15868400.0,False,0.0,10:47:53
19300.0,300,-650.0,0.0,SD,7037700.0,15867900.0,False,0.0,10:47:53
19300.0,500,-650.0,0.0,SD,7037700.0,15867600.0,False,0.0,10:47:53
19300.0,1300,-650.0,0.0,SD,7037700.0,15867100.0,False,0.0,10:47:53
19300.0,100,-650.0,0.0,SD,7037700.0,15865800.0,False,0.0,10:47:53
19300.0,200,-650.0,0.0,SD,7037700.0,15865700.0,False,0.0,10:47:53
19300.0,100,-650.0,0.0,SD,7037700.0,15865500.0,False,0.0,10:47:53
19300.0,400,-650.0,0.0,SD,7037700.0,15865400.0,False,0.0,10:47:45
19300.0,600,-650.0,0.0,SD,7037700.0,15865000.0,False,0.0,10:47:45
19300.0,400,-650.0,0.0,SD,7037700.0,15864400.0,False,0.0,10:47:43
19300.0,400,-650.0,0.0,SD,7037700.0,15864000.0,False,0.0,10:47:43
19300.0,100,-650.0,0.0,SD,7037700.0,15863600.0,False,0.0,10:47:43
19300.0,300,-650.0,0.0,SD,7037700.0,15863500.0,False,0.0,10:47:43
19300.0,200,-650.0,0.0,SD,7037700.0,15863200.0,False,0.0,10:47:43
19300.0,1000,-650.0,0.0,SD,7037700.0,15863000.0,False,0.0,10:47:43
19300.0,500,-650.0,0.0,SD,7037700.0,15862000.0,False,0.0,10:47:43
19300.0,100,-650.0,0.0,SD,7037700.0,15861500.0,False,0.0,10:47:43
19300.0,500,-650.0,0.0,SD,7037700.0,15861400.0,False,0.0,10:47:43
19300.0,2400,-650.0,0.0,SD,7037700.0,15860900.0,False,0.0,10:47:43
19300.0,2100,-650.0,0.0,SD,7037700.0,15858500.0,False,0.0,10:47:43
19300.0,100,-650.0,0.0,SD,7037700.0,15856400.0,False,0.0,10:47:43
19300.0,500,-650.0,0.0,SD,7037700.0,15856300.0,False,0.0,10:47:43
19300.0,400,-650.0,0.0,SD,7037700.0,15855800.0,False,0.0,10:47:43
19300.0,100,-650.0,0.0,SD,7037700.0,15855400.0,False,0.0,10:47:43
19300.0,500,-650.0,0.0,SD,7037700.0,15855300.0,False,0.0,10:47:43
19300.0,800,-650.0,0.0,SD,7037700.0,15854800.0,False,0.0,10:47:43
19300.0,4200,-650.0,0.0,SD,7037700.0,15854000.0,False,0.0,10:47:42
19300.0,100,-650.0,0.0,SD,7037700.0,15849800.0,False,0.0,10:47:42
19300.0,5000,-650.0,0.0,SD,7037700.0,15849700.0,False,0.0,10:47:42
19300.0,1000,-650.0,0.0,SD,7037700.0,15844700.0,False,0.0,10:47:42
19300.0,100,-650.0,0.0,SD,7037700.0,15843700.0,False,0.0,10:47:42
19300.0,500,-650.0,0.0,SD,7037700.0,15843600.0,False,0.0,10:47:42
19300.0,100,-650.0,0.0,SD,7037700.0,15843100.0,False,0.0,10:47:42
19300.0,2000,-650.0,0.0,SD,7037700.0,15843000.0,False,0.0,10:47:42
19300.0,1000,-650.0,0.0,SD,7037700.0,15841000.0,False,0.0,10:47:42
19300.0,1000,-650.0,0.0,SD,7037700.0,15840000.0,False,0.0,10:47:42
19300.0,3000,-650.0,0.0,SD,7037700.0,15839000.0,False,0.0,10:47:42
19300.0,100,-650.0,0.0,SD,7037700.0,15836000.0,False,0.0,10:47:42
19300.0,400,-650.0,0.0,SD,7037700.0,15835900.0,False,0.0,10:47:42
19300.0,5000,-650.0,0.0,SD,7037700.0,15835500.0,False,0.0,10:47:42
19300.0,500,-650.0,0.0,SD,7037700.0,15830500.0,False,0.0,10:47:42
19300.0,300,-650.0,0.0,SD,7037700.0,15830000.0,False,0.0,10:47:42
19300.0,1000,-650.0,0.0,SD,7037700.0,15829700.0,False,0.0,10:47:42
19300.0,1000,-650.0,0.0,SD,7037700.0,15828700.0,False,0.0,10:47:42
19300.0,1000,-650.0,0.0,SD,7037700.0,15827700.0,False,0.0,10:47:42
19300.0,1000,-650.0,0.0,SD,7037700.0,15826700.0,False,0.0,10:47:42
19300.0,1000,-650.0,0.0,SD,7037700.0,15825700.0,False,0.0,10:47:42
19300.0,1000,-650.0,0.0,SD,7037700.0,15824700.0,False,0.0,10:47:42
19300.0,400,-650.0,0.0,SD,7037700.0,15823700.0,False,0.0,10:47:42
19300.0,1000,-650.0,0.0,SD,7037700.0,15823300.0,False,0.0,10:47:42
19300.0,600,-650.0,0.0,SD,7037700.0,15822300.0,False,0.0,10:47:42
19300.0,500,-650.0,0.0,SD,7037700.0,15821700.0,False,0.0,10:47:42
19300.0,500,-650.0,0.0,SD,7037700.0,15821200.0,False,0.0,10:47:42
19300.0,200,-650.0,0.0,SD,7037700.0,15820700.0,False,0.0,10:47:42
19300.0,4900,-650.0,0.0,SD,7037700.0,15820500.0,False,0.0,10:47:42
19300.0,1000,-650.0,0.0,SD,7037700.0,15815600.0,False,0.0,10:47:42
19300.0,100,-650.0,0.0,SD,7037700.0,15814600.0,False,0.0,10:47:42
19300.0,300,-650.0,0.0,SD,7037700.0,15814500.0,False,0.0,10:47:42
19300.0,100,-650.0,0.0,SD,7037700.0,15814200.0,False,0.0,10:47:42
19300.0,500,-650.0,0.0,SD,7037700.0,15814100.0,False,0.0,10:47:42
19300.0,100,-650.0,0.0,SD,7037700.0,15813600.0,False,0.0,10:47:42
19300.0,2100,-650.0,0.0,SD,7037700.0,15813500.0,False,0.0,10:47:42
19300.0,100,-650.0,0.0,SD,7037700.0,15811400.0,False,0.0,10:47:42
19300.0,300,-650.0,0.0,SD,7037700.0,15811300.0,False,0.0,10:47:42
19300.0,1000,-650.0,0.0,SD,7037700.0,15811000.0,False,0.0,10:47:42
19300.0,1000,-650.0,0.0,SD,7037700.0,15810000.0,False,0.0,10:47:42
19300.0,1000,-650.0,0.0,SD,7037700.0,15809000.0,False,0.0,10:47:42
19300.0,100,-650.0,0.0,SD,7037700.0,15808000.0,False,0.0,10:47:42
19300.0,100,-650.0,0.0,SD,7037700.0,15807900.0,False,0.0,10:47:42
19300.0,500,-650.0,0.0,SD,7037700.0,15807800.0,False,0.0,10:47:42
19300.0,8300,-650.0,0.0,SD,7037700.0,15807300.0,False,-50.0,10:47:42
19350.0,100,-600.0,0.0,BU,7037700.0,15799000.0,False,50.0,10:47:40
19300.0,1000,-650.0,0.0,SD,7037600.0,15799000.0,False,0.0,10:47:39
19300.0,700,-650.0,0.0,SD,7037600.0,15798000.0,False,0.0,10:47:39
19300.0,100,-650.0,0.0,SD,7037600.0,15797300.0,False,0.0,10:47:39
19300.0,700,-650.0,0.0,SD,7037600.0,15797200.0,False,0.0,10:47:39
19300.0,2500,-650.0,0.0,SD,7037600.0,15796500.0,False,0.0,10:47:39
19300.0,1000,-650.0,0.0,SD,7037600.0,15794000.0,False,0.0,10:47:37
19300.0,100,-650.0,0.0,SD,7037600.0,15793000.0,False,0.0,10:47:34
19300.0,100,-650.0,0.0,SD,7037600.0,15792900.0,False,0.0,10:47:26
19300.0,900,-650.0,0.0,SD,7037600.0,15792800.0,False,0.0,10:47:25
19300.0,100,-650.0,0.0,SD,7037600.0,15791900.0,False,0.0,10:47:22
19300.0,100,-650.0,0.0,SD,7037600.0,15791800.0,False,0.0,10:47:22
19300.0,200,-650.0,0.0,SD,7037600.0,15791700.0,False,0.0,10:47:22
19300.0,400,-650.0,0.0,SD,7037600.0,15791500.0,False,0.0,10:47:22
19300.0,100,-650.0,0.0,SD,7037600.0,15791100.0,False,0.0,10:47:22
19300.0,100,-650.0,0.0,SD,7037600.0,15791000.0,False,0.0,10:47:22
19300.0,800,-650.0,0.0,SD,7037600.0,15790900.0,False,0.0,10:47:21
19300.0,200,-650.0,0.0,SD,7037600.0,15790100.0,False,0.0,10:47:21
19300.0,100,-650.0,0.0,SD,7037600.0,15789900.0,False,0.0,10:47:21
19300.0,500,-650.0,0.0,SD,7037600.0,15789800.0,False,0.0,10:47:21
19300.0,400,-650.0,0.0,SD,7037600.0,15789300.0,False,0.0,10:47:21
19300.0,600,-650.0,0.0,SD,7037600.0,15788900.0,False,0.0,10:47:19
19300.0,400,-650.0,0.0,SD,7037600.0,15788300.0,False,0.0,10:47:19
19300.0,200,-650.0,0.0,SD,7037600.0,15787900.0,False,-50.0,10:47:19
19350.0,100,-600.0,0.0,BU,7037600.0,15787700.0,False,50.0,10:47:18
19300.0,1000,-650.0,0.0,SD,7037500.0,15787700.0,False,0.0,10:47:14
19300.0,1000,-650.0,0.0,SD,7037500.0,15786700.0,False,0.0,10:47:14
19300.0,500,-650.0,0.0,SD,7037500.0,15785700.0,False,0.0,10:47:14
19300.0,800,-650.0,0.0,SD,7037500.0,15785200.0,False,0.0,10:47:14
19300.0,1000,-650.0,0.0,SD,7037500.0,15784400.0,False,0.0,10:47:14
19300.0,100,-650.0,0.0,SD,7037500.0,15783400.0,False,0.0,10:47:14
19300.0,800,-650.0,0.0,SD,7037500.0,15783300.0,False,0.0,10:47:14
19300.0,100,-650.0,0.0,SD,7037500.0,15782500.0,False,0.0,10:47:14
19300.0,100,-650.0,0.0,SD,7037500.0,15782400.0,False,0.0,10:47:14
19300.0,200,-650.0,0.0,SD,7037500.0,15782300.0,False,0.0,10:47:14
19300.0,5000,-650.0,0.0,SD,7037500.0,15782100.0,False,-50.0,10:47:13
19350.0,200,-600.0,0.0,BU,7037500.0,15777100.0,False,0.0,10:47:13
19350.0,500,-600.0,0.0,BU,7037300.0,15777100.0,False,50.0,10:47:11
19300.0,1000,-650.0,0.0,SD,7036800.0,15777100.0,False,-50.0,10:47:10
19350.0,900,-600.0,0.0,BU,7036800.0,15776100.0,False,0.0,10:47:10
19350.0,200,-600.0,0.0,BU,7035900.0,15776100.0,False,0.0,10:47:08
19350.0,1000,-600.0,0.0,BU,7035700.0,15776100.0,False,0.0,10:47:05
19350.0,200,-600.0,0.0,BU,7034700.0,15776100.0,False,50.0,10:47:05
19300.0,1500,-650.0,0.0,SD,7034500.0,15776100.0,False,-50.0,10:47:04
19350.0,1000,-600.0,0.0,BU,7034500.0,15774600.0,False,0.0,10:46:54
19350.0,400,-600.0,0.0,BU,7033500.0,15774600.0,False,0.0,10:46:50
19350.0,300,-600.0,0.0,BU,7033100.0,15774600.0,False,0.0,10:46:49
19350.0,500,-600.0,0.0,BU,7032800.0,15774600.0,False,0.0,10:46:46
19350.0,500,-600.0,0.0,BU,7032300.0,15774600.0,False,0.0,10:46:44
19350.0,400,-600.0,0.0,BU,7031800.0,15774600.0,False,0.0,10:46:39
19350.0,200,-600.0,0.0,BU,7031400.0,15774600.0,False,0.0,10:46:38
19350.0,100,-600.0,0.0,BU,7031200.0,15774600.0,False,0.0,10:46:37
19350.0,300,-600.0,0.0,BU,7031100.0,15774600.0,False,0.0,10:46:37
19350.0,300,-600.0,0.0,BU,7030800.0,15774600.0,False,0.0,10:46:36
19350.0,1500,-600.0,0.0,BU,7030500.0,15774600.0,False,0.0,10:46:36
19350.0,10000,-600.0,0.0,BU,7029000.0,15774600.0,False,0.0,10:46:35
19350.0,400,-600.0,0.0,BU,7019000.0,15774600.0,False,0.0,10:46:31
19350.0,100,-600.0,0.0,BU,7018600.0,15774600.0,False,0.0,10:46:29
19350.0,2000,-600.0,0.0,BU,7018500.0,15774600.0,False,0.0,10:46:26
19350.0,500,-600.0,0.0,BU,7016500.0,15774600.0,False,0.0,10:46:21
19350.0,100,-600.0,0.0,BU,7016000.0,15774600.0,False,0.0,10:46:21
19350.0,800,-600.0,0.0,BU,7015900.0,15774600.0,False,0.0,10:46:18
19350.0,100,-600.0,0.0,BU,7015100.0,15774600.0,False,50.0,10:46:17
19300.0,200,-650.0,0.0,SD,7015000.0,15774600.0,False,-50.0,10:46:16
19350.0,500,-600.0,0.0,BU,7015000.0,15774400.0,False,0.0,10:46:13
19350.0,100,-600.0,0.0,BU,7014500.0,15774400.0,False,0.0,10:46:01
19350.0,1000,-600.0,0.0,SD,7014400.0,15774400.0,False,0.0,10:45:57
19350.0,3000,-600.0,0.0,SD,7014400.0,15773400.0,False,0.0,10:45:57
19350.0,200,-600.0,0.0,SD,7014400.0,15770400.0,False,0.0,10:45:57
19350.0,500,-600.0,0.0,SD,7014400.0,15770200.0,False,0.0,10:45:57
19350.0,4600,-600.0,0.0,SD,7014400.0,15769700.0,False,0.0,10:45:57
19350.0,8900,-600.0,0.0,SD,7014400.0,15765100.0,False,0.0,10:45:57
19350.0,700,-600.0,0.0,SD,7014400.0,15756200.0,False,0.0,10:45:56
19350.0,100,-600.0,0.0,SD,7014400.0,15755500.0,False,0.0,10:45:49
19350.0,1000,-600.0,0.0,SD,7014400.0,15755400.0,False,0.0,10:45:47
19350.0,1000,-600.0,0.0,SD,7014400.0,15754400.0,False,0.0,10:45:46
19350.0,700,-600.0,0.0,SD,7014400.0,15753400.0,False,0.0,10:45:42
19350.0,100,-600.0,0.0,SD,7014400.0,15752700.0,False,0.0,10:45:42
19350.0,5000,-600.0,0.0,SD,7014400.0,15752600.0,False,0.0,10:45:42
19350.0,200,-600.0,0.0,SD,7014400.0,15747600.0,False,0.0,10:45:42
19350.0,100,-600.0,0.0,SD,7014400.0,15747400.0,False,0.0,10:45:42
19350.0,1000,-600.0,0.0,SD,7014400.0,15747300.0,False,0.0,10:45:41
19350.0,700,-600.0,0.0,SD,7014400.0,15746300.0,False,0.0,10:45:38
19350.0,300,-600.0,0.0,BU,7014400.0,15745600.0,False,0.0,10:45:37
19350.0,1000,-600.0,0.0,BU,7014100.0,15745600.0,False,0.0,10:45:37
19350.0,1000,-600.0,0.0,SD,7013100.0,15745600.0,False,0.0,10:45:33
19350.0,800,-600.0,0.0,SD,7013100.0,15744600.0,False,0.0,10:45:33
19350.0,500,-600.0,0.0,SD,7013100.0,15743800.0,False,0.0,10:45:33
19350.0,2000,-600.0,0.0,SD,7013100.0,15743300.0,False,0.0,10:45:33
19350.0,400,-600.0,0.0,SD,7013100.0,15741300.0,False,0.0,10:45:33
19350.0,3000,-600.0,0.0,SD,7013100.0,15740900.0,False,0.0,10:45:33
19350.0,2300,-600.0,0.0,SD,7013100.0,15737900.0,False,0.0,10:45:33
19350.0,1600,-600.0,0.0,SD,7013100.0,15735600.0,False,0.0,10:45:25
19350.0,700,-600.0,0.0,SD,7013100.0,15734000.0,False,0.0,10:45:20
19350.0,300,-600.0,0.0,SD,7013100.0,15733300.0,False,0.0,10:45:20
19350.0,200,-600.0,0.0,SD,7013100.0,15733000.0,False,0.0,10:45:17
19350.0,1200,-600.0,0.0,SD,7013100.0,15732800.0,False,0.0,10:45:17
19350.0,100,-600.0,0.0,BU,7013100.0,15731600.0,False,0.0,10:45:17
19350.0,1200,-600.0,0.0,BU,7013000.0,15731600.0,False,0.0,10:45:17
19350.0,100,-600.0,0.0,BU,7011800.0,15731600.0,False,0.0,10:45:16
19350.0,700,-600.0,0.0,BU,7011700.0,15731600.0,False,0.0,10:45:15
19350.0,300,-600.0,0.0,BU,7011000.0,15731600.0,False,0.0,10:45:15
19350.0,500,-600.0,0.0,BU,7010700.0,15731600.0,False,0.0,10:45:14
19350.0,100,-600.0,0.0,BU,7010200.0,15731600.0,False,0.0,10:45:12
19350.0,600,-600.0,0.0,BU,7010100.0,15731600.0,False,0.0,10:45:11
19350.0,400,-600.0,0.0,BU,7009500.0,15731600.0,False,0.0,10:45:11
19350.0,200,-600.0,0.0,BU,7009100.0,15731600.0,False,0.0,10:45:10
19350.0,100,-600.0,0.0,BU,7008900.0,15731600.0,False,0.0,10:45:09
19350.0,400,-600.0,0.0,BU,7008800.0,15731600.0,False,0.0,10:45:09
19350.0,2500,-600.0,0.0,BU,7008400.0,15731600.0,False,0.0,10:45:09
19350.0,500,-600.0,0.0,BU,7005900.0,15731600.0,False,0.0,10:45:09
19350.0,1000,-600.0,0.0,BU,7005400.0,15731600.0,False,0.0,10:45:09
19350.0,100,-600.0,0.0,BU,7004400.0,15731600.0,False,0.0,10:45:09
19350.0,400,-600.0,0.0,BU,7004300.0,15731600.0,False,0.0,10:45:09
19350.0,1000,-600.0,0.0,BU,7003900.0,15731600.0,False,0.0,10:45:09
19350.0,100,-600.0,0.0,BU,7002900.0,15731600.0,False,0.0,10:45:08
19350.0,500,-600.0,0.0,BU,7002800.0,15731600.0,False,0.0,10:45:08
19350.0,1000,-600.0,0.0,BU,7002300.0,15731600.0,False,0.0,10:45:07
19350.0,600,-600.0,0.0,BU,7001300.0,15731600.0,False,0.0,10:45:07
19350.0,500,-600.0,0.0,BU,7000700.0,15731600.0,False,0.0,10:45:06
19350.0,1000,-600.0,0.0,BU,7000200.0,15731600.0,False,0.0,10:45:04
19350.0,1500,-600.0,0.0,BU,6999200.0,15731600.0,False,0.0,10:45:04
19350.0,2500,-600.0,0.0,BU,6997700.0,15731600.0,False,0.0,10:45:04
19350.0,100,-600.0,0.0,BU,6995200.0,15731600.0,False,0.0,10:45:03
19350.0,200,-600.0,0.0,BU,6995100.0,15731600.0,False,0.0,10:45:02
19350.0,100,-600.0,0.0,BU,6994900.0,15731600.0,False,50.0,10:45:01
19300.0,3500,-650.0,0.0,SD,6994800.0,15731600.0,False,0.0,10:45:01
19300.0,500,-650.0,0.0,SD,6994800.0,15728100.0,False,0.0,10:45:01
19300.0,100,-650.0,0.0,SD,6994800.0,15727600.0,False,0.0,10:45:01
19300.0,200,-650.0,0.0,SD,6994800.0,15727500.0,False,0.0,10:45:01
19300.0,200,-650.0,0.0,SD,6994800.0,15727300.0,False,0.0,10:45:01
19300.0,1000,-650.0,0.0,SD,6994800.0,15727100.0,False,0.0,10:45:01
19300.0,300,-650.0,0.0,SD,6994800.0,15726100.0,False,0.0,10:45:01
19300.0,700,-650.0,0.0,SD,6994800.0,15725800.0,False,0.0,10:45:01
19300.0,500,-650.0,0.0,SD,6994800.0,15725100.0,False,0.0,10:45:01
19300.0,200,-650.0,0.0,SD,6994800.0,15724600.0,False,0.0,10:45:01
19300.0,200,-650.0,0.0,SD,6994800.0,15724400.0,False,0.0,10:45:01
19300.0,1000,-650.0,0.0,SD,6994800.0,15724200.0,False,0.0,10:45:01
19300.0,200,-650.0,0.0,SD,6994800.0,15723200.0,False,0.0,10:45:01
19300.0,100,-650.0,0.0,SD,6994800.0,15723000.0,False,0.0,10:45:01
19300.0,4900,-650.0,0.0,SD,6994800.0,15722900.0,False,0.0,10:45:01
19300.0,100,-650.0,0.0,SD,6994800.0,15718000.0,False,0.0,10:45:01
19300.0,100,-650.0,0.0,SD,6994800.0,15717900.0,False,0.0,10:45:01
19300.0,100,-650.0,0.0,SD,6994800.0,15717800.0,False,0.0,10:45:01
19300.0,500,-650.0,0.0,SD,6994800.0,15717700.0,False,0.0,10:45:01
19300.0,2000,-650.0,0.0,SD,6994800.0,15717200.0,False,0.0,10:45:01
19300.0,100,-650.0,0.0,SD,6994800.0,15715200.0,False,0.0,10:45:01
19300.0,200,-650.0,0.0,SD,6994800.0,15715100.0,False,0.0,10:45:01
19300.0,1000,-650.0,0.0,SD,6994800.0,15714900.0,False,0.0,10:45:01
19300.0,200,-650.0,0.0,SD,6994800.0,15713900.0,False,0.0,10:45:01
19300.0,2000,-650.0,0.0,SD,6994800.0,15713700.0,False,0.0,10:45:01
19300.0,100,-650.0,0.0,SD,6994800.0,15711700.0,False,-50.0,10:45:01
19350.0,400,-600.0,0.0,BU,6994800.0,15711600.0,False,0.0,10:45:00
19350.0,500,-600.0,0.0,BU,6994400.0,15711600.0,False,0.0,10:45:00
19350.0,2000,-600.0,0.0,BU,6993900.0,15711600.0,False,0.0,10:45:00
19350.0,3600,-600.0,0.0,BU,6991900.0,15711600.0,False,0.0,10:45:00
19350.0,100,-600.0,0.0,BU,6988300.0,15711600.0,False,0.0,10:45:00
19350.0,2000,-600.0,0.0,BU,6988200.0,15711600.0,False,0.0,10:45:00
19350.0,200,-600.0,0.0,BU,6986200.0,15711600.0,False,0.0,10:45:00
19350.0,2000,-600.0,0.0,BU,6986000.0,15711600.0,False,0.0,10:45:00
19350.0,100,-600.0,0.0,BU,6984000.0,15711600.0,False,0.0,10:45:00
19350.0,300,-600.0,0.0,BU,6983900.0,15711600.0,False,0.0,10:45:00
19350.0,1000,-600.0,0.0,BU,6983600.0,15711600.0,False,0.0,10:45:00
19350.0,100,-600.0,0.0,BU,6982600.0,15711600.0,False,0.0,10:45:00
19350.0,1500,-600.0,0.0,BU,6982500.0,15711600.0,False,0.0,10:45:00
19350.0,3000,-600.0,0.0,BU,6981000.0,15711600.0,False,0.0,10:45:00
19350.0,2500,-600.0,0.0,BU,6978000.0,15711600.0,False,0.0,10:45:00
19350.0,700,-600.0,0.0,BU,6975500.0,15711600.0,False,0.0,10:45:00
19350.0,100,-600.0,0.0,BU,6974800.0,15711600.0,False,0.0,10:44:58
19350.0,1200,-600.0,0.0,BU,6974700.0,15711600.0,False,0.0,10:44:56
19350.0,100,-600.0,0.0,BU,6973500.0,15711600.0,False,0.0,10:44:56
19350.0,3000,-600.0,0.0,BU,6973400.0,15711600.0,False,0.0,10:44:56
19350.0,700,-600.0,0.0,BU,6970400.0,15711600.0,False,0.0,10:44:56
19350.0,1000,-600.0,0.0,BU,6969700.0,15711600.0,False,0.0,10:44:56
19350.0,200,-600.0,0.0,BU,6968700.0,15711600.0,False,0.0,10:44:55
19350.0,300,-600.0,0.0,BU,6968500.0,15711600.0,False,0.0,10:44:55
19350.0,500,-600.0,0.0,BU,6968200.0,15711600.0,False,0.0,10:44:52
19350.0,500,-600.0,0.0,BU,6967700.0,15711600.0,False,0.0,10:44:52
19350.0,500,-600.0,0.0,BU,6967200.0,15711600.0,False,0.0,10:44:52
19350.0,400,-600.0,0.0,BU,6966700.0,15711600.0,False,50.0,10:44:52
19300.0,400,-650.0,0.0,SD,6966300.0,15711600.0,False,0.0,10:44:50
19300.0,600,-650.0,0.0,SD,6966300.0,15711200.0,False,-50.0,10:44:50
19350.0,100,-600.0,0.0,BU,6966300.0,15710600.0,False,0.0,10:44:49
19350.0,500,-600.0,0.0,BU,6966200.0,15710600.0,False,0.0,10:44:48
19350.0,500,-600.0,0.0,BU,6965700.0,15710600.0,False,0.0,10:44:48
19350.0,500,-600.0,0.0,BU,6965200.0,15710600.0,False,0.0,10:44:45
19350.0,300,-600.0,0.0,BU,6964700.0,15710600.0,False,0.0,10:44:45
19350.0,200,-600.0,0.0,BU,6964400.0,15710600.0,False,0.0,10:44:45
19350.0,100,-600.0,0.0,BU,6964200.0,15710600.0,False,0.0,10:44:44
19350.0,200,-600.0,0.0,BU,6964100.0,15710600.0,False,0.0,10:44:44
19350.0,1000,-600.0,0.0,BU,6963900.0,15710600.0,False,0.0,10:44:43
19350.0,100,-600.0,0.0,BU,6962900.0,15710600.0,False,0.0,10:44:42
19350.0,200,-600.0,0.0,BU,6962800.0,15710600.0,False,50.0,10:44:42
19300.0,100,-650.0,0.0,SD,6962600.0,15710600.0,False,-50.0,10:44:40
19350.0,800,-600.0,0.0,BU,6962600.0,15710500.0,False,0.0,10:44:36
19350.0,300,-600.0,0.0,BU,6961800.0,15710500.0,False,0.0,10:44:36
19350.0,1000,-600.0,0.0,BU,6961500.0,15710500.0,False,0.0,10:44:36
19350.0,200,-600.0,0.0,BU,6960500.0,15710500.0,False,0.0,10:44:36
19350.0,600,-600.0,0.0,BU,6960300.0,15710500.0,False,0.0,10:44:36
19350.0,400,-600.0,0.0,BU,6959700.0,15710500.0,False,50.0,10:44:36
19300.0,3000,-650.0,0.0,SD,6959300.0,15710500.0,False,0.0,10:44:32
19300.0,1100,-650.0,0.0,SD,6959300.0,15707500.0,False,0.0,10:44:32
19300.0,400,-650.0,0.0,SD,6959300.0,15706400.0,False,0.0,10:44:26
19300.0,500,-650.0,0.0,SD,6959300.0,15706000.0,False,0.0,10:44:26
19300.0,600,-650.0,0.0,SD,6959300.0,15705500.0,False,-50.0,10:44:26
19350.0,600,-600.0,0.0,BU,6959300.0,15704900.0,False,0.0,10:44:23
19350.0,400,-600.0,0.0,BU,6958700.0,15704900.0,False,0.0,10:44:23
19350.0,1000,-600.0,0.0,BU,6958300.0,15704900.0,False,0.0,10:44:21
19350.0,500,-600.0,0.0,BU,6957300.0,15704900.0,False,0.0,10:44:21
19350.0,1000,-600.0,0.0,BU,6956800.0,15704900.0,False,50.0,10:44:21
19300.0,400,-650.0,0.0,SD,6955800.0,15704900.0,False,0.0,10:44:21
19300.0,100,-650.0,0.0,SD,6955800.0,15704500.0,False,0.0,10:44:21
19300.0,500,-650.0,0.0,SD,6955800.0,15704400.0,False,-50.0,10:44:21
19350.0,600,-600.0,0.0,BU,6955800.0,15703900.0,False,0.0,10:44:21
19350.0,500,-600.0,0.0,BU,6955200.0,15703900.0,False,0.0,10:44:21
19350.0,1000,-600.0,0.0,BU,6954700.0,15703900.0,False,0.0,10:44:21
19350.0,2000,-600.0,0.0,BU,6953700.0,15703900.0,False,0.0,10:44:21
19350.0,6600,-600.0,0.0,BU,6951700.0,15703900.0,False,0.0,10:44:21
19350.0,1000,-600.0,0.0,BU,6945100.0,15703900.0,False,0.0,10:44:21
19350.0,100,-600.0,0.0,BU,6944100.0,15703900.0,False,0.0,10:44:21
19350.0,100,-600.0,0.0,BU,6944000.0,15703900.0,False,0.0,10:44:21
19350.0,300,-600.0,0.0,BU,6943900.0,15703900.0,False,0.0,10:44:21
19350.0,700,-600.0,0.0,BU,6943600.0,15703900.0,False,0.0,10:44:21
19350.0,300,-600.0,0.0,BU,6942900.0,15703900.0,False,0.0,10:44:21
19350.0,300,-600.0,0.0,BU,6942600.0,15703900.0,False,0.0,10:44:21
19350.0,500,-600.0,0.0,BU,6942300.0,15703900.0,False,0.0,10:44:21
19350.0,300,-600.0,0.0,BU,6941800.0,15703900.0,False,0.0,10:44:19
19350.0,200,-600.0,0.0,BU,6941500.0,15703900.0,False,0.0,10:44:19
19350.0,800,-600.0,0.0,BU,6941300.0,15703900.0,False,0.0,10:44:14
19350.0,200,-600.0,0.0,BU,6940500.0,15703900.0,False,0.0,10:44:14
19350.0,300,-600.0,0.0,BU,6940300.0,15703900.0,False,0.0,10:44:11
19350.0,500,-600.0,0.0,BU,6940000.0,15703900.0,False,0.0,10:44:11
19350.0,200,-600.0,0.0,BU,6939500.0,15703900.0,False,0.0,10:44:11
19350.0,800,-600.0,0.0,BU,6939300.0,15703900.0,False,0.0,10:44:11
19350.0,300,-600.0,0.0,BU,6938500.0,15703900.0,False,0.0,10:44:11
19350.0,400,-600.0,0.0,BU,6938200.0,15703900.0,False,0.0,10:44:11
19350.0,100,-600.0,0.0,BU,6937800.0,15703900.0,False,0.0,10:44:10
19350.0,100,-600.0,0.0,BU,6937700.0,15703900.0,False,0.0,10:44:10
19350.0,200,-600.0,0.0,BU,6937600.0,15703900.0,False,0.0,10:44:10
19350.0,100,-600.0,0.0,BU,6937400.0,15703900.0,False,0.0,10:44:10
19350.0,100,-600.0,0.0,BU,6937300.0,15703900.0,False,0.0,10:44:09
19350.0,800,-600.0,0.0,BU,6937200.0,15703900.0,False,0.0,10:44:06
19350.0,1200,-600.0,0.0,BU,6936400.0,15703900.0,False,50.0,10:44:06
19300.0,500,-650.0,0.0,SD,6935200.0,15703900.0,False,-50.0,10:44:04
19350.0,100,-600.0,0.0,BU,6935200.0,15703400.0,False,0.0,10:44:04
19350.0,1000,-600.0,0.0,BU,6935100.0,15703400.0,False,0.0,10:44:03
19350.0,100,-600.0,0.0,BU,6934100.0,15703400.0,False,0.0,10:44:02
19350.0,2000,-600.0,0.0,BU,6934000.0,15703400.0,False,0.0,10:44:02
19350.0,500,-600.0,0.0,BU,6932000.0,15703400.0,False,0.0,10:44:01
19350.0,200,-600.0,0.0,BU,6931500.0,15703400.0,False,0.0,10:44:00
19350.0,500,-600.0,0.0,BU,6931300.0,15703400.0,False,50.0,10:43:55
19300.0,400,-650.0,0.0,SD,6930800.0,15703400.0,False,-50.0,10:43:55
19350.0,600,-600.0,0.0,BU,6930800.0,15703000.0,False,0.0,10:43:54
19350.0,100,-600.0,0.0,BU,6930200.0,15703000.0,False,0.0,10:43:53
19350.0,500,-600.0,0.0,BU,6930100.0,15703000.0,False,0.0,10:43:49
19350.0,800,-600.0,0.0,BU,6929600.0,15703000.0,False,0.0,10:43:48
19350.0,1000,-600.0,0.0,BU,6928800.0,15703000.0,False,0.0,10:43:48
19350.0,100,-600.0,0.0,BU,6927800.0,15703000.0,False,0.0,10:43:44
19350.0,300,-600.0,0.0,BU,6927700.0,15703000.0,False,0.0,10:43:44
19350.0,500,-600.0,0.0,BU,6927400.0,15703000.0,False,0.0,10:43:41
19350.0,500,-600.0,0.0,BU,6926900.0,15703000.0,False,0.0,10:43:36
19350.0,500,-600.0,0.0,BU,6926400.0,15703000.0,False,0.0,10:43:36
19350.0,1000,-600.0,0.0,BU,6925900.0,15703000.0,False,0.0,10:43:33
19350.0,2000,-600.0,0.0,BU,6924900.0,15703000.0,False,0.0,10:43:33
19350.0,500,-600.0,0.0,BU,6922900.0,15703000.0,False,0.0,10:43:33
19350.0,500,-600.0,0.0,BU,6922400.0,15703000.0,False,0.0,10:43:33
19350.0,2000,-600.0,0.0,BU,6921900.0,15703000.0,False,0.0,10:43:33
19350.0,200,-600.0,0.0,BU,6919900.0,15703000.0,False,0.0,10:43:33
19350.0,100,-600.0,0.0,BU,6919700.0,15703000.0,False,0.0,10:43:32
19350.0,500,-600.0,0.0,BU,6919600.0,15703000.0,False,0.0,10:43:31
19350.0,2200,-600.0,0.0,BU,6919100.0,15703000.0,False,0.0,10:43:27
19350.0,100,-600.0,0.0,BU,6916900.0,15703000.0,False,0.0,10:43:26
19350.0,100,-600.0,0.0,BU,6916800.0,15703000.0,False,50.0,10:43:22
19300.0,1000,-650.0,0.0,SD,6916700.0,15703000.0,False,-50.0,10:43:22
19350.0,500,-600.0,0.0,BU,6916700.0,15702000.0,False,50.0,10:43:18
19300.0,300,-650.0,0.0,SD,6916200.0,15702000.0,False,-50.0,10:43:18
19350.0,100,-600.0,0.0,BU,6916200.0,15701700.0,False,0.0,10:43:17
19350.0,4200,-600.0,0.0,BU,6916100.0,15701700.0,False,0.0,10:43:12
19350.0,200,-600.0,0.0,BU,6911900.0,15701700.0,False,0.0,10:43:12
19350.0,400,-600.0,0.0,BU,6911700.0,15701700.0,False,0.0,10:43:12
19350.0,1000,-600.0,0.0,BU,6911300.0,15701700.0,False,0.0,10:43:12
19350.0,100,-600.0,0.0,BU,6910300.0,15701700.0,False,0.0,10:43:12
19350.0,1100,-600.0,0.0,BU,6910200.0,15701700.0,False,0.0,10:43:12
19350.0,300,-600.0,0.0,BU,6909100.0,15701700.0,False,0.0,10:43:11
19350.0,600,-600.0,0.0,BU,6908800.0,15701700.0,False,0.0,10:43:03
19350.0,2000,-600.0,0.0,BU,6908200.0,15701700.0,False,0.0,10:43:03
19350.0,500,-600.0,0.0,BU,6906200.0,15701700.0,False,0.0,10:43:03
19350.0,500,-600.0,0.0,BU,6905700.0,15701700.0,False,0.0,10:43:03
19350.0,800,-600.0,0.0,BU,6905200.0,15701700.0,False,0.0,10:43:03
19350.0,300,-600.0,0.0,BU,6904400.0,15701700.0,False,0.0,10:43:03
19350.0,4300,-600.0,0.0,BU,6904100.0,15701700.0,False,0.0,10:43:03
19350.0,500,-600.0,0.0,BU,6899800.0,15701700.0,False,50.0,10:43:02
19300.0,3800,-650.0,0.0,SD,6899300.0,15701700.0,False,0.0,10:42:59
19300.0,100,-650.0,0.0,SD,6899300.0,15697900.0,False,0.0,10:42:57
19300.0,100,-650.0,0.0,SD,6899300.0,15697800.0,False,0.0,10:42:51
19300.0,300,-650.0,0.0,SD,6899300.0,15697700.0,False,0.0,10:42:51
19300.0,5000,-650.0,0.0,SD,6899300.0,15697400.0,False,0.0,10:42:49
19300.0,100,-650.0,0.0,SD,6899300.0,15692400.0,False,0.0,10:42:48
19300.0,1800,-650.0,0.0,SD,6899300.0,15692300.0,False,0.0,10:42:47
19300.0,10000,-650.0,0.0,SD,6899300.0,15690500.0,False,-50.0,10:42:45
19350.0,200,-600.0,0.0,BU,6899300.0,15680500.0,False,50.0,10:42:45
19300.0,1000,-650.0,0.0,SD,6899100.0,15680500.0,False,0.0,10:42:41
19300.0,100,-650.0,0.0,SD,6899100.0,15679500.0,False,0.0,10:42:41
19300.0,2000,-650.0,0.0,SD,6899100.0,15679400.0,False,0.0,10:42:41
19300.0,200,-650.0,0.0,SD,6899100.0,15677400.0,False,0.0,10:42:38
19300.0,2800,-650.0,0.0,SD,6899100.0,15677200.0,False,0.0,10:42:37
19300.0,500,-650.0,0.0,SD,6899100.0,15674400.0,False,0.0,10:42:37
19300.0,600,-650.0,0.0,SD,6899100.0,15673900.0,False,0.0,10:42:37
19300.0,800,-650.0,0.0,SD,6899100.0,15673300.0,False,-50.0,10:42:37
19350.0,200,-600.0,0.0,BU,6899100.0,15672500.0,False,50.0,10:42:36
19300.0,700,-650.0,0.0,SD,6898900.0,15672500.0,False,0.0,10:42:36
19300.0,1000,-650.0,0.0,SD,6898900.0,15671800.0,False,0.0,10:42:36
19300.0,100,-650.0,0.0,SD,6898900.0,15670800.0,False,0.0,10:42:36
19300.0,3100,-650.0,0.0,SD,6898900.0,15670700.0,False,0.0,10:42:36
19300.0,100,-650.0,0.0,SD,6898900.0,15667600.0,False,0.0,10:42:36
19300.0,500,-650.0,0.0,SD,6898900.0,15667500.0,False,0.0,10:42:32
19300.0,1400,-650.0,0.0,SD,6898900.0,15667000.0,False,0.0,10:42:31
19300.0,1200,-650.0,0.0,SD,6898900.0,15665600.0,False,0.0,10:42:31
19300.0,100,-650.0,0.0,SD,6898900.0,15664400.0,False,0.0,10:42:31
19300.0,300,-650.0,0.0,SD,6898900.0,15664300.0,False,0.0,10:42:31
19300.0,100,-650.0,0.0,SD,6898900.0,15664000.0,False,0.0,10:42:25
19300.0,200,-650.0,0.0,SD,6898900.0,15663900.0,False,0.0,10:42:24
19300.0,200,-650.0,0.0,SD,6898900.0,15663700.0,False,0.0,10:42:24
19300.0,1000,-650.0,0.0,SD,6898900.0,15663500.0,False,0.0,10:42:24
19300.0,300,-650.0,0.0,SD,6898900.0,15662500.0,False,0.0,10:42:24
19300.0,400,-650.0,0.0,SD,6898900.0,15662200.0,False,0.0,10:42:24
19300.0,500,-650.0,0.0,SD,6898900.0,15661800.0,False,0.0,10:42:24
19300.0,100,-650.0,0.0,SD,6898900.0,15661300.0,False,0.0,10:42:24
19300.0,200,-650.0,0.0,SD,6898900.0,15661200.0,False,0.0,10:42:24
19300.0,500,-650.0,0.0,SD,6898900.0,15661000.0,False,0.0,10:42:24
19300.0,1000,-650.0,0.0,SD,6898900.0,15660500.0,False,0.0,10:42:21
19300.0,100,-650.0,0.0,SD,6898900.0,15659500.0,False,0.0,10:42:14
19300.0,100,-650.0,0.0,BU,6898900.0,15659400.0,False,0.0,10:42:09
19300.0,800,-650.0,0.0,BU,6898800.0,15659400.0,False,0.0,10:42:09
19300.0,3200,-650.0,0.0,BU,6898000.0,15659400.0,False,0.0,10:42:09
19300.0,1000,-650.0,0.0,BU,6894800.0,15659400.0,False,0.0,10:42:09
19300.0,200,-650.0,0.0,BU,6893800.0,15659400.0,False,0.0,10:42:09
19300.0,300,-650.0,0.0,BU,6893600.0,15659400.0,False,0.0,10:42:09
19300.0,500,-650.0,0.0,BU,6893300.0,15659400.0,False,0.0,10:42:09
19300.0,200,-650.0,0.0,BU,6892800.0,15659400.0,False,0.0,10:42:09
19300.0,100,-650.0,0.0,BU,6892600.0,15659400.0,False,0.0,10:42:09
19300.0,200,-650.0,0.0,BU,6892500.0,15659400.0,False,0.0,10:42:09
19300.0,900,-650.0,0.0,BU,6892300.0,15659400.0,False,0.0,10:42:09
19300.0,2000,-650.0,0.0,BU,6891400.0,15659400.0,False,0.0,10:42:07
19300.0,400,-650.0,0.0,BU,6889400.0,15659400.0,False,0.0,10:42:06
19300.0,500,-650.0,0.0,BU,6889000.0,15659400.0,False,0.0,10:42:06
19300.0,5000,-650.0,0.0,BU,6888500.0,15659400.0,False,0.0,10:42:05
19300.0,1500,-650.0,0.0,BU,6883500.0,15659400.0,False,0.0,10:42:05
19300.0,2400,-650.0,0.0,BU,6882000.0,15659400.0,False,0.0,10:42:05
19300.0,100,-650.0,0.0,BU,6879600.0,15659400.0,False,50.0,10:42:04
19250.0,300,-700.0,0.0,SD,6879500.0,15659400.0,False,-50.0,10:42:03
19300.0,2900,-650.0,0.0,BU,6879500.0,15659100.0,False,0.0,10:42:03
19300.0,200,-650.0,0.0,BU,6876600.0,15659100.0,False,0.0,10:42:03
19300.0,1000,-650.0,0.0,BU,6876400.0,15659100.0,False,0.0,10:42:03
19300.0,500,-650.0,0.0,BU,6875400.0,15659100.0,False,0.0,10:42:03
19300.0,400,-650.0,0.0,BU,6874900.0,15659100.0,False,0.0,10:42:03
19300.0,100,-650.0,0.0,BU,6874500.0,15659100.0,False,0.0,10:42:03
19300.0,200,-650.0,0.0,BU,6874400.0,15659100.0,False,0.0,10:42:02
19300.0,600,-650.0,0.0,BU,6874200.0,15659100.0,False,0.0,10:42:01
19300.0,100,-650.0,0.0,BU,6873600.0,15659100.0,False,0.0,10:42:01
19300.0,1000,-650.0,0.0,BU,6873500.0,15659100.0,False,0.0,10:42:00
19300.0,500,-650.0,0.0,BU,6872500.0,15659100.0,False,0.0,10:41:59
19300.0,500,-650.0,0.0,BU,6872000.0,15659100.0,False,0.0,10:41:58
19300.0,200,-650.0,0.0,BU,6871500.0,15659100.0,False,0.0,10:41:58
19300.0,1000,-650.0,0.0,BU,6871300.0,15659100.0,False,0.0,10:41:58
19300.0,2000,-650.0,0.0,BU,6870300.0,15659100.0,False,0.0,10:41:57
19300.0,400,-650.0,0.0,BU,6868300.0,15659100.0,False,0.0,10:41:56
19300.0,400,-650.0,0.0,BU,6867900.0,15659100.0,False,0.0,10:41:56
19300.0,100,-650.0,0.0,BU,6867500.0,15659100.0,False,0.0,10:41:55
19300.0,1000,-650.0,0.0,BU,6867400.0,15659100.0,False,0.0,10:41:53
19300.0,3000,-650.0,0.0,BU,6866400.0,15659100.0,False,0.0,10:41:53
19300.0,200,-650.0,0.0,BU,6863400.0,15659100.0,False,0.0,10:41:52
19300.0,1000,-650.0,0.0,BU,6863200.0,15659100.0,False,0.0,10:41:52
19300.0,500,-650.0,0.0,BU,6862200.0,15659100.0,False,0.0,10:41:51
19300.0,1000,-650.0,0.0,BU,6861700.0,15659100.0,False,0.0,10:41:51
19300.0,200,-650.0,0.0,BU,6860700.0,15659100.0,False,0.0,10:41:51
19300.0,100,-650.0,0.0,BU,6860500.0,15659100.0,False,0.0,10:41:51
19300.0,300,-650.0,0.0,BU,6860400.0,15659100.0,False,0.0,10:41:50
19300.0,100,-650.0,0.0,BU,6860100.0,15659100.0,False,0.0,10:41:50
19300.0,1100,-650.0,0.0,BU,6860000.0,15659100.0,False,0.0,10:41:49
19300.0,4000,-650.0,0.0,BU,6858900.0,15659100.0,False,0.0,10:41:49
19300.0,100,-650.0,0.0,BU,6854900.0,15659100.0,False,0.0,10:41:49
19300.0,100,-650.0,0.0,BU,6854800.0,15659100.0,False,0.0,10:41:49
19300.0,1900,-650.0,0.0,BU,6854700.0,15659100.0,False,0.0,10:41:49
19300.0,2600,-650.0,0.0,BU,6852800.0,15659100.0,False,0.0,10:41:49
19300.0,1000,-650.0,0.0,BU,6850200.0,15659100.0,False,0.0,10:41:49
19300.0,100,-650.0,0.0,BU,6849200.0,15659100.0,False,0.0,10:41:49
19300.0,200,-650.0,0.0,BU,6849100.0,15659100.0,False,50.0,10:41:49
19250.0,15600,-700.0,0.0,SD,6848900.0,15659100.0,True,0.0,10:41:48
19250.0,100,-700.0,0.0,SD,6848900.0,15643500.0,False,0.0,10:41:48
19250.0,100,-700.0,0.0,SD,6848900.0,15643400.0,False,0.0,10:41:48
19250.0,3000,-700.0,0.0,SD,6848900.0,15643300.0,False,0.0,10:41:48
19250.0,100,-700.0,0.0,SD,6848900.0,15640300.0,False,0.0,10:41:48
19250.0,300,-700.0,0.0,SD,6848900.0,15640200.0,False,0.0,10:41:48
19250.0,300,-700.0,0.0,SD,6848900.0,15639900.0,False,0.0,10:41:48
19250.0,200,-700.0,0.0,SD,6848900.0,15639600.0,False,0.0,10:41:48
19250.0,300,-700.0,0.0,SD,6848900.0,15639400.0,False,0.0,10:41:48
19250.0,2500,-700.0,0.0,SD,6848900.0,15639100.0,False,-50.0,10:41:48
19300.0,100,-650.0,0.0,BU,6848900.0,15636600.0,False,0.0,10:41:47
19300.0,200,-650.0,0.0,BU,6848800.0,15636600.0,False,0.0,10:41:47
19300.0,200,-650.0,0.0,BU,6848600.0,15636600.0,False,0.0,10:41:46
19300.0,600,-650.0,0.0,BU,6848400.0,15636600.0,False,0.0,10:41:45
19300.0,100,-650.0,0.0,BU,6847800.0,15636600.0,False,0.0,10:41:45
19300.0,300,-650.0,0.0,BU,6847700.0,15636600.0,False,0.0,10:41:45
19300.0,500,-650.0,0.0,BU,6847400.0,15636600.0,False,0.0,10:41:44
19300.0,200,-650.0,0.0,BU,6846900.0,15636600.0,False,0.0,10:41:44
19300.0,100,-650.0,0.0,BU,6846700.0,15636600.0,False,0.0,10:41:44
19300.0,200,-650.0,0.0,BU,6846600.0,15636600.0,False,0.0,10:41:44
19300.0,800,-650.0,0.0,BU,6846400.0,15636600.0,False,0.0,10:41:44
19300.0,200,-650.0,0.0,BU,6845600.0,15636600.0,False,0.0,10:41:44
19300.0,200,-650.0,0.0,BU,6845400.0,15636600.0,False,0.0,10:41:44
19300.0,300,-650.0,0.0,BU,6845200.0,15636600.0,False,0.0,10:41:43
19300.0,300,-650.0,0.0,BU,6844900.0,15636600.0,False,0.0,10:41:42
19300.0,100,-650.0,0.0,BU,6844600.0,15636600.0,False,0.0,10:41:42
19300.0,500,-650.0,0.0,BU,6844500.0,15636600.0,False,0.0,10:41:42
19300.0,300,-650.0,0.0,BU,6844000.0,15636600.0,False,0.0,10:41:42
19300.0,1200,-650.0,0.0,BU,6843700.0,15636600.0,False,0.0,10:41:41
19300.0,500,-650.0,0.0,BU,6842500.0,15636600.0,False,0.0,10:41:41
19300.0,100,-650.0,0.0,BU,6842000.0,15636600.0,False,0.0,10:41:40
19300.0,100,-650.0,0.0,BU,6841900.0,15636600.0,False,0.0,10:41:40
19300.0,300,-650.0,0.0,BU,6841800.0,15636600.0,False,0.0,10:41:40
19300.0,300,-650.0,0.0,BU,6841500.0,15636600.0,False,0.0,10:41:40
19300.0,2400,-650.0,0.0,BU,6841200.0,15636600.0,False,0.0,10:41:40
19300.0,100,-650.0,0.0,BU,6838800.0,15636600.0,False,0.0,10:41:39
19300.0,500,-650.0,0.0,BU,6838700.0,15636600.0,False,0.0,10:41:39
19300.0,5000,-650.0,0.0,BU,6838200.0,15636600.0,False,0.0,10:41:39
19300.0,2000,-650.0,0.0,BU,6833200.0,15636600.0,False,0.0,10:41:38
19300.0,100,-650.0,0.0,BU,6831200.0,15636600.0,False,0.0,10:41:38
19300.0,500,-650.0,0.0,BU,6831100.0,15636600.0,False,0.0,10:41:38
19300.0,200,-650.0,0.0,BU,6830600.0,15636600.0,False,0.0,10:41:38
19300.0,2200,-650.0,0.0,BU,6830400.0,15636600.0,False,0.0,10:41:38
19300.0,800,-650.0,0.0,BU,6828200.0,15636600.0,False,0.0,10:41:36
19300.0,300,-650.0,0.0,BU,6827400.0,15636600.0,False,0.0,10:41:36
19300.0,900,-650.0,0.0,BU,6827100.0,15636600.0,False,0.0,10:41:36
19300.0,100,-650.0,0.0,BU,6826200.0,15636600.0,False,0.0,10:41:35
19300.0,200,-650.0,0.0,BU,6826100.0,15636600.0,False,0.0,10:41:32
19300.0,300,-650.0,0.0,BU,6825900.0,15636600.0,False,0.0,10:41:31
19300.0,100,-650.0,0.0,BU,6825600.0,15636600.0,False,0.0,10:41:31
19300.0,300,-650.0,0.0,BU,6825500.0,15636600.0,False,0.0,10:41:30
19300.0,1100,-650.0,0.0,BU,6825200.0,15636600.0,False,0.0,10:41:26
19300.0,100,-650.0,0.0,BU,6824100.0,15636600.0,False,0.0,10:41:26
19300.0,200,-650.0,0.0,BU,6824000.0,15636600.0,False,0.0,10:41:26
19300.0,600,-650.0,0.0,BU,6823800.0,15636600.0,False,0.0,10:41:26
19300.0,400,-650.0,0.0,BU,6823200.0,15636600.0,False,0.0,10:41:25
19300.0,500,-650.0,0.0,BU,6822800.0,15636600.0,False,0.0,10:41:25
19300.0,1000,-650.0,0.0,BU,6822300.0,15636600.0,False,0.0,10:41:25
19300.0,1100,-650.0,0.0,BU,6821300.0,15636600.0,False,0.0,10:41:25
19300.0,1100,-650.0,0.0,BU,6820200.0,15636600.0,False,0.0,10:41:24
19300.0,1300,-650.0,0.0,BU,6819100.0,15636600.0,False,0.0,10:41:24
19300.0,200,-650.0,0.0,BU,6817800.0,15636600.0,False,0.0,10:41:23
19300.0,300,-650.0,0.0,BU,6817600.0,15636600.0,False,0.0,10:41:23
19300.0,100,-650.0,0.0,BU,6817300.0,15636600.0,False,0.0,10:41:23
19300.0,100,-650.0,0.0,BU,6817200.0,15636600.0,False,0.0,10:41:22
19300.0,2900,-650.0,0.0,BU,6817100.0,15636600.0,False,0.0,10:41:22
19300.0,600,-650.0,0.0,BU,6814200.0,15636600.0,False,0.0,10:41:21
19300.0,3900,-650.0,0.0,BU,6813600.0,15636600.0,False,0.0,10:41:20
19300.0,100,-650.0,0.0,BU,6809700.0,15636600.0,False,0.0,10:41:20
19300.0,1000,-650.0,0.0,BU,6809600.0,15636600.0,False,0.0,10:41:20
19300.0,1000,-650.0,0.0,BU,6808600.0,15636600.0,False,0.0,10:41:20
19300.0,1000,-650.0,0.0,BU,6807600.0,15636600.0,False,0.0,10:41:20
19300.0,100,-650.0,0.0,BU,6806600.0,15636600.0,False,0.0,10:41:20
19300.0,600,-650.0,0.0,BU,6806500.0,15636600.0,False,0.0,10:41:20
19300.0,400,-650.0,0.0,BU,6805900.0,15636600.0,False,0.0,10:41:20
19300.0,1000,-650.0,0.0,BU,6805500.0,15636600.0,False,0.0,10:41:20
19300.0,300,-650.0,0.0,BU,6804500.0,15636600.0,False,0.0,10:41:20
19300.0,200,-650.0,0.0,BU,6804200.0,15636600.0,False,0.0,10:41:20
19300.0,500,-650.0,0.0,BU,6804000.0,15636600.0,False,0.0,10:41:20
19300.0,1000,-650.0,0.0,BU,6803500.0,15636600.0,False,0.0,10:41:20
19300.0,500,-650.0,0.0,BU,6802500.0,15636600.0,False,0.0,10:41:20
19300.0,400,-650.0,0.0,BU,6802000.0,15636600.0,False,0.0,10:41:20
19300.0,2000,-650.0,0.0,BU,6801600.0,15636600.0,False,0.0,10:41:20
19300.0,1000,-650.0,0.0,BU,6799600.0,15636600.0,False,0.0,10:41:20
19300.0,300,-650.0,0.0,BU,6798600.0,15636600.0,False,0.0,10:41:20
19300.0,1000,-650.0,0.0,BU,6798300.0,15636600.0,False,0.0,10:41:20
19300.0,500,-650.0,0.0,BU,6797300.0,15636600.0,False,0.0,10:41:20
19300.0,3200,-650.0,0.0,BU,6796800.0,15636600.0,False,0.0,10:41:20
19300.0,5000,-650.0,0.0,BU,6793600.0,15636600.0,False,0.0,10:41:19
19300.0,500,-650.0,0.0,BU,6788600.0,15636600.0,False,0.0,10:41:18
19300.0,300,-650.0,0.0,BU,6788100.0,15636600.0,False,0.0,10:41:16
19300.0,500,-650.0,0.0,BU,6787800.0,15636600.0,False,50.0,10:41:16
19250.0,900,-700.0,0.0,SD,6787300.0,15636600.0,False,-50.0,10:41:15
19300.0,200,-650.0,0.0,BU,6787300.0,15635700.0,False,50.0,10:41:15
19250.0,2000,-700.0,0.0,SD,6787100.0,15635700.0,False,-50.0,10:41:14
19300.0,1900,-650.0,0.0,BU,6787100.0,15633700.0,False,0.0,10:41:12
19300.0,100,-650.0,0.0,BU,6785200.0,15633700.0,False,0.0,10:41:11
19300.0,1500,-650.0,0.0,BU,6785100.0,15633700.0,False,0.0,10:41:04
19300.0,1000,-650.0,0.0,BU,6783600.0,15633700.0,False,0.0,10:41:04
19300.0,800,-650.0,0.0,BU,6782600.0,15633700.0,False,0.0,10:41:01
19300.0,600,-650.0,0.0,BU,6781800.0,15633700.0,False,0.0,10:41:01
19300.0,100,-650.0,0.0,BU,6781200.0,15633700.0,False,0.0,10:41:01
19300.0,100,-650.0,0.0,BU,6781100.0,15633700.0,False,0.0,10:40:57
19300.0,500,-650.0,0.0,BU,6781000.0,15633700.0,False,0.0,10:40:57
19300.0,600,-650.0,0.0,BU,6780500.0,15633700.0,False,0.0,10:40:57
19300.0,600,-650.0,0.0,BU,6779900.0,15633700.0,False,0.0,10:40:57
19300.0,1000,-650.0,0.0,BU,6779300.0,15633700.0,False,50.0,10:40:57
19250.0,100,-700.0,0.0,SD,6778300.0,15633700.0,False,0.0,10:40:56
19250.0,100,-700.0,0.0,SD,6778300.0,15633600.0,False,0.0,10:40:55
19250.0,200,-700.0,0.0,SD,6778300.0,15633500.0,False,0.0,10:40:52
19250.0,2200,-700.0,0.0,SD,6778300.0,15633300.0,False,0.0,10:40:51
19250.0,100,-700.0,0.0,SD,6778300.0,15631100.0,False,-50.0,10:40:51
19300.0,5000,-650.0,0.0,BU,6778300.0,15631000.0,False,50.0,10:40:51
19250.0,1000,-700.0,0.0,SD,6773300.0,15631000.0,False,0.0,10:40:45
19250.0,100,-700.0,0.0,SD,6773300.0,15630000.0,False,0.0,10:40:43
19250.0,1000,-700.0,0.0,BU,6773300.0,15629900.0,False,0.0,10:40:41
19250.0,200,-700.0,0.0,BU,6772300.0,15629900.0,False,0.0,10:40:41
19250.0,300,-700.0,0.0,BU,6772100.0,15629900.0,False,0.0,10:40:41
19250.0,200,-700.0,0.0,BU,6771800.0,15629900.0,False,0.0,10:40:41
19250.0,300,-700.0,0.0,BU,6771600.0,15629900.0,False,0.0,10:40:41
19250.0,200,-700.0,0.0,BU,6771300.0,15629900.0,False,0.0,10:40:41
19250.0,1000,-700.0,0.0,BU,6771100.0,15629900.0,False,0.0,10:40:41
19250.0,100,-700.0,0.0,BU,6770100.0,15629900.0,False,50.0,10:40:41
19200.0,200,-750.0,0.0,SD,6770000.0,15629900.0,False,-50.0,10:40:41
19250.0,200,-700.0,0.0,BU,6770000.0,15629700.0,False,0.0,10:40:40
19250.0,1900,-700.0,0.0,BU,6769800.0,15629700.0,False,0.0,10:40:40
19250.0,100,-700.0,0.0,BU,6767900.0,15629700.0,False,0.0,10:40:40
19250.0,200,-700.0,0.0,BU,6767800.0,15629700.0,False,0.0,10:40:40
19250.0,3400,-700.0,0.0,BU,6767600.0,15629700.0,False,0.0,10:40:40
19250.0,2000,-700.0,0.0,BU,6764200.0,15629700.0,False,0.0,10:40:40
19250.0,500,-700.0,0.0,BU,6762200.0,15629700.0,False,0.0,10:40:40
19250.0,1400,-700.0,0.0,BU,6761700.0,15629700.0,False,0.0,10:40:40
19250.0,200,-700.0,0.0,BU,6760300.0,15629700.0,False,0.0,10:40:40
19250.0,400,-700.0,0.0,BU,6760100.0,15629700.0,False,0.0,10:40:40
19250.0,600,-700.0,0.0,BU,6759700.0,15629700.0,False,0.0,10:40:39
19250.0,1000,-700.0,0.0,BU,6759100.0,15629700.0,False,0.0,10:40:39
19250.0,400,-700.0,0.0,BU,6758100.0,15629700.0,False,0.0,10:40:39
19250.0,1000,-700.0,0.0,BU,6757700.0,15629700.0,False,0.0,10:40:39
19250.0,1500,-700.0,0.0,BU,6756700.0,15629700.0,False,0.0,10:40:38
19250.0,1500,-700.0,0.0,BU,6755200.0,15629700.0,False,0.0,10:40:38
19250.0,10000,-700.0,0.0,BU,6753700.0,15629700.0,False,0.0,10:40:38
19250.0,100,-700.0,0.0,BU,6743700.0,15629700.0,False,0.0,10:40:38
19250.0,100,-700.0,0.0,BU,6743600.0,15629700.0,False,0.0,10:40:38
19250.0,100,-700.0,0.0,BU,6743500.0,15629700.0,False,0.0,10:40:38
19250.0,100,-700.0,0.0,BU,6743400.0,15629700.0,False,0.0,10:40:38
19250.0,1000,-700.0,0.0,BU,6743300.0,15629700.0,False,0.0,10:40:38
19250.0,1000,-700.0,0.0,BU,6742300.0,15629700.0,False,50.0,10:40:38
19200.0,600,-750.0,0.0,SD,6741300.0,15629700.0,False,0.0,10:40:37
19200.0,200,-750.0,0.0,SD,6741300.0,15629100.0,False,0.0,10:40:37
19200.0,1000,-750.0,0.0,SD,6741300.0,15628900.0,False,0.0,10:40:37
19200.0,400,-750.0,0.0,SD,6741300.0,15627900.0,False,0.0,10:40:37
19200.0,1000,-750.0,0.0,SD,6741300.0,15627500.0,False,0.0,10:40:37
19200.0,200,-750.0,0.0,SD,6741300.0,15626500.0,False,0.0,10:40:37
19200.0,500,-750.0,0.0,SD,6741300.0,15626300.0,False,0.0,10:40:37
19200.0,100,-750.0,0.0,SD,6741300.0,15625800.0,False,-50.0,10:40:37
19250.0,1000,-700.0,0.0,BU,6741300.0,15625700.0,False,0.0,10:40:37
19250.0,7900,-700.0,0.0,BU,6740300.0,15625700.0,False,50.0,10:40:36
19200.0,200,-750.0,0.0,SD,6732400.0,15625700.0,False,0.0,10:40:35
19200.0,200,-750.0,0.0,SD,6732400.0,15625500.0,False,0.0,10:40:35
19200.0,300,-750.0,0.0,SD,6732400.0,15625300.0,False,0.0,10:40:35
19200.0,500,-750.0,0.0,SD,6732400.0,15625000.0,False,0.0,10:40:35
19200.0,500,-750.0,0.0,SD,6732400.0,15624500.0,False,0.0,10:40:35
19200.0,100,-750.0,0.0,SD,6732400.0,15624000.0,False,0.0,10:40:35
19200.0,1200,-750.0,0.0,SD,6732400.0,15623900.0,False,-50.0,10:40:35
19250.0,100,-700.0,0.0,BU,6732400.0,15622700.0,False,0.0,10:40:34
19250.0,500,-700.0,0.0,BU,6732300.0,15622700.0,False,0.0,10:40:34
19250.0,1000,-700.0,0.0,BU,6731800.0,15622700.0,False,0.0,10:40:34
19250.0,2500,-700.0,0.0,BU,6730800.0,15622700.0,False,0.0,10:40:32
19250.0,100,-700.0,0.0,BU,6728300.0,15622700.0,False,0.0,10:40:32
19250.0,500,-700.0,0.0,BU,6728200.0,15622700.0,False,0.0,10:40:31
19250.0,300,-700.0,0.0,BU,6727700.0,15622700.0,False,0.0,10:40:30
19250.0,100,-700.0,0.0,BU,6727400.0,15622700.0,False,50.0,10:40:30
19200.0,100,-750.0,0.0,SD,6727300.0,15622700.0,False,-50.0,10:40:28
19250.0,2000,-700.0,0.0,BU,6727300.0,15622600.0,False,0.0,10:40:27
19250.0,100,-700.0,0.0,BU,6725300.0,15622600.0,False,0.0,10:40:27
19250.0,200,-700.0,0.0,BU,6725200.0,15622600.0,False,0.0,10:40:27
19250.0,900,-700.0,0.0,BU,6725000.0,15622600.0,False,0.0,10:40:26
19250.0,100,-700.0,0.0,BU,6724100.0,15622600.0,False,0.0,10:40:26
19250.0,100,-700.0,0.0,BU,6724000.0,15622600.0,False,0.0,10:40:25
19250.0,2000,-700.0,0.0,BU,6723900.0,15622600.0,False,0.0,10:40:25
19250.0,1000,-700.0,0.0,BU,6721900.0,15622600.0,False,0.0,10:40:24
19250.0,400,-700.0,0.0,BU,6720900.0,15622600.0,False,0.0,10:40:20
19250.0,1000,-700.0,0.0,BU,6720500.0,15622600.0,False,0.0,10:40:17
19250.0,200,-700.0,0.0,BU,6719500.0,15622600.0,False,0.0,10:40:15
19250.0,100,-700.0,0.0,BU,6719300.0,15622600.0,False,50.0,10:40:15
19200.0,1700,-750.0,0.0,SD,6719200.0,15622600.0,False,0.0,10:40:14
19200.0,300,-750.0,0.0,SD,6719200.0,15620900.0,False,0.0,10:40:14
19200.0,100,-750.0,0.0,SD,6719200.0,15620600.0,False,0.0,10:40:12
19200.0,500,-750.0,0.0,SD,6719200.0,15620500.0,False,0.0,10:40:12
19200.0,1100,-750.0,0.0,SD,6719200.0,15620000.0,False,0.0,10:40:11
19200.0,100,-750.0,0.0,SD,6719200.0,15618900.0,False,0.0,10:40:11
19200.0,2500,-750.0,0.0,SD,6719200.0,15618800.0,False,0.0,10:40:11
19200.0,200,-750.0,0.0,SD,6719200.0,15616300.0,False,0.0,10:40:11
19200.0,1000,-750.0,0.0,SD,6719200.0,15616100.0,False,0.0,10:40:11
19200.0,900,-750.0,0.0,SD,6719200.0,15615100.0,False,0.0,10:40:11
19200.0,1000,-750.0,0.0,SD,6719200.0,15614200.0,False,0.0,10:40:11
19200.0,100,-750.0,0.0,SD,6719200.0,15613200.0,False,0.0,10:40:11
19200.0,1000,-750.0,0.0,SD,6719200.0,15613100.0,False,0.0,10:40:11
19200.0,500,-750.0,0.0,SD,6719200.0,15612100.0,False,0.0,10:40:11
19200.0,100,-750.0,0.0,SD,6719200.0,15611600.0,False,0.0,10:40:11
19200.0,100,-750.0,0.0,SD,6719200.0,15611500.0,False,0.0,10:40:11
19200.0,100,-750.0,0.0,SD,6719200.0,15611400.0,False,0.0,10:40:11
19200.0,1000,-750.0,0.0,SD,6719200.0,15611300.0,False,0.0,10:40:11
19200.0,1000,-750.0,0.0,SD,6719200.0,15610300.0,False,0.0,10:40:11
19200.0,300,-750.0,0.0,SD,6719200.0,15609300.0,False,0.0,10:40:11
19200.0,9700,-750.0,0.0,SD,6719200.0,15609000.0,False,0.0,10:40:11
19200.0,300,-750.0,0.0,SD,6719200.0,15599300.0,False,0.0,10:40:11
19200.0,5000,-750.0,0.0,SD,6719200.0,15599000.0,False,0.0,10:40:11
19200.0,100,-750.0,0.0,BU,6719200.0,15594000.0,False,0.0,10:40:09
19200.0,1000,-750.0,0.0,BU,6719100.0,15594000.0,False,0.0,10:40:08
19200.0,900,-750.0,0.0,BU,6718100.0,15594000.0,False,0.0,10:40:08
19200.0,100,-750.0,0.0,BU,6717200.0,15594000.0,False,0.0,10:40:08
19200.0,400,-750.0,0.0,BU,6717100.0,15594000.0,False,0.0,10:40:08
19200.0,100,-750.0,0.0,BU,6716700.0,15594000.0,False,0.0,10:40:08
19200.0,300,-750.0,0.0,BU,6716600.0,15594000.0,False,0.0,10:40:08
19200.0,200,-750.0,0.0,BU,6716300.0,15594000.0,False,0.0,10:40:08
19200.0,200,-750.0,0.0,BU,6716100.0,15594000.0,False,50.0,10:40:08
19150.0,1000,-800.0,0.0,SD,6715900.0,15594000.0,False,-50.0,10:40:08
19200.0,300,-750.0,0.0,BU,6715900.0,15593000.0,False,0.0,10:40:08
19200.0,100,-750.0,0.0,BU,6715600.0,15593000.0,False,0.0,10:40:08
19200.0,400,-750.0,0.0,BU,6715500.0,15593000.0,False,0.0,10:40:08
19200.0,100,-750.0,0.0,BU,6715100.0,15593000.0,False,0.0,10:40:08
19200.0,1000,-750.0,0.0,BU,6715000.0,15593000.0,False,0.0,10:40:08
19200.0,200,-750.0,0.0,BU,6714000.0,15593000.0,False,0.0,10:40:08
19200.0,400,-750.0,0.0,BU,6713800.0,15593000.0,False,0.0,10:40:08
19200.0,1000,-750.0,0.0,BU,6713400.0,15593000.0,False,0.0,10:40:08
19200.0,300,-750.0,0.0,BU,6712400.0,15593000.0,False,0.0,10:40:08
19200.0,200,-750.0,0.0,BU,6712100.0,15593000.0,False,0.0,10:40:08
19200.0,300,-750.0,0.0,BU,6711900.0,15593000.0,False,0.0,10:40:08
19200.0,100,-750.0,0.0,BU,6711600.0,15593000.0,False,0.0,10:40:07
19200.0,100,-750.0,0.0,BU,6711500.0,15593000.0,False,0.0,10:40:07
19200.0,100,-750.0,0.0,BU,6711400.0,15593000.0,False,0.0,10:40:07
19200.0,800,-750.0,0.0,BU,6711300.0,15593000.0,False,0.0,10:40:07
19200.0,200,-750.0,0.0,BU,6710500.0,15593000.0,False,0.0,10:40:07
19200.0,500,-750.0,0.0,BU,6710300.0,15593000.0,False,0.0,10:40:07
19200.0,1000,-750.0,0.0,BU,6709800.0,15593000.0,False,0.0,10:40:07
19200.0,300,-750.0,0.0,BU,6708800.0,15593000.0,False,0.0,10:40:07
19200.0,3200,-750.0,0.0,BU,6708500.0,15593000.0,False,0.0,10:40:07
19200.0,500,-750.0,0.0,BU,6705300.0,15593000.0,False,0.0,10:40:07
19200.0,200,-750.0,0.0,BU,6704800.0,15593000.0,False,0.0,10:40:07
19200.0,100,-750.0,0.0,BU,6704600.0,15593000.0,False,0.0,10:40:07
19200.0,200,-750.0,0.0,BU,6704500.0,15593000.0,False,0.0,10:40:07
19200.0,3600,-750.0,0.0,BU,6704300.0,15593000.0,False,0.0,10:40:07
19200.0,500,-750.0,0.0,BU,6700700.0,15593000.0,False,0.0,10:40:07
19200.0,1000,-750.0,0.0,BU,6700200.0,15593000.0,False,0.0,10:40:07
19200.0,100,-750.0,0.0,BU,6699200.0,15593000.0,False,0.0,10:40:07
19200.0,400,-750.0,0.0,BU,6699100.0,15593000.0,False,0.0,10:40:07
19200.0,200,-750.0,0.0,BU,6698700.0,15593000.0,False,0.0,10:40:07
19200.0,1400,-750.0,0.0,BU,6698500.0,15593000.0,False,0.0,10:40:07
19200.0,200,-750.0,0.0,BU,6697100.0,15593000.0,False,0.0,10:40:07
19200.0,700,-750.0,0.0,BU,6696900.0,15593000.0,False,0.0,10:40:07
19200.0,700,-750.0,0.0,BU,6696200.0,15593000.0,False,0.0,10:40:07
19200.0,1000,-750.0,0.0,BU,6695500.0,15593000.0,False,0.0,10:40:07
19200.0,500,-750.0,0.0,BU,6694500.0,15593000.0,False,0.0,10:40:07
19200.0,500,-750.0,0.0,BU,6694000.0,15593000.0,False,0.0,10:40:07
19200.0,500,-750.0,0.0,BU,6693500.0,15593000.0,False,50.0,10:40:07
19150.0,1100,-800.0,0.0,SD,6693000.0,15593000.0,False,-50.0,10:40:06
19200.0,1000,-750.0,0.0,BU,6693000.0,15591900.0,False,0.0,10:40:06
19200.0,1000,-750.0,0.0,BU,6692000.0,15591900.0,False,0.0,10:40:06
19200.0,500,-750.0,0.0,BU,6691000.0,15591900.0,False,0.0,10:40:06
19200.0,4000,-750.0,0.0,BU,6690500.0,15591900.0,False,0.0,10:40:06
19200.0,200,-750.0,0.0,BU,6686500.0,15591900.0,False,0.0,10:40:06
19200.0,800,-750.0,0.0,BU,6686300.0,15591900.0,False,0.0,10:40:06
19200.0,200,-750.0,0.0,BU,6685500.0,15591900.0,False,0.0,10:40:05
19200.0,200,-750.0,0.0,BU,6685300.0,15591900.0,False,0.0,10:40:05
19200.0,2800,-750.0,0.0,BU,6685100.0,15591900.0,False,0.0,10:40:05
19200.0,100,-750.0,0.0,BU,6682300.0,15591900.0,False,0.0,10:40:05
19200.0,500,-750.0,0.0,BU,6682200.0,15591900.0,False,0.0,10:40:05
19200.0,300,-750.0,0.0,BU,6681700.0,15591900.0,False,0.0,10:40:05
19200.0,1300,-750.0,0.0,BU,6681400.0,15591900.0,False,0.0,10:40:05
19200.0,3000,-750.0,0.0,BU,6680100.0,15591900.0,False,0.0,10:40:05
19200.0,300,-750.0,0.0,BU,6677100.0,15591900.0,False,0.0,10:40:05
19200.0,200,-750.0,0.0,BU,6676800.0,15591900.0,False,0.0,10:40:04
19200.0,500,-750.0,0.0,BU,6676600.0,15591900.0,False,0.0,10:40:04
19200.0,500,-750.0,0.0,BU,6676100.0,15591900.0,False,0.0,10:40:04
19200.0,100,-750.0,0.0,BU,6675600.0,15591900.0,False,0.0,10:40:03
19200.0,100,-750.0,0.0,BU,6675500.0,15591900.0,False,0.0,10:40:03
19200.0,200,-750.0,0.0,BU,6675400.0,15591900.0,False,0.0,10:40:03
19200.0,100,-750.0,0.0,BU,6675200.0,15591900.0,False,0.0,10:40:03
19200.0,300,-750.0,0.0,BU,6675100.0,15591900.0,False,0.0,10:40:03
19200.0,700,-750.0,0.0,BU,6674800.0,15591900.0,False,0.0,10:40:03
19200.0,2200,-750.0,0.0,BU,6674100.0,15591900.0,False,0.0,10:40:03
19200.0,100,-750.0,0.0,BU,6671900.0,15591900.0,False,0.0,10:40:03
19200.0,200,-750.0,0.0,BU,6671800.0,15591900.0,False,0.0,10:40:03
19200.0,600,-750.0,0.0,BU,6671600.0,15591900.0,False,0.0,10:40:02
19200.0,100,-750.0,0.0,BU,6671000.0,15591900.0,False,0.0,10:40:02
19200.0,100,-750.0,0.0,BU,6670900.0,15591900.0,False,0.0,10:40:02
19200.0,1500,-750.0,0.0,BU,6670800.0,15591900.0,False,0.0,10:40:02
19200.0,200,-750.0,0.0,BU,6669300.0,15591900.0,False,0.0,10:40:02
19200.0,1000,-750.0,0.0,BU,6669100.0,15591900.0,False,0.0,10:40:02
19200.0,100,-750.0,0.0,BU,6668100.0,15591900.0,False,0.0,10:40:02
19200.0,900,-750.0,0.0,BU,6668000.0,15591900.0,False,0.0,10:40:02
19200.0,600,-750.0,0.0,BU,6667100.0,15591900.0,False,0.0,10:40:02
19200.0,500,-750.0,0.0,BU,6666500.0,15591900.0,False,0.0,10:40:01
19200.0,100,-750.0,0.0,BU,6666000.0,15591900.0,False,0.0,10:40:01
19200.0,100,-750.0,0.0,BU,6665900.0,15591900.0,False,0.0,10:40:01
19200.0,200,-750.0,0.0,BU,6665800.0,15591900.0,False,0.0,10:40:00
19200.0,500,-750.0,0.0,BU,6665600.0,15591900.0,False,0.0,10:40:00
19200.0,9000,-750.0,0.0,BU,6665100.0,15591900.0,False,0.0,10:40:00
19200.0,3400,-750.0,0.0,BU,6656100.0,15591900.0,False,0.0,10:40:00
19200.0,1000,-750.0,0.0,BU,6652700.0,15591900.0,False,0.0,10:40:00
19200.0,100,-750.0,0.0,BU,6651700.0,15591900.0,False,0.0,10:40:00
19200.0,1000,-750.0,0.0,BU,6651600.0,15591900.0,False,0.0,10:40:00
19200.0,300,-750.0,0.0,BU,6650600.0,15591900.0,False,0.0,10:40:00
19200.0,600,-750.0,0.0,BU,6650300.0,15591900.0,False,0.0,10:39:59
19200.0,5000,-750.0,0.0,BU,6649700.0,15591900.0,False,0.0,10:39:59
19200.0,100,-750.0,0.0,BU,6644700.0,15591900.0,False,0.0,10:39:59
19200.0,500,-750.0,0.0,BU,6644600.0,15591900.0,False,0.0,10:39:59
19200.0,500,-750.0,0.0,BU,6644100.0,15591900.0,False,0.0,10:39:59
19200.0,200,-750.0,0.0,BU,6643600.0,15591900.0,False,0.0,10:39:59
19200.0,500,-750.0,0.0,BU,6643400.0,15591900.0,False,0.0,10:39:59
19200.0,100,-750.0,0.0,BU,6642900.0,15591900.0,False,0.0,10:39:58
19200.0,500,-750.0,0.0,BU,6642800.0,15591900.0,False,0.0,10:39:58
19200.0,700,-750.0,0.0,BU,6642300.0,15591900.0,False,0.0,10:39:58
19200.0,100,-750.0,0.0,BU,6641600.0,15591900.0,False,0.0,10:39:58
19200.0,200,-750.0,0.0,BU,6641500.0,15591900.0,False,50.0,10:39:58
19150.0,2000,-800.0,0.0,SD,6641300.0,15591900.0,False,-50.0,10:39:58
19200.0,500,-750.0,0.0,BU,6641300.0,15589900.0,False,0.0,10:39:58
19200.0,300,-750.0,0.0,BU,6640800.0,15589900.0,False,0.0,10:39:58
19200.0,7700,-750.0,0.0,BU,6640500.0,15589900.0,False,0.0,10:39:58
19200.0,500,-750.0,0.0,BU,6632800.0,15589900.0,False,0.0,10:39:57
19200.0,500,-750.0,0.0,BU,6632300.0,15589900.0,False,0.0,10:39:57
19200.0,5000,-750.0,0.0,BU,6631800.0,15589900.0,False,0.0,10:39:57
19200.0,1300,-750.0,0.0,BU,6626800.0,15589900.0,False,0.0,10:39:57
19200.0,1600,-750.0,0.0,BU,6625500.0,15589900.0,False,0.0,10:39:57
19200.0,400,-750.0,0.0,BU,6623900.0,15589900.0,False,0.0,10:39:57
19200.0,600,-750.0,0.0,BU,6623500.0,15589900.0,False,0.0,10:39:57
19200.0,800,-750.0,0.0,BU,6622900.0,15589900.0,False,0.0,10:39:57
19200.0,600,-750.0,0.0,BU,6622100.0,15589900.0,False,0.0,10:39:57
19200.0,200,-750.0,0.0,BU,6621500.0,15589900.0,False,0.0,10:39:57
19200.0,600,-750.0,0.0,BU,6621300.0,15589900.0,False,0.0,10:39:57
19200.0,200,-750.0,0.0,BU,6620700.0,15589900.0,False,0.0,10:39:57
19200.0,200,-750.0,0.0,BU,6620500.0,15589900.0,False,0.0,10:39:57
19200.0,100,-750.0,0.0,BU,6620300.0,15589900.0,False,0.0,10:39:57
19200.0,500,-750.0,0.0,BU,6620200.0,15589900.0,False,0.0,10:39:57
19200.0,1000,-750.0,0.0,BU,6619700.0,15589900.0,False,0.0,10:39:57
19200.0,3000,-750.0,0.0,BU,6618700.0,15589900.0,False,0.0,10:39:57
19200.0,2000,-750.0,0.0,BU,6615700.0,15589900.0,False,0.0,10:39:57
19200.0,2000,-750.0,0.0,BU,6613700.0,15589900.0,False,0.0,10:39:57
19200.0,200,-750.0,0.0,BU,6611700.0,15589900.0,False,0.0,10:39:57
19200.0,2000,-750.0,0.0,BU,6611500.0,15589900.0,False,0.0,10:39:57
19200.0,100,-750.0,0.0,BU,6609500.0,15589900.0,False,0.0,10:39:57
19200.0,500,-750.0,0.0,BU,6609400.0,15589900.0,False,0.0,10:39:57
19200.0,200,-750.0,0.0,BU,6608900.0,15589900.0,False,0.0,10:39:57
19200.0,2500,-750.0,0.0,BU,6608700.0,15589900.0,False,0.0,10:39:57
19200.0,6000,-750.0,0.0,BU,6606200.0,15589900.0,False,0.0,10:39:57
19200.0,200,-750.0,0.0,BU,6600200.0,15589900.0,False,0.0,10:39:57
19200.0,500,-750.0,0.0,BU,6600000.0,15589900.0,False,0.0,10:39:57
19200.0,500,-750.0,0.0,BU,6599500.0,15589900.0,False,0.0,10:39:57
19200.0,200,-750.0,0.0,BU,6599000.0,15589900.0,False,0.0,10:39:57
19200.0,400,-750.0,0.0,BU,6598800.0,15589900.0,False,0.0,10:39:57
19200.0,2000,-750.0,0.0,BU,6598400.0,15589900.0,False,0.0,10:39:57
19200.0,5000,-750.0,0.0,BU,6596400.0,15589900.0,False,0.0,10:39:57
19200.0,10000,-750.0,0.0,BU,6591400.0,15589900.0,False,0.0,10:39:57
19200.0,1100,-750.0,0.0,BU,6581400.0,15589900.0,False,0.0,10:39:57
19200.0,9000,-750.0,0.0,BU,6580300.0,15589900.0,False,0.0,10:39:57
19200.0,500,-750.0,0.0,BU,6571300.0,15589900.0,False,0.0,10:39:57
19200.0,300,-750.0,0.0,BU,6570800.0,15589900.0,False,0.0,10:39:57
19200.0,1000,-750.0,0.0,BU,6570500.0,15589900.0,False,0.0,10:39:56
19200.0,1100,-750.0,0.0,BU,6569500.0,15589900.0,False,0.0,10:39:56
19200.0,500,-750.0,0.0,BU,6568400.0,15589900.0,False,0.0,10:39:56
19200.0,3000,-750.0,0.0,BU,6567900.0,15589900.0,False,0.0,10:39:55
19200.0,200,-750.0,0.0,BU,6564900.0,15589900.0,False,0.0,10:39:55
19200.0,100,-750.0,0.0,BU,6564700.0,15589900.0,False,0.0,10:39:55
19200.0,2000,-750.0,0.0,BU,6564600.0,15589900.0,False,0.0,10:39:55
19200.0,8000,-750.0,0.0,BU,6562600.0,15589900.0,False,0.0,10:39:54
19200.0,100,-750.0,0.0,BU,6554600.0,15589900.0,False,0.0,10:39:54
19200.0,600,-750.0,0.0,BU,6554500.0,15589900.0,False,0.0,10:39:54
19200.0,200,-750.0,0.0,BU,6553900.0,15589900.0,False,0.0,10:39:54
19200.0,500,-750.0,0.0,BU,6553700.0,15589900.0,False,0.0,10:39:54
19200.0,100,-750.0,0.0,BU,6553200.0,15589900.0,False,0.0,10:39:54
19200.0,200,-750.0,0.0,BU,6553100.0,15589900.0,False,0.0,10:39:53
19200.0,5000,-750.0,0.0,BU,6552900.0,15589900.0,False,0.0,10:39:53
19200.0,5000,-750.0,0.0,BU,6547900.0,15589900.0,False,0.0,10:39:52
19200.0,400,-750.0,0.0,BU,6542900.0,15589900.0,False,0.0,10:39:52
19200.0,1000,-750.0,0.0,BU,6542500.0,15589900.0,False,0.0,10:39:52
19200.0,10000,-750.0,0.0,BU,6541500.0,15589900.0,False,0.0,10:39:52
19200.0,500,-750.0,0.0,BU,6531500.0,15589900.0,False,0.0,10:39:51
19200.0,500,-750.0,0.0,BU,6531000.0,15589900.0,False,0.0,10:39:51
19200.0,13200,-750.0,0.0,BU,6530500.0,15589900.0,True,0.0,10:39:51
19200.0,100,-750.0,0.0,BU,6517300.0,15589900.0,False,0.0,10:39:51
19200.0,100,-750.0,0.0,BU,6517200.0,15589900.0,False,0.0,10:39:51
19200.0,1000,-750.0,0.0,BU,6517100.0,15589900.0,False,0.0,10:39:51
19200.0,500,-750.0,0.0,BU,6516100.0,15589900.0,False,0.0,10:39:51
19200.0,5100,-750.0,0.0,BU,6515600.0,15589900.0,False,0.0,10:39:51
19200.0,200,-750.0,0.0,BU,6510500.0,15589900.0,False,0.0,10:39:51
19200.0,100,-750.0,0.0,BU,6510300.0,15589900.0,False,50.0,10:39:51
19150.0,1900,-800.0,0.0,SD,6510200.0,15589900.0,False,-50.0,10:39:51
19200.0,100,-750.0,0.0,BU,6510200.0,15588000.0,False,0.0,10:39:50
19200.0,100,-750.0,0.0,BU,6510100.0,15588000.0,False,0.0,10:39:50
19200.0,1200,-750.0,0.0,BU,6510000.0,15588000.0,False,0.0,10:39:49
19200.0,100,-750.0,0.0,BU,6508800.0,15588000.0,False,0.0,10:39:49
19200.0,1200,-750.0,0.0,BU,6508700.0,15588000.0,False,0.0,10:39:49
19200.0,2500,-750.0,0.0,BU,6507500.0,15588000.0,False,0.0,10:39:49
19200.0,100,-750.0,0.0,BU,6505000.0,15588000.0,False,0.0,10:39:49
19200.0,500,-750.0,0.0,BU,6504900.0,15588000.0,False,0.0,10:39:49
19200.0,1000,-750.0,0.0,BU,6504400.0,15588000.0,False,0.0,10:39:48
19200.0,4000,-750.0,0.0,BU,6503400.0,15588000.0,False,0.0,10:39:48
19200.0,3000,-750.0,0.0,BU,6499400.0,15588000.0,False,0.0,10:39:48
19200.0,300,-750.0,0.0,BU,6496400.0,15588000.0,False,0.0,10:39:48
19200.0,500,-750.0,0.0,BU,6496100.0,15588000.0,False,0.0,10:39:47
19200.0,1200,-750.0,0.0,BU,6495600.0,15588000.0,False,0.0,10:39:47
19200.0,1000,-750.0,0.0,BU,6494400.0,15588000.0,False,0.0,10:39:46
19200.0,1000,-750.0,0.0,BU,6493400.0,15588000.0,False,0.0,10:39:46
19200.0,100,-750.0,0.0,BU,6492400.0,15588000.0,False,0.0,10:39:46
19200.0,3000,-750.0,0.0,BU,6492300.0,15588000.0,False,0.0,10:39:44
19200.0,1800,-750.0,0.0,BU,6489300.0,15588000.0,False,0.0,10:39:44
19200.0,100,-750.0,0.0,BU,6487500.0,15588000.0,False,0.0,10:39:44
19200.0,1000,-750.0,0.0,BU,6487400.0,15588000.0,False,0.0,10:39:44
19200.0,400,-750.0,0.0,BU,6486400.0,15588000.0,False,0.0,10:39:44
19200.0,100,-750.0,0.0,BU,6486000.0,15588000.0,False,0.0,10:39:43
19200.0,300,-750.0,0.0,BU,6485900.0,15588000.0,False,50.0,10:39:43
19150.0,9000,-800.0,0.0,SD,6485600.0,15588000.0,False,-50.0,10:39:43
19200.0,4800,-750.0,0.0,BU,6485600.0,15579000.0,False,0.0,10:39:43
19200.0,300,-750.0,0.0,BU,6480800.0,15579000.0,False,0.0,10:39:42
19200.0,2000,-750.0,0.0,BU,6480500.0,15579000.0,False,0.0,10:39:42
19200.0,10000,-750.0,0.0,BU,6478500.0,15579000.0,False,0.0,10:39:41
19200.0,4000,-750.0,0.0,BU,6468500.0,15579000.0,False,0.0,10:39:41
19200.0,1000,-750.0,0.0,BU,6464500.0,15579000.0,False,0.0,10:39:41
19200.0,20000,-750.0,0.0,BU,6463500.0,15579000.0,True,0.0,10:39:40
19200.0,2000,-750.0,0.0,BU,6443500.0,15579000.0,False,0.0,10:39:40
19200.0,3000,-750.0,0.0,BU,6441500.0,15579000.0,False,0.0,10:39:40
19200.0,8000,-750.0,0.0,BU,6438500.0,15579000.0,False,0.0,10:39:39
19200.0,1000,-750.0,0.0,BU,6430500.0,15579000.0,False,0.0,10:39:39
19200.0,100,-750.0,0.0,BU,6429500.0,15579000.0,False,0.0,10:39:37
19200.0,10000,-750.0,0.0,BU,6429400.0,15579000.0,False,50.0,10:39:36
19150.0,6500,-800.0,0.0,SD,6419400.0,15579000.0,False,-50.0,10:39:36
19200.0,700,-750.0,0.0,BU,6419400.0,15572500.0,False,0.0,10:39:36
19200.0,300,-750.0,0.0,BU,6418700.0,15572500.0,False,0.0,10:39:36
19200.0,200,-750.0,0.0,BU,6418400.0,15572500.0,False,0.0,10:39:35
19200.0,100,-750.0,0.0,BU,6418200.0,15572500.0,False,0.0,10:39:34
19200.0,200,-750.0,0.0,BU,6418100.0,15572500.0,False,0.0,10:39:33
19200.0,200,-750.0,0.0,BU,6417900.0,15572500.0,False,0.0,10:39:32
19200.0,200,-750.0,0.0,BU,6417700.0,15572500.0,False,0.0,10:39:32
19200.0,2000,-750.0,0.0,BU,6417500.0,15572500.0,False,0.0,10:39:32
19200.0,600,-750.0,0.0,BU,6415500.0,15572500.0,False,0.0,10:39:32
19200.0,7000,-750.0,0.0,BU,6414900.0,15572500.0,False,0.0,10:39:32
19200.0,100,-750.0,0.0,BU,6407900.0,15572500.0,False,0.0,10:39:30
19200.0,100,-750.0,0.0,BU,6407800.0,15572500.0,False,0.0,10:39:29
19200.0,100,-750.0,0.0,BU,6407700.0,15572500.0,False,0.0,10:39:28
19200.0,100,-750.0,0.0,BU,6407600.0,15572500.0,False,0.0,10:39:28
19200.0,100,-750.0,0.0,BU,6407500.0,15572500.0,False,50.0,10:39:26
19150.0,6700,-800.0,0.0,SD,6407400.0,15572500.0,False,-50.0,10:39:21
19200.0,9800,-750.0,0.0,BU,6407400.0,15565800.0,False,50.0,10:39:17
19150.0,16800,-800.0,0.0,SD,6397600.0,15565800.0,True,0.0,10:39:17
19150.0,1000,-800.0,0.0,SD,6397600.0,15549000.0,False,0.0,10:39:15
19150.0,1000,-800.0,0.0,SD,6397600.0,15548000.0,False,-50.0,10:39:15
19200.0,2500,-750.0,0.0,BU,6397600.0,15547000.0,False,0.0,10:39:15
19200.0,200,-750.0,0.0,BU,6395100.0,15547000.0,False,0.0,10:39:15
19200.0,100,-750.0,0.0,BU,6394900.0,15547000.0,False,0.0,10:39:14
19200.0,1000,-750.0,0.0,BU,6394800.0,15547000.0,False,0.0,10:39:13
19200.0,500,-750.0,0.0,BU,6393800.0,15547000.0,False,50.0,10:39:13
19150.0,1500,-800.0,0.0,SD,6393300.0,15547000.0,False,0.0,10:39:12
19150.0,500,-800.0,0.0,SD,6393300.0,15545500.0,False,0.0,10:39:11
19150.0,100,-800.0,0.0,SD,6393300.0,15545000.0,False,0.0,10:39:09
19150.0,100,-800.0,0.0,SD,6393300.0,15544900.0,False,0.0,10:39:09
19150.0,200,-800.0,0.0,SD,6393300.0,15544800.0,False,0.0,10:39:09
19150.0,100,-800.0,0.0,SD,6393300.0,15544600.0,False,-50.0,10:39:09
19200.0,100,-750.0,0.0,BU,6393300.0,15544500.0,False,0.0,10:39:09
19200.0,100,-750.0,0.0,BU,6393200.0,15544500.0,False,0.0,10:39:08
19200.0,100,-750.0,0.0,BU,6393100.0,15544500.0,False,0.0,10:39:08
19200.0,500,-750.0,0.0,BU,6393000.0,15544500.0,False,50.0,10:39:07
19150.0,600,-800.0,0.0,SD,6392500.0,15544500.0,False,0.0,10:39:04
19150.0,400,-800.0,0.0,SD,6392500.0,15543900.0,False,0.0,10:39:04
19150.0,1000,-800.0,0.0,SD,6392500.0,15543500.0,False,0.0,10:39:04
19150.0,400,-800.0,0.0,SD,6392500.0,15542500.0,False,0.0,10:39:04
19150.0,200,-800.0,0.0,SD,6392500.0,15542100.0,False,0.0,10:39:04
19150.0,100,-800.0,0.0,SD,6392500.0,15541900.0,False,0.0,10:39:03
19150.0,300,-800.0,0.0,SD,6392500.0,15541800.0,False,-50.0,10:39:03
19200.0,300,-750.0,0.0,BU,6392500.0,15541500.0,False,0.0,10:39:03
19200.0,700,-750.0,0.0,BU,6392200.0,15541500.0,False,0.0,10:39:03
19200.0,100,-750.0,0.0,BU,6391500.0,15541500.0,False,0.0,10:39:03
19200.0,1000,-750.0,0.0,BU,6391400.0,15541500.0,False,0.0,10:39:02
19200.0,500,-750.0,0.0,BU,6390400.0,15541500.0,False,0.0,10:39:02
19200.0,500,-750.0,0.0,BU,6389900.0,15541500.0,False,0.0,10:39:02
19200.0,300,-750.0,0.0,BU,6389400.0,15541500.0,False,50.0,10:39:02
19150.0,700,-800.0,0.0,SD,6389100.0,15541500.0,False,0.0,10:39:01
19150.0,3300,-800.0,0.0,SD,6389100.0,15540800.0,False,0.0,10:39:01
19150.0,1000,-800.0,0.0,SD,6389100.0,15537500.0,False,0.0,10:39:00
19150.0,6700,-800.0,0.0,SD,6389100.0,15536500.0,False,0.0,10:39:00
19150.0,100,-800.0,0.0,SD,6389100.0,15529800.0,False,0.0,10:39:00
19150.0,2000,-800.0,0.0,SD,6389100.0,15529700.0,False,0.0,10:39:00
19150.0,300,-800.0,0.0,SD,6389100.0,15527700.0,False,0.0,10:39:00
19150.0,100,-800.0,0.0,SD,6389100.0,15527400.0,False,0.0,10:39:00
19150.0,100,-800.0,0.0,SD,6389100.0,15527300.0,False,0.0,10:39:00
19150.0,100,-800.0,0.0,SD,6389100.0,15527200.0,False,0.0,10:39:00
19150.0,400,-800.0,0.0,SD,6389100.0,15527100.0,False,0.0,10:39:00
19150.0,3400,-800.0,0.0,SD,6389100.0,15526700.0,False,0.0,10:39:00
19150.0,1300,-800.0,0.0,SD,6389100.0,15523300.0,False,0.0,10:39:00
19150.0,1000,-800.0,0.0,SD,6389100.0,15522000.0,False,0.0,10:39:00
19150.0,1000,-800.0,0.0,SD,6389100.0,15521000.0,False,0.0,10:39:00
19150.0,2000,-800.0,0.0,SD,6389100.0,15520000.0,False,-50.0,10:39:00
19200.0,200,-750.0,0.0,BU,6389100.0,15518000.0,False,50.0,10:38:59
19150.0,500,-800.0,0.0,SD,6388900.0,15518000.0,False,0.0,10:38:58
19150.0,1600,-800.0,0.0,SD,6388900.0,15517500.0,False,0.0,10:38:58
19150.0,1000,-800.0,0.0,SD,6388900.0,15515900.0,False,0.0,10:38:58
19150.0,400,-800.0,0.0,SD,6388900.0,15514900.0,False,0.0,10:38:58
19150.0,100,-800.0,0.0,SD,6388900.0,15514500.0,False,-50.0,10:38:58
19200.0,400,-750.0,0.0,BU,6388900.0,15514400.0,False,0.0,10:38:58
19200.0,100,-750.0,0.0,BU,6388500.0,15514400.0,False,0.0,10:38:58
19200.0,5400,-750.0,0.0,BU,6388400.0,15514400.0,False,0.0,10:38:57
19200.0,3400,-750.0,0.0,BU,6383000.0,15514400.0,False,50.0,10:38:57
19150.0,500,-800.0,0.0,SD,6379600.0,15514400.0,False,-50.0,10:38:57
19200.0,200,-750.0,0.0,BU,6379600.0,15513900.0,False,0.0,10:38:54
19200.0,3000,-750.0,0.0,BU,6379400.0,15513900.0,False,50.0,10:38:54
19150.0,200,-800.0,0.0,SD,6376400.0,15513900.0,False,-50.0,10:38:54
19200.0,200,-750.0,0.0,BU,6376400.0,15513700.0,False,0.0,10:38:53
19200.0,500,-750.0,0.0,BU,6376200.0,15513700.0,False,0.0,10:38:51
19200.0,3200,-750.0,0.0,BU,6375700.0,15513700.0,False,0.0,10:38:51
19200.0,100,-750.0,0.0,BU,6372500.0,15513700.0,False,0.0,10:38:51
19200.0,200,-750.0,0.0,BU,6372400.0,15513700.0,False,0.0,10:38:51
19200.0,200,-750.0,0.0,BU,6372200.0,15513700.0,False,0.0,10:38:51
19200.0,300,-750.0,0.0,BU,6372000.0,15513700.0,False,50.0,10:38:51
19150.0,600,-800.0,0.0,SD,6371700.0,15513700.0,False,0.0,10:38:51
19150.0,900,-800.0,0.0,SD,6371700.0,15513100.0,False,0.0,10:38:51
19150.0,200,-800.0,0.0,SD,6371700.0,15512200.0,False,0.0,10:38:51
19150.0,100,-800.0,0.0,SD,6371700.0,15512000.0,False,0.0,10:38:51
19150.0,100,-800.0,0.0,SD,6371700.0,15511900.0,False,0.0,10:38:51
19150.0,100,-800.0,0.0,SD,6371700.0,15511800.0,False,0.0,10:38:51
19150.0,1000,-800.0,0.0,SD,6371700.0,15511700.0,False,-50.0,10:38:51
19200.0,100,-750.0,0.0,BU,6371700.0,15510700.0,False,0.0,10:38:51
19200.0,400,-750.0,0.0,BU,6371600.0,15510700.0,False,0.0,10:38:50
19200.0,100,-750.0,0.0,BU,6371200.0,15510700.0,False,50.0,10:38:50
19150.0,400,-800.0,0.0,SD,6371100.0,15510700.0,False,0.0,10:38:50
19150.0,100,-800.0,0.0,SD,6371100.0,15510300.0,False,0.0,10:38:50
19150.0,200,-800.0,0.0,SD,6371100.0,15510200.0,False,0.0,10:38:50
19150.0,100,-800.0,0.0,SD,6371100.0,15510000.0,False,0.0,10:38:50
19150.0,600,-800.0,0.0,SD,6371100.0,15509900.0,False,0.0,10:38:50
19150.0,100,-800.0,0.0,SD,6371100.0,15509300.0,False,0.0,10:38:50
19150.0,100,-800.0,0.0,SD,6371100.0,15509200.0,False,0.0,10:38:50
19150.0,1400,-800.0,0.0,SD,6371100.0,15509100.0,False,0.0,10:38:50
19150.0,100,-800.0,0.0,SD,6371100.0,15507700.0,False,0.0,10:38:48
19150.0,300,-800.0,0.0,SD,6371100.0,15507600.0,False,0.0,10:38:48
19150.0,100,-800.0,0.0,SD,6371100.0,15507300.0,False,0.0,10:38:48
19150.0,200,-800.0,0.0,SD,6371100.0,15507200.0,False,-50.0,10:38:48
19200.0,1000,-750.0,0.0,BU,6371100.0,15507000.0,False,0.0,10:38:47
19200.0,1300,-750.0,0.0,BU,6370100.0,15507000.0,False,0.0,10:38:47
19200.0,300,-750.0,0.0,BU,6368800.0,15507000.0,False,0.0,10:38:47
19200.0,1000,-750.0,0.0,BU,6368500.0,15507000.0,False,0.0,10:38:47
19200.0,700,-750.0,0.0,BU,6367500.0,15507000.0,False,0.0,10:38:47
19200.0,700,-750.0,0.0,BU,6366800.0,15507000.0,False,0.0,10:38:47
19200.0,100,-750.0,0.0,BU,6366100.0,15507000.0,False,0.0,10:38:46
19200.0,500,-750.0,0.0,BU,6366000.0,15507000.0,False,0.0,10:38:46
19200.0,1000,-750.0,0.0,BU,6365500.0,15507000.0,False,0.0,10:38:46
19200.0,100,-750.0,0.0,BU,6364500.0,15507000.0,False,0.0,10:38:46
19200.0,4900,-750.0,0.0,BU,6364400.0,15507000.0,False,0.0,10:38:46
19200.0,800,-750.0,0.0,BU,6359500.0,15507000.0,False,0.0,10:38:46
19200.0,100,-750.0,0.0,BU,6358700.0,15507000.0,False,0.0,10:38:46
19200.0,2000,-750.0,0.0,BU,6358600.0,15507000.0,False,0.0,10:38:46
19200.0,400,-750.0,0.0,BU,6356600.0,15507000.0,False,0.0,10:38:46
19200.0,100,-750.0,0.0,BU,6356200.0,15507000.0,False,0.0,10:38:46
19200.0,1000,-750.0,0.0,BU,6356100.0,15507000.0,False,0.0,10:38:41
19200.0,200,-750.0,0.0,BU,6355100.0,15507000.0,False,0.0,10:38:40
19200.0,200,-750.0,0.0,BU,6354900.0,15507000.0,False,0.0,10:38:40
19200.0,200,-750.0,0.0,BU,6354700.0,15507000.0,False,50.0,10:38:40
19150.0,1000,-800.0,0.0,SD,6354500.0,15507000.0,False,-50.0,10:38:38
19200.0,300,-750.0,0.0,BU,6354500.0,15506000.0,False,50.0,10:38:34
19150.0,200,-800.0,0.0,SD,6354200.0,15506000.0,False,-50.0,10:38:33
19200.0,300,-750.0,0.0,BU,6354200.0,15505800.0,False,0.0,10:38:33
19200.0,100,-750.0,0.0,BU,6353900.0,15505800.0,False,50.0,10:38:32
19150.0,600,-800.0,0.0,SD,6353800.0,15505800.0,False,0.0,10:38:31
19150.0,2400,-800.0,0.0,SD,6353800.0,15505200.0,False,-50.0,10:38:31
19200.0,4400,-750.0,0.0,BU,6353800.0,15502800.0,False,50.0,10:38:31
19150.0,3000,-800.0,0.0,SD,6349400.0,15502800.0,False,-50.0,10:38:29
19200.0,200,-750.0,0.0,BU,6349400.0,15499800.0,False,0.0,10:38:28
19200.0,500,-750.0,0.0,BU,6349200.0,15499800.0,False,0.0,10:38:28
19200.0,300,-750.0,0.0,BU,6348700.0,15499800.0,False,50.0,10:38:28
19150.0,2000,-800.0,0.0,SD,6348400.0,15499800.0,False,-50.0,10:38:27
19200.0,1100,-750.0,0.0,BU,6348400.0,15497800.0,False,0.0,10:38:25
19200.0,100,-750.0,0.0,BU,6347300.0,15497800.0,False,50.0,10:38:25
19150.0,200,-800.0,0.0,SD,6347200.0,15497800.0,False,0.0,10:38:23
19150.0,2200,-800.0,0.0,SD,6347200.0,15497600.0,False,-50.0,10:38:23
19200.0,100,-750.0,0.0,BU,6347200.0,15495400.0,False,0.0,10:38:22
19200.0,3000,-750.0,0.0,BU,6347100.0,15495400.0,False,0.0,10:38:22
19200.0,100,-750.0,0.0,BU,6344100.0,15495400.0,False,50.0,10:38:22
19150.0,100,-800.0,0.0,SD,6344000.0,15495400.0,False,0.0,10:38:19
19150.0,100,-800.0,0.0,SD,6344000.0,15495300.0,False,-50.0,10:38:19
19200.0,300,-750.0,0.0,BU,6344000.0,15495200.0,False,50.0,10:38:18
19150.0,3000,-800.0,0.0,SD,6343700.0,15495200.0,False,0.0,10:38:18
19150.0,500,-800.0,0.0,SD,6343700.0,15492200.0,False,0.0,10:38:18
19150.0,500,-800.0,0.0,SD,6343700.0,15491700.0,False,-50.0,10:38:18
19200.0,300,-750.0,0.0,BU,6343700.0,15491200.0,False,50.0,10:38:16
19150.0,1000,-800.0,0.0,SD,6343400.0,15491200.0,False,-50.0,10:38:16
19200.0,1000,-750.0,0.0,BU,6343400.0,15490200.0,False,0.0,10:38:15
19200.0,1000,-750.0,0.0,BU,6342400.0,15490200.0,False,50.0,10:38:15
19150.0,200,-800.0,0.0,SD,6341400.0,15490200.0,False,0.0,10:38:14
19150.0,200,-800.0,0.0,SD,6341400.0,15490000.0,False,0.0,10:38:14
19150.0,500,-800.0,0.0,SD,6341400.0,15489800.0,False,0.0,10:38:14
19150.0,1000,-800.0,0.0,SD,6341400.0,15489300.0,False,0.0,10:38:14
19150.0,500,-800.0,0.0,SD,6341400.0,15488300.0,False,0.0,10:38:14
19150.0,100,-800.0,0.0,SD,6341400.0,15487800.0,False,0.0,10:38:14
19150.0,500,-800.0,0.0,SD,6341400.0,15487700.0,False,-50.0,10:38:14
19200.0,500,-750.0,0.0,BU,6341400.0,15487200.0,False,0.0,10:38:14
19200.0,3000,-750.0,0.0,BU,6340900.0,15487200.0,False,0.0,10:38:12
19200.0,5000,-750.0,0.0,BU,6337900.0,15487200.0,False,50.0,10:38:12
19150.0,500,-800.0,0.0,SD,6332900.0,15487200.0,False,0.0,10:38:07
19150.0,1000,-800.0,0.0,SD,6332900.0,15486700.0,False,0.0,10:38:07
19150.0,500,-800.0,0.0,SD,6332900.0,15485700.0,False,0.0,10:38:07
19150.0,100,-800.0,0.0,SD,6332900.0,15485200.0,False,0.0,10:38:06
19150.0,400,-800.0,0.0,SD,6332900.0,15485100.0,False,0.0,10:38:05
19150.0,1000,-800.0,0.0,SD,6332900.0,15484700.0,False,0.0,10:38:05
19150.0,2200,-800.0,0.0,SD,6332900.0,15483700.0,False,0.0,10:38:05
19150.0,1400,-800.0,0.0,SD,6332900.0,15481500.0,False,-50.0,10:38:05
19200.0,2000,-750.0,0.0,BU,6332900.0,15480100.0,False,0.0,10:38:03
19200.0,500,-750.0,0.0,BU,6330900.0,15480100.0,False,50.0,10:38:00
19150.0,300,-800.0,0.0,SD,6330400.0,15480100.0,False,0.0,10:38:00
19150.0,100,-800.0,0.0,SD,6330400.0,15479800.0,False,0.0,10:37:59
19150.0,200,-800.0,0.0,SD,6330400.0,15479700.0,False,0.0,10:37:59
19150.0,1000,-800.0,0.0,SD,6330400.0,15479500.0,False,0.0,10:37:56
19150.0,1000,-800.0,0.0,SD,6330400.0,15478500.0,False,0.0,10:37:56
19150.0,10000,-800.0,0.0,SD,6330400.0,15477500.0,False,0.0,10:37:53
19150.0,2800,-800.0,0.0,SD,6330400.0,15467500.0,False,0.0,10:37:52
19150.0,100,-800.0,0.0,SD,6330400.0,15464700.0,False,0.0,10:37:52
19150.0,200,-800.0,0.0,SD,6330400.0,15464600.0,False,0.0,10:37:52
19150.0,2200,-800.0,0.0,SD,6330400.0,15464400.0,False,0.0,10:37:52
19150.0,700,-800.0,0.0,SD,6330400.0,15462200.0,False,0.0,10:37:52
19150.0,1000,-800.0,0.0,BU,6330400.0,15461500.0,False,0.0,10:37:52
19150.0,1000,-800.0,0.0,BU,6329400.0,15461500.0,False,0.0,10:37:51
19150.0,1000,-800.0,0.0,BU,6328400.0,15461500.0,False,0.0,10:37:51
19150.0,2100,-800.0,0.0,BU,6327400.0,15461500.0,False,0.0,10:37:51
19150.0,100,-800.0,0.0,BU,6325300.0,15461500.0,False,0.0,10:37:51
19150.0,1500,-800.0,0.0,BU,6325200.0,15461500.0,False,0.0,10:37:51
19150.0,1000,-800.0,0.0,BU,6323700.0,15461500.0,False,0.0,10:37:51
19150.0,100,-800.0,0.0,BU,6322700.0,15461500.0,False,0.0,10:37:50
19150.0,500,-800.0,0.0,BU,6322600.0,15461500.0,False,50.0,10:37:50
19100.0,400,-850.0,0.0,SD,6322100.0,15461500.0,False,0.0,10:37:50
19100.0,100,-850.0,0.0,SD,6322100.0,15461100.0,False,0.0,10:37:50
19100.0,100,-850.0,0.0,SD,6322100.0,15461000.0,False,-50.0,10:37:50
19150.0,100,-800.0,0.0,BU,6322100.0,15460900.0,False,50.0,10:37:49
19100.0,200,-850.0,0.0,SD,6322000.0,15460900.0,False,0.0,10:37:49
19100.0,200,-850.0,0.0,SD,6322000.0,15460700.0,False,0.0,10:37:49
19100.0,100,-850.0,0.0,SD,6322000.0,15460500.0,False,0.0,10:37:49
19100.0,1200,-850.0,0.0,SD,6322000.0,15460400.0,False,-50.0,10:37:49
19150.0,10000,-800.0,0.0,BU,6322000.0,15459200.0,False,0.0,10:37:48
19150.0,600,-800.0,0.0,BU,6312000.0,15459200.0,False,0.0,10:37:48
19150.0,100,-800.0,0.0,BU,6311400.0,15459200.0,False,0.0,10:37:47
19150.0,1000,-800.0,0.0,BU,6311300.0,15459200.0,False,0.0,10:37:47
19150.0,100,-800.0,0.0,BU,6310300.0,15459200.0,False,0.0,10:37:47
19150.0,100,-800.0,0.0,BU,6310200.0,15459200.0,False,0.0,10:37:47
19150.0,500,-800.0,0.0,BU,6310100.0,15459200.0,False,0.0,10:37:47
19150.0,10000,-800.0,0.0,BU,6309600.0,15459200.0,False,0.0,10:37:47
19150.0,4000,-800.0,0.0,BU,6299600.0,15459200.0,False,0.0,10:37:47
19150.0,3000,-800.0,0.0,BU,6295600.0,15459200.0,False,0.0,10:37:47
19150.0,300,-800.0,0.0,BU,6292600.0,15459200.0,False,0.0,10:37:47
19150.0,2000,-800.0,0.0,BU,6292300.0,15459200.0,False,0.0,10:37:47
19150.0,500,-800.0,0.0,BU,6290300.0,15459200.0,False,0.0,10:37:47
19150.0,200,-800.0,0.0,BU,6289800.0,15459200.0,False,0.0,10:37:47
19150.0,1400,-800.0,0.0,BU,6289600.0,15459200.0,False,0.0,10:37:47
19150.0,10000,-800.0,0.0,BU,6288200.0,15459200.0,False,0.0,10:37:47
19150.0,16900,-800.0,0.0,BU,6278200.0,15459200.0,True,0.0,10:37:47
19150.0,5100,-800.0,0.0,BU,6261300.0,15459200.0,False,0.0,10:37:47
19150.0,900,-800.0,0.0,BU,6256200.0,15459200.0,False,0.0,10:37:47
19150.0,100,-800.0,0.0,BU,6255300.0,15459200.0,False,0.0,10:37:45
19150.0,3000,-800.0,0.0,BU,6255200.0,15459200.0,False,50.0,10:37:45
19100.0,300,-850.0,0.0,SD,6252200.0,15459200.0,False,0.0,10:37:44
19100.0,200,-850.0,0.0,SD,6252200.0,15458900.0,False,0.0,10:37:44
19100.0,500,-850.0,0.0,SD,6252200.0,15458700.0,False,0.0,10:37:44
19100.0,100,-850.0,0.0,SD,6252200.0,15458200.0,False,0.0,10:37:44
19100.0,200,-850.0,0.0,SD,6252200.0,15458100.0,False,0.0,10:37:44
19100.0,200,-850.0,0.0,SD,6252200.0,15457900.0,False,0.0,10:37:44
19100.0,200,-850.0,0.0,SD,6252200.0,15457700.0,False,0.0,10:37:44
19100.0,1000,-850.0,0.0,SD,6252200.0,15457500.0,False,0.0,10:37:44
19100.0,100,-850.0,0.0,SD,6252200.0,15456500.0,False,0.0,10:37:44
19100.0,800,-850.0,0.0,SD,6252200.0,15456400.0,False,0.0,10:37:44
19100.0,200,-850.0,0.0,SD,6252200.0,15455600.0,False,0.0,10:37:44
19100.0,1000,-850.0,0.0,SD,6252200.0,15455400.0,False,0.0,10:37:44
19100.0,100,-850.0,0.0,SD,6252200.0,15454400.0,False,0.0,10:37:44
19100.0,100,-850.0,0.0,SD,6252200.0,15454300.0,False,0.0,10:37:44
19100.0,100,-850.0,0.0,SD,6252200.0,15454200.0,False,0.0,10:37:44
19100.0,100,-850.0,0.0,SD,6252200.0,15454100.0,False,0.0,10:37:44
19100.0,100,-850.0,0.0,SD,6252200.0,15454000.0,False,0.0,10:37:44
19100.0,200,-850.0,0.0,SD,6252200.0,15453900.0,False,0.0,10:37:44
19100.0,2000,-850.0,0.0,SD,6252200.0,15453700.0,False,0.0,10:37:44
19100.0,100,-850.0,0.0,SD,6252200.0,15451700.0,False,0.0,10:37:44
19100.0,2400,-850.0,0.0,SD,6252200.0,15451600.0,False,0.0,10:37:44
19100.0,1000,-850.0,0.0,SD,6252200.0,15449200.0,False,0.0,10:37:44
19100.0,500,-850.0,0.0,SD,6252200.0,15448200.0,False,-50.0,10:37:44
19150.0,1500,-800.0,0.0,BU,6252200.0,15447700.0,False,50.0,10:37:44
19100.0,1000,-850.0,0.0,SD,6250700.0,15447700.0,False,-50.0,10:37:43
19150.0,100,-800.0,0.0,BU,6250700.0,15446700.0,False,50.0,10:37:42
19100.0,500,-850.0,0.0,SD,6250600.0,15446700.0,False,-50.0,10:37:42
19150.0,100,-800.0,0.0,BU,6250600.0,15446200.0,False,50.0,10:37:41
19100.0,200,-850.0,0.0,SD,6250500.0,15446200.0,False,-50.0,10:37:38
19150.0,500,-800.0,0.0,BU,6250500.0,15446000.0,False,0.0,10:37:38
19150.0,3800,-800.0,0.0,BU,6250000.0,15446000.0,False,0.0,10:37:37
19150.0,10000,-800.0,0.0,BU,6246200.0,15446000.0,False,0.0,10:37:37
19150.0,5000,-800.0,0.0,BU,6236200.0,15446000.0,False,0.0,10:37:37
19150.0,500,-800.0,0.0,BU,6231200.0,15446000.0,False,0.0,10:37:37
19150.0,300,-800.0,0.0,BU,6230700.0,15446000.0,False,0.0,10:37:37
19150.0,4000,-800.0,0.0,BU,6230400.0,15446000.0,False,0.0,10:37:37
19150.0,9900,-800.0,0.0,BU,6226400.0,15446000.0,False,0.0,10:37:37
19150.0,300,-800.0,0.0,BU,6216500.0,15446000.0,False,0.0,10:37:37
19150.0,4900,-800.0,0.0,BU,6216200.0,15446000.0,False,0.0,10:37:37
19150.0,1800,-800.0,0.0,BU,6211300.0,15446000.0,False,0.0,10:37:37
19150.0,1500,-800.0,0.0,BU,6209500.0,15446000.0,False,0.0,10:37:37
19150.0,8000,-800.0,0.0,BU,6208000.0,15446000.0,False,50.0,10:37:37
19100.0,300,-850.0,0.0,SD,6200000.0,15446000.0,False,-50.0,10:37:37
19150.0,2000,-800.0,0.0,BU,6200000.0,15445700.0,False,0.0,10:37:37
19150.0,600,-800.0,0.0,BU,6198000.0,15445700.0,False,0.0,10:37:37
19150.0,500,-800.0,0.0,BU,6197400.0,15445700.0,False,0.0,10:37:37
19150.0,8000,-800.0,0.0,BU,6196900.0,15445700.0,False,0.0,10:37:37
19150.0,200,-800.0,0.0,BU,6188900.0,15445700.0,False,0.0,10:37:37
19150.0,2000,-800.0,0.0,BU,6188700.0,15445700.0,False,0.0,10:37:37
19150.0,3000,-800.0,0.0,BU,6186700.0,15445700.0,False,0.0,10:37:37
19150.0,1000,-800.0,0.0,BU,6183700.0,15445700.0,False,0.0,10:37:37
19150.0,6500,-800.0,0.0,BU,6182700.0,15445700.0,False,0.0,10:37:37
19150.0,1000,-800.0,0.0,BU,6176200.0,15445700.0,False,0.0,10:37:37
19150.0,3000,-800.0,0.0,BU,6175200.0,15445700.0,False,0.0,10:37:37
19150.0,36000,-800.0,0.0,BU,6172200.0,15445700.0,True,0.0,10:37:37
19150.0,200,-800.0,0.0,BU,6136200.0,15445700.0,False,0.0,10:37:37
19150.0,15000,-800.0,0.0,BU,6136000.0,15445700.0,True,0.0,10:37:37
19150.0,1000,-800.0,0.0,BU,6121000.0,15445700.0,False,0.0,10:37:37
19150.0,100,-800.0,0.0,BU,6120000.0,15445700.0,False,0.0,10:37:37
19150.0,100,-800.0,0.0,BU,6119900.0,15445700.0,False,0.0,10:37:37
19150.0,13100,-800.0,0.0,BU,6119800.0,15445700.0,True,0.0,10:37:37
19150.0,300,-800.0,0.0,BU,6106700.0,15445700.0,False,0.0,10:37:37
19150.0,500,-800.0,0.0,BU,6106400.0,15445700.0,False,0.0,10:37:37
19150.0,2000,-800.0,0.0,BU,6105900.0,15445700.0,False,0.0,10:37:37
19150.0,2000,-800.0,0.0,BU,6103900.0,15445700.0,False,0.0,10:37:37
19150.0,1000,-800.0,0.0,BU,6101900.0,15445700.0,False,0.0,10:37:37
19150.0,900,-800.0,0.0,BU,6100900.0,15445700.0,False,50.0,10:37:37
19100.0,500,-850.0,0.0,SD,6100000.0,15445700.0,False,0.0,10:37:36
19100.0,3000,-850.0,0.0,SD,6100000.0,15445200.0,False,-50.0,10:37:36
19150.0,2600,-800.0,0.0,BU,6100000.0,15442200.0,False,0.0,10:37:35
19150.0,400,-800.0,0.0,BU,6097400.0,15442200.0,False,0.0,10:37:35
19150.0,1000,-800.0,0.0,BU,6097000.0,15442200.0,False,0.0,10:37:35
19150.0,1000,-800.0,0.0,BU,6096000.0,15442200.0,False,0.0,10:37:35
19150.0,1000,-800.0,0.0,BU,6095000.0,15442200.0,False,0.0,10:37:35
19150.0,4000,-800.0,0.0,BU,6094000.0,15442200.0,False,50.0,10:37:35
19100.0,600,-850.0,0.0,SD,6090000.0,15442200.0,False,0.0,10:37:35
19100.0,100,-850.0,0.0,SD,6090000.0,15441600.0,False,0.0,10:37:35
19100.0,100,-850.0,0.0,SD,6090000.0,15441500.0,False,0.0,10:37:35
19100.0,1000,-850.0,0.0,SD,6090000.0,15441400.0,False,0.0,10:37:35
19100.0,100,-850.0,0.0,SD,6090000.0,15440400.0,False,0.0,10:37:35
19100.0,100,-850.0,0.0,SD,6090000.0,15440300.0,False,0.0,10:37:35
19100.0,500,-850.0,0.0,SD,6090000.0,15440200.0,False,0.0,10:37:35
19100.0,100,-850.0,0.0,SD,6090000.0,15439700.0,False,0.0,10:37:35
19100.0,27400,-850.0,0.0,SD,6090000.0,15439600.0,True,0.0,10:37:35
19100.0,500,-850.0,0.0,SD,6090000.0,15412200.0,False,-50.0,10:37:35
19150.0,100,-800.0,0.0,BU,6090000.0,15411700.0,False,50.0,10:37:34
19100.0,200,-850.0,0.0,SD,6089900.0,15411700.0,False,0.0,10:37:34
19100.0,800,-850.0,0.0,SD,6089900.0,15411500.0,False,0.0,10:37:34
19100.0,7400,-850.0,0.0,SD,6089900.0,15410700.0,False,0.0,10:37:34
19100.0,300,-850.0,0.0,SD,6089900.0,15403300.0,False,0.0,10:37:34
19100.0,3000,-850.0,0.0,SD,6089900.0,15403000.0,False,0.0,10:37:34
19100.0,500,-850.0,0.0,SD,6089900.0,15400000.0,False,0.0,10:37:34
19100.0,800,-850.0,0.0,SD,6089900.0,15399500.0,False,0.0,10:37:34
19100.0,100,-850.0,0.0,SD,6089900.0,15398700.0,False,0.0,10:37:34
19100.0,100,-850.0,0.0,SD,6089900.0,15398600.0,False,0.0,10:37:34
19100.0,200,-850.0,0.0,SD,6089900.0,15398500.0,False,0.0,10:37:33
19100.0,100,-850.0,0.0,SD,6089900.0,15398300.0,False,0.0,10:37:33
19100.0,200,-850.0,0.0,SD,6089900.0,15398200.0,False,0.0,10:37:32
19100.0,200,-850.0,0.0,SD,6089900.0,15398000.0,False,0.0,10:37:32
19100.0,100,-850.0,0.0,SD,6089900.0,15397800.0,False,0.0,10:37:32
19100.0,100,-850.0,0.0,SD,6089900.0,15397700.0,False,0.0,10:37:31
19100.0,600,-850.0,0.0,SD,6089900.0,15397600.0,False,0.0,10:37:31
19100.0,100,-850.0,0.0,SD,6089900.0,15397000.0,False,0.0,10:37:31
19100.0,400,-850.0,0.0,SD,6089900.0,15396900.0,False,0.0,10:37:31
19100.0,100,-850.0,0.0,SD,6089900.0,15396500.0,False,0.0,10:37:31
19100.0,300,-850.0,0.0,SD,6089900.0,15396400.0,False,0.0,10:37:31
19100.0,100,-850.0,0.0,SD,6089900.0,15396100.0,False,0.0,10:37:31
19100.0,100,-850.0,0.0,SD,6089900.0,15396000.0,False,0.0,10:37:31
19100.0,100,-850.0,0.0,SD,6089900.0,15395900.0,False,0.0,10:37:28
19100.0,1800,-850.0,0.0,SD,6089900.0,15395800.0,False,0.0,10:37:28
19100.0,300,-850.0,0.0,SD,6089900.0,15394000.0,False,0.0,10:37:28
19100.0,15000,-850.0,0.0,SD,6089900.0,15393700.0,True,0.0,10:37:26
19100.0,600,-850.0,0.0,SD,6089900.0,15378700.0,False,0.0,10:37:26
19100.0,2500,-850.0,0.0,SD,6089900.0,15378100.0,False,0.0,10:37:25
19100.0,11500,-850.0,0.0,SD,6089900.0,15375600.0,True,0.0,10:37:23
19100.0,5900,-850.0,0.0,SD,6089900.0,15364100.0,False,-50.0,10:37:23
19150.0,100,-800.0,0.0,BU,6089900.0,15358200.0,False,50.0,10:37:23
19100.0,300,-850.0,0.0,SD,6089800.0,15358200.0,False,-50.0,10:37:22
19150.0,100,-800.0,0.0,BU,6089800.0,15357900.0,False,50.0,10:37:21
19100.0,300,-850.0,0.0,SD,6089700.0,15357900.0,False,0.0,10:37:20
19100.0,1000,-850.0,0.0,SD,6089700.0,15357600.0,False,0.0,10:37:20
19100.0,2000,-850.0,0.0,SD,6089700.0,15356600.0,False,0.0,10:37:20
19100.0,1400,-850.0,0.0,SD,6089700.0,15354600.0,False,-50.0,10:37:19
19150.0,300,-800.0,0.0,BU,6089700.0,15353200.0,False,50.0,10:37:17
19100.0,9200,-850.0,0.0,SD,6089400.0,15353200.0,False,0.0,10:37:17
19100.0,1000,-850.0,0.0,SD,6089400.0,15344000.0,False,0.0,10:37:17
19100.0,100,-850.0,0.0,SD,6089400.0,15343000.0,False,0.0,10:37:17
19100.0,100,-850.0,0.0,SD,6089400.0,15342900.0,False,0.0,10:37:17
19100.0,300,-850.0,0.0,SD,6089400.0,15342800.0,False,0.0,10:37:17
19100.0,500,-850.0,0.0,SD,6089400.0,15342500.0,False,0.0,10:37:17
19100.0,500,-850.0,0.0,SD,6089400.0,15342000.0,False,0.0,10:37:17
19100.0,1000,-850.0,0.0,SD,6089400.0,15341500.0,False,0.0,10:37:17
19100.0,100,-850.0,0.0,SD,6089400.0,15340500.0,False,0.0,10:37:17
19100.0,1000,-850.0,0.0,SD,6089400.0,15340400.0,False,0.0,10:37:17
19100.0,300,-850.0,0.0,SD,6089400.0,15339400.0,False,0.0,10:37:17
19100.0,100,-850.0,0.0,SD,6089400.0,15339100.0,False,0.0,10:37:17
19100.0,500,-850.0,0.0,SD,6089400.0,15339000.0,False,0.0,10:37:17
19100.0,200,-850.0,0.0,SD,6089400.0,15338500.0,False,0.0,10:37:17
19100.0,100,-850.0,0.0,SD,6089400.0,15338300.0,False,0.0,10:37:17
19100.0,400,-850.0,0.0,SD,6089400.0,15338200.0,False,0.0,10:37:17
19100.0,200,-850.0,0.0,SD,6089400.0,15337800.0,False,0.0,10:37:17
19100.0,500,-850.0,0.0,SD,6089400.0,15337600.0,False,0.0,10:37:17
19100.0,1000,-850.0,0.0,SD,6089400.0,15337100.0,False,0.0,10:37:17
19100.0,200,-850.0,0.0,SD,6089400.0,15336100.0,False,0.0,10:37:17
19100.0,2000,-850.0,0.0,SD,6089400.0,15335900.0,False,0.0,10:37:17
19100.0,200,-850.0,0.0,SD,6089400.0,15333900.0,False,0.0,10:37:17
19100.0,5000,-850.0,0.0,SD,6089400.0,15333700.0,False,0.0,10:37:17
19100.0,9000,-850.0,0.0,SD,6089400.0,15328700.0,False,0.0,10:37:17
19100.0,300,-850.0,0.0,SD,6089400.0,15319700.0,False,0.0,10:37:17
19100.0,1000,-850.0,0.0,SD,6089400.0,15319400.0,False,0.0,10:37:17
19100.0,2000,-850.0,0.0,SD,6089400.0,15318400.0,False,0.0,10:37:17
19100.0,500,-850.0,0.0,SD,6089400.0,15316400.0,False,0.0,10:37:17
19100.0,100,-850.0,0.0,SD,6089400.0,15315900.0,False,0.0,10:37:17
19100.0,500,-850.0,0.0,SD,6089400.0,15315800.0,False,0.0,10:37:17
19100.0,200,-850.0,0.0,SD,6089400.0,15315300.0,False,0.0,10:37:17
19100.0,500,-850.0,0.0,SD,6089400.0,15315100.0,False,0.0,10:37:17
19100.0,1000,-850.0,0.0,SD,6089400.0,15314600.0,False,0.0,10:37:17
19100.0,500,-850.0,0.0,SD,6089400.0,15313600.0,False,0.0,10:37:17
19100.0,100,-850.0,0.0,SD,6089400.0,15313100.0,False,0.0,10:37:17
19100.0,200,-850.0,0.0,SD,6089400.0,15313000.0,False,0.0,10:37:17
19100.0,200,-850.0,0.0,SD,6089400.0,15312800.0,False,0.0,10:37:17
19100.0,100,-850.0,0.0,SD,6089400.0,15312600.0,False,0.0,10:37:17
19100.0,300,-850.0,0.0,SD,6089400.0,15312500.0,False,0.0,10:37:17
19100.0,700,-850.0,0.0,SD,6089400.0,15312200.0,False,0.0,10:37:17
19100.0,100,-850.0,0.0,SD,6089400.0,15311500.0,False,0.0,10:37:17
19100.0,1000,-850.0,0.0,SD,6089400.0,15311400.0,False,0.0,10:37:17
19100.0,200,-850.0,0.0,SD,6089400.0,15310400.0,False,0.0,10:37:17
19100.0,200,-850.0,0.0,SD,6089400.0,15310200.0,False,0.0,10:37:17
19100.0,1000,-850.0,0.0,SD,6089400.0,15310000.0,False,0.0,10:37:17
19100.0,6000,-850.0,0.0,SD,6089400.0,15309000.0,False,0.0,10:37:17
19100.0,100,-850.0,0.0,SD,6089400.0,15303000.0,False,0.0,10:37:17
19100.0,1000,-850.0,0.0,SD,6089400.0,15302900.0,False,0.0,10:37:17
19100.0,100,-850.0,0.0,SD,6089400.0,15301900.0,False,0.0,10:37:17
19100.0,1000,-850.0,0.0,SD,6089400.0,15301800.0,False,0.0,10:37:17
19100.0,100,-850.0,0.0,SD,6089400.0,15300800.0,False,0.0,10:37:17
19100.0,1000,-850.0,0.0,SD,6089400.0,15300700.0,False,0.0,10:37:17
19100.0,100,-850.0,0.0,SD,6089400.0,15299700.0,False,0.0,10:37:17
19100.0,200,-850.0,0.0,SD,6089400.0,15299600.0,False,0.0,10:37:17
19100.0,100,-850.0,0.0,SD,6089400.0,15299400.0,False,0.0,10:37:17
19100.0,100,-850.0,0.0,SD,6089400.0,15299300.0,False,0.0,10:37:17
19100.0,100,-850.0,0.0,SD,6089400.0,15299200.0,False,0.0,10:37:17
19100.0,2000,-850.0,0.0,SD,6089400.0,15299100.0,False,0.0,10:37:17
19100.0,200,-850.0,0.0,SD,6089400.0,15297100.0,False,0.0,10:37:17
19100.0,200,-850.0,0.0,SD,6089400.0,15296900.0,False,0.0,10:37:17
19100.0,1000,-850.0,0.0,SD,6089400.0,15296700.0,False,0.0,10:37:17
19100.0,1000,-850.0,0.0,SD,6089400.0,15295700.0,False,0.0,10:37:17
19100.0,100,-850.0,0.0,SD,6089400.0,15294700.0,False,0.0,10:37:17
19100.0,8300,-850.0,0.0,SD,6089400.0,15294600.0,False,0.0,10:37:17
19100.0,100,-850.0,0.0,SD,6089400.0,15286300.0,False,0.0,10:37:17
19100.0,1000,-850.0,0.0,SD,6089400.0,15286200.0,False,0.0,10:37:17
19100.0,100,-850.0,0.0,SD,6089400.0,15285200.0,False,0.0,10:37:17
19100.0,1000,-850.0,0.0,SD,6089400.0,15285100.0,False,0.0,10:37:17
19100.0,900,-850.0,0.0,SD,6089400.0,15284100.0,False,0.0,10:37:17
19100.0,100,-850.0,0.0,SD,6089400.0,15283200.0,False,0.0,10:37:16
19100.0,1000,-850.0,0.0,SD,6089400.0,15283100.0,False,0.0,10:37:16
19100.0,900,-850.0,0.0,SD,6089400.0,15282100.0,False,0.0,10:37:16
19100.0,1000,-850.0,0.0,SD,6089400.0,15281200.0,False,0.0,10:37:16
19100.0,100,-850.0,0.0,SD,6089400.0,15280200.0,False,0.0,10:37:16
19100.0,3000,-850.0,0.0,SD,6089400.0,15280100.0,False,0.0,10:37:14
19100.0,1000,-850.0,0.0,SD,6089400.0,15277100.0,False,0.0,10:37:14
19100.0,100,-850.0,0.0,SD,6089400.0,15276100.0,False,0.0,10:37:14
19100.0,300,-850.0,0.0,SD,6089400.0,15276000.0,False,0.0,10:37:14
19100.0,100,-850.0,0.0,SD,6089400.0,15275700.0,False,0.0,10:37:14
19100.0,100,-850.0,0.0,SD,6089400.0,15275600.0,False,0.0,10:37:14
19100.0,900,-850.0,0.0,SD,6089400.0,15275500.0,False,0.0,10:37:13
19100.0,3600,-850.0,0.0,SD,6089400.0,15274600.0,False,0.0,10:37:13
19100.0,1300,-850.0,0.0,SD,6089400.0,15271000.0,False,0.0,10:37:13
19100.0,400,-850.0,0.0,SD,6089400.0,15269700.0,False,0.0,10:37:13
19100.0,300,-850.0,0.0,SD,6089400.0,15269300.0,False,0.0,10:37:13
19100.0,100,-850.0,0.0,SD,6089400.0,15269000.0,False,0.0,10:37:12
19100.0,3600,-850.0,0.0,SD,6089400.0,15268900.0,False,0.0,10:37:11
19100.0,500,-850.0,0.0,SD,6089400.0,15265300.0,False,0.0,10:37:11
19100.0,100,-850.0,0.0,SD,6089400.0,15264800.0,False,0.0,10:37:11
19100.0,1000,-850.0,0.0,SD,6089400.0,15264700.0,False,0.0,10:37:11
19100.0,1000,-850.0,0.0,SD,6089400.0,15263700.0,False,0.0,10:37:11
19100.0,1000,-850.0,0.0,SD,6089400.0,15262700.0,False,0.0,10:37:11
19100.0,2300,-850.0,0.0,SD,6089400.0,15261700.0,False,0.0,10:37:11
19100.0,700,-850.0,0.0,SD,6089400.0,15259400.0,False,0.0,10:37:10
19100.0,100,-850.0,0.0,SD,6089400.0,15258700.0,False,0.0,10:37:10
19100.0,300,-850.0,0.0,SD,6089400.0,15258600.0,False,0.0,10:37:10
19100.0,2000,-850.0,0.0,SD,6089400.0,15258300.0,False,0.0,10:37:10
19100.0,500,-850.0,0.0,SD,6089400.0,15256300.0,False,0.0,10:37:10
19100.0,300,-850.0,0.0,SD,6089400.0,15255800.0,False,0.0,10:37:10
19100.0,100,-850.0,0.0,SD,6089400.0,15255500.0,False,0.0,10:37:10
19100.0,200,-850.0,0.0,SD,6089400.0,15255400.0,False,0.0,10:37:10
19100.0,100,-850.0,0.0,SD,6089400.0,15255200.0,False,0.0,10:37:10
19100.0,100,-850.0,0.0,SD,6089400.0,15255100.0,False,0.0,10:37:10
19100.0,3800,-850.0,0.0,SD,6089400.0,15255000.0,False,0.0,10:37:10
19100.0,200,-850.0,0.0,SD,6089400.0,15251200.0,False,-50.0,10:37:10
19150.0,300,-800.0,0.0,BU,6089400.0,15251000.0,False,0.0,10:37:08
19150.0,1700,-800.0,0.0,BU,6089100.0,15251000.0,False,50.0,10:37:08
19100.0,1000,-850.0,0.0,SD,6087400.0,15251000.0,False,0.0,10:37:07
19100.0,1000,-850.0,0.0,SD,6087400.0,15250000.0,False,-50.0,10:37:07
19150.0,200,-800.0,0.0,BU,6087400.0,15249000.0,False,50.0,10:37:07
19100.0,200,-850.0,0.0,SD,6087200.0,15249000.0,False,0.0,10:37:06
19100.0,2000,-850.0,0.0,SD,6087200.0,15248800.0,False,0.0,10:37:06
19100.0,500,-850.0,0.0,SD,6087200.0,15246800.0,False,0.0,10:37:06
19100.0,100,-850.0,0.0,SD,6087200.0,15246300.0,False,0.0,10:37:06
19100.0,200,-850.0,0.0,SD,6087200.0,15246200.0,False,0.0,10:37:06
19100.0,100,-850.0,0.0,SD,6087200.0,15246000.0,False,0.0,10:37:06
19100.0,200,-850.0,0.0,SD,6087200.0,15245900.0,False,0.0,10:37:06
19100.0,500,-850.0,0.0,SD,6087200.0,15245700.0,False,0.0,10:37:06
19100.0,100,-850.0,0.0,SD,6087200.0,15245200.0,False,0.0,10:37:06
19100.0,2000,-850.0,0.0,SD,6087200.0,15245100.0,False,0.0,10:37:06
19100.0,200,-850.0,0.0,SD,6087200.0,15243100.0,False,0.0,10:37:06
19100.0,5000,-850.0,0.0,SD,6087200.0,15242900.0,False,0.0,10:37:06
19100.0,900,-850.0,0.0,SD,6087200.0,15237900.0,False,0.0,10:37:06
19100.0,2000,-850.0,0.0,SD,6087200.0,15237000.0,False,0.0,10:37:05
19100.0,1000,-850.0,0.0,SD,6087200.0,15235000.0,False,0.0,10:37:04
19100.0,100,-850.0,0.0,SD,6087200.0,15234000.0,False,0.0,10:37:04
19100.0,200,-850.0,0.0,SD,6087200.0,15233900.0,False,0.0,10:37:04
19100.0,2300,-850.0,0.0,SD,6087200.0,15233700.0,False,0.0,10:37:03
19100.0,400,-850.0,0.0,SD,6087200.0,15231400.0,False,0.0,10:37:03
19100.0,500,-850.0,0.0,SD,6087200.0,15231000.0,False,0.0,10:37:03
19100.0,2000,-850.0,0.0,SD,6087200.0,15230500.0,False,0.0,10:37:03
19100.0,600,-850.0,0.0,SD,6087200.0,15228500.0,False,0.0,10:37:03
19100.0,100,-850.0,0.0,SD,6087200.0,15227900.0,False,0.0,10:37:03
19100.0,100,-850.0,0.0,SD,6087200.0,15227800.0,False,0.0,10:37:03
19100.0,1000,-850.0,0.0,SD,6087200.0,15227700.0,False,0.0,10:37:02
19100.0,100,-850.0,0.0,SD,6087200.0,15226700.0,False,0.0,10:37:02
19100.0,100,-850.0,0.0,SD,6087200.0,15226600.0,False,0.0,10:37:02
19100.0,900,-850.0,0.0,SD,6087200.0,15226500.0,False,0.0,10:37:02
19100.0,100,-850.0,0.0,SD,6087200.0,15225600.0,False,0.0,10:37:02
19100.0,5000,-850.0,0.0,SD,6087200.0,15225500.0,False,0.0,10:37:02
19100.0,500,-850.0,0.0,SD,6087200.0,15220500.0,False,0.0,10:37:02
19100.0,100,-850.0,0.0,SD,6087200.0,15220000.0,False,0.0,10:37:02
19100.0,300,-850.0,0.0,SD,6087200.0,15219900.0,False,0.0,10:37:02
19100.0,100,-850.0,0.0,SD,6087200.0,15219600.0,False,0.0,10:37:02
19100.0,800,-850.0,0.0,SD,6087200.0,15219500.0,False,0.0,10:37:02
19100.0,2200,-850.0,0.0,SD,6087200.0,15218700.0,False,0.0,10:37:00
19100.0,1100,-850.0,0.0,SD,6087200.0,15216500.0,False,0.0,10:37:00
19100.0,100,-850.0,0.0,SD,6087200.0,15215400.0,False,0.0,10:37:00
19100.0,200,-850.0,0.0,SD,6087200.0,15215300.0,False,0.0,10:37:00
19100.0,200,-850.0,0.0,SD,6087200.0,15215100.0,False,0.0,10:37:00
19100.0,1000,-850.0,0.0,SD,6087200.0,15214900.0,False,0.0,10:37:00
19100.0,2000,-850.0,0.0,SD,6087200.0,15213900.0,False,0.0,10:37:00
19100.0,100,-850.0,0.0,SD,6087200.0,15211900.0,False,0.0,10:37:00
19100.0,100,-850.0,0.0,SD,6087200.0,15211800.0,False,0.0,10:37:00
19100.0,500,-850.0,0.0,SD,6087200.0,15211700.0,False,0.0,10:36:59
19100.0,200,-850.0,0.0,SD,6087200.0,15211200.0,False,0.0,10:36:59
19100.0,1800,-850.0,0.0,SD,6087200.0,15211000.0,False,-50.0,10:36:59
19150.0,100,-800.0,0.0,BU,6087200.0,15209200.0,False,50.0,10:36:58
19100.0,200,-850.0,0.0,SD,6087100.0,15209200.0,False,0.0,10:36:58
19100.0,200,-850.0,0.0,SD,6087100.0,15209000.0,False,0.0,10:36:58
19100.0,100,-850.0,0.0,SD,6087100.0,15208800.0,False,0.0,10:36:58
19100.0,400,-850.0,0.0,SD,6087100.0,15208700.0,False,0.0,10:36:58
19100.0,100,-850.0,0.0,SD,6087100.0,15208300.0,False,0.0,10:36:58
19100.0,200,-850.0,0.0,SD,6087100.0,15208200.0,False,0.0,10:36:58
19100.0,1000,-850.0,0.0,SD,6087100.0,15208000.0,False,0.0,10:36:58
19100.0,500,-850.0,0.0,SD,6087100.0,15207000.0,False,0.0,10:36:58
19100.0,1000,-850.0,0.0,SD,6087100.0,15206500.0,False,0.0,10:36:58
19100.0,500,-850.0,0.0,SD,6087100.0,15205500.0,False,0.0,10:36:58
19100.0,600,-850.0,0.0,SD,6087100.0,15205000.0,False,0.0,10:36:58
19100.0,100,-850.0,0.0,SD,6087100.0,15204400.0,False,0.0,10:36:58
19100.0,300,-850.0,0.0,SD,6087100.0,15204300.0,False,0.0,10:36:58
19100.0,3100,-850.0,0.0,SD,6087100.0,15204000.0,False,0.0,10:36:58
19100.0,100,-850.0,0.0,SD,6087100.0,15200900.0,False,0.0,10:36:58
19100.0,100,-850.0,0.0,SD,6087100.0,15200800.0,False,0.0,10:36:58
19100.0,1000,-850.0,0.0,SD,6087100.0,15200700.0,False,0.0,10:36:58
19100.0,1500,-850.0,0.0,SD,6087100.0,15199700.0,False,0.0,10:36:58
19100.0,100,-850.0,0.0,SD,6087100.0,15198200.0,False,0.0,10:36:58
19100.0,800,-850.0,0.0,SD,6087100.0,15198100.0,False,0.0,10:36:58
19100.0,200,-850.0,0.0,SD,6087100.0,15197300.0,False,0.0,10:36:57
19100.0,100,-850.0,0.0,SD,6087100.0,15197100.0,False,0.0,10:36:57
19100.0,100,-850.0,0.0,SD,6087100.0,15197000.0,False,0.0,10:36:57
19100.0,200,-850.0,0.0,SD,6087100.0,15196900.0,False,0.0,10:36:57
19100.0,300,-850.0,0.0,SD,6087100.0,15196700.0,False,0.0,10:36:57
19100.0,100,-850.0,0.0,SD,6087100.0,15196400.0,False,0.0,10:36:57
19100.0,100,-850.0,0.0,SD,6087100.0,15196300.0,False,0.0,10:36:57
19100.0,100,-850.0,0.0,SD,6087100.0,15196200.0,False,0.0,10:36:57
19100.0,100,-850.0,0.0,SD,6087100.0,15196100.0,False,0.0,10:36:57
19100.0,200,-850.0,0.0,SD,6087100.0,15196000.0,False,0.0,10:36:57
19100.0,100,-850.0,0.0,SD,6087100.0,15195800.0,False,0.0,10:36:57
19100.0,900,-850.0,0.0,SD,6087100.0,15195700.0,False,-50.0,10:36:57
19150.0,1000,-800.0,0.0,BU,6087100.0,15194800.0,False,0.0,10:36:57
19150.0,1000,-800.0,0.0,BU,6086100.0,15194800.0,False,50.0,10:36:56
19100.0,100,-850.0,0.0,SD,6085100.0,15194800.0,False,0.0,10:36:55
19100.0,100,-850.0,0.0,SD,6085100.0,15194700.0,False,0.0,10:36:55
19100.0,1000,-850.0,0.0,SD,6085100.0,15194600.0,False,0.0,10:36:55
19100.0,400,-850.0,0.0,SD,6085100.0,15193600.0,False,0.0,10:36:55
19100.0,100,-850.0,0.0,SD,6085100.0,15193200.0,False,0.0,10:36:55
19100.0,200,-850.0,0.0,SD,6085100.0,15193100.0,False,0.0,10:36:55
19100.0,100,-850.0,0.0,SD,6085100.0,15192900.0,False,0.0,10:36:55
19100.0,100,-850.0,0.0,SD,6085100.0,15192800.0,False,0.0,10:36:54
19100.0,100,-850.0,0.0,SD,6085100.0,15192700.0,False,0.0,10:36:52
19100.0,300,-850.0,0.0,SD,6085100.0,15192600.0,False,0.0,10:36:52
19100.0,500,-850.0,0.0,SD,6085100.0,15192300.0,False,0.0,10:36:52
19100.0,1100,-850.0,0.0,SD,6085100.0,15191800.0,False,-50.0,10:36:52
19150.0,1500,-800.0,0.0,BU,6085100.0,15190700.0,False,0.0,10:36:52
19150.0,2000,-800.0,0.0,BU,6083600.0,15190700.0,False,50.0,10:36:52
19100.0,5000,-850.0,0.0,SD,6081600.0,15190700.0,False,-50.0,10:36:52
19150.0,5000,-800.0,0.0,BU,6081600.0,15185700.0,False,50.0,10:36:51
19100.0,1200,-850.0,0.0,SD,6076600.0,15185700.0,False,0.0,10:36:50
19100.0,500,-850.0,0.0,SD,6076600.0,15184500.0,False,-50.0,10:36:46
19150.0,100,-800.0,0.0,BU,6076600.0,15184000.0,False,50.0,10:36:46
19100.0,7300,-850.0,0.0,SD,6076500.0,15184000.0,False,0.0,10:36:45
19100.0,200,-850.0,0.0,SD,6076500.0,15176700.0,False,-50.0,10:36:45
19150.0,500,-800.0,0.0,BU,6076500.0,15176500.0,False,0.0,10:36:44
19150.0,100,-800.0,0.0,BU,6076000.0,15176500.0,False,50.0,10:36:44
19100.0,2000,-850.0,0.0,SD,6075900.0,15176500.0,False,0.0,10:36:44
19100.0,14000,-850.0,0.0,SD,6075900.0,15174500.0,True,0.0,10:36:43
19100.0,4100,-850.0,0.0,SD,6075900.0,15160500.0,False,0.0,10:36:42
19100.0,300,-850.0,0.0,SD,6075900.0,15156400.0,False,0.0,10:36:42
19100.0,500,-850.0,0.0,SD,6075900.0,15156100.0,False,0.0,10:36:42
19100.0,3300,-850.0,0.0,SD,6075900.0,15155600.0,False,0.0,10:36:41
19100.0,5000,-850.0,0.0,SD,6075900.0,15152300.0,False,0.0,10:36:41
19100.0,1500,-850.0,0.0,SD,6075900.0,15147300.0,False,0.0,10:36:40
19100.0,1000,-850.0,0.0,SD,6075900.0,15145800.0,False,0.0,10:36:39
19100.0,5200,-850.0,0.0,SD,6075900.0,15144800.0,False,-50.0,10:36:39
19150.0,200,-800.0,0.0,BU,6075900.0,15139600.0,False,50.0,10:36:38
19100.0,400,-850.0,0.0,SD,6075700.0,15139600.0,False,0.0,10:36:37
19100.0,1000,-850.0,0.0,SD,6075700.0,15139200.0,False,0.0,10:36:37
19100.0,2000,-850.0,0.0,SD,6075700.0,15138200.0,False,0.0,10:36:36
19100.0,4000,-850.0,0.0,SD,6075700.0,15136200.0,False,-50.0,10:36:36
19150.0,200,-800.0,0.0,BU,6075700.0,15132200.0,False,0.0,10:36:35
19150.0,100,-800.0,0.0,BU,6075500.0,15132200.0,False,50.0,10:36:34
19100.0,600,-850.0,0.0,SD,6075400.0,15132200.0,False,0.0,10:36:34
19100.0,39800,-850.0,0.0,SD,6075400.0,15131600.0,True,0.0,10:36:33
19100.0,200,-850.0,0.0,SD,6075400.0,15091800.0,False,0.0,10:36:33
19100.0,1000,-850.0,0.0,SD,6075400.0,15091600.0,False,0.0,10:36:33
19100.0,200,-850.0,0.0,SD,6075400.0,15090600.0,False,0.0,10:36:33
19100.0,5000,-850.0,0.0,SD,6075400.0,15090400.0,False,0.0,10:36:33
19100.0,100,-850.0,0.0,SD,6075400.0,15085400.0,False,0.0,10:36:33
19100.0,8700,-850.0,0.0,SD,6075400.0,15085300.0,False,0.0,10:36:33
19100.0,100,-850.0,0.0,SD,6075400.0,15076600.0,False,0.0,10:36:33
19100.0,5000,-850.0,0.0,SD,6075400.0,15076500.0,False,-50.0,10:36:33
19150.0,500,-800.0,0.0,BU,6075400.0,15071500.0,False,50.0,10:36:32
19100.0,3000,-850.0,0.0,SD,6074900.0,15071500.0,False,0.0,10:36:32
19100.0,500,-850.0,0.0,SD,6074900.0,15068500.0,False,-50.0,10:36:31
19150.0,1800,-800.0,0.0,BU,6074900.0,15068000.0,False,50.0,10:36:31
19100.0,100,-850.0,0.0,SD,6073100.0,15068000.0,False,0.0,10:36:31
19100.0,2000,-850.0,0.0,SD,6073100.0,15067900.0,False,0.0,10:36:28
19100.0,600,-850.0,0.0,SD,6073100.0,15065900.0,False,0.0,10:36:28
19100.0,200,-850.0,0.0,SD,6073100.0,15065300.0,False,0.0,10:36:28
19100.0,400,-850.0,0.0,SD,6073100.0,15065100.0,False,0.0,10:36:28
19100.0,2000,-850.0,0.0,SD,6073100.0,15064700.0,False,0.0,10:36:28
19100.0,100,-850.0,0.0,SD,6073100.0,15062700.0,False,0.0,10:36:28
19100.0,500,-850.0,0.0,SD,6073100.0,15062600.0,False,0.0,10:36:28
19100.0,500,-850.0,0.0,SD,6073100.0,15062100.0,False,0.0,10:36:28
19100.0,200,-850.0,0.0,SD,6073100.0,15061600.0,False,0.0,10:36:28
19100.0,400,-850.0,0.0,SD,6073100.0,15061400.0,False,0.0,10:36:28
19100.0,100,-850.0,0.0,SD,6073100.0,15061000.0,False,0.0,10:36:28
19100.0,100,-850.0,0.0,SD,6073100.0,15060900.0,False,0.0,10:36:28
19100.0,1000,-850.0,0.0,SD,6073100.0,15060800.0,False,0.0,10:36:28
19100.0,100,-850.0,0.0,SD,6073100.0,15059800.0,False,0.0,10:36:28
19100.0,100,-850.0,0.0,SD,6073100.0,15059700.0,False,0.0,10:36:28
19100.0,2000,-850.0,0.0,SD,6073100.0,15059600.0,False,0.0,10:36:28
19100.0,100,-850.0,0.0,SD,6073100.0,15057600.0,False,0.0,10:36:28
19100.0,1000,-850.0,0.0,SD,6073100.0,15057500.0,False,0.0,10:36:28
19100.0,20000,-850.0,0.0,SD,6073100.0,15056500.0,True,0.0,10:36:28
19100.0,5000,-850.0,0.0,SD,6073100.0,15036500.0,False,0.0,10:36:28
19100.0,300,-850.0,0.0,SD,6073100.0,15031500.0,False,0.0,10:36:28
19100.0,200,-850.0,0.0,SD,6073100.0,15031200.0,False,0.0,10:36:28
19100.0,1000,-850.0,0.0,SD,6073100.0,15031000.0,False,0.0,10:36:28
19100.0,2000,-850.0,0.0,SD,6073100.0,15030000.0,False,0.0,10:36:28
19100.0,100,-850.0,0.0,SD,6073100.0,15028000.0,False,0.0,10:36:28
19100.0,20000,-850.0,0.0,SD,6073100.0,15027900.0,True,0.0,10:36:28
19100.0,1000,-850.0,0.0,SD,6073100.0,15007900.0,False,0.0,10:36:28
19100.0,1000,-850.0,0.0,SD,6073100.0,15006900.0,False,0.0,10:36:28
19100.0,500,-850.0,0.0,SD,6073100.0,15005900.0,False,0.0,10:36:28
19100.0,500,-850.0,0.0,SD,6073100.0,15005400.0,False,0.0,10:36:28
19100.0,1000,-850.0,0.0,SD,6073100.0,15004900.0,False,0.0,10:36:28
19100.0,200,-850.0,0.0,SD,6073100.0,15003900.0,False,0.0,10:36:28
19100.0,200,-850.0,0.0,SD,6073100.0,15003700.0,False,0.0,10:36:28
19100.0,200,-850.0,0.0,SD,6073100.0,15003500.0,False,0.0,10:36:28
19100.0,100,-850.0,0.0,SD,6073100.0,15003300.0,False,0.0,10:36:28
19100.0,500,-850.0,0.0,SD,6073100.0,15003200.0,False,0.0,10:36:28
19100.0,100,-850.0,0.0,SD,6073100.0,15002700.0,False,0.0,10:36:28
19100.0,1700,-850.0,0.0,SD,6073100.0,15002600.0,False,0.0,10:36:28
19100.0,3100,-850.0,0.0,SD,6073100.0,15000900.0,False,-50.0,10:36:27
19150.0,100,-800.0,0.0,BU,6073100.0,14997800.0,False,50.0,10:36:26
19100.0,500,-850.0,0.0,SD,6073000.0,14997800.0,False,0.0,10:36:25
19100.0,500,-850.0,0.0,SD,6073000.0,14997300.0,False,-50.0,10:36:25
19150.0,500,-800.0,0.0,BU,6073000.0,14996800.0,False,0.0,10:36:25
19150.0,100,-800.0,0.0,BU,6072500.0,14996800.0,False,50.0,10:36:25
19100.0,500,-850.0,0.0,SD,6072400.0,14996800.0,False,-50.0,10:36:23
19150.0,4500,-800.0,0.0,BU,6072400.0,14996300.0,False,50.0,10:36:23
19100.0,2000,-850.0,0.0,SD,6067900.0,14996300.0,False,0.0,10:36:21
19100.0,1700,-850.0,0.0,SD,6067900.0,14994300.0,False,0.0,10:36:20
19100.0,100,-850.0,0.0,SD,6067900.0,14992600.0,False,0.0,10:36:20
19100.0,1000,-850.0,0.0,SD,6067900.0,14992500.0,False,0.0,10:36:20
19100.0,1200,-850.0,0.0,SD,6067900.0,14991500.0,False,0.0,10:36:20
19100.0,800,-850.0,0.0,SD,6067900.0,14990300.0,False,0.0,10:36:19
19100.0,100,-850.0,0.0,SD,6067900.0,14989500.0,False,0.0,10:36:19
19100.0,300,-850.0,0.0,SD,6067900.0,14989400.0,False,0.0,10:36:19
19100.0,500,-850.0,0.0,SD,6067900.0,14989100.0,False,0.0,10:36:19
19100.0,200,-850.0,0.0,SD,6067900.0,14988600.0,False,0.0,10:36:19
19100.0,100,-850.0,0.0,SD,6067900.0,14988400.0,False,0.0,10:36:19
19100.0,100,-850.0,0.0,SD,6067900.0,14988300.0,False,-50.0,10:36:19
19150.0,300,-800.0,0.0,BU,6067900.0,14988200.0,False,50.0,10:36:19
19100.0,100,-850.0,0.0,SD,6067600.0,14988200.0,False,0.0,10:36:19
19100.0,300,-850.0,0.0,SD,6067600.0,14988100.0,False,0.0,10:36:19
19100.0,100,-850.0,0.0,SD,6067600.0,14987800.0,False,-50.0,10:36:19
19150.0,300,-800.0,0.0,BU,6067600.0,14987700.0,False,50.0,10:36:19
19100.0,100,-850.0,0.0,SD,6067300.0,14987700.0,False,0.0,10:36:19
19100.0,200,-850.0,0.0,SD,6067300.0,14987600.0,False,0.0,10:36:19
19100.0,100,-850.0,0.0,SD,6067300.0,14987400.0,False,0.0,10:36:19
19100.0,100,-850.0,0.0,SD,6067300.0,14987300.0,False,-50.0,10:36:19
19150.0,500,-800.0,0.0,BU,6067300.0,14987200.0,False,0.0,10:36:19
19150.0,200,-800.0,0.0,BU,6066800.0,14987200.0,False,50.0,10:36:17
19100.0,100,-850.0,0.0,SD,6066600.0,14987200.0,False,0.0,10:36:17
19100.0,100,-850.0,0.0,SD,6066600.0,14987100.0,False,0.0,10:36:17
19100.0,2000,-850.0,0.0,SD,6066600.0,14987000.0,False,0.0,10:36:17
19100.0,1800,-850.0,0.0,SD,6066600.0,14985000.0,False,-50.0,10:36:17
19150.0,100,-800.0,0.0,BU,6066600.0,14983200.0,False,50.0,10:36:16
19100.0,600,-850.0,0.0,SD,6066500.0,14983200.0,False,0.0,10:36:16
19100.0,400,-850.0,0.0,SD,6066500.0,14982600.0,False,0.0,10:36:16
19100.0,100,-850.0,0.0,SD,6066500.0,14982200.0,False,-50.0,10:36:16
19150.0,200,-800.0,0.0,BU,6066500.0,14982100.0,False,50.0,10:36:14
19100.0,200,-850.0,0.0,SD,6066300.0,14982100.0,False,-50.0,10:36:14
19150.0,500,-800.0,0.0,BU,6066300.0,14981900.0,False,0.0,10:36:14
19150.0,100,-800.0,0.0,BU,6065800.0,14981900.0,False,0.0,10:36:14
19150.0,100,-800.0,0.0,BU,6065700.0,14981900.0,False,0.0,10:36:14
19150.0,100,-800.0,0.0,BU,6065600.0,14981900.0,False,0.0,10:36:13
19150.0,5000,-800.0,0.0,BU,6065500.0,14981900.0,False,0.0,10:36:13
19150.0,1000,-800.0,0.0,BU,6060500.0,14981900.0,False,50.0,10:36:13
19100.0,300,-850.0,0.0,SD,6059500.0,14981900.0,False,0.0,10:36:13
19100.0,100,-850.0,0.0,SD,6059500.0,14981600.0,False,0.0,10:36:13
19100.0,100,-850.0,0.0,SD,6059500.0,14981500.0,False,0.0,10:36:13
19100.0,100,-850.0,0.0,SD,6059500.0,14981400.0,False,-50.0,10:36:12
19150.0,500,-800.0,0.0,BU,6059500.0,14981300.0,False,0.0,10:36:12
19150.0,200,-800.0,0.0,BU,6059000.0,14981300.0,False,50.0,10:36:12
19100.0,100,-850.0,0.0,SD,6058800.0,14981300.0,False,0.0,10:36:12
19100.0,400,-850.0,0.0,SD,6058800.0,14981200.0,False,-50.0,10:36:12
19150.0,5000,-800.0,0.0,BU,6058800.0,14980800.0,False,0.0,10:36:11
19150.0,3000,-800.0,0.0,BU,6053800.0,14980800.0,False,50.0,10:36:10
19100.0,100,-850.0,0.0,SD,6050800.0,14980800.0,False,0.0,10:36:10
19100.0,500,-850.0,0.0,SD,6050800.0,14980700.0,False,-50.0,10:36:10
19150.0,200,-800.0,0.0,BU,6050800.0,14980200.0,False,0.0,10:36:07
19150.0,500,-800.0,0.0,BU,6050600.0,14980200.0,False,50.0,10:36:05
19100.0,100,-850.0,0.0,SD,6050100.0,14980200.0,False,0.0,10:36:05
19100.0,1000,-850.0,0.0,SD,6050100.0,14980100.0,False,0.0,10:36:05
19100.0,1500,-850.0,0.0,SD,6050100.0,14979100.0,False,0.0,10:36:05
19100.0,200,-850.0,0.0,SD,6050100.0,14977600.0,False,0.0,10:36:05
19100.0,100,-850.0,0.0,SD,6050100.0,14977400.0,False,0.0,10:36:05
19100.0,6000,-850.0,0.0,SD,6050100.0,14977300.0,False,0.0,10:36:05
19100.0,500,-850.0,0.0,SD,6050100.0,14971300.0,False,0.0,10:36:05
19100.0,200,-850.0,0.0,SD,6050100.0,14970800.0,False,0.0,10:36:05
19100.0,100,-850.0,0.0,SD,6050100.0,14970600.0,False,0.0,10:36:05
19100.0,200,-850.0,0.0,SD,6050100.0,14970500.0,False,0.0,10:36:05
19100.0,300,-850.0,0.0,SD,6050100.0,14970300.0,False,0.0,10:36:05
19100.0,3000,-850.0,0.0,SD,6050100.0,14970000.0,False,0.0,10:36:05
19100.0,3000,-850.0,0.0,SD,6050100.0,14967000.0,False,0.0,10:36:05
19100.0,100,-850.0,0.0,SD,6050100.0,14964000.0,False,0.0,10:36:05
19100.0,100,-850.0,0.0,SD,6050100.0,14963900.0,False,0.0,10:36:05
19100.0,200,-850.0,0.0,SD,6050100.0,14963800.0,False,0.0,10:36:05
19100.0,200,-850.0,0.0,SD,6050100.0,14963600.0,False,0.0,10:36:05
19100.0,500,-850.0,0.0,SD,6050100.0,14963400.0,False,0.0,10:36:05
19100.0,100,-850.0,0.0,SD,6050100.0,14962900.0,False,0.0,10:36:05
19100.0,500,-850.0,0.0,SD,6050100.0,14962800.0,False,0.0,10:36:05
19100.0,500,-850.0,0.0,SD,6050100.0,14962300.0,False,0.0,10:36:05
19100.0,600,-850.0,0.0,SD,6050100.0,14961800.0,False,0.0,10:36:05
19100.0,100,-850.0,0.0,SD,6050100.0,14961200.0,False,0.0,10:36:05
19100.0,100,-850.0,0.0,SD,6050100.0,14961100.0,False,0.0,10:36:05
19100.0,500,-850.0,0.0,SD,6050100.0,14961000.0,False,0.0,10:36:05
19100.0,1000,-850.0,0.0,SD,6050100.0,14960500.0,False,0.0,10:36:05
19100.0,500,-850.0,0.0,SD,6050100.0,14959500.0,False,0.0,10:36:05
19100.0,1000,-850.0,0.0,SD,6050100.0,14959000.0,False,0.0,10:36:05
19100.0,500,-850.0,0.0,SD,6050100.0,14958000.0,False,0.0,10:36:05
19100.0,3000,-850.0,0.0,SD,6050100.0,14957500.0,False,0.0,10:36:05
19100.0,100,-850.0,0.0,SD,6050100.0,14954500.0,False,0.0,10:36:05
19100.0,300,-850.0,0.0,SD,6050100.0,14954400.0,False,0.0,10:36:05
19100.0,1000,-850.0,0.0,SD,6050100.0,14954100.0,False,0.0,10:36:05
19100.0,300,-850.0,0.0,SD,6050100.0,14953100.0,False,0.0,10:36:05
19100.0,500,-850.0,0.0,SD,6050100.0,14952800.0,False,0.0,10:36:05
19100.0,2100,-850.0,0.0,SD,6050100.0,14952300.0,False,0.0,10:36:05
19100.0,1000,-850.0,0.0,SD,6050100.0,14950200.0,False,-50.0,10:36:04
19150.0,100,-800.0,0.0,BU,6050100.0,14949200.0,False,0.0,10:36:04
19150.0,3700,-800.0,0.0,BU,6050000.0,14949200.0,False,50.0,10:36:03
19100.0,6900,-850.0,0.0,SD,6046300.0,14949200.0,False,0.0,10:36:02
19100.0,100,-850.0,0.0,SD,6046300.0,14942300.0,False,0.0,10:36:02
19100.0,500,-850.0,0.0,SD,6046300.0,14942200.0,False,0.0,10:36:02
19100.0,1000,-850.0,0.0,SD,6046300.0,14941700.0,False,0.0,10:36:02
19100.0,500,-850.0,0.0,SD,6046300.0,14940700.0,False,0.0,10:36:02
19100.0,1000,-850.0,0.0,SD,6046300.0,14940200.0,False,-50.0,10:36:02
19150.0,2000,-800.0,0.0,BU,6046300.0,14939200.0,False,0.0,10:36:02
19150.0,100,-800.0,0.0,BU,6044300.0,14939200.0,False,50.0,10:36:00
19100.0,100,-850.0,0.0,SD,6044200.0,14939200.0,False,-50.0,10:36:00
19150.0,500,-800.0,0.0,BU,6044200.0,14939100.0,False,50.0,10:36:00
19100.0,900,-850.0,0.0,SD,6043700.0,14939100.0,False,0.0,10:35:58
19100.0,500,-850.0,0.0,SD,6043700.0,14938200.0,False,0.0,10:35:58
19100.0,100,-850.0,0.0,SD,6043700.0,14937700.0,False,-50.0,10:35:58
19150.0,500,-800.0,0.0,BU,6043700.0,14937600.0,False,0.0,10:35:57
19150.0,1000,-800.0,0.0,BU,6043200.0,14937600.0,False,0.0,10:35:57
19150.0,200,-800.0,0.0,BU,6042200.0,14937600.0,False,0.0,10:35:57
19150.0,400,-800.0,0.0,BU,6042000.0,14937600.0,False,0.0,10:35:57
19150.0,200,-800.0,0.0,BU,6041600.0,14937600.0,False,0.0,10:35:56
19150.0,200,-800.0,0.0,BU,6041400.0,14937600.0,False,0.0,10:35:55
19150.0,100,-800.0,0.0,BU,6041200.0,14937600.0,False,0.0,10:35:55
19150.0,400,-800.0,0.0,BU,6041100.0,14937600.0,False,0.0,10:35:54
19150.0,200,-800.0,0.0,BU,6040700.0,14937600.0,False,0.0,10:35:54
19150.0,1000,-800.0,0.0,BU,6040500.0,14937600.0,False,0.0,10:35:54
19150.0,500,-800.0,0.0,BU,6039500.0,14937600.0,False,0.0,10:35:54
19150.0,500,-800.0,0.0,BU,6039000.0,14937600.0,False,0.0,10:35:54
19150.0,300,-800.0,0.0,BU,6038500.0,14937600.0,False,0.0,10:35:53
19150.0,100,-800.0,0.0,BU,6038200.0,14937600.0,False,0.0,10:35:52
19150.0,500,-800.0,0.0,BU,6038100.0,14937600.0,False,0.0,10:35:52
19150.0,500,-800.0,0.0,BU,6037600.0,14937600.0,False,0.0,10:35:51
19150.0,3000,-800.0,0.0,BU,6037100.0,14937600.0,False,50.0,10:35:51
19100.0,1400,-850.0,0.0,SD,6034100.0,14937600.0,False,0.0,10:35:51
19100.0,100,-850.0,0.0,SD,6034100.0,14936200.0,False,0.0,10:35:51
19100.0,200,-850.0,0.0,SD,6034100.0,14936100.0,False,0.0,10:35:51
19100.0,800,-850.0,0.0,SD,6034100.0,14935900.0,False,0.0,10:35:51
19100.0,1000,-850.0,0.0,SD,6034100.0,14935100.0,False,0.0,10:35:51
19100.0,500,-850.0,0.0,SD,6034100.0,14934100.0,False,-50.0,10:35:51
19150.0,600,-800.0,0.0,BU,6034100.0,14933600.0,False,50.0,10:35:51
19100.0,4000,-850.0,0.0,SD,6033500.0,14933600.0,False,0.0,10:35:50
19100.0,200,-850.0,0.0,SD,6033500.0,14929600.0,False,0.0,10:35:50
19100.0,100,-850.0,0.0,SD,6033500.0,14929400.0,False,0.0,10:35:50
19100.0,100,-850.0,0.0,SD,6033500.0,14929300.0,False,0.0,10:35:50
19100.0,100,-850.0,0.0,SD,6033500.0,14929200.0,False,0.0,10:35:50
19100.0,500,-850.0,0.0,SD,6033500.0,14929100.0,False,-50.0,10:35:50
19150.0,500,-800.0,0.0,BU,6033500.0,14928600.0,False,0.0,10:35:50
19150.0,500,-800.0,0.0,BU,6033000.0,14928600.0,False,0.0,10:35:50
19150.0,1000,-800.0,0.0,BU,6032500.0,14928600.0,False,0.0,10:35:50
19150.0,200,-800.0,0.0,BU,6031500.0,14928600.0,False,0.0,10:35:50
19150.0,300,-800.0,0.0,BU,6031300.0,14928600.0,False,0.0,10:35:50
19150.0,1000,-800.0,0.0,BU,6031000.0,14928600.0,False,0.0,10:35:50
19150.0,500,-800.0,0.0,BU,6030000.0,14928600.0,False,0.0,10:35:50
19150.0,5000,-800.0,0.0,BU,6029500.0,14928600.0,False,0.0,10:35:50
19150.0,1000,-800.0,0.0,BU,6024500.0,14928600.0,False,0.0,10:35:50
19150.0,200,-800.0,0.0,BU,6023500.0,14928600.0,False,0.0,10:35:50
19150.0,300,-800.0,0.0,BU,6023300.0,14928600.0,False,0.0,10:35:50
19150.0,2500,-800.0,0.0,BU,6023000.0,14928600.0,False,0.0,10:35:50
19150.0,100,-800.0,0.0,BU,6020500.0,14928600.0,False,0.0,10:35:50
19150.0,200,-800.0,0.0,BU,6020400.0,14928600.0,False,0.0,10:35:50
19150.0,5000,-800.0,0.0,BU,6020200.0,14928600.0,False,0.0,10:35:50
19150.0,6000,-800.0,0.0,BU,6015200.0,14928600.0,False,0.0,10:35:50
19150.0,3700,-800.0,0.0,BU,6009200.0,14928600.0,False,0.0,10:35:50
19150.0,200,-800.0,0.0,BU,6005500.0,14928600.0,False,0.0,10:35:50
19150.0,1000,-800.0,0.0,BU,6005300.0,14928600.0,False,0.0,10:35:50
19150.0,1000,-800.0,0.0,BU,6004300.0,14928600.0,False,0.0,10:35:50
19150.0,300,-800.0,0.0,SD,6003300.0,14928600.0,False,0.0,10:35:50
19150.0,200,-800.0,0.0,SD,6003300.0,14928300.0,False,0.0,10:35:50
19150.0,200,-800.0,0.0,SD,6003300.0,14928100.0,False,0.0,10:35:50
19150.0,500,-800.0,0.0,SD,6003300.0,14927900.0,False,0.0,10:35:50
19150.0,500,-800.0,0.0,SD,6003300.0,14927400.0,False,0.0,10:35:50
19150.0,700,-800.0,0.0,SD,6003300.0,14926900.0,False,0.0,10:35:50
19150.0,200,-800.0,0.0,SD,6003300.0,14926200.0,False,0.0,10:35:50
19150.0,1000,-800.0,0.0,SD,6003300.0,14926000.0,False,0.0,10:35:50
19150.0,10600,-800.0,0.0,SD,6003300.0,14925000.0,True,0.0,10:35:50
19150.0,1400,-800.0,0.0,SD,6003300.0,14914400.0,False,0.0,10:35:49
19150.0,10000,-800.0,0.0,SD,6003300.0,14913000.0,False,0.0,10:35:49
19150.0,5000,-800.0,0.0,SD,6003300.0,14903000.0,False,0.0,10:35:48
19150.0,3000,-800.0,0.0,SD,6003300.0,14898000.0,False,0.0,10:35:48
19150.0,100,-800.0,0.0,SD,6003300.0,14895000.0,False,0.0,10:35:47
19150.0,100,-800.0,0.0,SD,6003300.0,14894900.0,False,0.0,10:35:47
19150.0,100,-800.0,0.0,SD,6003300.0,14894800.0,False,0.0,10:35:47
19150.0,200,-800.0,0.0,SD,6003300.0,14894700.0,False,0.0,10:35:47
19150.0,100,-800.0,0.0,SD,6003300.0,14894500.0,False,0.0,10:35:47
19150.0,1000,-800.0,0.0,SD,6003300.0,14894400.0,False,0.0,10:35:47
19150.0,500,-800.0,0.0,SD,6003300.0,14893400.0,False,0.0,10:35:47
19150.0,100,-800.0,0.0,SD,6003300.0,14892900.0,False,0.0,10:35:47
19150.0,100,-800.0,0.0,SD,6003300.0,14892800.0,False,0.0,10:35:47
19150.0,10000,-800.0,0.0,SD,6003300.0,14892700.0,False,0.0,10:35:47
19150.0,100,-800.0,0.0,SD,6003300.0,14882700.0,False,0.0,10:35:47
19150.0,300,-800.0,0.0,SD,6003300.0,14882600.0,False,0.0,10:35:47
19150.0,100,-800.0,0.0,SD,6003300.0,14882300.0,False,0.0,10:35:47
19150.0,200,-800.0,0.0,SD,6003300.0,14882200.0,False,0.0,10:35:47
19150.0,100,-800.0,0.0,SD,6003300.0,14882000.0,False,0.0,10:35:47
19150.0,100,-800.0,0.0,SD,6003300.0,14881900.0,False,0.0,10:35:47
19150.0,400,-800.0,0.0,SD,6003300.0,14881800.0,False,0.0,10:35:47
19150.0,500,-800.0,0.0,SD,6003300.0,14881400.0,False,0.0,10:35:47
19150.0,400,-800.0,0.0,SD,6003300.0,14880900.0,False,0.0,10:35:47
19150.0,5400,-800.0,0.0,SD,6003300.0,14880500.0,False,0.0,10:35:47
19150.0,100,-800.0,0.0,SD,6003300.0,14875100.0,False,0.0,10:35:47
19150.0,1000,-800.0,0.0,SD,6003300.0,14875000.0,False,0.0,10:35:47
19150.0,2500,-800.0,0.0,SD,6003300.0,14874000.0,False,0.0,10:35:47
19150.0,200,-800.0,0.0,SD,6003300.0,14871500.0,False,0.0,10:35:47
19150.0,200,-800.0,0.0,SD,6003300.0,14871300.0,False,0.0,10:35:46
19150.0,5800,-800.0,0.0,SD,6003300.0,14871100.0,False,0.0,10:35:46
19150.0,4200,-800.0,0.0,SD,6003300.0,14865300.0,False,0.0,10:35:46
19150.0,800,-800.0,0.0,SD,6003300.0,14861100.0,False,0.0,10:35:46
19150.0,200,-800.0,0.0,SD,6003300.0,14860300.0,False,-50.0,10:35:46
19200.0,10000,-750.0,0.0,BU,6003300.0,14860100.0,False,50.0,10:35:46
19150.0,1000,-800.0,0.0,SD,5993300.0,14860100.0,False,0.0,10:35:44
19150.0,100,-800.0,0.0,SD,5993300.0,14859100.0,False,0.0,10:35:44
19150.0,300,-800.0,0.0,SD,5993300.0,14859000.0,False,0.0,10:35:44
19150.0,100,-800.0,0.0,SD,5993300.0,14858700.0,False,0.0,10:35:44
19150.0,400,-800.0,0.0,SD,5993300.0,14858600.0,False,0.0,10:35:44
19150.0,300,-800.0,0.0,SD,5993300.0,14858200.0,False,0.0,10:35:44
19150.0,2000,-800.0,0.0,SD,5993300.0,14857900.0,False,0.0,10:35:44
19150.0,500,-800.0,0.0,SD,5993300.0,14855900.0,False,0.0,10:35:44
19150.0,3000,-800.0,0.0,SD,5993300.0,14855400.0,False,0.0,10:35:44
19150.0,500,-800.0,0.0,SD,5993300.0,14852400.0,False,0.0,10:35:44
19150.0,100,-800.0,0.0,SD,5993300.0,14851900.0,False,0.0,10:35:44
19150.0,2000,-800.0,0.0,SD,5993300.0,14851800.0,False,0.0,10:35:44
19150.0,200,-800.0,0.0,SD,5993300.0,14849800.0,False,0.0,10:35:44
19150.0,500,-800.0,0.0,SD,5993300.0,14849600.0,False,0.0,10:35:44
19150.0,100,-800.0,0.0,SD,5993300.0,14849100.0,False,0.0,10:35:44
19150.0,1000,-800.0,0.0,SD,5993300.0,14849000.0,False,0.0,10:35:44
19150.0,2000,-800.0,0.0,SD,5993300.0,14848000.0,False,0.0,10:35:44
19150.0,5000,-800.0,0.0,SD,5993300.0,14846000.0,False,0.0,10:35:44
19150.0,1000,-800.0,0.0,SD,5993300.0,14841000.0,False,0.0,10:35:44
19150.0,200,-800.0,0.0,SD,5993300.0,14840000.0,False,0.0,10:35:44
19150.0,5000,-800.0,0.0,SD,5993300.0,14839800.0,False,0.0,10:35:44
19150.0,500,-800.0,0.0,SD,5993300.0,14834800.0,False,0.0,10:35:44
19150.0,200,-800.0,0.0,SD,5993300.0,14834300.0,False,0.0,10:35:44
19150.0,3200,-800.0,0.0,SD,5993300.0,14834100.0,False,0.0,10:35:44
19150.0,2000,-800.0,0.0,SD,5993300.0,14830900.0,False,0.0,10:35:44
19150.0,200,-800.0,0.0,SD,5993300.0,14828900.0,False,0.0,10:35:44
19150.0,200,-800.0,0.0,SD,5993300.0,14828700.0,False,0.0,10:35:44
19150.0,700,-800.0,0.0,SD,5993300.0,14828500.0,False,0.0,10:35:44
19150.0,3900,-800.0,0.0,SD,5993300.0,14827800.0,False,0.0,10:35:44
19150.0,1000,-800.0,0.0,SD,5993300.0,14823900.0,False,0.0,10:35:44
19150.0,500,-800.0,0.0,SD,5993300.0,14822900.0,False,0.0,10:35:44
19150.0,1000,-800.0,0.0,SD,5993300.0,14822400.0,False,0.0,10:35:44
19150.0,300,-800.0,0.0,SD,5993300.0,14821400.0,False,0.0,10:35:44
19150.0,300,-800.0,0.0,SD,5993300.0,14821100.0,False,0.0,10:35:44
19150.0,100,-800.0,0.0,SD,5993300.0,14820800.0,False,0.0,10:35:44
19150.0,200,-800.0,0.0,SD,5993300.0,14820700.0,False,0.0,10:35:44
19150.0,100,-800.0,0.0,SD,5993300.0,14820500.0,False,0.0,10:35:44
19150.0,3000,-800.0,0.0,SD,5993300.0,14820400.0,False,0.0,10:35:44
19150.0,400,-800.0,0.0,SD,5993300.0,14817400.0,False,0.0,10:35:44
19150.0,500,-800.0,0.0,SD,5993300.0,14817000.0,False,0.0,10:35:44
19150.0,500,-800.0,0.0,SD,5993300.0,14816500.0,False,0.0,10:35:44
19150.0,100,-800.0,0.0,SD,5993300.0,14816000.0,False,0.0,10:35:44
19150.0,5000,-800.0,0.0,SD,5993300.0,14815900.0,False,0.0,10:35:44
19150.0,3000,-800.0,0.0,SD,5993300.0,14810900.0,False,0.0,10:35:44
19150.0,300,-800.0,0.0,SD,5993300.0,14807900.0,False,0.0,10:35:44
19150.0,300,-800.0,0.0,SD,5993300.0,14807600.0,False,0.0,10:35:44
19150.0,800,-800.0,0.0,SD,5993300.0,14807300.0,False,0.0,10:35:44
19150.0,100,-800.0,0.0,SD,5993300.0,14806500.0,False,0.0,10:35:44
19150.0,2000,-800.0,0.0,SD,5993300.0,14806400.0,False,0.0,10:35:44
19150.0,15000,-800.0,0.0,SD,5993300.0,14804400.0,True,0.0,10:35:44
19150.0,500,-800.0,0.0,SD,5993300.0,14789400.0,False,0.0,10:35:44
19150.0,12000,-800.0,0.0,SD,5993300.0,14788900.0,True,0.0,10:35:44
19150.0,100,-800.0,0.0,SD,5993300.0,14776900.0,False,0.0,10:35:44
19150.0,1000,-800.0,0.0,SD,5993300.0,14776800.0,False,0.0,10:35:44
19150.0,100,-800.0,0.0,SD,5993300.0,14775800.0,False,0.0,10:35:44
19150.0,200,-800.0,0.0,SD,5993300.0,14775700.0,False,0.0,10:35:44
19150.0,200,-800.0,0.0,SD,5993300.0,14775500.0,False,0.0,10:35:44
19150.0,500,-800.0,0.0,SD,5993300.0,14775300.0,False,0.0,10:35:44
19150.0,300,-800.0,0.0,SD,5993300.0,14774800.0,False,0.0,10:35:44
19150.0,200,-800.0,0.0,SD,5993300.0,14774500.0,False,0.0,10:35:44
19150.0,100,-800.0,0.0,SD,5993300.0,14774300.0,False,0.0,10:35:44
19150.0,200,-800.0,0.0,SD,5993300.0,14774200.0,False,0.0,10:35:44
19150.0,100,-800.0,0.0,SD,5993300.0,14774000.0,False,0.0,10:35:44
19150.0,100,-800.0,0.0,SD,5993300.0,14773900.0,False,0.0,10:35:44
19150.0,300,-800.0,0.0,SD,5993300.0,14773800.0,False,0.0,10:35:44
19150.0,500,-800.0,0.0,SD,5993300.0,14773500.0,False,0.0,10:35:44
19150.0,200,-800.0,0.0,SD,5993300.0,14773000.0,False,0.0,10:35:44
19150.0,800,-800.0,0.0,SD,5993300.0,14772800.0,False,0.0,10:35:44
19150.0,200,-800.0,0.0,SD,5993300.0,14772000.0,False,0.0,10:35:41
19150.0,100,-800.0,0.0,SD,5993300.0,14771800.0,False,0.0,10:35:41
19150.0,200,-800.0,0.0,SD,5993300.0,14771700.0,False,0.0,10:35:41
19150.0,200,-800.0,0.0,SD,5993300.0,14771500.0,False,0.0,10:35:41
19150.0,1600,-800.0,0.0,SD,5993300.0,14771300.0,False,0.0,10:35:41
19150.0,400,-800.0,0.0,SD,5993300.0,14769700.0,False,0.0,10:35:40
19150.0,100,-800.0,0.0,SD,5993300.0,14769300.0,False,0.0,10:35:40
19150.0,100,-800.0,0.0,SD,5993300.0,14769200.0,False,0.0,10:35:40
19150.0,500,-800.0,0.0,SD,5993300.0,14769100.0,False,0.0,10:35:40
19150.0,800,-800.0,0.0,SD,5993300.0,14768600.0,False,0.0,10:35:40
19150.0,100,-800.0,0.0,SD,5993300.0,14767800.0,False,0.0,10:35:40
19150.0,100,-800.0,0.0,SD,5993300.0,14767700.0,False,0.0,10:35:40
19150.0,100,-800.0,0.0,SD,5993300.0,14767600.0,False,0.0,10:35:40
19150.0,400,-800.0,0.0,SD,5993300.0,14767500.0,False,0.0,10:35:40
19150.0,100,-800.0,0.0,SD,5993300.0,14767100.0,False,0.0,10:35:39
19150.0,200,-800.0,0.0,SD,5993300.0,14767000.0,False,0.0,10:35:39
19150.0,200,-800.0,0.0,SD,5993300.0,14766800.0,False,0.0,10:35:39
19150.0,400,-800.0,0.0,SD,5993300.0,14766600.0,False,0.0,10:35:39
19150.0,1000,-800.0,0.0,SD,5993300.0,14766200.0,False,0.0,10:35:39
19150.0,300,-800.0,0.0,SD,5993300.0,14765200.0,False,0.0,10:35:39
19150.0,100,-800.0,0.0,SD,5993300.0,14764900.0,False,0.0,10:35:39
19150.0,500,-800.0,0.0,SD,5993300.0,14764800.0,False,0.0,10:35:39
19150.0,200,-800.0,0.0,SD,5993300.0,14764300.0,False,0.0,10:35:39
19150.0,100,-800.0,0.0,SD,5993300.0,14764100.0,False,0.0,10:35:39
19150.0,1000,-800.0,0.0,SD,5993300.0,14764000.0,False,0.0,10:35:39
19150.0,500,-800.0,0.0,SD,5993300.0,14763000.0,False,0.0,10:35:39
19150.0,100,-800.0,0.0,SD,5993300.0,14762500.0,False,0.0,10:35:39
19150.0,1000,-800.0,0.0,SD,5993300.0,14762400.0,False,0.0,10:35:39
19150.0,200,-800.0,0.0,SD,5993300.0,14761400.0,False,0.0,10:35:39
19150.0,100,-800.0,0.0,SD,5993300.0,14761200.0,False,0.0,10:35:39
19150.0,4000,-800.0,0.0,SD,5993300.0,14761100.0,False,0.0,10:35:39
19150.0,5000,-800.0,0.0,SD,5993300.0,14757100.0,False,0.0,10:35:39
19150.0,100,-800.0,0.0,SD,5993300.0,14752100.0,False,0.0,10:35:38
19150.0,2000,-800.0,0.0,SD,5993300.0,14752000.0,False,-50.0,10:35:38
19200.0,100,-750.0,0.0,BU,5993300.0,14750000.0,False,50.0,10:35:37
19150.0,16700,-800.0,0.0,SD,5993200.0,14750000.0,True,0.0,10:35:35
19150.0,2000,-800.0,0.0,SD,5993200.0,14733300.0,False,-50.0,10:35:34
19200.0,500,-750.0,0.0,BU,5993200.0,14731300.0,False,50.0,10:35:34
19150.0,100,-800.0,0.0,SD,5992700.0,14731300.0,False,0.0,10:35:33
19150.0,5500,-800.0,0.0,SD,5992700.0,14731200.0,False,-50.0,10:35:33
19200.0,100,-750.0,0.0,BU,5992700.0,14725700.0,False,50.0,10:35:33
19150.0,10000,-800.0,0.0,SD,5992600.0,14725700.0,False,-50.0,10:35:32
19200.0,300,-750.0,0.0,BU,5992600.0,14715700.0,False,50.0,10:35:32
19150.0,2000,-800.0,0.0,SD,5992300.0,14715700.0,False,0.0,10:35:32
19150.0,2600,-800.0,0.0,SD,5992300.0,14713700.0,False,0.0,10:35:31
19150.0,200,-800.0,0.0,SD,5992300.0,14711100.0,False,0.0,10:35:31
19150.0,500,-800.0,0.0,SD,5992300.0,14710900.0,False,0.0,10:35:31
19150.0,100,-800.0,0.0,SD,5992300.0,14710400.0,False,0.0,10:35:31
19150.0,100,-800.0,0.0,SD,5992300.0,14710300.0,False,0.0,10:35:31
19150.0,5400,-800.0,0.0,SD,5992300.0,14710200.0,False,0.0,10:35:31
19150.0,600,-800.0,0.0,SD,5992300.0,14704800.0,False,0.0,10:35:31
19150.0,5000,-800.0,0.0,SD,5992300.0,14704200.0,False,0.0,10:35:30
19150.0,7000,-800.0,0.0,SD,5992300.0,14699200.0,False,0.0,10:35:29
19150.0,2000,-800.0,0.0,SD,5992300.0,14692200.0,False,0.0,10:35:29
19150.0,1000,-800.0,0.0,SD,5992300.0,14690200.0,False,0.0,10:35:29
19150.0,20000,-800.0,0.0,SD,5992300.0,14689200.0,True,0.0,10:35:29
19150.0,300,-800.0,0.0,SD,5992300.0,14669200.0,False,0.0,10:35:29
19150.0,100,-800.0,0.0,SD,5992300.0,14668900.0,False,0.0,10:35:29
19150.0,100,-800.0,0.0,SD,5992300.0,14668800.0,False,0.0,10:35:29
19150.0,7500,-800.0,0.0,SD,5992300.0,14668700.0,False,0.0,10:35:29
19150.0,100,-800.0,0.0,SD,5992300.0,14661200.0,False,0.0,10:35:27
19150.0,800,-800.0,0.0,SD,5992300.0,14661100.0,False,0.0,10:35:27
19150.0,1000,-800.0,0.0,SD,5992300.0,14660300.0,False,0.0,10:35:27
19150.0,8000,-800.0,0.0,SD,5992300.0,14659300.0,False,0.0,10:35:25
19150.0,1000,-800.0,0.0,SD,5992300.0,14651300.0,False,-50.0,10:35:24
19200.0,500,-750.0,0.0,BU,5992300.0,14650300.0,False,50.0,10:35:24
19150.0,1600,-800.0,0.0,SD,5991800.0,14650300.0,False,0.0,10:35:23
19150.0,100,-800.0,0.0,SD,5991800.0,14648700.0,False,0.0,10:35:23
19150.0,400,-800.0,0.0,SD,5991800.0,14648600.0,False,0.0,10:35:23
19150.0,100,-800.0,0.0,SD,5991800.0,14648200.0,False,0.0,10:35:23
19150.0,1000,-800.0,0.0,SD,5991800.0,14648100.0,False,0.0,10:35:23
19150.0,100,-800.0,0.0,SD,5991800.0,14647100.0,False,0.0,10:35:23
19150.0,100,-800.0,0.0,SD,5991800.0,14647000.0,False,0.0,10:35:23
19150.0,200,-800.0,0.0,SD,5991800.0,14646900.0,False,0.0,10:35:23
19150.0,1000,-800.0,0.0,SD,5991800.0,14646700.0,False,0.0,10:35:23
19150.0,100,-800.0,0.0,SD,5991800.0,14645700.0,False,0.0,10:35:23
19150.0,200,-800.0,0.0,SD,5991800.0,14645600.0,False,0.0,10:35:21
19150.0,100,-800.0,0.0,SD,5991800.0,14645400.0,False,0.0,10:35:21
19150.0,1000,-800.0,0.0,SD,5991800.0,14645300.0,False,0.0,10:35:21
19150.0,2000,-800.0,0.0,SD,5991800.0,14644300.0,False,0.0,10:35:21
19150.0,100,-800.0,0.0,SD,5991800.0,14642300.0,False,0.0,10:35:21
19150.0,200,-800.0,0.0,SD,5991800.0,14642200.0,False,0.0,10:35:21
19150.0,1000,-800.0,0.0,SD,5991800.0,14642000.0,False,0.0,10:35:21
19150.0,100,-800.0,0.0,SD,5991800.0,14641000.0,False,0.0,10:35:21
19150.0,200,-800.0,0.0,SD,5991800.0,14640900.0,False,0.0,10:35:21
19150.0,300,-800.0,0.0,SD,5991800.0,14640700.0,False,0.0,10:35:21
19150.0,900,-800.0,0.0,SD,5991800.0,14640400.0,False,0.0,10:35:21
19150.0,100,-800.0,0.0,SD,5991800.0,14639500.0,False,0.0,10:35:21
19150.0,200,-800.0,0.0,SD,5991800.0,14639400.0,False,0.0,10:35:21
19150.0,200,-800.0,0.0,SD,5991800.0,14639200.0,False,0.0,10:35:21
19150.0,3400,-800.0,0.0,SD,5991800.0,14639000.0,False,0.0,10:35:21
19150.0,600,-800.0,0.0,SD,5991800.0,14635600.0,False,0.0,10:35:21
19150.0,100,-800.0,0.0,SD,5991800.0,14635000.0,False,0.0,10:35:21
19150.0,500,-800.0,0.0,SD,5991800.0,14634900.0,False,0.0,10:35:21
19150.0,400,-800.0,0.0,SD,5991800.0,14634400.0,False,0.0,10:35:20
19150.0,200,-800.0,0.0,SD,5991800.0,14634000.0,False,0.0,10:35:20
19150.0,100,-800.0,0.0,SD,5991800.0,14633800.0,False,0.0,10:35:20
19150.0,200,-800.0,0.0,SD,5991800.0,14633700.0,False,0.0,10:35:20
19150.0,500,-800.0,0.0,SD,5991800.0,14633500.0,False,0.0,10:35:20
19150.0,5000,-800.0,0.0,SD,5991800.0,14633000.0,False,0.0,10:35:20
19150.0,100,-800.0,0.0,SD,5991800.0,14628000.0,False,0.0,10:35:20
19150.0,100,-800.0,0.0,SD,5991800.0,14627900.0,False,0.0,10:35:20
19150.0,1000,-800.0,0.0,SD,5991800.0,14627800.0,False,0.0,10:35:20
19150.0,100,-800.0,0.0,SD,5991800.0,14626800.0,False,0.0,10:35:20
19150.0,500,-800.0,0.0,SD,5991800.0,14626700.0,False,0.0,10:35:20
19150.0,200,-800.0,0.0,SD,5991800.0,14626200.0,False,0.0,10:35:20
19150.0,5000,-800.0,0.0,SD,5991800.0,14626000.0,False,0.0,10:35:20
19150.0,1000,-800.0,0.0,SD,5991800.0,14621000.0,False,0.0,10:35:20
19150.0,100,-800.0,0.0,SD,5991800.0,14620000.0,False,0.0,10:35:20
19150.0,500,-800.0,0.0,SD,5991800.0,14619900.0,False,0.0,10:35:20
19150.0,1000,-800.0,0.0,SD,5991800.0,14619400.0,False,-50.0,10:35:20
19200.0,100,-750.0,0.0,BU,5991800.0,14618400.0,False,0.0,10:35:20
19200.0,200,-750.0,0.0,BU,5991700.0,14618400.0,False,50.0,10:35:18
19150.0,1000,-800.0,0.0,SD,5991500.0,14618400.0,False,0.0,10:35:18
19150.0,5000,-800.0,0.0,SD,5991500.0,14617400.0,False,0.0,10:35:17
19150.0,2000,-800.0,0.0,SD,5991500.0,14612400.0,False,0.0,10:35:16
19150.0,16600,-800.0,0.0,SD,5991500.0,14610400.0,True,0.0,10:35:16
19150.0,5000,-800.0,0.0,SD,5991500.0,14593800.0,False,0.0,10:35:16
19150.0,200,-800.0,0.0,SD,5991500.0,14588800.0,False,0.0,10:35:14
19150.0,1000,-800.0,0.0,SD,5991500.0,14588600.0,False,0.0,10:35:11
19150.0,2000,-800.0,0.0,SD,5991500.0,14587600.0,False,0.0,10:35:11
19150.0,3000,-800.0,0.0,SD,5991500.0,14585600.0,False,-50.0,10:35:11
19200.0,1000,-750.0,0.0,BU,5991500.0,14582600.0,False,0.0,10:35:11
19200.0,100,-750.0,0.0,BU,5990500.0,14582600.0,False,50.0,10:35:10
19150.0,14200,-800.0,0.0,SD,5990400.0,14582600.0,True,0.0,10:35:09
19150.0,200,-800.0,0.0,SD,5990400.0,14568400.0,False,0.0,10:35:09
19150.0,2600,-800.0,0.0,SD,5990400.0,14568200.0,False,0.0,10:35:09
19150.0,100,-800.0,0.0,SD,5990400.0,14565600.0,False,-50.0,10:35:09
19200.0,200,-750.0,0.0,BU,5990400.0,14565500.0,False,0.0,10:35:07
19200.0,200,-750.0,0.0,BU,5990200.0,14565500.0,False,50.0,10:35:07
19150.0,4000,-800.0,0.0,SD,5990000.0,14565500.0,False,-50.0,10:35:06
19200.0,18700,-750.0,0.0,BU,5990000.0,14561500.0,True,0.0,10:35:04
19200.0,2000,-750.0,0.0,BU,5971300.0,14561500.0,False,0.0,10:35:04
19200.0,6000,-750.0,0.0,BU,5969300.0,14561500.0,False,0.0,10:35:04
19200.0,1000,-750.0,0.0,BU,5963300.0,14561500.0,False,0.0,10:35:04
19200.0,300,-750.0,0.0,BU,5962300.0,14561500.0,False,50.0,10:35:03
19150.0,1000,-800.0,0.0,SD,5962000.0,14561500.0,False,-50.0,10:35:02
19200.0,200,-750.0,0.0,BU,5962000.0,14560500.0,False,50.0,10:35:01
19150.0,2300,-800.0,0.0,SD,5961800.0,14560500.0,False,-50.0,10:35:00
19200.0,1100,-750.0,0.0,BU,5961800.0,14558200.0,False,50.0,10:35:00
19150.0,500,-800.0,0.0,SD,5960700.0,14558200.0,False,0.0,10:35:00
19150.0,1500,-800.0,0.0,SD,5960700.0,14557700.0,False,0.0,10:35:00
19150.0,700,-800.0,0.0,SD,5960700.0,14556200.0,False,-50.0,10:35:00
19200.0,100,-750.0,0.0,BU,5960700.0,14555500.0,False,50.0,10:34:59
19150.0,100,-800.0,0.0,SD,5960600.0,14555500.0,False,-50.0,10:34:59
19200.0,100,-750.0,0.0,BU,5960600.0,14555400.0,False,50.0,10:34:59
19150.0,100,-800.0,0.0,SD,5960500.0,14555400.0,False,-50.0,10:34:58
19200.0,500,-750.0,0.0,BU,5960500.0,14555300.0,False,50.0,10:34:57
19150.0,700,-800.0,0.0,SD,5960000.0,14555300.0,False,0.0,10:34:54
19150.0,100,-800.0,0.0,SD,5960000.0,14554600.0,False,0.0,10:34:54
19150.0,300,-800.0,0.0,SD,5960000.0,14554500.0,False,0.0,10:34:54
19150.0,100,-800.0,0.0,SD,5960000.0,14554200.0,False,0.0,10:34:54
19150.0,100,-800.0,0.0,SD,5960000.0,14554100.0,False,0.0,10:34:54
19150.0,1000,-800.0,0.0,SD,5960000.0,14554000.0,False,0.0,10:34:54
19150.0,500,-800.0,0.0,SD,5960000.0,14553000.0,False,0.0,10:34:54
19150.0,100,-800.0,0.0,SD,5960000.0,14552500.0,False,0.0,10:34:53
19150.0,100,-800.0,0.0,SD,5960000.0,14552400.0,False,0.0,10:34:53
19150.0,300,-800.0,0.0,SD,5960000.0,14552300.0,False,0.0,10:34:53
19150.0,100,-800.0,0.0,SD,5960000.0,14552000.0,False,0.0,10:34:53
19150.0,100,-800.0,0.0,SD,5960000.0,14551900.0,False,0.0,10:34:53
19150.0,100,-800.0,0.0,SD,5960000.0,14551800.0,False,0.0,10:34:53
19150.0,100,-800.0,0.0,SD,5960000.0,14551700.0,False,0.0,10:34:53
19150.0,100,-800.0,0.0,SD,5960000.0,14551600.0,False,0.0,10:34:53
19150.0,300,-800.0,0.0,SD,5960000.0,14551500.0,False,0.0,10:34:53
19150.0,200,-800.0,0.0,SD,5960000.0,14551200.0,False,0.0,10:34:53
19150.0,500,-800.0,0.0,SD,5960000.0,14551000.0,False,0.0,10:34:53
19150.0,100,-800.0,0.0,SD,5960000.0,14550500.0,False,0.0,10:34:53
19150.0,100,-800.0,0.0,SD,5960000.0,14550400.0,False,-50.0,10:34:53
19200.0,100,-750.0,0.0,BU,5960000.0,14550300.0,False,0.0,10:34:52
19200.0,100,-750.0,0.0,BU,5959900.0,14550300.0,False,0.0,10:34:51
19200.0,100,-750.0,0.0,BU,5959800.0,14550300.0,False,0.0,10:34:51
19200.0,100,-750.0,0.0,BU,5959700.0,14550300.0,False,50.0,10:34:50
19150.0,400,-800.0,0.0,SD,5959600.0,14550300.0,False,-50.0,10:34:50
19200.0,300,-750.0,0.0,BU,5959600.0,14549900.0,False,50.0,10:34:48
19150.0,500,-800.0,0.0,SD,5959300.0,14549900.0,False,-50.0,10:34:47
19200.0,2000,-750.0,0.0,SD,5959300.0,14549400.0,False,0.0,10:34:47
19200.0,1000,-750.0,0.0,SD,5959300.0,14547400.0,False,0.0,10:34:47
19200.0,100,-750.0,0.0,SD,5959300.0,14546400.0,False,0.0,10:34:47
19200.0,100,-750.0,0.0,SD,5959300.0,14546300.0,False,0.0,10:34:47
19200.0,1000,-750.0,0.0,SD,5959300.0,14546200.0,False,0.0,10:34:47
19200.0,100,-750.0,0.0,SD,5959300.0,14545200.0,False,0.0,10:34:47
19200.0,100,-750.0,0.0,SD,5959300.0,14545100.0,False,0.0,10:34:47
19200.0,100,-750.0,0.0,SD,5959300.0,14545000.0,False,0.0,10:34:47
19200.0,100,-750.0,0.0,SD,5959300.0,14544900.0,False,0.0,10:34:47
19200.0,500,-750.0,0.0,SD,5959300.0,14544800.0,False,0.0,10:34:47
19200.0,1000,-750.0,0.0,SD,5959300.0,14544300.0,False,0.0,10:34:47
19200.0,500,-750.0,0.0,SD,5959300.0,14543300.0,False,0.0,10:34:47
19200.0,1000,-750.0,0.0,SD,5959300.0,14542800.0,False,0.0,10:34:47
19200.0,1000,-750.0,0.0,SD,5959300.0,14541800.0,False,0.0,10:34:47
19200.0,2000,-750.0,0.0,SD,5959300.0,14540800.0,False,0.0,10:34:47
19200.0,100,-750.0,0.0,SD,5959300.0,14538800.0,False,0.0,10:34:47
19200.0,2000,-750.0,0.0,SD,5959300.0,14538700.0,False,0.0,10:34:47
19200.0,500,-750.0,0.0,SD,5959300.0,14536700.0,False,0.0,10:34:47
19200.0,400,-750.0,0.0,SD,5959300.0,14536200.0,False,0.0,10:34:47
19200.0,500,-750.0,0.0,SD,5959300.0,14535800.0,False,0.0,10:34:47
19200.0,400,-750.0,0.0,SD,5959300.0,14535300.0,False,0.0,10:34:47
19200.0,400,-750.0,0.0,SD,5959300.0,14534900.0,False,0.0,10:34:47
19200.0,100,-750.0,0.0,SD,5959300.0,14534500.0,False,0.0,10:34:47
19200.0,100,-750.0,0.0,SD,5959300.0,14534400.0,False,0.0,10:34:47
19200.0,2000,-750.0,0.0,SD,5959300.0,14534300.0,False,0.0,10:34:47
19200.0,100,-750.0,0.0,SD,5959300.0,14532300.0,False,0.0,10:34:47
19200.0,2000,-750.0,0.0,SD,5959300.0,14532200.0,False,0.0,10:34:47
19200.0,100,-750.0,0.0,SD,5959300.0,14530200.0,False,0.0,10:34:47
19200.0,300,-750.0,0.0,SD,5959300.0,14530100.0,False,0.0,10:34:47
19200.0,2000,-750.0,0.0,SD,5959300.0,14529800.0,False,0.0,10:34:47
19200.0,1000,-750.0,0.0,SD,5959300.0,14527800.0,False,0.0,10:34:47
19200.0,300,-750.0,0.0,SD,5959300.0,14526800.0,False,0.0,10:34:47
19200.0,100,-750.0,0.0,SD,5959300.0,14526500.0,False,0.0,10:34:47
19200.0,100,-750.0,0.0,SD,5959300.0,14526400.0,False,0.0,10:34:47
19200.0,300,-750.0,0.0,SD,5959300.0,14526300.0,False,0.0,10:34:47
19200.0,1000,-750.0,0.0,SD,5959300.0,14526000.0,False,0.0,10:34:47
19200.0,100,-750.0,0.0,SD,5959300.0,14525000.0,False,0.0,10:34:47
19200.0,100,-750.0,0.0,SD,5959300.0,14524900.0,False,0.0,10:34:47
19200.0,900,-750.0,0.0,SD,5959300.0,14524800.0,False,0.0,10:34:47
19200.0,100,-750.0,0.0,SD,5959300.0,14523900.0,False,0.0,10:34:47
19200.0,100,-750.0,0.0,SD,5959300.0,14523800.0,False,0.0,10:34:47
19200.0,500,-750.0,0.0,SD,5959300.0,14523700.0,False,0.0,10:34:47
19200.0,1400,-750.0,0.0,SD,5959300.0,14523200.0,False,0.0,10:34:47
19200.0,300,-750.0,0.0,SD,5959300.0,14521800.0,False,0.0,10:34:47
19200.0,900,-750.0,0.0,SD,5959300.0,14521500.0,False,0.0,10:34:47
19200.0,1800,-750.0,0.0,SD,5959300.0,14520600.0,False,0.0,10:34:47
19200.0,500,-750.0,0.0,SD,5959300.0,14518800.0,False,0.0,10:34:47
19200.0,400,-750.0,0.0,SD,5959300.0,14518300.0,False,0.0,10:34:47
19200.0,800,-750.0,0.0,SD,5959300.0,14517900.0,False,0.0,10:34:47
19200.0,100,-750.0,0.0,SD,5959300.0,14517100.0,False,0.0,10:34:47
19200.0,1000,-750.0,0.0,SD,5959300.0,14517000.0,False,0.0,10:34:47
19200.0,2000,-750.0,0.0,SD,5959300.0,14516000.0,False,0.0,10:34:47
19200.0,100,-750.0,0.0,SD,5959300.0,14514000.0,False,0.0,10:34:47
19200.0,100,-750.0,0.0,SD,5959300.0,14513900.0,False,0.0,10:34:47
19200.0,500,-750.0,0.0,SD,5959300.0,14513800.0,False,0.0,10:34:47
19200.0,1400,-750.0,0.0,SD,5959300.0,14513300.0,False,0.0,10:34:47
19200.0,600,-750.0,0.0,SD,5959300.0,14511900.0,False,0.0,10:34:47
19200.0,200,-750.0,0.0,SD,5959300.0,14511300.0,False,0.0,10:34:47
19200.0,100,-750.0,0.0,SD,5959300.0,14511100.0,False,0.0,10:34:47
19200.0,100,-750.0,0.0,SD,5959300.0,14511000.0,False,0.0,10:34:47
19200.0,2000,-750.0,0.0,SD,5959300.0,14510900.0,False,0.0,10:34:47
19200.0,800,-750.0,0.0,SD,5959300.0,14508900.0,False,0.0,10:34:47
19200.0,100,-750.0,0.0,SD,5959300.0,14508100.0,False,0.0,10:34:47
19200.0,100,-750.0,0.0,SD,5959300.0,14508000.0,False,0.0,10:34:47
19200.0,200,-750.0,0.0,SD,5959300.0,14507900.0,False,0.0,10:34:47
19200.0,200,-750.0,0.0,SD,5959300.0,14507700.0,False,0.0,10:34:47
19200.0,300,-750.0,0.0,SD,5959300.0,14507500.0,False,0.0,10:34:47
19200.0,1000,-750.0,0.0,SD,5959300.0,14507200.0,False,0.0,10:34:47
19200.0,300,-750.0,0.0,SD,5959300.0,14506200.0,False,0.0,10:34:47
19200.0,200,-750.0,0.0,SD,5959300.0,14505900.0,False,0.0,10:34:47
19200.0,1000,-750.0,0.0,SD,5959300.0,14505700.0,False,0.0,10:34:47
19200.0,1200,-750.0,0.0,SD,5959300.0,14504700.0,False,0.0,10:34:47
19200.0,800,-750.0,0.0,SD,5959300.0,14503500.0,False,0.0,10:34:46
19200.0,200,-750.0,0.0,SD,5959300.0,14502700.0,False,0.0,10:34:46
19200.0,600,-750.0,0.0,SD,5959300.0,14502500.0,False,0.0,10:34:46
19200.0,100,-750.0,0.0,SD,5959300.0,14501900.0,False,0.0,10:34:46
19200.0,300,-750.0,0.0,SD,5959300.0,14501800.0,False,0.0,10:34:46
19200.0,500,-750.0,0.0,SD,5959300.0,14501500.0,False,0.0,10:34:46
19200.0,9200,-750.0,0.0,SD,5959300.0,14501000.0,False,0.0,10:34:46
19200.0,800,-750.0,0.0,SD,5959300.0,14491800.0,False,0.0,10:34:46
19200.0,1000,-750.0,0.0,SD,5959300.0,14491000.0,False,0.0,10:34:46
19200.0,500,-750.0,0.0,SD,5959300.0,14490000.0,False,0.0,10:34:46
19200.0,600,-750.0,0.0,SD,5959300.0,14489500.0,False,0.0,10:34:46
19200.0,600,-750.0,0.0,SD,5959300.0,14488900.0,False,0.0,10:34:46
19200.0,100,-750.0,0.0,SD,5959300.0,14488300.0,False,0.0,10:34:46
19200.0,1400,-750.0,0.0,SD,5959300.0,14488200.0,False,0.0,10:34:46
19200.0,100,-750.0,0.0,SD,5959300.0,14486800.0,False,0.0,10:34:45
19200.0,200,-750.0,0.0,SD,5959300.0,14486700.0,False,0.0,10:34:45
19200.0,600,-750.0,0.0,SD,5959300.0,14486500.0,False,0.0,10:34:45
19200.0,100,-750.0,0.0,SD,5959300.0,14485900.0,False,0.0,10:34:45
19200.0,900,-750.0,0.0,SD,5959300.0,14485800.0,False,0.0,10:34:44
19200.0,300,-750.0,0.0,SD,5959300.0,14484900.0,False,0.0,10:34:44
19200.0,1800,-750.0,0.0,SD,5959300.0,14484600.0,False,0.0,10:34:44
19200.0,200,-750.0,0.0,SD,5959300.0,14482800.0,False,0.0,10:34:44
19200.0,500,-750.0,0.0,SD,5959300.0,14482600.0,False,0.0,10:34:44
19200.0,1000,-750.0,0.0,SD,5959300.0,14482100.0,False,0.0,10:34:44
19200.0,100,-750.0,0.0,SD,5959300.0,14481100.0,False,0.0,10:34:44
19200.0,100,-750.0,0.0,SD,5959300.0,14481000.0,False,0.0,10:34:44
19200.0,100,-750.0,0.0,SD,5959300.0,14480900.0,False,0.0,10:34:44
19200.0,1000,-750.0,0.0,SD,5959300.0,14480800.0,False,0.0,10:34:44
19200.0,100,-750.0,0.0,SD,5959300.0,14479800.0,False,0.0,10:34:44
19200.0,100,-750.0,0.0,SD,5959300.0,14479700.0,False,0.0,10:34:44
19200.0,300,-750.0,0.0,SD,5959300.0,14479600.0,False,0.0,10:34:44
19200.0,100,-750.0,0.0,SD,5959300.0,14479300.0,False,0.0,10:34:44
19200.0,100,-750.0,0.0,SD,5959300.0,14479200.0,False,0.0,10:34:44
19200.0,100,-750.0,0.0,SD,5959300.0,14479100.0,False,0.0,10:34:44
19200.0,500,-750.0,0.0,SD,5959300.0,14479000.0,False,0.0,10:34:44
19200.0,2000,-750.0,0.0,SD,5959300.0,14478500.0,False,0.0,10:34:44
19200.0,100,-750.0,0.0,SD,5959300.0,14476500.0,False,0.0,10:34:44
19200.0,100,-750.0,0.0,SD,5959300.0,14476400.0,False,0.0,10:34:44
19200.0,500,-750.0,0.0,SD,5959300.0,14476300.0,False,0.0,10:34:44
19200.0,1000,-750.0,0.0,SD,5959300.0,14475800.0,False,0.0,10:34:44
19200.0,100,-750.0,0.0,SD,5959300.0,14474800.0,False,0.0,10:34:44
19200.0,500,-750.0,0.0,SD,5959300.0,14474700.0,False,0.0,10:34:44
19200.0,200,-750.0,0.0,SD,5959300.0,14474200.0,False,0.0,10:34:44
19200.0,100,-750.0,0.0,SD,5959300.0,14474000.0,False,0.0,10:34:44
19200.0,2000,-750.0,0.0,SD,5959300.0,14473900.0,False,0.0,10:34:44
19200.0,100,-750.0,0.0,SD,5959300.0,14471900.0,False,0.0,10:34:44
19200.0,2600,-750.0,0.0,SD,5959300.0,14471800.0,False,0.0,10:34:44
19200.0,400,-750.0,0.0,SD,5959300.0,14469200.0,False,0.0,10:34:44
19200.0,600,-750.0,0.0,SD,5959300.0,14468800.0,False,0.0,10:34:44
19200.0,400,-750.0,0.0,SD,5959300.0,14468200.0,False,0.0,10:34:44
19200.0,500,-750.0,0.0,SD,5959300.0,14467800.0,False,0.0,10:34:44
19200.0,100,-750.0,0.0,SD,5959300.0,14467300.0,False,0.0,10:34:44
19200.0,100,-750.0,0.0,SD,5959300.0,14467200.0,False,0.0,10:34:43
19200.0,300,-750.0,0.0,SD,5959300.0,14467100.0,False,0.0,10:34:43
19200.0,600,-750.0,0.0,SD,5959300.0,14466800.0,False,0.0,10:34:43
19200.0,500,-750.0,0.0,SD,5959300.0,14466200.0,False,0.0,10:34:43
19200.0,200,-750.0,0.0,SD,5959300.0,14465700.0,False,0.0,10:34:43
19200.0,500,-750.0,0.0,SD,5959300.0,14465500.0,False,0.0,10:34:43
19200.0,3900,-750.0,0.0,SD,5959300.0,14465000.0,False,0.0,10:34:43
19200.0,500,-750.0,0.0,SD,5959300.0,14461100.0,False,0.0,10:34:43
19200.0,100,-750.0,0.0,SD,5959300.0,14460600.0,False,0.0,10:34:43
19200.0,100,-750.0,0.0,SD,5959300.0,14460500.0,False,0.0,10:34:43
19200.0,100,-750.0,0.0,SD,5959300.0,14460400.0,False,0.0,10:34:43
19200.0,100,-750.0,0.0,SD,5959300.0,14460300.0,False,0.0,10:34:43
19200.0,1000,-750.0,0.0,SD,5959300.0,14460200.0,False,0.0,10:34:43
19200.0,100,-750.0,0.0,SD,5959300.0,14459200.0,False,0.0,10:34:43
19200.0,1000,-750.0,0.0,SD,5959300.0,14459100.0,False,0.0,10:34:43
19200.0,200,-750.0,0.0,SD,5959300.0,14458100.0,False,0.0,10:34:43
19200.0,100,-750.0,0.0,SD,5959300.0,14457900.0,False,0.0,10:34:43
19200.0,1000,-750.0,0.0,SD,5959300.0,14457800.0,False,0.0,10:34:43
19200.0,2000,-750.0,0.0,SD,5959300.0,14456800.0,False,0.0,10:34:43
19200.0,7000,-750.0,0.0,SD,5959300.0,14454800.0,False,0.0,10:34:43
19200.0,100,-750.0,0.0,SD,5959300.0,14447800.0,False,0.0,10:34:43
19200.0,100,-750.0,0.0,SD,5959300.0,14447700.0,False,0.0,10:34:43
19200.0,100,-750.0,0.0,SD,5959300.0,14447600.0,False,0.0,10:34:43
19200.0,100,-750.0,0.0,SD,5959300.0,14447500.0,False,0.0,10:34:43
19200.0,200,-750.0,0.0,SD,5959300.0,14447400.0,False,0.0,10:34:43
19200.0,500,-750.0,0.0,SD,5959300.0,14447200.0,False,0.0,10:34:43
19200.0,1000,-750.0,0.0,SD,5959300.0,14446700.0,False,0.0,10:34:43
19200.0,9500,-750.0,0.0,SD,5959300.0,14445700.0,False,0.0,10:34:42
19200.0,100,-750.0,0.0,SD,5959300.0,14436200.0,False,0.0,10:34:42
19200.0,100,-750.0,0.0,SD,5959300.0,14436100.0,False,0.0,10:34:42
19200.0,100,-750.0,0.0,SD,5959300.0,14436000.0,False,0.0,10:34:42
19200.0,100,-750.0,0.0,SD,5959300.0,14435900.0,False,0.0,10:34:42
19200.0,300,-750.0,0.0,SD,5959300.0,14435800.0,False,0.0,10:34:42
19200.0,100,-750.0,0.0,SD,5959300.0,14435500.0,False,0.0,10:34:42
19200.0,200,-750.0,0.0,SD,5959300.0,14435400.0,False,0.0,10:34:42
19200.0,1000,-750.0,0.0,SD,5959300.0,14435200.0,False,0.0,10:34:42
19200.0,100,-750.0,0.0,SD,5959300.0,14434200.0,False,0.0,10:34:42
19200.0,400,-750.0,0.0,SD,5959300.0,14434100.0,False,0.0,10:34:42
19200.0,200,-750.0,0.0,SD,5959300.0,14433700.0,False,0.0,10:34:42
19200.0,200,-750.0,0.0,SD,5959300.0,14433500.0,False,0.0,10:34:42
19200.0,37800,-750.0,0.0,SD,5959300.0,14433300.0,True,0.0,10:34:42
19200.0,10000,-750.0,0.0,SD,5959300.0,14395500.0,False,0.0,10:34:42
19200.0,2200,-750.0,0.0,SD,5959300.0,14385500.0,False,0.0,10:34:42
19200.0,200,-750.0,0.0,SD,5959300.0,14383300.0,False,0.0,10:34:42
19200.0,1000,-750.0,0.0,SD,5959300.0,14383100.0,False,0.0,10:34:42
19200.0,10000,-750.0,0.0,SD,5959300.0,14382100.0,False,0.0,10:34:42
19200.0,100,-750.0,0.0,SD,5959300.0,14372100.0,False,0.0,10:34:42
19200.0,300,-750.0,0.0,SD,5959300.0,14372000.0,False,0.0,10:34:42
19200.0,3500,-750.0,0.0,SD,5959300.0,14371700.0,False,0.0,10:34:42
19200.0,200,-750.0,0.0,SD,5959300.0,14368200.0,False,0.0,10:34:42
19200.0,2200,-750.0,0.0,SD,5959300.0,14368000.0,False,0.0,10:34:42
19200.0,100,-750.0,0.0,SD,5959300.0,14365800.0,False,0.0,10:34:42
19200.0,100,-750.0,0.0,SD,5959300.0,14365700.0,False,0.0,10:34:42
19200.0,100,-750.0,0.0,SD,5959300.0,14365600.0,False,0.0,10:34:42
19200.0,400,-750.0,0.0,SD,5959300.0,14365500.0,False,0.0,10:34:42
19200.0,1000,-750.0,0.0,SD,5959300.0,14365100.0,False,0.0,10:34:42
19200.0,500,-750.0,0.0,SD,5959300.0,14364100.0,False,0.0,10:34:42
19200.0,400,-750.0,0.0,SD,5959300.0,14363600.0,False,0.0,10:34:42
19200.0,100,-750.0,0.0,SD,5959300.0,14363200.0,False,0.0,10:34:42
19200.0,100,-750.0,0.0,SD,5959300.0,14363100.0,False,0.0,10:34:42
19200.0,200,-750.0,0.0,SD,5959300.0,14363000.0,False,0.0,10:34:42
19200.0,100,-750.0,0.0,SD,5959300.0,14362800.0,False,0.0,10:34:42
19200.0,100,-750.0,0.0,SD,5959300.0,14362700.0,False,0.0,10:34:42
19200.0,100,-750.0,0.0,SD,5959300.0,14362600.0,False,0.0,10:34:42
19200.0,300,-750.0,0.0,SD,5959300.0,14362500.0,False,0.0,10:34:42
19200.0,1100,-750.0,0.0,SD,5959300.0,14362200.0,False,0.0,10:34:41
19200.0,300,-750.0,0.0,SD,5959300.0,14361100.0,False,0.0,10:34:41
19200.0,1000,-750.0,0.0,SD,5959300.0,14360800.0,False,0.0,10:34:41
19200.0,500,-750.0,0.0,SD,5959300.0,14359800.0,False,0.0,10:34:41
19200.0,100,-750.0,0.0,SD,5959300.0,14359300.0,False,0.0,10:34:41
19200.0,2200,-750.0,0.0,SD,5959300.0,14359200.0,False,0.0,10:34:41
19200.0,800,-750.0,0.0,SD,5959300.0,14357000.0,False,0.0,10:34:40
19200.0,600,-750.0,0.0,SD,5959300.0,14356200.0,False,0.0,10:34:40
19200.0,100,-750.0,0.0,SD,5959300.0,14355600.0,False,0.0,10:34:40
19200.0,200,-750.0,0.0,SD,5959300.0,14355500.0,False,0.0,10:34:40
19200.0,100,-750.0,0.0,SD,5959300.0,14355300.0,False,0.0,10:34:40
19200.0,1000,-750.0,0.0,SD,5959300.0,14355200.0,False,0.0,10:34:40
19200.0,1400,-750.0,0.0,SD,5959300.0,14354200.0,False,0.0,10:34:40
19200.0,2000,-750.0,0.0,SD,5959300.0,14352800.0,False,0.0,10:34:40
19200.0,1000,-750.0,0.0,SD,5959300.0,14350800.0,False,0.0,10:34:40
19200.0,100,-750.0,0.0,SD,5959300.0,14349800.0,False,0.0,10:34:40
19200.0,500,-750.0,0.0,SD,5959300.0,14349700.0,False,0.0,10:34:40
19200.0,100,-750.0,0.0,SD,5959300.0,14349200.0,False,0.0,10:34:40
19200.0,100,-750.0,0.0,SD,5959300.0,14349100.0,False,0.0,10:34:40
19200.0,500,-750.0,0.0,SD,5959300.0,14349000.0,False,0.0,10:34:40
19200.0,200,-750.0,0.0,SD,5959300.0,14348500.0,False,0.0,10:34:40
19200.0,100,-750.0,0.0,SD,5959300.0,14348300.0,False,0.0,10:34:40
19200.0,1000,-750.0,0.0,SD,5959300.0,14348200.0,False,0.0,10:34:40
19200.0,200,-750.0,0.0,SD,5959300.0,14347200.0,False,0.0,10:34:40
19200.0,100,-750.0,0.0,SD,5959300.0,14347000.0,False,0.0,10:34:40
19200.0,1700,-750.0,0.0,SD,5959300.0,14346900.0,False,0.0,10:34:40
19200.0,200,-750.0,0.0,SD,5959300.0,14345200.0,False,0.0,10:34:40
19200.0,300,-750.0,0.0,SD,5959300.0,14345000.0,False,0.0,10:34:40
19200.0,100,-750.0,0.0,SD,5959300.0,14344700.0,False,0.0,10:34:40
19200.0,100,-750.0,0.0,SD,5959300.0,14344600.0,False,0.0,10:34:40
19200.0,1000,-750.0,0.0,SD,5959300.0,14344500.0,False,0.0,10:34:40
19200.0,100,-750.0,0.0,SD,5959300.0,14343500.0,False,0.0,10:34:40
19200.0,3000,-750.0,0.0,SD,5959300.0,14343400.0,False,0.0,10:34:40
19200.0,1000,-750.0,0.0,SD,5959300.0,14340400.0,False,0.0,10:34:40
19200.0,3000,-750.0,0.0,SD,5959300.0,14339400.0,False,0.0,10:34:40
19200.0,1000,-750.0,0.0,SD,5959300.0,14336400.0,False,0.0,10:34:40
19200.0,100,-750.0,0.0,SD,5959300.0,14335400.0,False,0.0,10:34:40
19200.0,1000,-750.0,0.0,SD,5959300.0,14335300.0,False,0.0,10:34:40
19200.0,800,-750.0,0.0,SD,5959300.0,14334300.0,False,0.0,10:34:40
19200.0,1400,-750.0,0.0,SD,5959300.0,14333500.0,False,0.0,10:34:40
19200.0,14300,-750.0,0.0,SD,5959300.0,14332100.0,True,0.0,10:34:40
19200.0,100,-750.0,0.0,SD,5959300.0,14317800.0,False,0.0,10:34:40
19200.0,300,-750.0,0.0,SD,5959300.0,14317700.0,False,0.0,10:34:40
19200.0,300,-750.0,0.0,SD,5959300.0,14317400.0,False,0.0,10:34:40
19200.0,1000,-750.0,0.0,SD,5959300.0,14317100.0,False,0.0,10:34:40
19200.0,100,-750.0,0.0,SD,5959300.0,14316100.0,False,0.0,10:34:40
19200.0,200,-750.0,0.0,SD,5959300.0,14316000.0,False,0.0,10:34:40
19200.0,200,-750.0,0.0,SD,5959300.0,14315800.0,False,0.0,10:34:40
19200.0,500,-750.0,0.0,SD,5959300.0,14315600.0,False,0.0,10:34:40
19200.0,3000,-750.0,0.0,SD,5959300.0,14315100.0,False,0.0,10:34:40
19200.0,1000,-750.0,0.0,SD,5959300.0,14312100.0,False,0.0,10:34:40
19200.0,100,-750.0,0.0,SD,5959300.0,14311100.0,False,0.0,10:34:40
19200.0,500,-750.0,0.0,SD,5959300.0,14311000.0,False,0.0,10:34:40
19200.0,100,-750.0,0.0,SD,5959300.0,14310500.0,False,0.0,10:34:40
19200.0,100,-750.0,0.0,SD,5959300.0,14310400.0,False,0.0,10:34:40
19200.0,100,-750.0,0.0,SD,5959300.0,14310300.0,False,0.0,10:34:40
19200.0,700,-750.0,0.0,SD,5959300.0,14310200.0,False,0.0,10:34:40
19200.0,1000,-750.0,0.0,SD,5959300.0,14309500.0,False,0.0,10:34:40
19200.0,500,-750.0,0.0,SD,5959300.0,14308500.0,False,0.0,10:34:40
19200.0,500,-750.0,0.0,SD,5959300.0,14308000.0,False,0.0,10:34:40
19200.0,100,-750.0,0.0,SD,5959300.0,14307500.0,False,0.0,10:34:40
19200.0,200,-750.0,0.0,SD,5959300.0,14307400.0,False,0.0,10:34:40
19200.0,100,-750.0,0.0,SD,5959300.0,14307200.0,False,0.0,10:34:40
19200.0,1000,-750.0,0.0,SD,5959300.0,14307100.0,False,0.0,10:34:40
19200.0,500,-750.0,0.0,SD,5959300.0,14306100.0,False,0.0,10:34:40
19200.0,1000,-750.0,0.0,SD,5959300.0,14305600.0,False,0.0,10:34:40
19200.0,100,-750.0,0.0,SD,5959300.0,14304600.0,False,0.0,10:34:40
19200.0,1000,-750.0,0.0,SD,5959300.0,14304500.0,False,0.0,10:34:40
19200.0,100,-750.0,0.0,SD,5959300.0,14303500.0,False,0.0,10:34:40
19200.0,1000,-750.0,0.0,SD,5959300.0,14303400.0,False,0.0,10:34:40
19200.0,200,-750.0,0.0,SD,5959300.0,14302400.0,False,0.0,10:34:40
19200.0,100,-750.0,0.0,SD,5959300.0,14302200.0,False,0.0,10:34:40
19200.0,500,-750.0,0.0,SD,5959300.0,14302100.0,False,0.0,10:34:40
19200.0,1000,-750.0,0.0,SD,5959300.0,14301600.0,False,0.0,10:34:40
19200.0,100,-750.0,0.0,SD,5959300.0,14300600.0,False,0.0,10:34:40
19200.0,400,-750.0,0.0,SD,5959300.0,14300500.0,False,0.0,10:34:40
19200.0,2000,-750.0,0.0,SD,5959300.0,14300100.0,False,0.0,10:34:40
19200.0,1000,-750.0,0.0,SD,5959300.0,14298100.0,False,0.0,10:34:40
19200.0,300,-750.0,0.0,SD,5959300.0,14297100.0,False,0.0,10:34:40
19200.0,2000,-750.0,0.0,SD,5959300.0,14296800.0,False,0.0,10:34:40
19200.0,100,-750.0,0.0,SD,5959300.0,14294800.0,False,0.0,10:34:40
19200.0,100,-750.0,0.0,SD,5959300.0,14294700.0,False,0.0,10:34:40
19200.0,1000,-750.0,0.0,SD,5959300.0,14294600.0,False,0.0,10:34:40
19200.0,1000,-750.0,0.0,SD,5959300.0,14293600.0,False,0.0,10:34:40
19200.0,800,-750.0,0.0,SD,5959300.0,14292600.0,False,0.0,10:34:40
19200.0,100,-750.0,0.0,SD,5959300.0,14291800.0,False,0.0,10:34:40
19200.0,1000,-750.0,0.0,SD,5959300.0,14291700.0,False,0.0,10:34:40
19200.0,100,-750.0,0.0,SD,5959300.0,14290700.0,False,0.0,10:34:40
19200.0,3000,-750.0,0.0,SD,5959300.0,14290600.0,False,0.0,10:34:40
19200.0,300,-750.0,0.0,SD,5959300.0,14287600.0,False,0.0,10:34:40
19200.0,1000,-750.0,0.0,SD,5959300.0,14287300.0,False,0.0,10:34:40
19200.0,1000,-750.0,0.0,SD,5959300.0,14286300.0,False,0.0,10:34:40
19200.0,2000,-750.0,0.0,SD,5959300.0,14285300.0,False,0.0,10:34:40
19200.0,1000,-750.0,0.0,SD,5959300.0,14283300.0,False,0.0,10:34:40
19200.0,100,-750.0,0.0,SD,5959300.0,14282300.0,False,0.0,10:34:40
19200.0,500,-750.0,0.0,SD,5959300.0,14282200.0,False,0.0,10:34:40
19200.0,800,-750.0,0.0,SD,5959300.0,14281700.0,False,0.0,10:34:40
19200.0,500,-750.0,0.0,SD,5959300.0,14280900.0,False,0.0,10:34:40
19200.0,200,-750.0,0.0,SD,5959300.0,14280400.0,False,0.0,10:34:40
19200.0,200,-750.0,0.0,SD,5959300.0,14280200.0,False,0.0,10:34:40
19200.0,2000,-750.0,0.0,SD,5959300.0,14280000.0,False,0.0,10:34:40
19200.0,200,-750.0,0.0,SD,5959300.0,14278000.0,False,0.0,10:34:40
19200.0,1000,-750.0,0.0,SD,5959300.0,14277800.0,False,0.0,10:34:40
19200.0,500,-750.0,0.0,SD,5959300.0,14276800.0,False,0.0,10:34:40
19200.0,300,-750.0,0.0,SD,5959300.0,14276300.0,False,0.0,10:34:40
19200.0,500,-750.0,0.0,SD,5959300.0,14276000.0,False,0.0,10:34:40
19200.0,300,-750.0,0.0,SD,5959300.0,14275500.0,False,0.0,10:34:40
19200.0,100,-750.0,0.0,SD,5959300.0,14275200.0,False,0.0,10:34:40
19200.0,100,-750.0,0.0,SD,5959300.0,14275100.0,False,0.0,10:34:40
19200.0,500,-750.0,0.0,SD,5959300.0,14275000.0,False,0.0,10:34:40
19200.0,1000,-750.0,0.0,SD,5959300.0,14274500.0,False,0.0,10:34:40
19200.0,100,-750.0,0.0,SD,5959300.0,14273500.0,False,0.0,10:34:40
19200.0,1000,-750.0,0.0,SD,5959300.0,14273400.0,False,0.0,10:34:40
19200.0,100,-750.0,0.0,SD,5959300.0,14272400.0,False,0.0,10:34:40
19200.0,100,-750.0,0.0,SD,5959300.0,14272300.0,False,0.0,10:34:40
19200.0,100,-750.0,0.0,SD,5959300.0,14272200.0,False,0.0,10:34:40
19200.0,5200,-750.0,0.0,SD,5959300.0,14272100.0,False,0.0,10:34:39
19200.0,2000,-750.0,0.0,SD,5959300.0,14266900.0,False,0.0,10:34:39
19200.0,2700,-750.0,0.0,SD,5959300.0,14264900.0,False,0.0,10:34:39
19200.0,300,-750.0,0.0,SD,5959300.0,14262200.0,False,0.0,10:34:39
19200.0,300,-750.0,0.0,SD,5959300.0,14261900.0,False,0.0,10:34:38
19200.0,100,-750.0,0.0,SD,5959300.0,14261600.0,False,0.0,10:34:38
19200.0,5000,-750.0,0.0,SD,5959300.0,14261500.0,False,0.0,10:34:38
19200.0,300,-750.0,0.0,SD,5959300.0,14256500.0,False,0.0,10:34:38
19200.0,1000,-750.0,0.0,SD,5959300.0,14256200.0,False,0.0,10:34:38
19200.0,200,-750.0,0.0,SD,5959300.0,14255200.0,False,0.0,10:34:38
19200.0,1000,-750.0,0.0,SD,5959300.0,14255000.0,False,0.0,10:34:38
19200.0,1000,-750.0,0.0,SD,5959300.0,14254000.0,False,0.0,10:34:38
19200.0,1000,-750.0,0.0,SD,5959300.0,14253000.0,False,0.0,10:34:38
19200.0,100,-750.0,0.0,SD,5959300.0,14252000.0,False,0.0,10:34:38
19200.0,200,-750.0,0.0,SD,5959300.0,14251900.0,False,0.0,10:34:38
19200.0,100,-750.0,0.0,SD,5959300.0,14251700.0,False,0.0,10:34:38
19200.0,700,-750.0,0.0,SD,5959300.0,14251600.0,False,0.0,10:34:38
19200.0,300,-750.0,0.0,SD,5959300.0,14250900.0,False,0.0,10:34:38
19200.0,1000,-750.0,0.0,SD,5959300.0,14250600.0,False,0.0,10:34:38
19200.0,500,-750.0,0.0,SD,5959300.0,14249600.0,False,0.0,10:34:38
19200.0,200,-750.0,0.0,SD,5959300.0,14249100.0,False,0.0,10:34:38
19200.0,2000,-750.0,0.0,SD,5959300.0,14248900.0,False,0.0,10:34:38
19200.0,500,-750.0,0.0,SD,5959300.0,14246900.0,False,0.0,10:34:38
19200.0,2000,-750.0,0.0,SD,5959300.0,14246400.0,False,0.0,10:34:38
19200.0,300,-750.0,0.0,SD,5959300.0,14244400.0,False,0.0,10:34:38
19200.0,100,-750.0,0.0,SD,5959300.0,14244100.0,False,0.0,10:34:38
19200.0,100,-750.0,0.0,SD,5959300.0,14244000.0,False,0.0,10:34:38
19200.0,1000,-750.0,0.0,SD,5959300.0,14243900.0,False,0.0,10:34:38
19200.0,1000,-750.0,0.0,SD,5959300.0,14242900.0,False,0.0,10:34:38
19200.0,500,-750.0,0.0,SD,5959300.0,14241900.0,False,0.0,10:34:38
19200.0,500,-750.0,0.0,SD,5959300.0,14241400.0,False,0.0,10:34:38
19200.0,500,-750.0,0.0,SD,5959300.0,14240900.0,False,0.0,10:34:38
19200.0,400,-750.0,0.0,SD,5959300.0,14240400.0,False,0.0,10:34:38
19200.0,2000,-750.0,0.0,SD,5959300.0,14240000.0,False,0.0,10:34:38
19200.0,1000,-750.0,0.0,SD,5959300.0,14238000.0,False,0.0,10:34:38
19200.0,500,-750.0,0.0,SD,5959300.0,14237000.0,False,0.0,10:34:38
19200.0,100,-750.0,0.0,SD,5959300.0,14236500.0,False,0.0,10:34:38
19200.0,500,-750.0,0.0,SD,5959300.0,14236400.0,False,0.0,10:34:38
19200.0,400,-750.0,0.0,SD,5959300.0,14235900.0,False,0.0,10:34:38
19200.0,4600,-750.0,0.0,SD,5959300.0,14235500.0,False,0.0,10:34:38
19200.0,400,-750.0,0.0,SD,5959300.0,14230900.0,False,0.0,10:34:38
19200.0,100,-750.0,0.0,SD,5959300.0,14230500.0,False,0.0,10:34:38
19200.0,2000,-750.0,0.0,SD,5959300.0,14230400.0,False,0.0,10:34:38
19200.0,100,-750.0,0.0,SD,5959300.0,14228400.0,False,0.0,10:34:38
19200.0,300,-750.0,0.0,SD,5959300.0,14228300.0,False,0.0,10:34:38
19200.0,100,-750.0,0.0,SD,5959300.0,14228000.0,False,0.0,10:34:38
19200.0,500,-750.0,0.0,SD,5959300.0,14227900.0,False,0.0,10:34:38
19200.0,1000,-750.0,0.0,SD,5959300.0,14227400.0,False,0.0,10:34:38
19200.0,500,-750.0,0.0,SD,5959300.0,14226400.0,False,0.0,10:34:38
19200.0,100,-750.0,0.0,SD,5959300.0,14225900.0,False,0.0,10:34:38
19200.0,100,-750.0,0.0,SD,5959300.0,14225800.0,False,0.0,10:34:38
19200.0,100,-750.0,0.0,SD,5959300.0,14225700.0,False,0.0,10:34:38
19200.0,2000,-750.0,0.0,SD,5959300.0,14225600.0,False,0.0,10:34:38
19200.0,700,-750.0,0.0,SD,5959300.0,14223600.0,False,0.0,10:34:38
19200.0,100,-750.0,0.0,SD,5959300.0,14222900.0,False,0.0,10:34:38
19200.0,100,-750.0,0.0,SD,5959300.0,14222800.0,False,0.0,10:34:38
19200.0,100,-750.0,0.0,SD,5959300.0,14222700.0,False,0.0,10:34:38
19200.0,200,-750.0,0.0,SD,5959300.0,14222600.0,False,0.0,10:34:38
19200.0,100,-750.0,0.0,SD,5959300.0,14222400.0,False,0.0,10:34:38
19200.0,1000,-750.0,0.0,SD,5959300.0,14222300.0,False,0.0,10:34:38
19200.0,5000,-750.0,0.0,SD,5959300.0,14221300.0,False,0.0,10:34:38
19200.0,400,-750.0,0.0,SD,5959300.0,14216300.0,False,0.0,10:34:38
19200.0,1200,-750.0,0.0,SD,5959300.0,14215900.0,False,0.0,10:34:38
19200.0,100,-750.0,0.0,SD,5959300.0,14214700.0,False,0.0,10:34:38
19200.0,100,-750.0,0.0,SD,5959300.0,14214600.0,False,0.0,10:34:38
19200.0,400,-750.0,0.0,SD,5959300.0,14214500.0,False,0.0,10:34:38
19200.0,100,-750.0,0.0,SD,5959300.0,14214100.0,False,0.0,10:34:38
19200.0,200,-750.0,0.0,SD,5959300.0,14214000.0,False,0.0,10:34:38
19200.0,300,-750.0,0.0,SD,5959300.0,14213800.0,False,0.0,10:34:38
19200.0,1000,-750.0,0.0,SD,5959300.0,14213500.0,False,0.0,10:34:38
19200.0,500,-750.0,0.0,SD,5959300.0,14212500.0,False,0.0,10:34:38
19200.0,100,-750.0,0.0,SD,5959300.0,14212000.0,False,0.0,10:34:38
19200.0,1000,-750.0,0.0,SD,5959300.0,14211900.0,False,0.0,10:34:38
19200.0,1000,-750.0,0.0,SD,5959300.0,14210900.0,False,0.0,10:34:38
19200.0,3000,-750.0,0.0,SD,5959300.0,14209900.0,False,0.0,10:34:38
19200.0,400,-750.0,0.0,SD,5959300.0,14206900.0,False,0.0,10:34:37
19200.0,4400,-750.0,0.0,SD,5959300.0,14206500.0,False,0.0,10:34:37
19200.0,1600,-750.0,0.0,SD,5959300.0,14202100.0,False,0.0,10:34:37
19200.0,3700,-750.0,0.0,SD,5959300.0,14200500.0,False,0.0,10:34:37
19200.0,3000,-750.0,0.0,SD,5959300.0,14196800.0,False,0.0,10:34:37
19200.0,500,-750.0,0.0,SD,5959300.0,14193800.0,False,0.0,10:34:36
19200.0,300,-750.0,0.0,SD,5959300.0,14193300.0,False,0.0,10:34:36
19200.0,1200,-750.0,0.0,SD,5959300.0,14193000.0,False,0.0,10:34:36
19200.0,1000,-750.0,0.0,SD,5959300.0,14191800.0,False,0.0,10:34:36
19200.0,100,-750.0,0.0,SD,5959300.0,14190800.0,False,0.0,10:34:36
19200.0,2700,-750.0,0.0,SD,5959300.0,14190700.0,False,0.0,10:34:36
19200.0,2000,-750.0,0.0,SD,5959300.0,14188000.0,False,0.0,10:34:35
19200.0,500,-750.0,0.0,SD,5959300.0,14186000.0,False,-50.0,10:34:35
19250.0,8500,-700.0,0.0,BU,5959300.0,14185500.0,False,0.0,10:34:35
19250.0,100,-700.0,0.0,BU,5950800.0,14185500.0,False,0.0,10:34:35
19250.0,300,-700.0,0.0,BU,5950700.0,14185500.0,False,0.0,10:34:35
19250.0,900,-700.0,0.0,BU,5950400.0,14185500.0,False,0.0,10:34:35
19250.0,40200,-700.0,0.0,BU,5949500.0,14185500.0,True,50.0,10:34:35
19200.0,500,-750.0,0.0,SD,5909300.0,14185500.0,False,0.0,10:34:35
19200.0,5000,-750.0,0.0,SD,5909300.0,14185000.0,False,0.0,10:34:35
19200.0,100,-750.0,0.0,SD,5909300.0,14180000.0,False,0.0,10:34:35
19200.0,500,-750.0,0.0,SD,5909300.0,14179900.0,False,0.0,10:34:35
19200.0,100,-750.0,0.0,SD,5909300.0,14179400.0,False,0.0,10:34:35
19200.0,500,-750.0,0.0,SD,5909300.0,14179300.0,False,0.0,10:34:35
19200.0,1000,-750.0,0.0,SD,5909300.0,14178800.0,False,0.0,10:34:35
19200.0,300,-750.0,0.0,SD,5909300.0,14177800.0,False,0.0,10:34:35
19200.0,200,-750.0,0.0,SD,5909300.0,14177500.0,False,0.0,10:34:35
19200.0,500,-750.0,0.0,SD,5909300.0,14177300.0,False,0.0,10:34:35
19200.0,19300,-750.0,0.0,SD,5909300.0,14176800.0,True,0.0,10:34:35
19200.0,26000,-750.0,0.0,SD,5909300.0,14157500.0,True,0.0,10:34:34
19200.0,5000,-750.0,0.0,SD,5909300.0,14131500.0,False,0.0,10:34:34
19200.0,49700,-750.0,0.0,SD,5909300.0,14126500.0,True,0.0,10:34:34
19200.0,200,-750.0,0.0,SD,5909300.0,14076800.0,False,0.0,10:34:34
19200.0,1000,-750.0,0.0,SD,5909300.0,14076600.0,False,0.0,10:34:34
19200.0,100,-750.0,0.0,SD,5909300.0,14075600.0,False,0.0,10:34:34
19200.0,500,-750.0,0.0,SD,5909300.0,14075500.0,False,0.0,10:34:34
19200.0,300,-750.0,0.0,SD,5909300.0,14075000.0,False,0.0,10:34:34
19200.0,100,-750.0,0.0,SD,5909300.0,14074700.0,False,0.0,10:34:34
19200.0,13100,-750.0,0.0,SD,5909300.0,14074600.0,True,0.0,10:34:34
19200.0,2000,-750.0,0.0,SD,5909300.0,14061500.0,False,0.0,10:34:33
19200.0,1500,-750.0,0.0,SD,5909300.0,14059500.0,False,0.0,10:34:33
19200.0,1000,-750.0,0.0,SD,5909300.0,14058000.0,False,0.0,10:34:33
19200.0,500,-750.0,0.0,SD,5909300.0,14057000.0,False,0.0,10:34:32
19200.0,1000,-750.0,0.0,SD,5909300.0,14056500.0,False,0.0,10:34:31
19200.0,100,-750.0,0.0,SD,5909300.0,14055500.0,False,0.0,10:34:31
19200.0,900,-750.0,0.0,SD,5909300.0,14055400.0,False,0.0,10:34:31
19200.0,1000,-750.0,0.0,SD,5909300.0,14054500.0,False,0.0,10:34:31
19200.0,100,-750.0,0.0,SD,5909300.0,14053500.0,False,0.0,10:34:31
19200.0,100,-750.0,0.0,SD,5909300.0,14053400.0,False,0.0,10:34:31
19200.0,2000,-750.0,0.0,SD,5909300.0,14053300.0,False,0.0,10:34:31
19200.0,800,-750.0,0.0,SD,5909300.0,14051300.0,False,0.0,10:34:31
19200.0,200,-750.0,0.0,SD,5909300.0,14050500.0,False,0.0,10:34:31
19200.0,100,-750.0,0.0,SD,5909300.0,14050300.0,False,0.0,10:34:31
19200.0,900,-750.0,0.0,SD,5909300.0,14050200.0,False,0.0,10:34:31
19200.0,100,-750.0,0.0,SD,5909300.0,14049300.0,False,0.0,10:34:31
19200.0,100,-750.0,0.0,SD,5909300.0,14049200.0,False,0.0,10:34:31
19200.0,500,-750.0,0.0,SD,5909300.0,14049100.0,False,0.0,10:34:31
19200.0,4300,-750.0,0.0,SD,5909300.0,14048600.0,False,0.0,10:34:31
19200.0,2000,-750.0,0.0,SD,5909300.0,14044300.0,False,0.0,10:34:31
19200.0,10000,-750.0,0.0,SD,5909300.0,14042300.0,False,0.0,10:34:30
19200.0,1000,-750.0,0.0,SD,5909300.0,14032300.0,False,0.0,10:34:30
19200.0,8000,-750.0,0.0,SD,5909300.0,14031300.0,False,0.0,10:34:30
19200.0,1000,-750.0,0.0,SD,5909300.0,14023300.0,False,0.0,10:34:30
19200.0,1000,-750.0,0.0,SD,5909300.0,14022300.0,False,0.0,10:34:29
19200.0,300,-750.0,0.0,SD,5909300.0,14021300.0,False,0.0,10:34:29
19200.0,10000,-750.0,0.0,SD,5909300.0,14021000.0,False,0.0,10:34:28
19200.0,6000,-750.0,0.0,SD,5909300.0,14011000.0,False,-50.0,10:34:28
19250.0,200,-700.0,0.0,BU,5909300.0,14005000.0,False,50.0,10:34:28
19200.0,500,-750.0,0.0,SD,5909100.0,14005000.0,False,0.0,10:34:28
19200.0,5000,-750.0,0.0,SD,5909100.0,14004500.0,False,0.0,10:34:27
19200.0,500,-750.0,0.0,SD,5909100.0,13999500.0,False,0.0,10:34:26
19200.0,4000,-750.0,0.0,SD,5909100.0,13999000.0,False,0.0,10:34:25
19200.0,200,-750.0,0.0,SD,5909100.0,13995000.0,False,0.0,10:34:25
19200.0,1000,-750.0,0.0,SD,5909100.0,13994800.0,False,0.0,10:34:25
19200.0,1000,-750.0,0.0,SD,5909100.0,13993800.0,False,0.0,10:34:25
19200.0,500,-750.0,0.0,SD,5909100.0,13992800.0,False,0.0,10:34:24
19200.0,800,-750.0,0.0,SD,5909100.0,13992300.0,False,0.0,10:34:24
19200.0,500,-750.0,0.0,SD,5909100.0,13991500.0,False,0.0,10:34:24
19200.0,100,-750.0,0.0,SD,5909100.0,13991000.0,False,0.0,10:34:24
19200.0,900,-750.0,0.0,SD,5909100.0,13990900.0,False,0.0,10:34:24
19200.0,1000,-750.0,0.0,SD,5909100.0,13990000.0,False,0.0,10:34:24
19200.0,100,-750.0,0.0,SD,5909100.0,13989000.0,False,0.0,10:34:24
19200.0,200,-750.0,0.0,SD,5909100.0,13988900.0,False,0.0,10:34:24
19200.0,2900,-750.0,0.0,SD,5909100.0,13988700.0,False,0.0,10:34:24
19200.0,100,-750.0,0.0,SD,5909100.0,13985800.0,False,0.0,10:34:24
19200.0,5700,-750.0,0.0,SD,5909100.0,13985700.0,False,0.0,10:34:23
19200.0,100,-750.0,0.0,SD,5909100.0,13980000.0,False,0.0,10:34:23
19200.0,300,-750.0,0.0,SD,5909100.0,13979900.0,False,0.0,10:34:23
19200.0,400,-750.0,0.0,SD,5909100.0,13979600.0,False,0.0,10:34:22
19200.0,200,-750.0,0.0,SD,5909100.0,13979200.0,False,0.0,10:34:22
19200.0,300,-750.0,0.0,SD,5909100.0,13979000.0,False,0.0,10:34:22
19200.0,2000,-750.0,0.0,SD,5909100.0,13978700.0,False,0.0,10:34:22
19200.0,2700,-750.0,0.0,SD,5909100.0,13976700.0,False,0.0,10:34:22
19200.0,3900,-750.0,0.0,SD,5909100.0,13974000.0,False,0.0,10:34:21
19200.0,5000,-750.0,0.0,SD,5909100.0,13970100.0,False,0.0,10:34:21
19200.0,23400,-750.0,0.0,SD,5909100.0,13965100.0,True,0.0,10:34:20
19200.0,1000,-750.0,0.0,SD,5909100.0,13941700.0,False,0.0,10:34:20
19200.0,300,-750.0,0.0,SD,5909100.0,13940700.0,False,0.0,10:34:20
19200.0,1000,-750.0,0.0,SD,5909100.0,13940400.0,False,0.0,10:34:20
19200.0,100,-750.0,0.0,SD,5909100.0,13939400.0,False,0.0,10:34:20
19200.0,200,-750.0,0.0,SD,5909100.0,13939300.0,False,0.0,10:34:20
19200.0,1000,-750.0,0.0,SD,5909100.0,13939100.0,False,0.0,10:34:20
19200.0,3000,-750.0,0.0,SD,5909100.0,13938100.0,False,0.0,10:34:20
19200.0,2000,-750.0,0.0,SD,5909100.0,13935100.0,False,0.0,10:34:20
19200.0,200,-750.0,0.0,SD,5909100.0,13933100.0,False,0.0,10:34:20
19200.0,100,-750.0,0.0,SD,5909100.0,13932900.0,False,0.0,10:34:20
19200.0,2700,-750.0,0.0,SD,5909100.0,13932800.0,False,0.0,10:34:20
19200.0,500,-750.0,0.0,SD,5909100.0,13930100.0,False,0.0,10:34:20
19200.0,500,-750.0,0.0,SD,5909100.0,13929600.0,False,0.0,10:34:19
19200.0,700,-750.0,0.0,SD,5909100.0,13929100.0,False,0.0,10:34:18
19200.0,300,-750.0,0.0,SD,5909100.0,13928400.0,False,0.0,10:34:18
19200.0,100,-750.0,0.0,SD,5909100.0,13928100.0,False,0.0,10:34:18
19200.0,500,-750.0,0.0,SD,5909100.0,13928000.0,False,0.0,10:34:18
19200.0,500,-750.0,0.0,SD,5909100.0,13927500.0,False,0.0,10:34:18
19200.0,100,-750.0,0.0,SD,5909100.0,13927000.0,False,0.0,10:34:18
19200.0,200,-750.0,0.0,SD,5909100.0,13926900.0,False,0.0,10:34:18
19200.0,4000,-750.0,0.0,SD,5909100.0,13926700.0,False,0.0,10:34:18
19200.0,6600,-750.0,0.0,SD,5909100.0,13922700.0,False,0.0,10:34:18
19200.0,2300,-750.0,0.0,SD,5909100.0,13916100.0,False,0.0,10:34:18
19200.0,300,-750.0,0.0,SD,5909100.0,13913800.0,False,0.0,10:34:18
19200.0,5000,-750.0,0.0,SD,5909100.0,13913500.0,False,0.0,10:34:18
19200.0,100,-750.0,0.0,SD,5909100.0,13908500.0,False,0.0,10:34:18
19200.0,200,-750.0,0.0,SD,5909100.0,13908400.0,False,0.0,10:34:18
19200.0,500,-750.0,0.0,SD,5909100.0,13908200.0,False,0.0,10:34:18
19200.0,300,-750.0,0.0,SD,5909100.0,13907700.0,False,0.0,10:34:18
19200.0,100,-750.0,0.0,SD,5909100.0,13907400.0,False,0.0,10:34:18
19200.0,100,-750.0,0.0,SD,5909100.0,13907300.0,False,0.0,10:34:18
19200.0,1000,-750.0,0.0,SD,5909100.0,13907200.0,False,0.0,10:34:18
19200.0,500,-750.0,0.0,SD,5909100.0,13906200.0,False,0.0,10:34:18
19200.0,100,-750.0,0.0,SD,5909100.0,13905700.0,False,0.0,10:34:18
19200.0,1000,-750.0,0.0,SD,5909100.0,13905600.0,False,0.0,10:34:18
19200.0,1000,-750.0,0.0,SD,5909100.0,13904600.0,False,0.0,10:34:18
19200.0,200,-750.0,0.0,SD,5909100.0,13903600.0,False,0.0,10:34:18
19200.0,9000,-750.0,0.0,SD,5909100.0,13903400.0,False,0.0,10:34:18
19200.0,100,-750.0,0.0,SD,5909100.0,13894400.0,False,0.0,10:34:18
19200.0,100,-750.0,0.0,SD,5909100.0,13894300.0,False,0.0,10:34:18
19200.0,100,-750.0,0.0,SD,5909100.0,13894200.0,False,0.0,10:34:18
19200.0,1900,-750.0,0.0,SD,5909100.0,13894100.0,False,0.0,10:34:18
19200.0,200,-750.0,0.0,SD,5909100.0,13892200.0,False,0.0,10:34:18
19200.0,600,-750.0,0.0,SD,5909100.0,13892000.0,False,0.0,10:34:18
19200.0,200,-750.0,0.0,SD,5909100.0,13891400.0,False,0.0,10:34:18
19200.0,200,-750.0,0.0,SD,5909100.0,13891200.0,False,0.0,10:34:18
19200.0,1000,-750.0,0.0,SD,5909100.0,13891000.0,False,0.0,10:34:18
19200.0,1000,-750.0,0.0,SD,5909100.0,13890000.0,False,0.0,10:34:18
19200.0,6500,-750.0,0.0,SD,5909100.0,13889000.0,False,0.0,10:34:18
19200.0,200,-750.0,0.0,SD,5909100.0,13882500.0,False,0.0,10:34:18
19200.0,1000,-750.0,0.0,SD,5909100.0,13882300.0,False,0.0,10:34:18
19200.0,100,-750.0,0.0,SD,5909100.0,13881300.0,False,0.0,10:34:18
19200.0,2000,-750.0,0.0,SD,5909100.0,13881200.0,False,0.0,10:34:18
19200.0,200,-750.0,0.0,SD,5909100.0,13879200.0,False,0.0,10:34:18
19200.0,100,-750.0,0.0,SD,5909100.0,13879000.0,False,0.0,10:34:18
19200.0,2000,-750.0,0.0,SD,5909100.0,13878900.0,False,0.0,10:34:18
19200.0,500,-750.0,0.0,SD,5909100.0,13876900.0,False,0.0,10:34:18
19200.0,100,-750.0,0.0,SD,5909100.0,13876400.0,False,0.0,10:34:18
19200.0,100,-750.0,0.0,SD,5909100.0,13876300.0,False,0.0,10:34:18
19200.0,2100,-750.0,0.0,SD,5909100.0,13876200.0,False,0.0,10:34:18
19200.0,900,-750.0,0.0,SD,5909100.0,13874100.0,False,0.0,10:34:18
19200.0,1100,-750.0,0.0,SD,5909100.0,13873200.0,False,0.0,10:34:18
19200.0,2900,-750.0,0.0,SD,5909100.0,13872100.0,False,0.0,10:34:18
19200.0,1000,-750.0,0.0,SD,5909100.0,13869200.0,False,0.0,10:34:18
19200.0,100,-750.0,0.0,SD,5909100.0,13868200.0,False,0.0,10:34:18
19200.0,800,-750.0,0.0,SD,5909100.0,13868100.0,False,0.0,10:34:18
19200.0,500,-750.0,0.0,SD,5909100.0,13867300.0,False,0.0,10:34:18
19200.0,1000,-750.0,0.0,SD,5909100.0,13866800.0,False,0.0,10:34:16
19200.0,2000,-750.0,0.0,SD,5909100.0,13865800.0,False,0.0,10:34:16
19200.0,700,-750.0,0.0,SD,5909100.0,13863800.0,False,0.0,10:34:15
19200.0,300,-750.0,0.0,SD,5909100.0,13863100.0,False,0.0,10:34:15
19200.0,2700,-750.0,0.0,SD,5909100.0,13862800.0,False,0.0,10:34:15
19200.0,200,-750.0,0.0,SD,5909100.0,13860100.0,False,0.0,10:34:15
19200.0,100,-750.0,0.0,SD,5909100.0,13859900.0,False,0.0,10:34:15
19200.0,500,-750.0,0.0,SD,5909100.0,13859800.0,False,0.0,10:34:15
19200.0,100,-750.0,0.0,SD,5909100.0,13859300.0,False,0.0,10:34:15
19200.0,100,-750.0,0.0,SD,5909100.0,13859200.0,False,0.0,10:34:15
19200.0,2700,-750.0,0.0,SD,5909100.0,13859100.0,False,0.0,10:34:15
19200.0,200,-750.0,0.0,SD,5909100.0,13856400.0,False,0.0,10:34:15
19200.0,100,-750.0,0.0,SD,5909100.0,13856200.0,False,0.0,10:34:15
19200.0,200,-750.0,0.0,SD,5909100.0,13856100.0,False,0.0,10:34:15
19200.0,500,-750.0,0.0,SD,5909100.0,13855900.0,False,0.0,10:34:15
19200.0,100,-750.0,0.0,SD,5909100.0,13855400.0,False,0.0,10:34:15
19200.0,2500,-750.0,0.0,SD,5909100.0,13855300.0,False,0.0,10:34:15
19200.0,500,-750.0,0.0,SD,5909100.0,13852800.0,False,-50.0,10:34:15
19250.0,300,-700.0,0.0,BU,5909100.0,13852300.0,False,50.0,10:34:15
19200.0,100,-750.0,0.0,SD,5908800.0,13852300.0,False,0.0,10:34:15
19200.0,1300,-750.0,0.0,SD,5908800.0,13852200.0,False,0.0,10:34:15
19200.0,100,-750.0,0.0,SD,5908800.0,13850900.0,False,0.0,10:34:14
19200.0,2200,-750.0,0.0,SD,5908800.0,13850800.0,False,0.0,10:34:14
19200.0,1500,-750.0,0.0,SD,5908800.0,13848600.0,False,0.0,10:34:14
19200.0,500,-750.0,0.0,SD,5908800.0,13847100.0,False,0.0,10:34:14
19200.0,1000,-750.0,0.0,SD,5908800.0,13846600.0,False,0.0,10:34:14
19200.0,1000,-750.0,0.0,SD,5908800.0,13845600.0,False,0.0,10:34:14
19200.0,200,-750.0,0.0,SD,5908800.0,13844600.0,False,0.0,10:34:14
19200.0,1000,-750.0,0.0,SD,5908800.0,13844400.0,False,0.0,10:34:13
19200.0,3000,-750.0,0.0,SD,5908800.0,13843400.0,False,0.0,10:34:12
19200.0,100,-750.0,0.0,SD,5908800.0,13840400.0,False,0.0,10:34:12
19200.0,1500,-750.0,0.0,SD,5908800.0,13840300.0,False,0.0,10:34:12
19200.0,1000,-750.0,0.0,SD,5908800.0,13838800.0,False,0.0,10:34:12
19200.0,1000,-750.0,0.0,SD,5908800.0,13837800.0,False,0.0,10:34:12
19200.0,100,-750.0,0.0,SD,5908800.0,13836800.0,False,0.0,10:34:12
19200.0,100,-750.0,0.0,SD,5908800.0,13836700.0,False,0.0,10:34:12
19200.0,100,-750.0,0.0,SD,5908800.0,13836600.0,False,0.0,10:34:12
19200.0,300,-750.0,0.0,SD,5908800.0,13836500.0,False,0.0,10:34:12
19200.0,2000,-750.0,0.0,SD,5908800.0,13836200.0,False,0.0,10:34:12
19200.0,100,-750.0,0.0,SD,5908800.0,13834200.0,False,0.0,10:34:12
19200.0,500,-750.0,0.0,SD,5908800.0,13834100.0,False,0.0,10:34:12
19200.0,100,-750.0,0.0,SD,5908800.0,13833600.0,False,0.0,10:34:12
19200.0,100,-750.0,0.0,SD,5908800.0,13833500.0,False,-50.0,10:34:12
19250.0,200,-700.0,0.0,BU,5908800.0,13833400.0,False,50.0,10:34:12
19200.0,400,-750.0,0.0,SD,5908600.0,13833400.0,False,0.0,10:34:12
19200.0,200,-750.0,0.0,SD,5908600.0,13833000.0,False,0.0,10:34:12
19200.0,2000,-750.0,0.0,SD,5908600.0,13832800.0,False,0.0,10:34:12
19200.0,100,-750.0,0.0,SD,5908600.0,13830800.0,False,0.0,10:34:12
19200.0,100,-750.0,0.0,SD,5908600.0,13830700.0,False,0.0,10:34:12
19200.0,100,-750.0,0.0,SD,5908600.0,13830600.0,False,0.0,10:34:12
19200.0,1000,-750.0,0.0,SD,5908600.0,13830500.0,False,0.0,10:34:12
19200.0,100,-750.0,0.0,SD,5908600.0,13829500.0,False,0.0,10:34:12
19200.0,2000,-750.0,0.0,SD,5908600.0,13829400.0,False,0.0,10:34:12
19200.0,1000,-750.0,0.0,SD,5908600.0,13827400.0,False,0.0,10:34:12
19200.0,500,-750.0,0.0,SD,5908600.0,13826400.0,False,0.0,10:34:12
19200.0,2000,-750.0,0.0,SD,5908600.0,13825900.0,False,0.0,10:34:12
19200.0,5000,-750.0,0.0,SD,5908600.0,13823900.0,False,0.0,10:34:12
19200.0,400,-750.0,0.0,SD,5908600.0,13818900.0,False,0.0,10:34:12
19200.0,200,-750.0,0.0,SD,5908600.0,13818500.0,False,0.0,10:34:12
19200.0,1000,-750.0,0.0,SD,5908600.0,13818300.0,False,0.0,10:34:12
19200.0,3500,-750.0,0.0,SD,5908600.0,13817300.0,False,0.0,10:34:12
19200.0,400,-750.0,0.0,SD,5908600.0,13813800.0,False,0.0,10:34:11
19200.0,500,-750.0,0.0,SD,5908600.0,13813400.0,False,0.0,10:34:11
19200.0,1100,-750.0,0.0,SD,5908600.0,13812900.0,False,0.0,10:34:11
19200.0,5000,-750.0,0.0,SD,5908600.0,13811800.0,False,0.0,10:34:11
19200.0,100,-750.0,0.0,SD,5908600.0,13806800.0,False,0.0,10:34:11
19200.0,200,-750.0,0.0,SD,5908600.0,13806700.0,False,0.0,10:34:11
19200.0,500,-750.0,0.0,SD,5908600.0,13806500.0,False,0.0,10:34:11
19200.0,100,-750.0,0.0,SD,5908600.0,13806000.0,False,0.0,10:34:11
19200.0,200,-750.0,0.0,SD,5908600.0,13805900.0,False,0.0,10:34:11
19200.0,100,-750.0,0.0,SD,5908600.0,13805700.0,False,0.0,10:34:11
19200.0,2000,-750.0,0.0,SD,5908600.0,13805600.0,False,0.0,10:34:11
19200.0,300,-750.0,0.0,SD,5908600.0,13803600.0,False,0.0,10:34:11
19200.0,100,-750.0,0.0,SD,5908600.0,13803300.0,False,0.0,10:34:11
19200.0,300,-750.0,0.0,SD,5908600.0,13803200.0,False,0.0,10:34:11
19200.0,1000,-750.0,0.0,SD,5908600.0,13802900.0,False,0.0,10:34:11
19200.0,100,-750.0,0.0,SD,5908600.0,13801900.0,False,0.0,10:34:11
19200.0,200,-750.0,0.0,SD,5908600.0,13801800.0,False,0.0,10:34:11
19200.0,100,-750.0,0.0,SD,5908600.0,13801600.0,False,0.0,10:34:11
19200.0,1000,-750.0,0.0,SD,5908600.0,13801500.0,False,0.0,10:34:11
19200.0,500,-750.0,0.0,SD,5908600.0,13800500.0,False,0.0,10:34:11
19200.0,1000,-750.0,0.0,SD,5908600.0,13800000.0,False,0.0,10:34:11
19200.0,500,-750.0,0.0,SD,5908600.0,13799000.0,False,0.0,10:34:11
19200.0,100,-750.0,0.0,SD,5908600.0,13798500.0,False,0.0,10:34:11
19200.0,100,-750.0,0.0,SD,5908600.0,13798400.0,False,0.0,10:34:11
19200.0,100,-750.0,0.0,SD,5908600.0,13798300.0,False,0.0,10:34:11
19200.0,1000,-750.0,0.0,SD,5908600.0,13798200.0,False,0.0,10:34:11
19200.0,100,-750.0,0.0,SD,5908600.0,13797200.0,False,0.0,10:34:11
19200.0,300,-750.0,0.0,SD,5908600.0,13797100.0,False,0.0,10:34:11
19200.0,3900,-750.0,0.0,SD,5908600.0,13796800.0,False,0.0,10:34:11
19200.0,2000,-750.0,0.0,SD,5908600.0,13792900.0,False,0.0,10:34:10
19200.0,400,-750.0,0.0,SD,5908600.0,13790900.0,False,0.0,10:34:10
19200.0,2000,-750.0,0.0,SD,5908600.0,13790500.0,False,0.0,10:34:10
19200.0,500,-750.0,0.0,SD,5908600.0,13788500.0,False,0.0,10:34:10
19200.0,1000,-750.0,0.0,SD,5908600.0,13788000.0,False,0.0,10:34:10
19200.0,200,-750.0,0.0,SD,5908600.0,13787000.0,False,0.0,10:34:10
19200.0,2000,-750.0,0.0,SD,5908600.0,13786800.0,False,0.0,10:34:10
19200.0,1000,-750.0,0.0,SD,5908600.0,13784800.0,False,0.0,10:34:10
19200.0,100,-750.0,0.0,SD,5908600.0,13783800.0,False,0.0,10:34:10
19200.0,100,-750.0,0.0,SD,5908600.0,13783700.0,False,0.0,10:34:10
19200.0,2600,-750.0,0.0,SD,5908600.0,13783600.0,False,0.0,10:34:10
19200.0,100,-750.0,0.0,SD,5908600.0,13781000.0,False,0.0,10:34:10
19200.0,100,-750.0,0.0,SD,5908600.0,13780900.0,False,0.0,10:34:10
19200.0,2000,-750.0,0.0,SD,5908600.0,13780800.0,False,0.0,10:34:10
19200.0,500,-750.0,0.0,SD,5908600.0,13778800.0,False,0.0,10:34:10
19200.0,2000,-750.0,0.0,SD,5908600.0,13778300.0,False,0.0,10:34:10
19200.0,1000,-750.0,0.0,SD,5908600.0,13776300.0,False,0.0,10:34:10
19200.0,300,-750.0,0.0,SD,5908600.0,13775300.0,False,0.0,10:34:10
19200.0,100,-750.0,0.0,SD,5908600.0,13775000.0,False,0.0,10:34:10
19200.0,100,-750.0,0.0,SD,5908600.0,13774900.0,False,0.0,10:34:10
19200.0,100,-750.0,0.0,SD,5908600.0,13774800.0,False,0.0,10:34:10
19200.0,2000,-750.0,0.0,SD,5908600.0,13774700.0,False,0.0,10:34:10
19200.0,1000,-750.0,0.0,SD,5908600.0,13772700.0,False,0.0,10:34:10
19200.0,1000,-750.0,0.0,SD,5908600.0,13771700.0,False,0.0,10:34:10
19200.0,1300,-750.0,0.0,SD,5908600.0,13770700.0,False,0.0,10:34:10
19200.0,1000,-750.0,0.0,SD,5908600.0,13769400.0,False,0.0,10:34:10
19200.0,300,-750.0,0.0,SD,5908600.0,13768400.0,False,0.0,10:34:10
19200.0,100,-750.0,0.0,SD,5908600.0,13768100.0,False,0.0,10:34:10
19200.0,300,-750.0,0.0,SD,5908600.0,13768000.0,False,0.0,10:34:10
19200.0,200,-750.0,0.0,SD,5908600.0,13767700.0,False,0.0,10:34:10
19200.0,100,-750.0,0.0,SD,5908600.0,13767500.0,False,0.0,10:34:10
19200.0,1000,-750.0,0.0,SD,5908600.0,13767400.0,False,0.0,10:34:10
19200.0,100,-750.0,0.0,SD,5908600.0,13766400.0,False,0.0,10:34:10
19200.0,2000,-750.0,0.0,SD,5908600.0,13766300.0,False,0.0,10:34:10
19200.0,1100,-750.0,0.0,SD,5908600.0,13764300.0,False,0.0,10:34:09
19200.0,1500,-750.0,0.0,SD,5908600.0,13763200.0,False,0.0,10:34:09
19200.0,100,-750.0,0.0,SD,5908600.0,13761700.0,False,0.0,10:34:09
19200.0,900,-750.0,0.0,SD,5908600.0,13761600.0,False,-50.0,10:34:09
19250.0,100000,-700.0,0.0,BU,5908600.0,13760700.0,True,50.0,10:34:09
19200.0,2000,-750.0,0.0,SD,5808600.0,13760700.0,False,0.0,10:34:08
19200.0,100,-750.0,0.0,SD,5808600.0,13758700.0,False,0.0,10:34:08
19200.0,500,-750.0,0.0,SD,5808600.0,13758600.0,False,0.0,10:34:08
19200.0,900,-750.0,0.0,SD,5808600.0,13758100.0,False,0.0,10:34:08
19200.0,100,-750.0,0.0,SD,5808600.0,13757200.0,False,0.0,10:34:08
19200.0,400,-750.0,0.0,SD,5808600.0,13757100.0,False,0.0,10:34:08
19200.0,500,-750.0,0.0,SD,5808600.0,13756700.0,False,0.0,10:34:08
19200.0,1000,-750.0,0.0,SD,5808600.0,13756200.0,False,0.0,10:34:08
19200.0,200,-750.0,0.0,SD,5808600.0,13755200.0,False,0.0,10:34:08
19200.0,200,-750.0,0.0,SD,5808600.0,13755000.0,False,0.0,10:34:08
19200.0,100,-750.0,0.0,SD,5808600.0,13754800.0,False,0.0,10:34:08
19200.0,1000,-750.0,0.0,SD,5808600.0,13754700.0,False,0.0,10:34:08
19200.0,5000,-750.0,0.0,SD,5808600.0,13753700.0,False,0.0,10:34:08
19200.0,100,-750.0,0.0,SD,5808600.0,13748700.0,False,0.0,10:34:08
19200.0,100,-750.0,0.0,SD,5808600.0,13748600.0,False,0.0,10:34:08
19200.0,500,-750.0,0.0,SD,5808600.0,13748500.0,False,0.0,10:34:08
19200.0,100,-750.0,0.0,SD,5808600.0,13748000.0,False,0.0,10:34:08
19200.0,100,-750.0,0.0,SD,5808600.0,13747900.0,False,0.0,10:34:08
19200.0,1000,-750.0,0.0,SD,5808600.0,13747800.0,False,0.0,10:34:08
19200.0,100,-750.0,0.0,SD,5808600.0,13746800.0,False,0.0,10:34:08
19200.0,500,-750.0,0.0,SD,5808600.0,13746700.0,False,0.0,10:34:08
19200.0,100,-750.0,0.0,SD,5808600.0,13746200.0,False,0.0,10:34:08
19200.0,400,-750.0,0.0,SD,5808600.0,13746100.0,False,0.0,10:34:08
19200.0,1000,-750.0,0.0,SD,5808600.0,13745700.0,False,0.0,10:34:08
19200.0,500,-750.0,0.0,SD,5808600.0,13744700.0,False,0.0,10:34:08
19200.0,500,-750.0,0.0,SD,5808600.0,13744200.0,False,0.0,10:34:08
19200.0,100,-750.0,0.0,SD,5808600.0,13743700.0,False,0.0,10:34:08
19200.0,1000,-750.0,0.0,SD,5808600.0,13743600.0,False,0.0,10:34:08
19200.0,400,-750.0,0.0,SD,5808600.0,13742600.0,False,0.0,10:34:08
19200.0,100,-750.0,0.0,SD,5808600.0,13742200.0,False,0.0,10:34:08
19200.0,100,-750.0,0.0,SD,5808600.0,13742100.0,False,0.0,10:34:08
19200.0,200,-750.0,0.0,SD,5808600.0,13742000.0,False,0.0,10:34:08
19200.0,100,-750.0,0.0,SD,5808600.0,13741800.0,False,0.0,10:34:08
19200.0,1300,-750.0,0.0,SD,5808600.0,13741700.0,False,0.0,10:34:08
19200.0,3000,-750.0,0.0,SD,5808600.0,13740400.0,False,0.0,10:34:07
19200.0,45700,-750.0,0.0,SD,5808600.0,13737400.0,True,0.0,10:34:07
19200.0,100,-750.0,0.0,SD,5808600.0,13691700.0,False,0.0,10:34:07
19200.0,4200,-750.0,0.0,SD,5808600.0,13691600.0,False,0.0,10:34:07
19200.0,500,-750.0,0.0,SD,5808600.0,13687400.0,False,0.0,10:34:07
19200.0,1500,-750.0,0.0,SD,5808600.0,13686900.0,False,0.0,10:34:07
19200.0,100,-750.0,0.0,SD,5808600.0,13685400.0,False,0.0,10:34:07
19200.0,300,-750.0,0.0,SD,5808600.0,13685300.0,False,0.0,10:34:07
19200.0,200,-750.0,0.0,SD,5808600.0,13685000.0,False,0.0,10:34:07
19200.0,100,-750.0,0.0,SD,5808600.0,13684800.0,False,0.0,10:34:07
19200.0,100,-750.0,0.0,SD,5808600.0,13684700.0,False,0.0,10:34:07
19200.0,100,-750.0,0.0,SD,5808600.0,13684600.0,False,0.0,10:34:07
19200.0,1000,-750.0,0.0,SD,5808600.0,13684500.0,False,0.0,10:34:07
19200.0,100,-750.0,0.0,SD,5808600.0,13683500.0,False,0.0,10:34:07
19200.0,500,-750.0,0.0,SD,5808600.0,13683400.0,False,0.0,10:34:07
19200.0,100,-750.0,0.0,SD,5808600.0,13682900.0,False,0.0,10:34:07
19200.0,100,-750.0,0.0,SD,5808600.0,13682800.0,False,0.0,10:34:07
19200.0,500,-750.0,0.0,SD,5808600.0,13682700.0,False,0.0,10:34:07
19200.0,1000,-750.0,0.0,SD,5808600.0,13682200.0,False,0.0,10:34:07
19200.0,1000,-750.0,0.0,SD,5808600.0,13681200.0,False,0.0,10:34:07
19200.0,200,-750.0,0.0,SD,5808600.0,13680200.0,False,0.0,10:34:07
19200.0,100,-750.0,0.0,SD,5808600.0,13680000.0,False,0.0,10:34:07
19200.0,300,-750.0,0.0,SD,5808600.0,13679900.0,False,0.0,10:34:07
19200.0,500,-750.0,0.0,SD,5808600.0,13679600.0,False,0.0,10:34:07
19200.0,100,-750.0,0.0,SD,5808600.0,13679100.0,False,0.0,10:34:07
19200.0,200,-750.0,0.0,SD,5808600.0,13679000.0,False,0.0,10:34:07
19200.0,5000,-750.0,0.0,SD,5808600.0,13678800.0,False,0.0,10:34:05
19200.0,100,-750.0,0.0,SD,5808600.0,13673800.0,False,0.0,10:34:05
19200.0,1000,-750.0,0.0,SD,5808600.0,13673700.0,False,0.0,10:34:05
19200.0,500,-750.0,0.0,SD,5808600.0,13672700.0,False,0.0,10:34:05
19200.0,1000,-750.0,0.0,SD,5808600.0,13672200.0,False,0.0,10:34:05
19200.0,200,-750.0,0.0,SD,5808600.0,13671200.0,False,0.0,10:34:05
19200.0,1500,-750.0,0.0,SD,5808600.0,13671000.0,False,0.0,10:34:05
19200.0,100,-750.0,0.0,SD,5808600.0,13669500.0,False,0.0,10:34:05
19200.0,100,-750.0,0.0,SD,5808600.0,13669400.0,False,0.0,10:34:05
19200.0,1000,-750.0,0.0,SD,5808600.0,13669300.0,False,0.0,10:34:05
19200.0,100,-750.0,0.0,SD,5808600.0,13668300.0,False,0.0,10:34:05
19200.0,2000,-750.0,0.0,SD,5808600.0,13668200.0,False,0.0,10:34:05
19200.0,500,-750.0,0.0,SD,5808600.0,13666200.0,False,0.0,10:34:05
19200.0,300,-750.0,0.0,SD,5808600.0,13665700.0,False,0.0,10:34:05
19200.0,3000,-750.0,0.0,SD,5808600.0,13665400.0,False,0.0,10:34:05
19200.0,5000,-750.0,0.0,SD,5808600.0,13662400.0,False,0.0,10:34:05
19200.0,1000,-750.0,0.0,SD,5808600.0,13657400.0,False,0.0,10:34:05
19200.0,100,-750.0,0.0,SD,5808600.0,13656400.0,False,0.0,10:34:05
19200.0,6200,-750.0,0.0,SD,5808600.0,13656300.0,False,0.0,10:34:05
19200.0,1000,-750.0,0.0,SD,5808600.0,13650100.0,False,0.0,10:34:04
19200.0,2000,-750.0,0.0,SD,5808600.0,13649100.0,False,0.0,10:34:03
19200.0,800,-750.0,0.0,SD,5808600.0,13647100.0,False,0.0,10:34:03
19200.0,900,-750.0,0.0,SD,5808600.0,13646300.0,False,0.0,10:34:03
19200.0,1000,-750.0,0.0,SD,5808600.0,13645400.0,False,0.0,10:34:03
19200.0,500,-750.0,0.0,SD,5808600.0,13644400.0,False,0.0,10:34:03
19200.0,100,-750.0,0.0,SD,5808600.0,13643900.0,False,0.0,10:34:03
19200.0,200,-750.0,0.0,SD,5808600.0,13643800.0,False,0.0,10:34:03
19200.0,800,-750.0,0.0,SD,5808600.0,13643600.0,False,0.0,10:34:03
19200.0,100,-750.0,0.0,SD,5808600.0,13642800.0,False,0.0,10:34:03
19200.0,100,-750.0,0.0,SD,5808600.0,13642700.0,False,0.0,10:34:03
19200.0,100,-750.0,0.0,SD,5808600.0,13642600.0,False,0.0,10:34:02
19200.0,300,-750.0,0.0,SD,5808600.0,13642500.0,False,0.0,10:34:02
19200.0,500,-750.0,0.0,SD,5808600.0,13642200.0,False,0.0,10:34:02
19200.0,100,-750.0,0.0,SD,5808600.0,13641700.0,False,0.0,10:34:01
19200.0,400,-750.0,0.0,SD,5808600.0,13641600.0,False,0.0,10:34:01
19200.0,100,-750.0,0.0,SD,5808600.0,13641200.0,False,0.0,10:34:01
19200.0,100,-750.0,0.0,SD,5808600.0,13641100.0,False,0.0,10:34:01
19200.0,100,-750.0,0.0,SD,5808600.0,13641000.0,False,0.0,10:34:01
19200.0,100,-750.0,0.0,SD,5808600.0,13640900.0,False,0.0,10:34:01
19200.0,300,-750.0,0.0,SD,5808600.0,13640800.0,False,0.0,10:34:01
19200.0,500,-750.0,0.0,SD,5808600.0,13640500.0,False,0.0,10:34:01
19200.0,100,-750.0,0.0,SD,5808600.0,13640000.0,False,0.0,10:34:01
19200.0,1000,-750.0,0.0,SD,5808600.0,13639900.0,False,0.0,10:34:01
19200.0,1000,-750.0,0.0,SD,5808600.0,13638900.0,False,0.0,10:34:01
19200.0,1300,-750.0,0.0,SD,5808600.0,13637900.0,False,0.0,10:34:01
19200.0,700,-750.0,0.0,SD,5808600.0,13636600.0,False,0.0,10:34:01
19200.0,300,-750.0,0.0,SD,5808600.0,13635900.0,False,0.0,10:34:01
19200.0,200,-750.0,0.0,SD,5808600.0,13635600.0,False,0.0,10:34:01
19200.0,1000,-750.0,0.0,SD,5808600.0,13635400.0,False,0.0,10:34:01
19200.0,2800,-750.0,0.0,SD,5808600.0,13634400.0,False,-50.0,10:34:01
19250.0,100,-700.0,0.0,BU,5808600.0,13631600.0,False,50.0,10:34:01
19200.0,100,-750.0,0.0,SD,5808500.0,13631600.0,False,0.0,10:34:01
19200.0,2200,-750.0,0.0,SD,5808500.0,13631500.0,False,0.0,10:34:01
19200.0,200,-750.0,0.0,SD,5808500.0,13629300.0,False,0.0,10:34:01
19200.0,100,-750.0,0.0,SD,5808500.0,13629100.0,False,0.0,10:34:01
19200.0,600,-750.0,0.0,SD,5808500.0,13629000.0,False,0.0,10:34:01
19200.0,300,-750.0,0.0,SD,5808500.0,13628400.0,False,0.0,10:34:01
19200.0,100,-750.0,0.0,SD,5808500.0,13628100.0,False,0.0,10:34:01
19200.0,1000,-750.0,0.0,SD,5808500.0,13628000.0,False,0.0,10:34:01
19200.0,300,-750.0,0.0,SD,5808500.0,13627000.0,False,0.0,10:34:01
19200.0,500,-750.0,0.0,SD,5808500.0,13626700.0,False,0.0,10:34:01
19200.0,1000,-750.0,0.0,SD,5808500.0,13626200.0,False,0.0,10:34:01
19200.0,300,-750.0,0.0,SD,5808500.0,13625200.0,False,0.0,10:34:01
19200.0,200,-750.0,0.0,SD,5808500.0,13624900.0,False,0.0,10:34:01
19200.0,100,-750.0,0.0,SD,5808500.0,13624700.0,False,0.0,10:34:01
19200.0,100,-750.0,0.0,SD,5808500.0,13624600.0,False,0.0,10:34:01
19200.0,300,-750.0,0.0,SD,5808500.0,13624500.0,False,0.0,10:34:01
19200.0,300,-750.0,0.0,SD,5808500.0,13624200.0,False,0.0,10:34:01
19200.0,2300,-750.0,0.0,SD,5808500.0,13623900.0,False,0.0,10:34:01
19200.0,100,-750.0,0.0,SD,5808500.0,13621600.0,False,0.0,10:34:01
19200.0,700,-750.0,0.0,SD,5808500.0,13621500.0,False,0.0,10:34:01
19200.0,200,-750.0,0.0,SD,5808500.0,13620800.0,False,0.0,10:34:01
19200.0,100,-750.0,0.0,SD,5808500.0,13620600.0,False,0.0,10:34:01
19200.0,4900,-750.0,0.0,SD,5808500.0,13620500.0,False,0.0,10:34:01
19200.0,100,-750.0,0.0,SD,5808500.0,13615600.0,False,0.0,10:34:00
19200.0,5000,-750.0,0.0,SD,5808500.0,13615500.0,False,0.0,10:34:00
19200.0,500,-750.0,0.0,SD,5808500.0,13610500.0,False,0.0,10:34:00
19200.0,1000,-750.0,0.0,SD,5808500.0,13610000.0,False,0.0,10:34:00
19200.0,100,-750.0,0.0,SD,5808500.0,13609000.0,False,0.0,10:33:59
19200.0,600,-750.0,0.0,SD,5808500.0,13608900.0,False,-50.0,10:33:59
19250.0,500,-700.0,0.0,BU,5808500.0,13608300.0,False,50.0,10:33:59
19200.0,400,-750.0,0.0,SD,5808000.0,13608300.0,False,0.0,10:33:58
19200.0,500,-750.0,0.0,SD,5808000.0,13607900.0,False,0.0,10:33:58
19200.0,100,-750.0,0.0,SD,5808000.0,13607400.0,False,0.0,10:33:57
19200.0,1000,-750.0,0.0,SD,5808000.0,13607300.0,False,0.0,10:33:57
19200.0,300,-750.0,0.0,SD,5808000.0,13606300.0,False,0.0,10:33:57
19200.0,500,-750.0,0.0,SD,5808000.0,13606000.0,False,0.0,10:33:57
19200.0,1000,-750.0,0.0,SD,5808000.0,13605500.0,False,0.0,10:33:57
19200.0,5000,-750.0,0.0,SD,5808000.0,13604500.0,False,0.0,10:33:57
19200.0,400,-750.0,0.0,SD,5808000.0,13599500.0,False,0.0,10:33:57
19200.0,100,-750.0,0.0,SD,5808000.0,13599100.0,False,0.0,10:33:57
19200.0,800,-750.0,0.0,SD,5808000.0,13599000.0,False,0.0,10:33:57
19200.0,300,-750.0,0.0,SD,5808000.0,13598200.0,False,0.0,10:33:57
19200.0,600,-750.0,0.0,SD,5808000.0,13597900.0,False,0.0,10:33:57
19200.0,5000,-750.0,0.0,SD,5808000.0,13597300.0,False,0.0,10:33:57
19200.0,5000,-750.0,0.0,SD,5808000.0,13592300.0,False,0.0,10:33:57
19200.0,2400,-750.0,0.0,SD,5808000.0,13587300.0,False,0.0,10:33:56
19200.0,100,-750.0,0.0,SD,5808000.0,13584900.0,False,0.0,10:33:56
19200.0,1000,-750.0,0.0,SD,5808000.0,13584800.0,False,0.0,10:33:56
19200.0,1000,-750.0,0.0,SD,5808000.0,13583800.0,False,0.0,10:33:56
19200.0,300,-750.0,0.0,SD,5808000.0,13582800.0,False,0.0,10:33:56
19200.0,100,-750.0,0.0,SD,5808000.0,13582500.0,False,0.0,10:33:56
19200.0,1000,-750.0,0.0,SD,5808000.0,13582400.0,False,0.0,10:33:56
19200.0,1000,-750.0,0.0,SD,5808000.0,13581400.0,False,0.0,10:33:56
19200.0,1500,-750.0,0.0,SD,5808000.0,13580400.0,False,0.0,10:33:56
19200.0,200,-750.0,0.0,SD,5808000.0,13578900.0,False,0.0,10:33:56
19200.0,1000,-750.0,0.0,SD,5808000.0,13578700.0,False,0.0,10:33:56
19200.0,500,-750.0,0.0,SD,5808000.0,13577700.0,False,0.0,10:33:56
19200.0,100,-750.0,0.0,SD,5808000.0,13577200.0,False,0.0,10:33:56
19200.0,500,-750.0,0.0,SD,5808000.0,13577100.0,False,0.0,10:33:56
19200.0,1000,-750.0,0.0,SD,5808000.0,13576600.0,False,0.0,10:33:56
19200.0,500,-750.0,0.0,SD,5808000.0,13575600.0,False,0.0,10:33:56
19200.0,500,-750.0,0.0,SD,5808000.0,13575100.0,False,0.0,10:33:56
19200.0,200,-750.0,0.0,SD,5808000.0,13574600.0,False,0.0,10:33:56
19200.0,900,-750.0,0.0,SD,5808000.0,13574400.0,False,-50.0,10:33:56
19250.0,4600,-700.0,0.0,BU,5808000.0,13573500.0,False,50.0,10:33:56
19200.0,100,-750.0,0.0,SD,5803400.0,13573500.0,False,0.0,10:33:55
19200.0,200,-750.0,0.0,SD,5803400.0,13573400.0,False,0.0,10:33:55
19200.0,500,-750.0,0.0,SD,5803400.0,13573200.0,False,0.0,10:33:55
19200.0,300,-750.0,0.0,SD,5803400.0,13572700.0,False,0.0,10:33:55
19200.0,3000,-750.0,0.0,SD,5803400.0,13572400.0,False,0.0,10:33:55
19200.0,500,-750.0,0.0,SD,5803400.0,13569400.0,False,0.0,10:33:55
19200.0,100,-750.0,0.0,SD,5803400.0,13568900.0,False,0.0,10:33:55
19200.0,500,-750.0,0.0,SD,5803400.0,13568800.0,False,0.0,10:33:55
19200.0,300,-750.0,0.0,SD,5803400.0,13568300.0,False,0.0,10:33:55
19200.0,200,-750.0,0.0,SD,5803400.0,13568000.0,False,0.0,10:33:55
19200.0,200,-750.0,0.0,SD,5803400.0,13567800.0,False,0.0,10:33:55
19200.0,500,-750.0,0.0,SD,5803400.0,13567600.0,False,0.0,10:33:55
19200.0,200,-750.0,0.0,SD,5803400.0,13567100.0,False,0.0,10:33:55
19200.0,1000,-750.0,0.0,SD,5803400.0,13566900.0,False,0.0,10:33:55
19200.0,100,-750.0,0.0,SD,5803400.0,13565900.0,False,0.0,10:33:55
19200.0,200,-750.0,0.0,SD,5803400.0,13565800.0,False,0.0,10:33:55
19200.0,2000,-750.0,0.0,SD,5803400.0,13565600.0,False,0.0,10:33:55
19200.0,2000,-750.0,0.0,SD,5803400.0,13563600.0,False,0.0,10:33:55
19200.0,1000,-750.0,0.0,SD,5803400.0,13561600.0,False,0.0,10:33:55
19200.0,500,-750.0,0.0,SD,5803400.0,13560600.0,False,0.0,10:33:55
19200.0,200,-750.0,0.0,SD,5803400.0,13560100.0,False,0.0,10:33:55
19200.0,100,-750.0,0.0,SD,5803400.0,13559900.0,False,0.0,10:33:55
19200.0,400,-750.0,0.0,SD,5803400.0,13559800.0,False,0.0,10:33:55
19200.0,400,-750.0,0.0,SD,5803400.0,13559400.0,False,0.0,10:33:55
19200.0,300,-750.0,0.0,SD,5803400.0,13559000.0,False,0.0,10:33:55
19200.0,1000,-750.0,0.0,SD,5803400.0,13558700.0,False,0.0,10:33:55
19200.0,200,-750.0,0.0,SD,5803400.0,13557700.0,False,0.0,10:33:55
19200.0,500,-750.0,0.0,SD,5803400.0,13557500.0,False,0.0,10:33:55
19200.0,100,-750.0,0.0,SD,5803400.0,13557000.0,False,0.0,10:33:55
19200.0,200,-750.0,0.0,SD,5803400.0,13556900.0,False,0.0,10:33:55
19200.0,200,-750.0,0.0,SD,5803400.0,13556700.0,False,0.0,10:33:55
19200.0,100,-750.0,0.0,SD,5803400.0,13556500.0,False,0.0,10:33:55
19200.0,100,-750.0,0.0,SD,5803400.0,13556400.0,False,0.0,10:33:55
19200.0,200,-750.0,0.0,SD,5803400.0,13556300.0,False,0.0,10:33:55
19200.0,500,-750.0,0.0,SD,5803400.0,13556100.0,False,0.0,10:33:55
19200.0,5000,-750.0,0.0,SD,5803400.0,13555600.0,False,0.0,10:33:55
19200.0,300,-750.0,0.0,SD,5803400.0,13550600.0,False,0.0,10:33:55
19200.0,1000,-750.0,0.0,SD,5803400.0,13550300.0,False,0.0,10:33:55
19200.0,1000,-750.0,0.0,SD,5803400.0,13549300.0,False,0.0,10:33:55
19200.0,500,-750.0,0.0,SD,5803400.0,13548300.0,False,0.0,10:33:55
19200.0,100,-750.0,0.0,SD,5803400.0,13547800.0,False,0.0,10:33:55
19200.0,100,-750.0,0.0,SD,5803400.0,13547700.0,False,0.0,10:33:55
19200.0,100,-750.0,0.0,SD,5803400.0,13547600.0,False,0.0,10:33:55
19200.0,300,-750.0,0.0,SD,5803400.0,13547500.0,False,0.0,10:33:55
19200.0,10000,-750.0,0.0,SD,5803400.0,13547200.0,False,0.0,10:33:55
19200.0,2000,-750.0,0.0,SD,5803400.0,13537200.0,False,0.0,10:33:55
19200.0,2400,-750.0,0.0,SD,5803400.0,13535200.0,False,0.0,10:33:55
19200.0,1000,-750.0,0.0,SD,5803400.0,13532800.0,False,0.0,10:33:55
19200.0,100,-750.0,0.0,SD,5803400.0,13531800.0,False,0.0,10:33:55
19200.0,500,-750.0,0.0,SD,5803400.0,13531700.0,False,0.0,10:33:55
19200.0,500,-750.0,0.0,SD,5803400.0,13531200.0,False,0.0,10:33:55
19200.0,300,-750.0,0.0,SD,5803400.0,13530700.0,False,0.0,10:33:55
19200.0,1000,-750.0,0.0,SD,5803400.0,13530400.0,False,0.0,10:33:55
19200.0,200,-750.0,0.0,SD,5803400.0,13529400.0,False,0.0,10:33:55
19200.0,2000,-750.0,0.0,SD,5803400.0,13529200.0,False,0.0,10:33:55
19200.0,500,-750.0,0.0,SD,5803400.0,13527200.0,False,0.0,10:33:55
19200.0,2000,-750.0,0.0,SD,5803400.0,13526700.0,False,0.0,10:33:55
19200.0,700,-750.0,0.0,SD,5803400.0,13524700.0,False,0.0,10:33:55
19200.0,200,-750.0,0.0,SD,5803400.0,13524000.0,False,0.0,10:33:55
19200.0,100,-750.0,0.0,SD,5803400.0,13523800.0,False,0.0,10:33:55
19200.0,200,-750.0,0.0,SD,5803400.0,13523700.0,False,0.0,10:33:55
19200.0,100,-750.0,0.0,SD,5803400.0,13523500.0,False,-50.0,10:33:55
19250.0,200,-700.0,0.0,BU,5803400.0,13523400.0,False,50.0,10:33:55
19200.0,100,-750.0,0.0,SD,5803200.0,13523400.0,False,-50.0,10:33:55
19250.0,1000,-700.0,0.0,BU,5803200.0,13523300.0,False,0.0,10:33:54
19250.0,500,-700.0,0.0,BU,5802200.0,13523300.0,False,50.0,10:33:53
19200.0,20000,-750.0,0.0,SD,5801700.0,13523300.0,True,0.0,10:33:51
19200.0,100,-750.0,0.0,SD,5801700.0,13503300.0,False,0.0,10:33:51
19200.0,1000,-750.0,0.0,SD,5801700.0,13503200.0,False,0.0,10:33:51
19200.0,100,-750.0,0.0,SD,5801700.0,13502200.0,False,0.0,10:33:51
19200.0,1000,-750.0,0.0,SD,5801700.0,13502100.0,False,0.0,10:33:51
19200.0,3000,-750.0,0.0,SD,5801700.0,13501100.0,False,0.0,10:33:51
19200.0,200,-750.0,0.0,SD,5801700.0,13498100.0,False,0.0,10:33:51
19200.0,100,-750.0,0.0,SD,5801700.0,13497900.0,False,0.0,10:33:51
19200.0,100,-750.0,0.0,SD,5801700.0,13497800.0,False,0.0,10:33:51
19200.0,200,-750.0,0.0,SD,5801700.0,13497700.0,False,0.0,10:33:51
19200.0,500,-750.0,0.0,SD,5801700.0,13497500.0,False,0.0,10:33:51
19200.0,100,-750.0,0.0,SD,5801700.0,13497000.0,False,0.0,10:33:51
19200.0,100,-750.0,0.0,SD,5801700.0,13496900.0,False,0.0,10:33:51
19200.0,500,-750.0,0.0,SD,5801700.0,13496800.0,False,0.0,10:33:51
19200.0,100,-750.0,0.0,SD,5801700.0,13496300.0,False,0.0,10:33:51
19200.0,200,-750.0,0.0,SD,5801700.0,13496200.0,False,0.0,10:33:51
19200.0,200,-750.0,0.0,SD,5801700.0,13496000.0,False,0.0,10:33:51
19200.0,500,-750.0,0.0,SD,5801700.0,13495800.0,False,0.0,10:33:51
19200.0,300,-750.0,0.0,SD,5801700.0,13495300.0,False,0.0,10:33:51
19200.0,1700,-750.0,0.0,SD,5801700.0,13495000.0,False,0.0,10:33:51
19200.0,5000,-750.0,0.0,SD,5801700.0,13493300.0,False,-50.0,10:33:50
19250.0,100,-700.0,0.0,BU,5801700.0,13488300.0,False,0.0,10:33:50
19250.0,100,-700.0,0.0,BU,5801600.0,13488300.0,False,50.0,10:33:50
19200.0,1000,-750.0,0.0,SD,5801500.0,13488300.0,False,0.0,10:33:50
19200.0,100,-750.0,0.0,SD,5801500.0,13487300.0,False,0.0,10:33:49
19200.0,1500,-750.0,0.0,SD,5801500.0,13487200.0,False,0.0,10:33:49
19200.0,400,-750.0,0.0,SD,5801500.0,13485700.0,False,0.0,10:33:48
19200.0,300,-750.0,0.0,SD,5801500.0,13485300.0,False,0.0,10:33:48
19200.0,100,-750.0,0.0,SD,5801500.0,13485000.0,False,0.0,10:33:48
19200.0,500,-750.0,0.0,SD,5801500.0,13484900.0,False,0.0,10:33:48
19200.0,200,-750.0,0.0,SD,5801500.0,13484400.0,False,0.0,10:33:48
19200.0,300,-750.0,0.0,SD,5801500.0,13484200.0,False,0.0,10:33:48
19200.0,1500,-750.0,0.0,SD,5801500.0,13483900.0,False,0.0,10:33:48
19200.0,100,-750.0,0.0,SD,5801500.0,13482400.0,False,0.0,10:33:48
19200.0,1000,-750.0,0.0,SD,5801500.0,13482300.0,False,0.0,10:33:48
19200.0,400,-750.0,0.0,SD,5801500.0,13481300.0,False,0.0,10:33:48
19200.0,300,-750.0,0.0,SD,5801500.0,13480900.0,False,0.0,10:33:48
19200.0,2300,-750.0,0.0,SD,5801500.0,13480600.0,False,0.0,10:33:48
19200.0,700,-750.0,0.0,SD,5801500.0,13478300.0,False,0.0,10:33:47
19200.0,500,-750.0,0.0,SD,5801500.0,13477600.0,False,0.0,10:33:47
19200.0,500,-750.0,0.0,SD,5801500.0,13477100.0,False,0.0,10:33:47
19200.0,1000,-750.0,0.0,SD,5801500.0,13476600.0,False,0.0,10:33:47
19200.0,1000,-750.0,0.0,SD,5801500.0,13475600.0,False,0.0,10:33:47
19200.0,500,-750.0,0.0,SD,5801500.0,13474600.0,False,0.0,10:33:47
19200.0,400,-750.0,0.0,SD,5801500.0,13474100.0,False,0.0,10:33:47
19200.0,4600,-750.0,0.0,SD,5801500.0,13473700.0,False,0.0,10:33:47
19200.0,3000,-750.0,0.0,SD,5801500.0,13469100.0,False,0.0,10:33:46
19200.0,400,-750.0,0.0,SD,5801500.0,13466100.0,False,0.0,10:33:45
19200.0,100,-750.0,0.0,SD,5801500.0,13465700.0,False,0.0,10:33:45
19200.0,500,-750.0,0.0,SD,5801500.0,13465600.0,False,0.0,10:33:45
19200.0,500,-750.0,0.0,SD,5801500.0,13465100.0,False,-50.0,10:33:44
19250.0,1700,-700.0,0.0,BU,5801500.0,13464600.0,False,50.0,10:33:44
19200.0,1000,-750.0,0.0,SD,5799800.0,13464600.0,False,0.0,10:33:43
19200.0,1000,-750.0,0.0,SD,5799800.0,13463600.0,False,0.0,10:33:43
19200.0,1000,-750.0,0.0,SD,5799800.0,13462600.0,False,0.0,10:33:43
19200.0,1000,-750.0,0.0,SD,5799800.0,13461600.0,False,0.0,10:33:43
19200.0,200,-750.0,0.0,SD,5799800.0,13460600.0,False,0.0,10:33:43
19200.0,2000,-750.0,0.0,SD,5799800.0,13460400.0,False,0.0,10:33:43
19200.0,1000,-750.0,0.0,SD,5799800.0,13458400.0,False,0.0,10:33:43
19200.0,100,-750.0,0.0,SD,5799800.0,13457400.0,False,0.0,10:33:43
19200.0,100,-750.0,0.0,SD,5799800.0,13457300.0,False,0.0,10:33:43
19200.0,100,-750.0,0.0,SD,5799800.0,13457200.0,False,0.0,10:33:43
19200.0,500,-750.0,0.0,SD,5799800.0,13457100.0,False,0.0,10:33:43
19200.0,1000,-750.0,0.0,SD,5799800.0,13456600.0,False,0.0,10:33:43
19200.0,200,-750.0,0.0,SD,5799800.0,13455600.0,False,0.0,10:33:43
19200.0,100,-750.0,0.0,SD,5799800.0,13455400.0,False,0.0,10:33:43
19200.0,100,-750.0,0.0,SD,5799800.0,13455300.0,False,0.0,10:33:43
19200.0,100,-750.0,0.0,SD,5799800.0,13455200.0,False,0.0,10:33:43
19200.0,500,-750.0,0.0,SD,5799800.0,13455100.0,False,0.0,10:33:43
19200.0,1000,-750.0,0.0,SD,5799800.0,13454600.0,False,0.0,10:33:43
19200.0,2000,-750.0,0.0,SD,5799800.0,13453600.0,False,0.0,10:33:43
19200.0,100,-750.0,0.0,SD,5799800.0,13451600.0,False,0.0,10:33:43
19200.0,100,-750.0,0.0,SD,5799800.0,13451500.0,False,0.0,10:33:43
19200.0,100,-750.0,0.0,SD,5799800.0,13451400.0,False,0.0,10:33:43
19200.0,1000,-750.0,0.0,SD,5799800.0,13451300.0,False,0.0,10:33:43
19200.0,200,-750.0,0.0,SD,5799800.0,13450300.0,False,0.0,10:33:43
19200.0,100,-750.0,0.0,SD,5799800.0,13450100.0,False,0.0,10:33:43
19200.0,5000,-750.0,0.0,SD,5799800.0,13450000.0,False,0.0,10:33:43
19200.0,1000,-750.0,0.0,SD,5799800.0,13445000.0,False,0.0,10:33:43
19200.0,100,-750.0,0.0,SD,5799800.0,13444000.0,False,0.0,10:33:43
19200.0,1000,-750.0,0.0,SD,5799800.0,13443900.0,False,0.0,10:33:43
19200.0,1000,-750.0,0.0,SD,5799800.0,13442900.0,False,0.0,10:33:43
19200.0,1000,-750.0,0.0,SD,5799800.0,13441900.0,False,0.0,10:33:43
19200.0,400,-750.0,0.0,SD,5799800.0,13440900.0,False,0.0,10:33:43
19200.0,3000,-750.0,0.0,SD,5799800.0,13440500.0,False,0.0,10:33:43
19200.0,1000,-750.0,0.0,SD,5799800.0,13437500.0,False,0.0,10:33:43
19200.0,100,-750.0,0.0,SD,5799800.0,13436500.0,False,0.0,10:33:43
19200.0,20000,-750.0,0.0,SD,5799800.0,13436400.0,True,0.0,10:33:43
19200.0,10000,-750.0,0.0,SD,5799800.0,13416400.0,False,0.0,10:33:43
19200.0,10000,-750.0,0.0,SD,5799800.0,13406400.0,False,0.0,10:33:43
19200.0,400,-750.0,0.0,SD,5799800.0,13396400.0,False,0.0,10:33:43
19200.0,300,-750.0,0.0,SD,5799800.0,13396000.0,False,0.0,10:33:43
19200.0,100,-750.0,0.0,SD,5799800.0,13395700.0,False,0.0,10:33:43
19200.0,100,-750.0,0.0,SD,5799800.0,13395600.0,False,0.0,10:33:43
19200.0,900,-750.0,0.0,SD,5799800.0,13395500.0,False,0.0,10:33:43
19200.0,100,-750.0,0.0,SD,5799800.0,13394600.0,False,0.0,10:33:42
19200.0,900,-750.0,0.0,SD,5799800.0,13394500.0,False,0.0,10:33:42
19200.0,100,-750.0,0.0,SD,5799800.0,13393600.0,False,0.0,10:33:41
19200.0,500,-750.0,0.0,SD,5799800.0,13393500.0,False,0.0,10:33:41
19200.0,1000,-750.0,0.0,SD,5799800.0,13393000.0,False,0.0,10:33:41
19200.0,3000,-750.0,0.0,SD,5799800.0,13392000.0,False,0.0,10:33:41
19200.0,1000,-750.0,0.0,SD,5799800.0,13389000.0,False,0.0,10:33:41
19200.0,100,-750.0,0.0,SD,5799800.0,13388000.0,False,0.0,10:33:41
19200.0,200,-750.0,0.0,SD,5799800.0,13387900.0,False,0.0,10:33:41
19200.0,100,-750.0,0.0,SD,5799800.0,13387700.0,False,0.0,10:33:41
19200.0,1000,-750.0,0.0,SD,5799800.0,13387600.0,False,0.0,10:33:41
19200.0,100,-750.0,0.0,SD,5799800.0,13386600.0,False,0.0,10:33:41
19200.0,500,-750.0,0.0,SD,5799800.0,13386500.0,False,0.0,10:33:41
19200.0,500,-750.0,0.0,SD,5799800.0,13386000.0,False,0.0,10:33:41
19200.0,100,-750.0,0.0,SD,5799800.0,13385500.0,False,0.0,10:33:41
19200.0,500,-750.0,0.0,SD,5799800.0,13385400.0,False,0.0,10:33:41
19200.0,1000,-750.0,0.0,SD,5799800.0,13384900.0,False,0.0,10:33:41
19200.0,500,-750.0,0.0,SD,5799800.0,13383900.0,False,0.0,10:33:41
19200.0,2000,-750.0,0.0,SD,5799800.0,13383400.0,False,0.0,10:33:41
19200.0,500,-750.0,0.0,SD,5799800.0,13381400.0,False,0.0,10:33:41
19200.0,2000,-750.0,0.0,SD,5799800.0,13380900.0,False,0.0,10:33:41
19200.0,100,-750.0,0.0,SD,5799800.0,13378900.0,False,0.0,10:33:41
19200.0,100,-750.0,0.0,SD,5799800.0,13378800.0,False,0.0,10:33:41
19200.0,100,-750.0,0.0,SD,5799800.0,13378700.0,False,0.0,10:33:41
19200.0,100,-750.0,0.0,SD,5799800.0,13378600.0,False,0.0,10:33:41
19200.0,1000,-750.0,0.0,SD,5799800.0,13378500.0,False,0.0,10:33:41
19200.0,500,-750.0,0.0,SD,5799800.0,13377500.0,False,0.0,10:33:41
19200.0,100,-750.0,0.0,SD,5799800.0,13377000.0,False,0.0,10:33:41
19200.0,2000,-750.0,0.0,SD,5799800.0,13376900.0,False,0.0,10:33:41
19200.0,500,-750.0,0.0,SD,5799800.0,13374900.0,False,0.0,10:33:41
19200.0,300,-750.0,0.0,SD,5799800.0,13374400.0,False,0.0,10:33:41
19200.0,100,-750.0,0.0,SD,5799800.0,13374100.0,False,0.0,10:33:41
19200.0,10000,-750.0,0.0,SD,5799800.0,13374000.0,False,0.0,10:33:41
19200.0,100,-750.0,0.0,SD,5799800.0,13364000.0,False,0.0,10:33:41
19200.0,2000,-750.0,0.0,SD,5799800.0,13363900.0,False,0.0,10:33:41
19200.0,1000,-750.0,0.0,SD,5799800.0,13361900.0,False,0.0,10:33:41
19200.0,1000,-750.0,0.0,SD,5799800.0,13360900.0,False,0.0,10:33:41
19200.0,100,-750.0,0.0,SD,5799800.0,13359900.0,False,0.0,10:33:41
19200.0,500,-750.0,0.0,SD,5799800.0,13359800.0,False,0.0,10:33:41
19200.0,100,-750.0,0.0,SD,5799800.0,13359300.0,False,0.0,10:33:41
19200.0,200,-750.0,0.0,SD,5799800.0,13359200.0,False,0.0,10:33:41
19200.0,500,-750.0,0.0,SD,5799800.0,13359000.0,False,0.0,10:33:41
19200.0,1000,-750.0,0.0,SD,5799800.0,13358500.0,False,0.0,10:33:41
19200.0,1000,-750.0,0.0,SD,5799800.0,13357500.0,False,0.0,10:33:41
19200.0,200,-750.0,0.0,SD,5799800.0,13356500.0,False,0.0,10:33:41
19200.0,100,-750.0,0.0,SD,5799800.0,13356300.0,False,0.0,10:33:41
19200.0,200,-750.0,0.0,SD,5799800.0,13356200.0,False,0.0,10:33:41
19200.0,1000,-750.0,0.0,SD,5799800.0,13356000.0,False,0.0,10:33:41
19200.0,200,-750.0,0.0,SD,5799800.0,13355000.0,False,0.0,10:33:41
19200.0,500,-750.0,0.0,SD,5799800.0,13354800.0,False,0.0,10:33:41
19200.0,2000,-750.0,0.0,SD,5799800.0,13354300.0,False,0.0,10:33:41
19200.0,1500,-750.0,0.0,SD,5799800.0,13352300.0,False,0.0,10:33:41
19200.0,100,-750.0,0.0,SD,5799800.0,13350800.0,False,0.0,10:33:41
19200.0,200,-750.0,0.0,SD,5799800.0,13350700.0,False,0.0,10:33:41
19200.0,1000,-750.0,0.0,SD,5799800.0,13350500.0,False,0.0,10:33:41
19200.0,200,-750.0,0.0,SD,5799800.0,13349500.0,False,0.0,10:33:41
19200.0,100,-750.0,0.0,SD,5799800.0,13349300.0,False,0.0,10:33:41
19200.0,2000,-750.0,0.0,SD,5799800.0,13349200.0,False,0.0,10:33:41
19200.0,200,-750.0,0.0,SD,5799800.0,13347200.0,False,0.0,10:33:41
19200.0,200,-750.0,0.0,SD,5799800.0,13347000.0,False,0.0,10:33:41
19200.0,5000,-750.0,0.0,SD,5799800.0,13346800.0,False,0.0,10:33:41
19200.0,2000,-750.0,0.0,SD,5799800.0,13341800.0,False,0.0,10:33:41
19200.0,1000,-750.0,0.0,SD,5799800.0,13339800.0,False,0.0,10:33:41
19200.0,100,-750.0,0.0,SD,5799800.0,13338800.0,False,0.0,10:33:41
19200.0,500,-750.0,0.0,SD,5799800.0,13338700.0,False,0.0,10:33:41
19200.0,200,-750.0,0.0,SD,5799800.0,13338200.0,False,0.0,10:33:41
19200.0,100,-750.0,0.0,SD,5799800.0,13338000.0,False,0.0,10:33:41
19200.0,500,-750.0,0.0,SD,5799800.0,13337900.0,False,0.0,10:33:41
19200.0,2000,-750.0,0.0,SD,5799800.0,13337400.0,False,0.0,10:33:41
19200.0,200,-750.0,0.0,SD,5799800.0,13335400.0,False,0.0,10:33:41
19200.0,100,-750.0,0.0,SD,5799800.0,13335200.0,False,0.0,10:33:41
19200.0,100,-750.0,0.0,SD,5799800.0,13335100.0,False,0.0,10:33:41
19200.0,100,-750.0,0.0,SD,5799800.0,13335000.0,False,0.0,10:33:41
19200.0,500,-750.0,0.0,SD,5799800.0,13334900.0,False,0.0,10:33:41
19200.0,200,-750.0,0.0,SD,5799800.0,13334400.0,False,0.0,10:33:41
19200.0,5000,-750.0,0.0,SD,5799800.0,13334200.0,False,0.0,10:33:41
19200.0,3000,-750.0,0.0,SD,5799800.0,13329200.0,False,0.0,10:33:41
19200.0,300,-750.0,0.0,SD,5799800.0,13326200.0,False,0.0,10:33:41
19200.0,100,-750.0,0.0,SD,5799800.0,13325900.0,False,0.0,10:33:41
19200.0,1000,-750.0,0.0,SD,5799800.0,13325800.0,False,0.0,10:33:41
19200.0,500,-750.0,0.0,SD,5799800.0,13324800.0,False,0.0,10:33:41
19200.0,1000,-750.0,0.0,SD,5799800.0,13324300.0,False,0.0,10:33:41
19200.0,700,-750.0,0.0,SD,5799800.0,13323300.0,False,0.0,10:33:41
19200.0,2000,-750.0,0.0,SD,5799800.0,13322600.0,False,0.0,10:33:41
19200.0,100,-750.0,0.0,SD,5799800.0,13320600.0,False,0.0,10:33:41
19200.0,1000,-750.0,0.0,SD,5799800.0,13320500.0,False,0.0,10:33:41
19200.0,200,-750.0,0.0,SD,5799800.0,13319500.0,False,0.0,10:33:41
19200.0,3000,-750.0,0.0,SD,5799800.0,13319300.0,False,0.0,10:33:41
19200.0,100,-750.0,0.0,SD,5799800.0,13316300.0,False,0.0,10:33:41
19200.0,100,-750.0,0.0,SD,5799800.0,13316200.0,False,0.0,10:33:41
19200.0,800,-750.0,0.0,SD,5799800.0,13316100.0,False,0.0,10:33:41
19200.0,500,-750.0,0.0,SD,5799800.0,13315300.0,False,0.0,10:33:41
19200.0,100,-750.0,0.0,SD,5799800.0,13314800.0,False,0.0,10:33:41
19200.0,200,-750.0,0.0,SD,5799800.0,13314700.0,False,0.0,10:33:41
19200.0,1000,-750.0,0.0,SD,5799800.0,13314500.0,False,0.0,10:33:41
19200.0,200,-750.0,0.0,SD,5799800.0,13313500.0,False,0.0,10:33:41
19200.0,1000,-750.0,0.0,SD,5799800.0,13313300.0,False,0.0,10:33:41
19200.0,100,-750.0,0.0,SD,5799800.0,13312300.0,False,0.0,10:33:41
19200.0,2000,-750.0,0.0,SD,5799800.0,13312200.0,False,0.0,10:33:41
19200.0,100,-750.0,0.0,SD,5799800.0,13310200.0,False,0.0,10:33:41
19200.0,10000,-750.0,0.0,SD,5799800.0,13310100.0,False,0.0,10:33:41
19200.0,6500,-750.0,0.0,SD,5799800.0,13300100.0,False,0.0,10:33:41
19200.0,3000,-750.0,0.0,SD,5799800.0,13293600.0,False,0.0,10:33:36
19200.0,5000,-750.0,0.0,SD,5799800.0,13290600.0,False,-50.0,10:33:35
19250.0,1600,-700.0,0.0,BU,5799800.0,13285600.0,False,0.0,10:33:35
19250.0,100,-700.0,0.0,BU,5798200.0,13285600.0,False,50.0,10:33:35
19200.0,200,-750.0,0.0,SD,5798100.0,13285600.0,False,-50.0,10:33:33
19250.0,5000,-700.0,0.0,BU,5798100.0,13285400.0,False,50.0,10:33:32
19200.0,5300,-750.0,0.0,SD,5793100.0,13285400.0,False,0.0,10:33:31
19200.0,100,-750.0,0.0,SD,5793100.0,13280100.0,False,0.0,10:33:31
19200.0,200,-750.0,0.0,SD,5793100.0,13280000.0,False,0.0,10:33:31
19200.0,100,-750.0,0.0,SD,5793100.0,13279800.0,False,0.0,10:33:31
19200.0,100,-750.0,0.0,SD,5793100.0,13279700.0,False,0.0,10:33:31
19200.0,200,-750.0,0.0,SD,5793100.0,13279600.0,False,0.0,10:33:31
19200.0,600,-750.0,0.0,SD,5793100.0,13279400.0,False,0.0,10:33:31
19200.0,1000,-750.0,0.0,SD,5793100.0,13278800.0,False,0.0,10:33:31
19200.0,2000,-750.0,0.0,SD,5793100.0,13277800.0,False,0.0,10:33:31
19200.0,100,-750.0,0.0,SD,5793100.0,13275800.0,False,0.0,10:33:31
19200.0,100,-750.0,0.0,SD,5793100.0,13275700.0,False,0.0,10:33:31
19200.0,100,-750.0,0.0,SD,5793100.0,13275600.0,False,0.0,10:33:31
19200.0,100,-750.0,0.0,SD,5793100.0,13275500.0,False,0.0,10:33:31
19200.0,500,-750.0,0.0,SD,5793100.0,13275400.0,False,0.0,10:33:31
19200.0,2000,-750.0,0.0,SD,5793100.0,13274900.0,False,0.0,10:33:31
19200.0,100,-750.0,0.0,SD,5793100.0,13272900.0,False,0.0,10:33:31
19200.0,900,-750.0,0.0,SD,5793100.0,13272800.0,False,0.0,10:33:31
19200.0,1000,-750.0,0.0,SD,5793100.0,13271900.0,False,0.0,10:33:31
19200.0,800,-750.0,0.0,SD,5793100.0,13270900.0,False,0.0,10:33:31
19200.0,100,-750.0,0.0,SD,5793100.0,13270100.0,False,0.0,10:33:31
19200.0,400,-750.0,0.0,SD,5793100.0,13270000.0,False,0.0,10:33:31
19200.0,200,-750.0,0.0,SD,5793100.0,13269600.0,False,0.0,10:33:31
19200.0,100,-750.0,0.0,SD,5793100.0,13269400.0,False,0.0,10:33:31
19200.0,13900,-750.0,0.0,SD,5793100.0,13269300.0,True,-50.0,10:33:31
19250.0,500,-700.0,0.0,BU,5793100.0,13255400.0,False,0.0,10:33:28
19250.0,200,-700.0,0.0,BU,5792600.0,13255400.0,False,0.0,10:33:28
19250.0,100,-700.0,0.0,BU,5792400.0,13255400.0,False,50.0,10:33:25
19200.0,300,-750.0,0.0,SD,5792300.0,13255400.0,False,-50.0,10:33:24
19250.0,300,-700.0,0.0,BU,5792300.0,13255100.0,False,50.0,10:33:24
19200.0,2000,-750.0,0.0,SD,5792000.0,13255100.0,False,-50.0,10:33:23
19250.0,100,-700.0,0.0,BU,5792000.0,13253100.0,False,50.0,10:33:23
19200.0,2000,-750.0,0.0,SD,5791900.0,13253100.0,False,-50.0,10:33:22
19250.0,100,-700.0,0.0,BU,5791900.0,13251100.0,False,50.0,10:33:19
19200.0,1800,-750.0,0.0,SD,5791800.0,13251100.0,False,0.0,10:33:19
19200.0,1200,-750.0,0.0,SD,5791800.0,13249300.0,False,0.0,10:33:19
19200.0,3000,-750.0,0.0,SD,5791800.0,13248100.0,False,-50.0,10:33:19
19250.0,500,-700.0,0.0,BU,5791800.0,13245100.0,False,50.0,10:33:18
19200.0,2500,-750.0,0.0,SD,5791300.0,13245100.0,False,-50.0,10:33:18
19250.0,1300,-700.0,0.0,BU,5791300.0,13242600.0,False,0.0,10:33:17
19250.0,800,-700.0,0.0,BU,5790000.0,13242600.0,False,0.0,10:33:17
19250.0,100,-700.0,0.0,BU,5789200.0,13242600.0,False,0.0,10:33:17
19250.0,600,-700.0,0.0,BU,5789100.0,13242600.0,False,0.0,10:33:17
19250.0,2000,-700.0,0.0,BU,5788500.0,13242600.0,False,0.0,10:33:17
19250.0,100,-700.0,0.0,BU,5786500.0,13242600.0,False,0.0,10:33:17
19250.0,1000,-700.0,0.0,BU,5786400.0,13242600.0,False,0.0,10:33:17
19250.0,300,-700.0,0.0,BU,5785400.0,13242600.0,False,0.0,10:33:17
19250.0,100,-700.0,0.0,BU,5785100.0,13242600.0,False,0.0,10:33:17
19250.0,500,-700.0,0.0,BU,5785000.0,13242600.0,False,0.0,10:33:17
19250.0,3000,-700.0,0.0,BU,5784500.0,13242600.0,False,0.0,10:33:17
19250.0,300,-700.0,0.0,BU,5781500.0,13242600.0,False,0.0,10:33:17
19250.0,200,-700.0,0.0,BU,5781200.0,13242600.0,False,0.0,10:33:17
19250.0,1000,-700.0,0.0,BU,5781000.0,13242600.0,False,0.0,10:33:17
19250.0,3000,-700.0,0.0,BU,5780000.0,13242600.0,False,0.0,10:33:17
19250.0,100,-700.0,0.0,BU,5777000.0,13242600.0,False,0.0,10:33:17
19250.0,100,-700.0,0.0,BU,5776900.0,13242600.0,False,0.0,10:33:17
19250.0,500,-700.0,0.0,BU,5776800.0,13242600.0,False,0.0,10:33:17
19250.0,300,-700.0,0.0,BU,5776300.0,13242600.0,False,0.0,10:33:17
19250.0,500,-700.0,0.0,BU,5776000.0,13242600.0,False,0.0,10:33:17
19250.0,100,-700.0,0.0,BU,5775500.0,13242600.0,False,0.0,10:33:17
19250.0,200,-700.0,0.0,BU,5775400.0,13242600.0,False,0.0,10:33:17
19250.0,2600,-700.0,0.0,SD,5775200.0,13242600.0,False,0.0,10:33:17
19250.0,900,-700.0,0.0,SD,5775200.0,13240000.0,False,0.0,10:33:17
19250.0,1000,-700.0,0.0,SD,5775200.0,13239100.0,False,0.0,10:33:17
19250.0,1100,-700.0,0.0,SD,5775200.0,13238100.0,False,0.0,10:33:17
19250.0,3000,-700.0,0.0,SD,5775200.0,13237000.0,False,0.0,10:33:17
19250.0,1000,-700.0,0.0,SD,5775200.0,13234000.0,False,0.0,10:33:17
19250.0,100,-700.0,0.0,SD,5775200.0,13233000.0,False,0.0,10:33:17
19250.0,2000,-700.0,0.0,SD,5775200.0,13232900.0,False,0.0,10:33:17
19250.0,500,-700.0,0.0,SD,5775200.0,13230900.0,False,0.0,10:33:17
19250.0,500,-700.0,0.0,SD,5775200.0,13230400.0,False,0.0,10:33:17
19250.0,100,-700.0,0.0,SD,5775200.0,13229900.0,False,0.0,10:33:17
19250.0,200,-700.0,0.0,SD,5775200.0,13229800.0,False,0.0,10:33:17
19250.0,2000,-700.0,0.0,SD,5775200.0,13229600.0,False,0.0,10:33:17
19250.0,1000,-700.0,0.0,SD,5775200.0,13227600.0,False,0.0,10:33:17
19250.0,300,-700.0,0.0,SD,5775200.0,13226600.0,False,0.0,10:33:17
19250.0,100,-700.0,0.0,SD,5775200.0,13226300.0,False,0.0,10:33:17
19250.0,100,-700.0,0.0,SD,5775200.0,13226200.0,False,0.0,10:33:17
19250.0,2000,-700.0,0.0,SD,5775200.0,13226100.0,False,0.0,10:33:17
19250.0,2000,-700.0,0.0,SD,5775200.0,13224100.0,False,0.0,10:33:17
19250.0,100,-700.0,0.0,SD,5775200.0,13222100.0,False,0.0,10:33:17
19250.0,100,-700.0,0.0,SD,5775200.0,13222000.0,False,0.0,10:33:17
19250.0,500,-700.0,0.0,SD,5775200.0,13221900.0,False,0.0,10:33:17
19250.0,100,-700.0,0.0,SD,5775200.0,13221400.0,False,0.0,10:33:17
19250.0,1000,-700.0,0.0,SD,5775200.0,13221300.0,False,0.0,10:33:17
19250.0,100,-700.0,0.0,SD,5775200.0,13220300.0,False,0.0,10:33:17
19250.0,100,-700.0,0.0,SD,5775200.0,13220200.0,False,0.0,10:33:17
19250.0,200,-700.0,0.0,SD,5775200.0,13220100.0,False,0.0,10:33:17
19250.0,100,-700.0,0.0,SD,5775200.0,13219900.0,False,0.0,10:33:17
19250.0,300,-700.0,0.0,SD,5775200.0,13219800.0,False,0.0,10:33:17
19250.0,1000,-700.0,0.0,SD,5775200.0,13219500.0,False,0.0,10:33:17
19250.0,1000,-700.0,0.0,SD,5775200.0,13218500.0,False,0.0,10:33:17
19250.0,500,-700.0,0.0,SD,5775200.0,13217500.0,False,0.0,10:33:17
19250.0,1000,-700.0,0.0,SD,5775200.0,13217000.0,False,0.0,10:33:17
19250.0,500,-700.0,0.0,SD,5775200.0,13216000.0,False,0.0,10:33:17
19250.0,100,-700.0,0.0,SD,5775200.0,13215500.0,False,0.0,10:33:17
19250.0,100,-700.0,0.0,SD,5775200.0,13215400.0,False,0.0,10:33:17
19250.0,200,-700.0,0.0,SD,5775200.0,13215300.0,False,0.0,10:33:17
19250.0,1000,-700.0,0.0,SD,5775200.0,13215100.0,False,0.0,10:33:17
19250.0,100,-700.0,0.0,SD,5775200.0,13214100.0,False,0.0,10:33:17
19250.0,500,-700.0,0.0,SD,5775200.0,13214000.0,False,0.0,10:33:17
19250.0,600,-700.0,0.0,SD,5775200.0,13213500.0,False,0.0,10:33:17
19250.0,100,-700.0,0.0,SD,5775200.0,13212900.0,False,0.0,10:33:17
19250.0,100,-700.0,0.0,SD,5775200.0,13212800.0,False,0.0,10:33:17
19250.0,1000,-700.0,0.0,SD,5775200.0,13212700.0,False,0.0,10:33:17
19250.0,500,-700.0,0.0,SD,5775200.0,13211700.0,False,0.0,10:33:17
19250.0,100,-700.0,0.0,SD,5775200.0,13211200.0,False,0.0,10:33:17
19250.0,700,-700.0,0.0,SD,5775200.0,13211100.0,False,0.0,10:33:17
19250.0,500,-700.0,0.0,SD,5775200.0,13210400.0,False,0.0,10:33:17
19250.0,200,-700.0,0.0,SD,5775200.0,13209900.0,False,0.0,10:33:17
19250.0,1000,-700.0,0.0,SD,5775200.0,13209700.0,False,0.0,10:33:17
19250.0,200,-700.0,0.0,SD,5775200.0,13208700.0,False,0.0,10:33:17
19250.0,5000,-700.0,0.0,SD,5775200.0,13208500.0,False,0.0,10:33:17
19250.0,500,-700.0,0.0,SD,5775200.0,13203500.0,False,0.0,10:33:17
19250.0,100,-700.0,0.0,SD,5775200.0,13203000.0,False,0.0,10:33:17
19250.0,1000,-700.0,0.0,SD,5775200.0,13202900.0,False,0.0,10:33:17
19250.0,1000,-700.0,0.0,SD,5775200.0,13201900.0,False,0.0,10:33:17
19250.0,300,-700.0,0.0,SD,5775200.0,13200900.0,False,0.0,10:33:17
19250.0,1000,-700.0,0.0,SD,5775200.0,13200600.0,False,0.0,10:33:17
19250.0,500,-700.0,0.0,SD,5775200.0,13199600.0,False,0.0,10:33:17
19250.0,100,-700.0,0.0,SD,5775200.0,13199100.0,False,0.0,10:33:17
19250.0,100,-700.0,0.0,SD,5775200.0,13199000.0,False,0.0,10:33:17
19250.0,500,-700.0,0.0,SD,5775200.0,13198900.0,False,0.0,10:33:17
19250.0,2700,-700.0,0.0,SD,5775200.0,13198400.0,False,0.0,10:33:16
19250.0,100,-700.0,0.0,SD,5775200.0,13195700.0,False,0.0,10:33:16
19250.0,100,-700.0,0.0,SD,5775200.0,13195600.0,False,0.0,10:33:16
19250.0,100,-700.0,0.0,SD,5775200.0,13195500.0,False,0.0,10:33:16
19250.0,100,-700.0,0.0,SD,5775200.0,13195400.0,False,0.0,10:33:16
19250.0,50000,-700.0,0.0,SD,5775200.0,13195300.0,True,0.0,10:33:16
19250.0,300,-700.0,0.0,SD,5775200.0,13145300.0,False,0.0,10:33:16
19250.0,100,-700.0,0.0,SD,5775200.0,13145000.0,False,0.0,10:33:16
19250.0,300,-700.0,0.0,SD,5775200.0,13144900.0,False,0.0,10:33:16
19250.0,10000,-700.0,0.0,SD,5775200.0,13144600.0,False,0.0,10:33:16
19250.0,500,-700.0,0.0,SD,5775200.0,13134600.0,False,0.0,10:33:16
19250.0,100,-700.0,0.0,SD,5775200.0,13134100.0,False,0.0,10:33:16
19250.0,500,-700.0,0.0,SD,5775200.0,13134000.0,False,0.0,10:33:16
19250.0,100,-700.0,0.0,SD,5775200.0,13133500.0,False,0.0,10:33:16
19250.0,30000,-700.0,0.0,SD,5775200.0,13133400.0,True,0.0,10:33:16
19250.0,7900,-700.0,0.0,SD,5775200.0,13103400.0,False,0.0,10:33:16
19250.0,100,-700.0,0.0,SD,5775200.0,13095500.0,False,0.0,10:33:16
19250.0,100,-700.0,0.0,SD,5775200.0,13095400.0,False,0.0,10:33:16
19250.0,100,-700.0,0.0,SD,5775200.0,13095300.0,False,0.0,10:33:16
19250.0,1000,-700.0,0.0,SD,5775200.0,13095200.0,False,0.0,10:33:16
19250.0,100,-700.0,0.0,SD,5775200.0,13094200.0,False,0.0,10:33:16
19250.0,1700,-700.0,0.0,SD,5775200.0,13094100.0,False,0.0,10:33:16
19250.0,200,-700.0,0.0,SD,5775200.0,13092400.0,False,0.0,10:33:16
19250.0,1000,-700.0,0.0,SD,5775200.0,13092200.0,False,0.0,10:33:16
19250.0,700,-700.0,0.0,SD,5775200.0,13091200.0,False,0.0,10:33:16
19250.0,1000,-700.0,0.0,SD,5775200.0,13090500.0,False,0.0,10:33:16
19250.0,500,-700.0,0.0,SD,5775200.0,13089500.0,False,0.0,10:33:16
19250.0,1000,-700.0,0.0,SD,5775200.0,13089000.0,False,0.0,10:33:16
19250.0,100,-700.0,0.0,SD,5775200.0,13088000.0,False,0.0,10:33:16
19250.0,100,-700.0,0.0,SD,5775200.0,13087900.0,False,0.0,10:33:16
19250.0,1000,-700.0,0.0,SD,5775200.0,13087800.0,False,0.0,10:33:16
19250.0,1000,-700.0,0.0,SD,5775200.0,13086800.0,False,0.0,10:33:16
19250.0,1000,-700.0,0.0,SD,5775200.0,13085800.0,False,0.0,10:33:16
19250.0,500,-700.0,0.0,SD,5775200.0,13084800.0,False,0.0,10:33:16
19250.0,200,-700.0,0.0,SD,5775200.0,13084300.0,False,0.0,10:33:16
19250.0,200,-700.0,0.0,SD,5775200.0,13084100.0,False,0.0,10:33:16
19250.0,100,-700.0,0.0,SD,5775200.0,13083900.0,False,0.0,10:33:16
19250.0,500,-700.0,0.0,SD,5775200.0,13083800.0,False,0.0,10:33:16
19250.0,1000,-700.0,0.0,SD,5775200.0,13083300.0,False,0.0,10:33:16
19250.0,100,-700.0,0.0,SD,5775200.0,13082300.0,False,0.0,10:33:16
19250.0,100,-700.0,0.0,SD,5775200.0,13082200.0,False,0.0,10:33:16
19250.0,900,-700.0,0.0,SD,5775200.0,13082100.0,False,0.0,10:33:16
19250.0,500,-700.0,0.0,SD,5775200.0,13081200.0,False,0.0,10:33:16
19250.0,1000,-700.0,0.0,SD,5775200.0,13080700.0,False,0.0,10:33:16
19250.0,1000,-700.0,0.0,SD,5775200.0,13079700.0,False,0.0,10:33:16
19250.0,300,-700.0,0.0,SD,5775200.0,13078700.0,False,0.0,10:33:16
19250.0,100,-700.0,0.0,SD,5775200.0,13078400.0,False,0.0,10:33:16
19250.0,200,-700.0,0.0,SD,5775200.0,13078300.0,False,0.0,10:33:16
19250.0,300,-700.0,0.0,SD,5775200.0,13078100.0,False,0.0,10:33:16
19250.0,100,-700.0,0.0,SD,5775200.0,13077800.0,False,0.0,10:33:16
19250.0,200,-700.0,0.0,SD,5775200.0,13077700.0,False,0.0,10:33:16
19250.0,200,-700.0,0.0,SD,5775200.0,13077500.0,False,0.0,10:33:16
19250.0,100,-700.0,0.0,SD,5775200.0,13077300.0,False,0.0,10:33:16
19250.0,200,-700.0,0.0,SD,5775200.0,13077200.0,False,0.0,10:33:16
19250.0,2000,-700.0,0.0,SD,5775200.0,13077000.0,False,0.0,10:33:16
19250.0,2000,-700.0,0.0,SD,5775200.0,13075000.0,False,0.0,10:33:16
19250.0,2000,-700.0,0.0,SD,5775200.0,13073000.0,False,0.0,10:33:16
19250.0,1000,-700.0,0.0,SD,5775200.0,13071000.0,False,0.0,10:33:16
19250.0,500,-700.0,0.0,SD,5775200.0,13070000.0,False,0.0,10:33:16
19250.0,400,-700.0,0.0,SD,5775200.0,13069500.0,False,0.0,10:33:16
19250.0,500,-700.0,0.0,SD,5775200.0,13069100.0,False,0.0,10:33:16
19250.0,200,-700.0,0.0,SD,5775200.0,13068600.0,False,0.0,10:33:16
19250.0,100,-700.0,0.0,SD,5775200.0,13068400.0,False,0.0,10:33:16
19250.0,200,-700.0,0.0,SD,5775200.0,13068300.0,False,0.0,10:33:16
19250.0,1000,-700.0,0.0,SD,5775200.0,13068100.0,False,0.0,10:33:16
19250.0,100,-700.0,0.0,SD,5775200.0,13067100.0,False,0.0,10:33:16
19250.0,1000,-700.0,0.0,SD,5775200.0,13067000.0,False,0.0,10:33:16
19250.0,200,-700.0,0.0,SD,5775200.0,13066000.0,False,0.0,10:33:16
19250.0,500,-700.0,0.0,SD,5775200.0,13065800.0,False,0.0,10:33:16
19250.0,300,-700.0,0.0,SD,5775200.0,13065300.0,False,0.0,10:33:16
19250.0,500,-700.0,0.0,SD,5775200.0,13065000.0,False,0.0,10:33:16
19250.0,100,-700.0,0.0,SD,5775200.0,13064500.0,False,0.0,10:33:16
19250.0,100,-700.0,0.0,SD,5775200.0,13064400.0,False,0.0,10:33:16
19250.0,100,-700.0,0.0,SD,5775200.0,13064300.0,False,0.0,10:33:16
19250.0,200,-700.0,0.0,SD,5775200.0,13064200.0,False,0.0,10:33:16
19250.0,500,-700.0,0.0,SD,5775200.0,13064000.0,False,0.0,10:33:16
19250.0,100,-700.0,0.0,SD,5775200.0,13063500.0,False,0.0,10:33:16
19250.0,3000,-700.0,0.0,SD,5775200.0,13063400.0,False,0.0,10:33:16
19250.0,300,-700.0,0.0,SD,5775200.0,13060400.0,False,0.0,10:33:16
19250.0,1000,-700.0,0.0,SD,5775200.0,13060100.0,False,0.0,10:33:16
19250.0,1000,-700.0,0.0,SD,5775200.0,13059100.0,False,0.0,10:33:16
19250.0,100,-700.0,0.0,SD,5775200.0,13058100.0,False,0.0,10:33:16
19250.0,2000,-700.0,0.0,SD,5775200.0,13058000.0,False,0.0,10:33:16
19250.0,500,-700.0,0.0,SD,5775200.0,13056000.0,False,0.0,10:33:16
19250.0,200,-700.0,0.0,SD,5775200.0,13055500.0,False,0.0,10:33:16
19250.0,1000,-700.0,0.0,SD,5775200.0,13055300.0,False,0.0,10:33:16
19250.0,800,-700.0,0.0,SD,5775200.0,13054300.0,False,0.0,10:33:16
19250.0,200,-700.0,0.0,SD,5775200.0,13053500.0,False,0.0,10:33:16
19250.0,400,-700.0,0.0,SD,5775200.0,13053300.0,False,0.0,10:33:16
19250.0,200,-700.0,0.0,SD,5775200.0,13052900.0,False,0.0,10:33:16
19250.0,500,-700.0,0.0,SD,5775200.0,13052700.0,False,0.0,10:33:16
19250.0,5000,-700.0,0.0,SD,5775200.0,13052200.0,False,0.0,10:33:16
19250.0,500,-700.0,0.0,SD,5775200.0,13047200.0,False,0.0,10:33:16
19250.0,600,-700.0,0.0,SD,5775200.0,13046700.0,False,0.0,10:33:16
19250.0,300,-700.0,0.0,SD,5775200.0,13046100.0,False,0.0,10:33:16
19250.0,600,-700.0,0.0,SD,5775200.0,13045800.0,False,0.0,10:33:16
19250.0,1000,-700.0,0.0,SD,5775200.0,13045200.0,False,0.0,10:33:16
19250.0,100,-700.0,0.0,SD,5775200.0,13044200.0,False,0.0,10:33:16
19250.0,200,-700.0,0.0,SD,5775200.0,13044100.0,False,0.0,10:33:16
19250.0,500,-700.0,0.0,SD,5775200.0,13043900.0,False,0.0,10:33:16
19250.0,200,-700.0,0.0,SD,5775200.0,13043400.0,False,0.0,10:33:16
19250.0,100,-700.0,0.0,SD,5775200.0,13043200.0,False,0.0,10:33:16
19250.0,500,-700.0,0.0,SD,5775200.0,13043100.0,False,0.0,10:33:16
19250.0,200,-700.0,0.0,SD,5775200.0,13042600.0,False,0.0,10:33:16
19250.0,11800,-700.0,0.0,SD,5775200.0,13042400.0,True,0.0,10:33:16
19250.0,200,-700.0,0.0,SD,5775200.0,13030600.0,False,0.0,10:33:16
19250.0,100,-700.0,0.0,SD,5775200.0,13030400.0,False,0.0,10:33:16
19250.0,1500,-700.0,0.0,SD,5775200.0,13030300.0,False,0.0,10:33:16
19250.0,100,-700.0,0.0,SD,5775200.0,13028800.0,False,0.0,10:33:16
19250.0,600,-700.0,0.0,SD,5775200.0,13028700.0,False,0.0,10:33:16
19250.0,400,-700.0,0.0,SD,5775200.0,13028100.0,False,0.0,10:33:16
19250.0,500,-700.0,0.0,SD,5775200.0,13027700.0,False,0.0,10:33:16
19250.0,15000,-700.0,0.0,SD,5775200.0,13027200.0,True,0.0,10:33:16
19250.0,500,-700.0,0.0,SD,5775200.0,13012200.0,False,0.0,10:33:16
19250.0,500,-700.0,0.0,SD,5775200.0,13011700.0,False,0.0,10:33:16
19250.0,700,-700.0,0.0,SD,5775200.0,13011200.0,False,0.0,10:33:16
19250.0,300,-700.0,0.0,SD,5775200.0,13010500.0,False,0.0,10:33:16
19250.0,500,-700.0,0.0,SD,5775200.0,13010200.0,False,0.0,10:33:16
19250.0,200,-700.0,0.0,SD,5775200.0,13009700.0,False,0.0,10:33:16
19250.0,100,-700.0,0.0,SD,5775200.0,13009500.0,False,0.0,10:33:16
19250.0,2000,-700.0,0.0,SD,5775200.0,13009400.0,False,0.0,10:33:16
19250.0,400,-700.0,0.0,SD,5775200.0,13007400.0,False,0.0,10:33:16
19250.0,500,-700.0,0.0,SD,5775200.0,13007000.0,False,0.0,10:33:16
19250.0,2000,-700.0,0.0,SD,5775200.0,13006500.0,False,0.0,10:33:16
19250.0,100,-700.0,0.0,SD,5775200.0,13004500.0,False,0.0,10:33:16
19250.0,500,-700.0,0.0,SD,5775200.0,13004400.0,False,0.0,10:33:16
19250.0,2700,-700.0,0.0,SD,5775200.0,13003900.0,False,0.0,10:33:16
19250.0,1000,-700.0,0.0,SD,5775200.0,13001200.0,False,0.0,10:33:16
19250.0,500,-700.0,0.0,SD,5775200.0,13000200.0,False,0.0,10:33:16
19250.0,2000,-700.0,0.0,SD,5775200.0,12999700.0,False,0.0,10:33:16
19250.0,100,-700.0,0.0,SD,5775200.0,12997700.0,False,0.0,10:33:16
19250.0,1000,-700.0,0.0,SD,5775200.0,12997600.0,False,0.0,10:33:16
19250.0,4500,-700.0,0.0,SD,5775200.0,12996600.0,False,0.0,10:33:16
19250.0,200,-700.0,0.0,SD,5775200.0,12992100.0,False,0.0,10:33:16
19250.0,400,-700.0,0.0,SD,5775200.0,12991900.0,False,0.0,10:33:16
19250.0,400,-700.0,0.0,SD,5775200.0,12991500.0,False,0.0,10:33:16
19250.0,500,-700.0,0.0,SD,5775200.0,12991100.0,False,0.0,10:33:16
19250.0,100,-700.0,0.0,SD,5775200.0,12990600.0,False,0.0,10:33:16
19250.0,5000,-700.0,0.0,SD,5775200.0,12990500.0,False,0.0,10:33:16
19250.0,2000,-700.0,0.0,SD,5775200.0,12985500.0,False,0.0,10:33:16
19250.0,500,-700.0,0.0,SD,5775200.0,12983500.0,False,0.0,10:33:16
19250.0,1000,-700.0,0.0,SD,5775200.0,12983000.0,False,0.0,10:33:16
19250.0,5000,-700.0,0.0,SD,5775200.0,12982000.0,False,0.0,10:33:16
19250.0,500,-700.0,0.0,SD,5775200.0,12977000.0,False,0.0,10:33:16
19250.0,100,-700.0,0.0,SD,5775200.0,12976500.0,False,0.0,10:33:16
19250.0,300,-700.0,0.0,SD,5775200.0,12976400.0,False,0.0,10:33:16
19250.0,1000,-700.0,0.0,SD,5775200.0,12976100.0,False,0.0,10:33:16
19250.0,1000,-700.0,0.0,SD,5775200.0,12975100.0,False,0.0,10:33:16
19250.0,500,-700.0,0.0,SD,5775200.0,12974100.0,False,0.0,10:33:16
19250.0,5000,-700.0,0.0,SD,5775200.0,12973600.0,False,0.0,10:33:16
19250.0,500,-700.0,0.0,SD,5775200.0,12968600.0,False,0.0,10:33:16
19250.0,100,-700.0,0.0,SD,5775200.0,12968100.0,False,0.0,10:33:16
19250.0,100,-700.0,0.0,SD,5775200.0,12968000.0,False,0.0,10:33:16
19250.0,100,-700.0,0.0,SD,5775200.0,12967900.0,False,0.0,10:33:16
19250.0,800,-700.0,0.0,SD,5775200.0,12967800.0,False,0.0,10:33:16
19250.0,100,-700.0,0.0,SD,5775200.0,12967000.0,False,0.0,10:33:16
19250.0,1000,-700.0,0.0,SD,5775200.0,12966900.0,False,0.0,10:33:16
19250.0,100,-700.0,0.0,SD,5775200.0,12965900.0,False,0.0,10:33:16
19250.0,500,-700.0,0.0,SD,5775200.0,12965800.0,False,0.0,10:33:16
19250.0,100,-700.0,0.0,SD,5775200.0,12965300.0,False,0.0,10:33:16
19250.0,1000,-700.0,0.0,SD,5775200.0,12965200.0,False,0.0,10:33:16
19250.0,100,-700.0,0.0,SD,5775200.0,12964200.0,False,0.0,10:33:16
19250.0,100,-700.0,0.0,SD,5775200.0,12964100.0,False,0.0,10:33:16
19250.0,500,-700.0,0.0,SD,5775200.0,12964000.0,False,0.0,10:33:16
19250.0,2000,-700.0,0.0,SD,5775200.0,12963500.0,False,0.0,10:33:16
19250.0,2000,-700.0,0.0,SD,5775200.0,12961500.0,False,0.0,10:33:16
19250.0,10000,-700.0,0.0,SD,5775200.0,12959500.0,False,0.0,10:33:16
19250.0,600,-700.0,0.0,SD,5775200.0,12949500.0,False,0.0,10:33:16
19250.0,100,-700.0,0.0,SD,5775200.0,12948900.0,False,0.0,10:33:16
19250.0,1000,-700.0,0.0,SD,5775200.0,12948800.0,False,0.0,10:33:16
19250.0,100,-700.0,0.0,SD,5775200.0,12947800.0,False,0.0,10:33:16
19250.0,100,-700.0,0.0,SD,5775200.0,12947700.0,False,0.0,10:33:16
19250.0,2000,-700.0,0.0,SD,5775200.0,12947600.0,False,0.0,10:33:16
19250.0,6500,-700.0,0.0,SD,5775200.0,12945600.0,False,0.0,10:33:16
19250.0,200,-700.0,0.0,SD,5775200.0,12939100.0,False,0.0,10:33:16
19250.0,2000,-700.0,0.0,SD,5775200.0,12938900.0,False,0.0,10:33:16
19250.0,200,-700.0,0.0,SD,5775200.0,12936900.0,False,0.0,10:33:16
19250.0,1000,-700.0,0.0,SD,5775200.0,12936700.0,False,0.0,10:33:16
19250.0,100,-700.0,0.0,SD,5775200.0,12935700.0,False,0.0,10:33:16
19250.0,100,-700.0,0.0,SD,5775200.0,12935600.0,False,0.0,10:33:16
19250.0,200,-700.0,0.0,SD,5775200.0,12935500.0,False,0.0,10:33:16
19250.0,3000,-700.0,0.0,SD,5775200.0,12935300.0,False,0.0,10:33:16
19250.0,100,-700.0,0.0,SD,5775200.0,12932300.0,False,0.0,10:33:16
19250.0,100,-700.0,0.0,SD,5775200.0,12932200.0,False,0.0,10:33:16
19250.0,500,-700.0,0.0,SD,5775200.0,12932100.0,False,0.0,10:33:16
19250.0,100,-700.0,0.0,SD,5775200.0,12931600.0,False,0.0,10:33:16
19250.0,200,-700.0,0.0,SD,5775200.0,12931500.0,False,0.0,10:33:16
19250.0,100,-700.0,0.0,SD,5775200.0,12931300.0,False,0.0,10:33:16
19250.0,300,-700.0,0.0,SD,5775200.0,12931200.0,False,0.0,10:33:16
19250.0,10000,-700.0,0.0,SD,5775200.0,12930900.0,False,0.0,10:33:16
19250.0,300,-700.0,0.0,SD,5775200.0,12920900.0,False,0.0,10:33:16
19250.0,100,-700.0,0.0,SD,5775200.0,12920600.0,False,0.0,10:33:16
19250.0,2000,-700.0,0.0,SD,5775200.0,12920500.0,False,0.0,10:33:16
19250.0,100,-700.0,0.0,SD,5775200.0,12918500.0,False,0.0,10:33:16
19250.0,500,-700.0,0.0,SD,5775200.0,12918400.0,False,0.0,10:33:16
19250.0,500,-700.0,0.0,SD,5775200.0,12917900.0,False,0.0,10:33:16
19250.0,200,-700.0,0.0,SD,5775200.0,12917400.0,False,0.0,10:33:16
19250.0,300,-700.0,0.0,SD,5775200.0,12917200.0,False,0.0,10:33:16
19250.0,700,-700.0,0.0,SD,5775200.0,12916900.0,False,0.0,10:33:16
19250.0,300,-700.0,0.0,SD,5775200.0,12916200.0,False,0.0,10:33:16
19250.0,100,-700.0,0.0,SD,5775200.0,12915900.0,False,0.0,10:33:16
19250.0,1000,-700.0,0.0,SD,5775200.0,12915800.0,False,0.0,10:33:16
19250.0,1000,-700.0,0.0,SD,5775200.0,12914800.0,False,0.0,10:33:16
19250.0,100,-700.0,0.0,SD,5775200.0,12913800.0,False,0.0,10:33:16
19250.0,100,-700.0,0.0,SD,5775200.0,12913700.0,False,0.0,10:33:16
19250.0,100,-700.0,0.0,SD,5775200.0,12913600.0,False,0.0,10:33:16
19250.0,100,-700.0,0.0,SD,5775200.0,12913500.0,False,0.0,10:33:16
19250.0,1000,-700.0,0.0,SD,5775200.0,12913400.0,False,0.0,10:33:16
19250.0,100,-700.0,0.0,SD,5775200.0,12912400.0,False,0.0,10:33:16
19250.0,300,-700.0,0.0,SD,5775200.0,12912300.0,False,0.0,10:33:16
19250.0,200,-700.0,0.0,SD,5775200.0,12912000.0,False,0.0,10:33:16
19250.0,500,-700.0,0.0,SD,5775200.0,12911800.0,False,0.0,10:33:16
19250.0,1000,-700.0,0.0,SD,5775200.0,12911300.0,False,0.0,10:33:16
19250.0,5000,-700.0,0.0,SD,5775200.0,12910300.0,False,0.0,10:33:16
19250.0,500,-700.0,0.0,SD,5775200.0,12905300.0,False,0.0,10:33:16
19250.0,2000,-700.0,0.0,SD,5775200.0,12904800.0,False,0.0,10:33:16
19250.0,1000,-700.0,0.0,SD,5775200.0,12902800.0,False,0.0,10:33:16
19250.0,4900,-700.0,0.0,SD,5775200.0,12901800.0,False,0.0,10:33:16
19250.0,100,-700.0,0.0,SD,5775200.0,12896900.0,False,0.0,10:33:16
19250.0,1600,-700.0,0.0,SD,5775200.0,12896800.0,False,0.0,10:33:16
19250.0,600,-700.0,0.0,SD,5775200.0,12895200.0,False,0.0,10:33:16
19250.0,100,-700.0,0.0,SD,5775200.0,12894600.0,False,0.0,10:33:16
19250.0,300,-700.0,0.0,SD,5775200.0,12894500.0,False,0.0,10:33:16
19250.0,500,-700.0,0.0,SD,5775200.0,12894200.0,False,0.0,10:33:16
19250.0,500,-700.0,0.0,SD,5775200.0,12893700.0,False,0.0,10:33:16
19250.0,2000,-700.0,0.0,SD,5775200.0,12893200.0,False,0.0,10:33:16
19250.0,100,-700.0,0.0,SD,5775200.0,12891200.0,False,0.0,10:33:16
19250.0,100,-700.0,0.0,SD,5775200.0,12891100.0,False,0.0,10:33:16
19250.0,500,-700.0,0.0,SD,5775200.0,12891000.0,False,0.0,10:33:16
19250.0,300,-700.0,0.0,SD,5775200.0,12890500.0,False,0.0,10:33:16
19250.0,500,-700.0,0.0,SD,5775200.0,12890200.0,False,0.0,10:33:16
19250.0,100,-700.0,0.0,SD,5775200.0,12889700.0,False,0.0,10:33:16
19250.0,2000,-700.0,0.0,SD,5775200.0,12889600.0,False,0.0,10:33:16
19250.0,100,-700.0,0.0,SD,5775200.0,12887600.0,False,0.0,10:33:16
19250.0,700,-700.0,0.0,SD,5775200.0,12887500.0,False,-50.0,10:33:16
19300.0,3000,-650.0,0.0,BU,5775200.0,12886800.0,False,50.0,10:33:16
19250.0,1800,-700.0,0.0,SD,5772200.0,12886800.0,False,0.0,10:33:15
19250.0,300,-700.0,0.0,SD,5772200.0,12885000.0,False,0.0,10:33:15
19250.0,400,-700.0,0.0,SD,5772200.0,12884700.0,False,0.0,10:33:15
19250.0,200,-700.0,0.0,SD,5772200.0,12884300.0,False,0.0,10:33:15
19250.0,5000,-700.0,0.0,SD,5772200.0,12884100.0,False,0.0,10:33:15
19250.0,500,-700.0,0.0,SD,5772200.0,12879100.0,False,0.0,10:33:15
19250.0,1000,-700.0,0.0,SD,5772200.0,12878600.0,False,0.0,10:33:15
19250.0,1000,-700.0,0.0,SD,5772200.0,12877600.0,False,0.0,10:33:15
19250.0,500,-700.0,0.0,SD,5772200.0,12876600.0,False,0.0,10:33:15
19250.0,300,-700.0,0.0,SD,5772200.0,12876100.0,False,0.0,10:33:15
19250.0,3000,-700.0,0.0,SD,5772200.0,12875800.0,False,0.0,10:33:15
19250.0,1000,-700.0,0.0,SD,5772200.0,12872800.0,False,0.0,10:33:15
19250.0,300,-700.0,0.0,SD,5772200.0,12871800.0,False,0.0,10:33:15
19250.0,1000,-700.0,0.0,SD,5772200.0,12871500.0,False,0.0,10:33:15
19250.0,100,-700.0,0.0,SD,5772200.0,12870500.0,False,0.0,10:33:15
19250.0,1000,-700.0,0.0,SD,5772200.0,12870400.0,False,0.0,10:33:15
19250.0,500,-700.0,0.0,SD,5772200.0,12869400.0,False,0.0,10:33:15
19250.0,200,-700.0,0.0,SD,5772200.0,12868900.0,False,0.0,10:33:15
19250.0,500,-700.0,0.0,SD,5772200.0,12868700.0,False,0.0,10:33:15
19250.0,100,-700.0,0.0,SD,5772200.0,12868200.0,False,0.0,10:33:15
19250.0,1600,-700.0,0.0,SD,5772200.0,12868100.0,False,0.0,10:33:15
19250.0,500,-700.0,0.0,SD,5772200.0,12866500.0,False,-50.0,10:33:15
19300.0,100,-650.0,0.0,BU,5772200.0,12866000.0,False,50.0,10:33:15
19250.0,6000,-700.0,0.0,SD,5772100.0,12866000.0,False,0.0,10:33:13
19250.0,1900,-700.0,0.0,SD,5772100.0,12860000.0,False,0.0,10:33:13
19250.0,300,-700.0,0.0,SD,5772100.0,12858100.0,False,0.0,10:33:13
19250.0,500,-700.0,0.0,SD,5772100.0,12857800.0,False,0.0,10:33:13
19250.0,100,-700.0,0.0,SD,5772100.0,12857300.0,False,0.0,10:33:13
19250.0,200,-700.0,0.0,SD,5772100.0,12857200.0,False,0.0,10:33:13
19250.0,200,-700.0,0.0,SD,5772100.0,12857000.0,False,0.0,10:33:13
19250.0,1000,-700.0,0.0,SD,5772100.0,12856800.0,False,0.0,10:33:12
19250.0,100,-700.0,0.0,SD,5772100.0,12855800.0,False,0.0,10:33:12
19250.0,100,-700.0,0.0,SD,5772100.0,12855700.0,False,0.0,10:33:12
19250.0,100,-700.0,0.0,SD,5772100.0,12855600.0,False,0.0,10:33:12
19250.0,500,-700.0,0.0,SD,5772100.0,12855500.0,False,0.0,10:33:12
19250.0,100,-700.0,0.0,SD,5772100.0,12855000.0,False,0.0,10:33:12
19250.0,100,-700.0,0.0,SD,5772100.0,12854900.0,False,0.0,10:33:12
19250.0,900,-700.0,0.0,SD,5772100.0,12854800.0,False,0.0,10:33:12
19250.0,100,-700.0,0.0,SD,5772100.0,12853900.0,False,0.0,10:33:12
19250.0,100,-700.0,0.0,SD,5772100.0,12853800.0,False,0.0,10:33:12
19250.0,200,-700.0,0.0,SD,5772100.0,12853700.0,False,0.0,10:33:12
19250.0,100,-700.0,0.0,SD,5772100.0,12853500.0,False,0.0,10:33:12
19250.0,100,-700.0,0.0,SD,5772100.0,12853400.0,False,0.0,10:33:12
19250.0,500,-700.0,0.0,SD,5772100.0,12853300.0,False,0.0,10:33:12
19250.0,100,-700.0,0.0,SD,5772100.0,12852800.0,False,0.0,10:33:12
19250.0,1900,-700.0,0.0,SD,5772100.0,12852700.0,False,-50.0,10:33:12
19300.0,300,-650.0,0.0,BU,5772100.0,12850800.0,False,0.0,10:33:12
19300.0,200,-650.0,0.0,BU,5771800.0,12850800.0,False,50.0,10:33:12
19250.0,100,-700.0,0.0,SD,5771600.0,12850800.0,False,0.0,10:33:12
19250.0,500,-700.0,0.0,SD,5771600.0,12850700.0,False,0.0,10:33:11
19250.0,500,-700.0,0.0,SD,5771600.0,12850200.0,False,0.0,10:33:11
19250.0,1000,-700.0,0.0,SD,5771600.0,12849700.0,False,0.0,10:33:11
19250.0,2300,-700.0,0.0,SD,5771600.0,12848700.0,False,0.0,10:33:11
19250.0,100,-700.0,0.0,SD,5771600.0,12846400.0,False,0.0,10:33:11
19250.0,500,-700.0,0.0,SD,5771600.0,12846300.0,False,0.0,10:33:11
19250.0,200,-700.0,0.0,SD,5771600.0,12845800.0,False,0.0,10:33:11
19250.0,100,-700.0,0.0,SD,5771600.0,12845600.0,False,0.0,10:33:11
19250.0,300,-700.0,0.0,SD,5771600.0,12845500.0,False,0.0,10:33:11
19250.0,100,-700.0,0.0,SD,5771600.0,12845200.0,False,0.0,10:33:11
19250.0,400,-700.0,0.0,SD,5771600.0,12845100.0,False,0.0,10:33:11
19250.0,1000,-700.0,0.0,SD,5771600.0,12844700.0,False,0.0,10:33:11
19250.0,1100,-700.0,0.0,SD,5771600.0,12843700.0,False,0.0,10:33:10
19250.0,100,-700.0,0.0,SD,5771600.0,12842600.0,False,0.0,10:33:10
19250.0,2000,-700.0,0.0,SD,5771600.0,12842500.0,False,0.0,10:33:10
19250.0,100,-700.0,0.0,SD,5771600.0,12840500.0,False,0.0,10:33:10
19250.0,10000,-700.0,0.0,SD,5771600.0,12840400.0,False,0.0,10:33:10
19250.0,100,-700.0,0.0,SD,5771600.0,12830400.0,False,0.0,10:33:10
19250.0,86600,-700.0,0.0,SD,5771600.0,12830300.0,True,0.0,10:33:10
19250.0,3000,-700.0,0.0,SD,5771600.0,12743700.0,False,0.0,10:33:09
19250.0,500,-700.0,0.0,SD,5771600.0,12740700.0,False,0.0,10:33:09
19250.0,10000,-700.0,0.0,SD,5771600.0,12740200.0,False,0.0,10:33:08
19250.0,2000,-700.0,0.0,SD,5771600.0,12730200.0,False,0.0,10:33:06
19250.0,2800,-700.0,0.0,SD,5771600.0,12728200.0,False,0.0,10:33:06
19250.0,10000,-700.0,0.0,SD,5771600.0,12725400.0,False,-50.0,10:33:05
19300.0,700,-650.0,0.0,BU,5771600.0,12715400.0,False,50.0,10:33:04
19250.0,300,-700.0,0.0,SD,5770900.0,12715400.0,False,-50.0,10:33:04
19300.0,100,-650.0,0.0,BU,5770900.0,12715100.0,False,50.0,10:33:04
19250.0,5000,-700.0,0.0,SD,5770800.0,12715100.0,False,0.0,10:33:03
19250.0,1000,-700.0,0.0,SD,5770800.0,12710100.0,False,0.0,10:33:02
19250.0,10000,-700.0,0.0,SD,5770800.0,12709100.0,False,0.0,10:33:02
19250.0,90000,-700.0,0.0,SD,5770800.0,12699100.0,True,0.0,10:33:02
19250.0,1000,-700.0,0.0,SD,5770800.0,12609100.0,False,0.0,10:33:00
19250.0,2000,-700.0,0.0,SD,5770800.0,12608100.0,False,0.0,10:32:58
19250.0,20000,-700.0,0.0,SD,5770800.0,12606100.0,True,0.0,10:32:56
19250.0,11000,-700.0,0.0,SD,5770800.0,12586100.0,True,0.0,10:32:56
19250.0,5000,-700.0,0.0,SD,5770800.0,12575100.0,False,0.0,10:32:56
19250.0,500,-700.0,0.0,SD,5770800.0,12570100.0,False,0.0,10:32:54
19250.0,5700,-700.0,0.0,SD,5770800.0,12569600.0,False,0.0,10:32:53
19250.0,2000,-700.0,0.0,SD,5770800.0,12563900.0,False,0.0,10:32:52
19250.0,10000,-700.0,0.0,SD,5770800.0,12561900.0,False,-50.0,10:32:52
19300.0,100,-650.0,0.0,BU,5770800.0,12551900.0,False,50.0,10:32:50
19250.0,5000,-700.0,0.0,SD,5770700.0,12551900.0,False,0.0,10:32:50
19250.0,1000,-700.0,0.0,SD,5770700.0,12546900.0,False,0.0,10:32:49
19250.0,5700,-700.0,0.0,SD,5770700.0,12545900.0,False,0.0,10:32:49
19250.0,10900,-700.0,0.0,SD,5770700.0,12540200.0,True,0.0,10:32:49
19250.0,3000,-700.0,0.0,SD,5770700.0,12529300.0,False,0.0,10:32:49
19250.0,1000,-700.0,0.0,SD,5770700.0,12526300.0,False,0.0,10:32:49
19250.0,3000,-700.0,0.0,SD,5770700.0,12525300.0,False,0.0,10:32:49
19250.0,2100,-700.0,0.0,SD,5770700.0,12522300.0,False,0.0,10:32:49
19250.0,1000,-700.0,0.0,SD,5770700.0,12520200.0,False,0.0,10:32:48
19250.0,2000,-700.0,0.0,SD,5770700.0,12519200.0,False,0.0,10:32:46
19250.0,3500,-700.0,0.0,SD,5770700.0,12517200.0,False,0.0,10:32:43
19250.0,1400,-700.0,0.0,SD,5770700.0,12513700.0,False,0.0,10:32:41
19250.0,100,-700.0,0.0,SD,5770700.0,12512300.0,False,0.0,10:32:41
19250.0,500,-700.0,0.0,SD,5770700.0,12512200.0,False,0.0,10:32:41
19250.0,100,-700.0,0.0,SD,5770700.0,12511700.0,False,0.0,10:32:41
19250.0,1000,-700.0,0.0,SD,5770700.0,12511600.0,False,0.0,10:32:41
19250.0,500,-700.0,0.0,SD,5770700.0,12510600.0,False,0.0,10:32:41
19250.0,100,-700.0,0.0,SD,5770700.0,12510100.0,False,0.0,10:32:41
19250.0,1000,-700.0,0.0,SD,5770700.0,12510000.0,False,0.0,10:32:41
19250.0,100,-700.0,0.0,SD,5770700.0,12509000.0,False,0.0,10:32:41
19250.0,200,-700.0,0.0,SD,5770700.0,12508900.0,False,0.0,10:32:41
19250.0,200,-700.0,0.0,SD,5770700.0,12508700.0,False,0.0,10:32:40
19250.0,1800,-700.0,0.0,SD,5770700.0,12508500.0,False,0.0,10:32:40
19250.0,3000,-700.0,0.0,SD,5770700.0,12506700.0,False,0.0,10:32:38
19250.0,15000,-700.0,0.0,SD,5770700.0,12503700.0,True,0.0,10:32:37
19250.0,1000,-700.0,0.0,SD,5770700.0,12488700.0,False,-50.0,10:32:37
19300.0,1000,-650.0,0.0,BU,5770700.0,12487700.0,False,50.0,10:32:36
19250.0,100,-700.0,0.0,SD,5769700.0,12487700.0,False,0.0,10:32:34
19250.0,1000,-700.0,0.0,SD,5769700.0,12487600.0,False,0.0,10:32:34
19250.0,500,-700.0,0.0,SD,5769700.0,12486600.0,False,0.0,10:32:33
19250.0,1000,-700.0,0.0,SD,5769700.0,12486100.0,False,-50.0,10:32:32
19300.0,1000,-650.0,0.0,BU,5769700.0,12485100.0,False,50.0,10:32:30
19250.0,3800,-700.0,0.0,SD,5768700.0,12485100.0,False,0.0,10:32:29
19250.0,800,-700.0,0.0,SD,5768700.0,12481300.0,False,0.0,10:32:28
19250.0,500,-700.0,0.0,SD,5768700.0,12480500.0,False,0.0,10:32:26
19250.0,100,-700.0,0.0,SD,5768700.0,12480000.0,False,0.0,10:32:26
19250.0,1500,-700.0,0.0,SD,5768700.0,12479900.0,False,0.0,10:32:26
19250.0,200,-700.0,0.0,SD,5768700.0,12478400.0,False,0.0,10:32:26
19250.0,100,-700.0,0.0,SD,5768700.0,12478200.0,False,0.0,10:32:26
19250.0,300,-700.0,0.0,SD,5768700.0,12478100.0,False,0.0,10:32:26
19250.0,200,-700.0,0.0,SD,5768700.0,12477800.0,False,0.0,10:32:26
19250.0,600,-700.0,0.0,SD,5768700.0,12477600.0,False,-50.0,10:32:26
19300.0,100,-650.0,0.0,BU,5768700.0,12477000.0,False,0.0,10:32:24
19300.0,100,-650.0,0.0,BU,5768600.0,12477000.0,False,0.0,10:32:24
19300.0,100,-650.0,0.0,BU,5768500.0,12477000.0,False,50.0,10:32:24
19250.0,400,-700.0,0.0,SD,5768400.0,12477000.0,False,0.0,10:32:24
19250.0,20000,-700.0,0.0,SD,5768400.0,12476600.0,True,0.0,10:32:24
19250.0,500,-700.0,0.0,SD,5768400.0,12456600.0,False,0.0,10:32:24
19250.0,1000,-700.0,0.0,SD,5768400.0,12456100.0,False,0.0,10:32:24
19250.0,200,-700.0,0.0,SD,5768400.0,12455100.0,False,0.0,10:32:24
19250.0,1000,-700.0,0.0,SD,5768400.0,12454900.0,False,0.0,10:32:24
19250.0,8900,-700.0,0.0,SD,5768400.0,12453900.0,False,0.0,10:32:24
19250.0,3000,-700.0,0.0,SD,5768400.0,12445000.0,False,0.0,10:32:24
19250.0,8100,-700.0,0.0,SD,5768400.0,12442000.0,False,0.0,10:32:23
19250.0,200,-700.0,0.0,SD,5768400.0,12433900.0,False,0.0,10:32:23
19250.0,500,-700.0,0.0,SD,5768400.0,12433700.0,False,0.0,10:32:23
19250.0,1000,-700.0,0.0,SD,5768400.0,12433200.0,False,0.0,10:32:23
19250.0,100,-700.0,0.0,SD,5768400.0,12432200.0,False,0.0,10:32:23
19250.0,10100,-700.0,0.0,SD,5768400.0,12432100.0,False,0.0,10:32:23
19250.0,1000,-700.0,0.0,SD,5768400.0,12422000.0,False,-50.0,10:32:23
19300.0,500,-650.0,0.0,BU,5768400.0,12421000.0,False,50.0,10:32:23
19250.0,5000,-700.0,0.0,SD,5767900.0,12421000.0,False,-50.0,10:32:22
19300.0,100,-650.0,0.0,BU,5767900.0,12416000.0,False,50.0,10:32:20
19250.0,3900,-700.0,0.0,SD,5767800.0,12416000.0,False,0.0,10:32:20
19250.0,200,-700.0,0.0,SD,5767800.0,12412100.0,False,0.0,10:32:20
19250.0,3600,-700.0,0.0,SD,5767800.0,12411900.0,False,0.0,10:32:20
19250.0,7000,-700.0,0.0,SD,5767800.0,12408300.0,False,0.0,10:32:19
19250.0,14400,-700.0,0.0,SD,5767800.0,12401300.0,True,0.0,10:32:18
19250.0,3600,-700.0,0.0,SD,5767800.0,12386900.0,False,-50.0,10:32:18
19300.0,300,-650.0,0.0,BU,5767800.0,12383300.0,False,0.0,10:32:18
19300.0,200,-650.0,0.0,BU,5767500.0,12383300.0,False,50.0,10:32:18
19250.0,100,-700.0,0.0,SD,5767300.0,12383300.0,False,-50.0,10:32:16
19300.0,2300,-650.0,0.0,BU,5767300.0,12383200.0,False,0.0,10:32:16
19300.0,1000,-650.0,0.0,BU,5765000.0,12383200.0,False,0.0,10:32:16
19300.0,6700,-650.0,0.0,BU,5764000.0,12383200.0,False,50.0,10:32:16
19250.0,300,-700.0,0.0,SD,5757300.0,12383200.0,False,0.0,10:32:15
19250.0,1000,-700.0,0.0,SD,5757300.0,12382900.0,False,0.0,10:32:15
19250.0,700,-700.0,0.0,SD,5757300.0,12381900.0,False,-50.0,10:32:15
19300.0,300,-650.0,0.0,BU,5757300.0,12381200.0,False,0.0,10:32:15
19300.0,1000,-650.0,0.0,BU,5757000.0,12381200.0,False,0.0,10:32:14
19300.0,1000,-650.0,0.0,BU,5756000.0,12381200.0,False,0.0,10:32:14
19300.0,100,-650.0,0.0,BU,5755000.0,12381200.0,False,0.0,10:32:13
19300.0,500,-650.0,0.0,BU,5754900.0,12381200.0,False,50.0,10:32:12
19250.0,100,-700.0,0.0,SD,5754400.0,12381200.0,False,0.0,10:32:10
19250.0,300,-700.0,0.0,SD,5754400.0,12381100.0,False,0.0,10:32:10
19250.0,500,-700.0,0.0,SD,5754400.0,12380800.0,False,0.0,10:32:10
19250.0,200,-700.0,0.0,SD,5754400.0,12380300.0,False,0.0,10:32:10
19250.0,5000,-700.0,0.0,SD,5754400.0,12380100.0,False,0.0,10:32:10
19250.0,100,-700.0,0.0,SD,5754400.0,12375100.0,False,0.0,10:32:10
19250.0,100,-700.0,0.0,SD,5754400.0,12375000.0,False,0.0,10:32:10
19250.0,200,-700.0,0.0,SD,5754400.0,12374900.0,False,0.0,10:32:10
19250.0,200,-700.0,0.0,SD,5754400.0,12374700.0,False,0.0,10:32:10
19250.0,200,-700.0,0.0,SD,5754400.0,12374500.0,False,0.0,10:32:10
19250.0,500,-700.0,0.0,SD,5754400.0,12374300.0,False,0.0,10:32:10
19250.0,100,-700.0,0.0,SD,5754400.0,12373800.0,False,0.0,10:32:10
19250.0,1000,-700.0,0.0,SD,5754400.0,12373700.0,False,0.0,10:32:10
19250.0,300,-700.0,0.0,SD,5754400.0,12372700.0,False,0.0,10:32:10
19250.0,100,-700.0,0.0,SD,5754400.0,12372400.0,False,0.0,10:32:10
19250.0,1000,-700.0,0.0,SD,5754400.0,12372300.0,False,0.0,10:32:10
19250.0,500,-700.0,0.0,SD,5754400.0,12371300.0,False,0.0,10:32:10
19250.0,400,-700.0,0.0,SD,5754400.0,12370800.0,False,0.0,10:32:10
19250.0,500,-700.0,0.0,SD,5754400.0,12370400.0,False,0.0,10:32:10
19250.0,1000,-700.0,0.0,SD,5754400.0,12369900.0,False,0.0,10:32:10
19250.0,200,-700.0,0.0,SD,5754400.0,12368900.0,False,0.0,10:32:10
19250.0,500,-700.0,0.0,SD,5754400.0,12368700.0,False,0.0,10:32:10
19250.0,2000,-700.0,0.0,SD,5754400.0,12368200.0,False,0.0,10:32:10
19250.0,500,-700.0,0.0,SD,5754400.0,12366200.0,False,0.0,10:32:10
19250.0,500,-700.0,0.0,SD,5754400.0,12365700.0,False,0.0,10:32:10
19250.0,100,-700.0,0.0,SD,5754400.0,12365200.0,False,0.0,10:32:10
19250.0,2000,-700.0,0.0,SD,5754400.0,12365100.0,False,0.0,10:32:10
19250.0,5000,-700.0,0.0,SD,5754400.0,12363100.0,False,0.0,10:32:10
19250.0,2000,-700.0,0.0,SD,5754400.0,12358100.0,False,0.0,10:32:10
19250.0,200,-700.0,0.0,SD,5754400.0,12356100.0,False,0.0,10:32:10
19250.0,1000,-700.0,0.0,SD,5754400.0,12355900.0,False,0.0,10:32:10
19250.0,400,-700.0,0.0,SD,5754400.0,12354900.0,False,0.0,10:32:10
19250.0,2000,-700.0,0.0,SD,5754400.0,12354500.0,False,0.0,10:32:10
19250.0,200,-700.0,0.0,SD,5754400.0,12352500.0,False,0.0,10:32:10
19250.0,100,-700.0,0.0,SD,5754400.0,12352300.0,False,0.0,10:32:10
19250.0,2000,-700.0,0.0,SD,5754400.0,12352200.0,False,0.0,10:32:10
19250.0,400,-700.0,0.0,SD,5754400.0,12350200.0,False,0.0,10:32:10
19250.0,200,-700.0,0.0,SD,5754400.0,12349800.0,False,0.0,10:32:10
19250.0,100,-700.0,0.0,SD,5754400.0,12349600.0,False,0.0,10:32:10
19250.0,100,-700.0,0.0,SD,5754400.0,12349500.0,False,0.0,10:32:10
19250.0,500,-700.0,0.0,SD,5754400.0,12349400.0,False,0.0,10:32:10
19250.0,1000,-700.0,0.0,SD,5754400.0,12348900.0,False,0.0,10:32:10
19250.0,100,-700.0,0.0,SD,5754400.0,12347900.0,False,0.0,10:32:10
19250.0,300,-700.0,0.0,SD,5754400.0,12347800.0,False,0.0,10:32:10
19250.0,100,-700.0,0.0,SD,5754400.0,12347500.0,False,0.0,10:32:10
19250.0,500,-700.0,0.0,SD,5754400.0,12347400.0,False,0.0,10:32:10
19250.0,500,-700.0,0.0,SD,5754400.0,12346900.0,False,0.0,10:32:10
19250.0,100,-700.0,0.0,SD,5754400.0,12346400.0,False,0.0,10:32:10
19250.0,100,-700.0,0.0,SD,5754400.0,12346300.0,False,0.0,10:32:10
19250.0,1000,-700.0,0.0,SD,5754400.0,12346200.0,False,0.0,10:32:10
19250.0,300,-700.0,0.0,SD,5754400.0,12345200.0,False,0.0,10:32:10
19250.0,1000,-700.0,0.0,SD,5754400.0,12344900.0,False,0.0,10:32:10
19250.0,1000,-700.0,0.0,SD,5754400.0,12343900.0,False,0.0,10:32:10
19250.0,500,-700.0,0.0,SD,5754400.0,12342900.0,False,0.0,10:32:10
19250.0,200,-700.0,0.0,SD,5754400.0,12342400.0,False,0.0,10:32:10
19250.0,500,-700.0,0.0,SD,5754400.0,12342200.0,False,0.0,10:32:10
19250.0,1000,-700.0,0.0,SD,5754400.0,12341700.0,False,0.0,10:32:10
19250.0,500,-700.0,0.0,SD,5754400.0,12340700.0,False,0.0,10:32:10
19250.0,100,-700.0,0.0,SD,5754400.0,12340200.0,False,0.0,10:32:10
19250.0,200,-700.0,0.0,SD,5754400.0,12340100.0,False,0.0,10:32:10
19250.0,100,-700.0,0.0,SD,5754400.0,12339900.0,False,0.0,10:32:10
19250.0,5000,-700.0,0.0,SD,5754400.0,12339800.0,False,0.0,10:32:10
19250.0,1000,-700.0,0.0,SD,5754400.0,12334800.0,False,0.0,10:32:10
19250.0,300,-700.0,0.0,SD,5754400.0,12333800.0,False,0.0,10:32:10
19250.0,200,-700.0,0.0,SD,5754400.0,12333500.0,False,0.0,10:32:10
19250.0,200,-700.0,0.0,SD,5754400.0,12333300.0,False,0.0,10:32:10
19250.0,100,-700.0,0.0,SD,5754400.0,12333100.0,False,0.0,10:32:10
19250.0,500,-700.0,0.0,SD,5754400.0,12333000.0,False,0.0,10:32:10
19250.0,1300,-700.0,0.0,SD,5754400.0,12332500.0,False,-50.0,10:32:10
19300.0,1300,-650.0,0.0,BU,5754400.0,12331200.0,False,0.0,10:32:07
19300.0,100,-650.0,0.0,BU,5753100.0,12331200.0,False,0.0,10:32:04
19300.0,100,-650.0,0.0,BU,5753000.0,12331200.0,False,0.0,10:32:00
19300.0,1000,-650.0,0.0,BU,5752900.0,12331200.0,False,50.0,10:31:59
19250.0,500,-700.0,0.0,SD,5751900.0,12331200.0,False,-50.0,10:31:59
19300.0,200,-650.0,0.0,BU,5751900.0,12330700.0,False,0.0,10:31:58
19300.0,100,-650.0,0.0,BU,5751700.0,12330700.0,False,0.0,10:31:55
19300.0,500,-650.0,0.0,BU,5751600.0,12330700.0,False,50.0,10:31:54
19250.0,2200,-700.0,0.0,SD,5751100.0,12330700.0,False,0.0,10:31:50
19250.0,500,-700.0,0.0,SD,5751100.0,12328500.0,False,0.0,10:31:50
19250.0,100,-700.0,0.0,SD,5751100.0,12328000.0,False,0.0,10:31:50
19250.0,100,-700.0,0.0,SD,5751100.0,12327900.0,False,0.0,10:31:50
19250.0,200,-700.0,0.0,SD,5751100.0,12327800.0,False,0.0,10:31:50
19250.0,300,-700.0,0.0,SD,5751100.0,12327600.0,False,-50.0,10:31:50
19300.0,300,-650.0,0.0,BU,5751100.0,12327300.0,False,50.0,10:31:49
19250.0,1000,-700.0,0.0,SD,5750800.0,12327300.0,False,0.0,10:31:49
19250.0,200,-700.0,0.0,SD,5750800.0,12326300.0,False,0.0,10:31:49
19250.0,1000,-700.0,0.0,SD,5750800.0,12326100.0,False,0.0,10:31:49
19250.0,200,-700.0,0.0,SD,5750800.0,12325100.0,False,0.0,10:31:49
19250.0,200,-700.0,0.0,SD,5750800.0,12324900.0,False,0.0,10:31:49
19250.0,2000,-700.0,0.0,SD,5750800.0,12324700.0,False,-50.0,10:31:49
19300.0,100,-650.0,0.0,BU,5750800.0,12322700.0,False,0.0,10:31:49
19300.0,200,-650.0,0.0,BU,5750700.0,12322700.0,False,0.0,10:31:45
19300.0,1000,-650.0,0.0,BU,5750500.0,12322700.0,False,0.0,10:31:43
19300.0,4500,-650.0,0.0,SD,5749500.0,12322700.0,False,0.0,10:31:41
19300.0,500,-650.0,0.0,SD,5749500.0,12318200.0,False,0.0,10:31:41
19300.0,100,-650.0,0.0,BU,5749500.0,12317700.0,False,0.0,10:31:41
19300.0,2000,-650.0,0.0,BU,5749400.0,12317700.0,False,0.0,10:31:41
19300.0,100,-650.0,0.0,SD,5747400.0,12317700.0,False,0.0,10:31:41
19300.0,100,-650.0,0.0,SD,5747400.0,12317600.0,False,0.0,10:31:41
19300.0,200,-650.0,0.0,SD,5747400.0,12317500.0,False,0.0,10:31:41
19300.0,800,-650.0,0.0,SD,5747400.0,12317300.0,False,0.0,10:31:40
19300.0,200,-650.0,0.0,SD,5747400.0,12316500.0,False,0.0,10:31:40
19300.0,100,-650.0,0.0,SD,5747400.0,12316300.0,False,0.0,10:31:40
19300.0,100,-650.0,0.0,SD,5747400.0,12316200.0,False,0.0,10:31:40
19300.0,1000,-650.0,0.0,SD,5747400.0,12316100.0,False,0.0,10:31:40
19300.0,3000,-650.0,0.0,SD,5747400.0,12315100.0,False,0.0,10:31:40
19300.0,200,-650.0,0.0,SD,5747400.0,12312100.0,False,0.0,10:31:40
19300.0,100,-650.0,0.0,SD,5747400.0,12311900.0,False,0.0,10:31:40
19300.0,500,-650.0,0.0,SD,5747400.0,12311800.0,False,0.0,10:31:40
19300.0,1000,-650.0,0.0,SD,5747400.0,12311300.0,False,0.0,10:31:40
19300.0,500,-650.0,0.0,SD,5747400.0,12310300.0,False,0.0,10:31:40
19300.0,300,-650.0,0.0,SD,5747400.0,12309800.0,False,0.0,10:31:40
19300.0,100,-650.0,0.0,SD,5747400.0,12309500.0,False,0.0,10:31:40
19300.0,300,-650.0,0.0,SD,5747400.0,12309400.0,False,0.0,10:31:40
19300.0,100,-650.0,0.0,SD,5747400.0,12309100.0,False,0.0,10:31:40
19300.0,2000,-650.0,0.0,SD,5747400.0,12309000.0,False,0.0,10:31:40
19300.0,200,-650.0,0.0,SD,5747400.0,12307000.0,False,0.0,10:31:40
19300.0,200,-650.0,0.0,SD,5747400.0,12306800.0,False,0.0,10:31:40
19300.0,10000,-650.0,0.0,SD,5747400.0,12306600.0,False,0.0,10:31:40
19300.0,100,-650.0,0.0,SD,5747400.0,12296600.0,False,0.0,10:31:40
19300.0,4000,-650.0,0.0,SD,5747400.0,12296500.0,False,0.0,10:31:40
19300.0,2000,-650.0,0.0,SD,5747400.0,12292500.0,False,0.0,10:31:40
19300.0,1000,-650.0,0.0,SD,5747400.0,12290500.0,False,0.0,10:31:40
19300.0,500,-650.0,0.0,SD,5747400.0,12289500.0,False,0.0,10:31:40
19300.0,1000,-650.0,0.0,SD,5747400.0,12289000.0,False,0.0,10:31:40
19300.0,1000,-650.0,0.0,SD,5747400.0,12288000.0,False,0.0,10:31:40
19300.0,300,-650.0,0.0,SD,5747400.0,12287000.0,False,0.0,10:31:40
19300.0,200,-650.0,0.0,SD,5747400.0,12286700.0,False,0.0,10:31:40
19300.0,100,-650.0,0.0,SD,5747400.0,12286500.0,False,0.0,10:31:40
19300.0,100,-650.0,0.0,SD,5747400.0,12286400.0,False,0.0,10:31:40
19300.0,400,-650.0,0.0,SD,5747400.0,12286300.0,False,0.0,10:31:40
19300.0,600,-650.0,0.0,SD,5747400.0,12285900.0,False,0.0,10:31:39
19300.0,300,-650.0,0.0,SD,5747400.0,12285300.0,False,0.0,10:31:39
19300.0,200,-650.0,0.0,SD,5747400.0,12285000.0,False,0.0,10:31:39
19300.0,100,-650.0,0.0,SD,5747400.0,12284800.0,False,0.0,10:31:39
19300.0,700,-650.0,0.0,SD,5747400.0,12284700.0,False,0.0,10:31:39
19300.0,200,-650.0,0.0,SD,5747400.0,12284000.0,False,0.0,10:31:38
19300.0,1300,-650.0,0.0,SD,5747400.0,12283800.0,False,0.0,10:31:38
19300.0,400,-650.0,0.0,SD,5747400.0,12282500.0,False,0.0,10:31:38
19300.0,100,-650.0,0.0,SD,5747400.0,12282100.0,False,0.0,10:31:38
19300.0,500,-650.0,0.0,SD,5747400.0,12282000.0,False,0.0,10:31:38
19300.0,300,-650.0,0.0,SD,5747400.0,12281500.0,False,0.0,10:31:38
19300.0,200,-650.0,0.0,SD,5747400.0,12281200.0,False,-50.0,10:31:38
19350.0,600,-600.0,0.0,BU,5747400.0,12281000.0,False,50.0,10:31:38
19300.0,700,-650.0,0.0,SD,5746800.0,12281000.0,False,0.0,10:31:38
19300.0,100,-650.0,0.0,SD,5746800.0,12280300.0,False,0.0,10:31:38
19300.0,1000,-650.0,0.0,SD,5746800.0,12280200.0,False,0.0,10:31:37
19300.0,1000,-650.0,0.0,SD,5746800.0,12279200.0,False,0.0,10:31:37
19300.0,1000,-650.0,0.0,SD,5746800.0,12278200.0,False,0.0,10:31:37
19300.0,200,-650.0,0.0,SD,5746800.0,12277200.0,False,0.0,10:31:37
19300.0,100,-650.0,0.0,SD,5746800.0,12277000.0,False,0.0,10:31:37
19300.0,200,-650.0,0.0,SD,5746800.0,12276900.0,False,0.0,10:31:37
19300.0,500,-650.0,0.0,SD,5746800.0,12276700.0,False,0.0,10:31:37
19300.0,100,-650.0,0.0,SD,5746800.0,12276200.0,False,0.0,10:31:37
19300.0,2000,-650.0,0.0,SD,5746800.0,12276100.0,False,0.0,10:31:37
19300.0,1000,-650.0,0.0,SD,5746800.0,12274100.0,False,0.0,10:31:37
19300.0,500,-650.0,0.0,SD,5746800.0,12273100.0,False,0.0,10:31:37
19300.0,1000,-650.0,0.0,SD,5746800.0,12272600.0,False,0.0,10:31:37
19300.0,1000,-650.0,0.0,SD,5746800.0,12271600.0,False,0.0,10:31:37
19300.0,300,-650.0,0.0,SD,5746800.0,12270600.0,False,0.0,10:31:37
19300.0,1500,-650.0,0.0,SD,5746800.0,12270300.0,False,0.0,10:31:37
19300.0,100,-650.0,0.0,SD,5746800.0,12268800.0,False,0.0,10:31:37
19300.0,100,-650.0,0.0,SD,5746800.0,12268700.0,False,0.0,10:31:37
19300.0,500,-650.0,0.0,SD,5746800.0,12268600.0,False,0.0,10:31:37
19300.0,100,-650.0,0.0,SD,5746800.0,12268100.0,False,0.0,10:31:37
19300.0,2000,-650.0,0.0,SD,5746800.0,12268000.0,False,0.0,10:31:37
19300.0,1000,-650.0,0.0,SD,5746800.0,12266000.0,False,0.0,10:31:37
19300.0,300,-650.0,0.0,SD,5746800.0,12265000.0,False,0.0,10:31:37
19300.0,200,-650.0,0.0,SD,5746800.0,12264700.0,False,0.0,10:31:37
19300.0,200,-650.0,0.0,SD,5746800.0,12264500.0,False,0.0,10:31:37
19300.0,300,-650.0,0.0,SD,5746800.0,12264300.0,False,0.0,10:31:37
19300.0,1000,-650.0,0.0,SD,5746800.0,12264000.0,False,0.0,10:31:37
19300.0,200,-650.0,0.0,SD,5746800.0,12263000.0,False,0.0,10:31:37
19300.0,1000,-650.0,0.0,SD,5746800.0,12262800.0,False,0.0,10:31:37
19300.0,700,-650.0,0.0,SD,5746800.0,12261800.0,False,0.0,10:31:37
19300.0,1300,-650.0,0.0,SD,5746800.0,12261100.0,False,0.0,10:31:37
19300.0,100,-650.0,0.0,SD,5746800.0,12259800.0,False,0.0,10:31:37
19300.0,200,-650.0,0.0,SD,5746800.0,12259700.0,False,0.0,10:31:37
19300.0,400,-650.0,0.0,SD,5746800.0,12259500.0,False,0.0,10:31:37
19300.0,100,-650.0,0.0,SD,5746800.0,12259100.0,False,0.0,10:31:36
19300.0,100,-650.0,0.0,SD,5746800.0,12259000.0,False,0.0,10:31:36
19300.0,1000,-650.0,0.0,SD,5746800.0,12258900.0,False,0.0,10:31:36
19300.0,100,-650.0,0.0,SD,5746800.0,12257900.0,False,0.0,10:31:36
19300.0,800,-650.0,0.0,SD,5746800.0,12257800.0,False,0.0,10:31:36
19300.0,4200,-650.0,0.0,SD,5746800.0,12257000.0,False,0.0,10:31:36
19300.0,500,-650.0,0.0,SD,5746800.0,12252800.0,False,0.0,10:31:36
19300.0,1900,-650.0,0.0,SD,5746800.0,12252300.0,False,0.0,10:31:36
19300.0,100,-650.0,0.0,SD,5746800.0,12250400.0,False,0.0,10:31:36
19300.0,1000,-650.0,0.0,SD,5746800.0,12250300.0,False,0.0,10:31:36
19300.0,1000,-650.0,0.0,SD,5746800.0,12249300.0,False,0.0,10:31:36
19300.0,2000,-650.0,0.0,SD,5746800.0,12248300.0,False,0.0,10:31:35
19300.0,1000,-650.0,0.0,SD,5746800.0,12246300.0,False,0.0,10:31:34
19300.0,100,-650.0,0.0,SD,5746800.0,12245300.0,False,0.0,10:31:34
19300.0,500,-650.0,0.0,SD,5746800.0,12245200.0,False,0.0,10:31:34
19300.0,100,-650.0,0.0,SD,5746800.0,12244700.0,False,0.0,10:31:34
19300.0,100,-650.0,0.0,SD,5746800.0,12244600.0,False,0.0,10:31:34
19300.0,200,-650.0,0.0,SD,5746800.0,12244500.0,False,0.0,10:31:34
19300.0,100,-650.0,0.0,SD,5746800.0,12244300.0,False,0.0,10:31:34
19300.0,100,-650.0,0.0,SD,5746800.0,12244200.0,False,0.0,10:31:34
19300.0,200,-650.0,0.0,SD,5746800.0,12244100.0,False,0.0,10:31:34
19300.0,2900,-650.0,0.0,SD,5746800.0,12243900.0,False,0.0,10:31:34
19300.0,200,-650.0,0.0,SD,5746800.0,12241000.0,False,0.0,10:31:34
19300.0,600,-650.0,0.0,SD,5746800.0,12240800.0,False,0.0,10:31:34
19300.0,100,-650.0,0.0,SD,5746800.0,12240200.0,False,0.0,10:31:34
19300.0,200,-650.0,0.0,SD,5746800.0,12240100.0,False,0.0,10:31:34
19300.0,200,-650.0,0.0,SD,5746800.0,12239900.0,False,0.0,10:31:34
19300.0,400,-650.0,0.0,SD,5746800.0,12239700.0,False,0.0,10:31:34
19300.0,100,-650.0,0.0,SD,5746800.0,12239300.0,False,0.0,10:31:34
19300.0,100,-650.0,0.0,SD,5746800.0,12239200.0,False,0.0,10:31:34
19300.0,100,-650.0,0.0,SD,5746800.0,12239100.0,False,0.0,10:31:34
19300.0,200,-650.0,0.0,SD,5746800.0,12239000.0,False,0.0,10:31:34
19300.0,1500,-650.0,0.0,SD,5746800.0,12238800.0,False,0.0,10:31:34
19300.0,600,-650.0,0.0,SD,5746800.0,12237300.0,False,0.0,10:31:34
19300.0,500,-650.0,0.0,SD,5746800.0,12236700.0,False,0.0,10:31:34
19300.0,100,-650.0,0.0,SD,5746800.0,12236200.0,False,0.0,10:31:34
19300.0,100,-650.0,0.0,SD,5746800.0,12236100.0,False,0.0,10:31:34
19300.0,500,-650.0,0.0,SD,5746800.0,12236000.0,False,0.0,10:31:34
19300.0,1000,-650.0,0.0,SD,5746800.0,12235500.0,False,0.0,10:31:34
19300.0,300,-650.0,0.0,SD,5746800.0,12234500.0,False,0.0,10:31:34
19300.0,100,-650.0,0.0,SD,5746800.0,12234200.0,False,0.0,10:31:34
19300.0,200,-650.0,0.0,SD,5746800.0,12234100.0,False,0.0,10:31:34
19300.0,300,-650.0,0.0,SD,5746800.0,12233900.0,False,0.0,10:31:34
19300.0,200,-650.0,0.0,SD,5746800.0,12233600.0,False,0.0,10:31:34
19300.0,500,-650.0,0.0,SD,5746800.0,12233400.0,False,0.0,10:31:34
19300.0,100,-650.0,0.0,SD,5746800.0,12232900.0,False,0.0,10:31:34
19300.0,100,-650.0,0.0,SD,5746800.0,12232800.0,False,0.0,10:31:34
19300.0,100,-650.0,0.0,SD,5746800.0,12232700.0,False,0.0,10:31:34
19300.0,1000,-650.0,0.0,SD,5746800.0,12232600.0,False,0.0,10:31:34
19300.0,200,-650.0,0.0,SD,5746800.0,12231600.0,False,0.0,10:31:34
19300.0,100,-650.0,0.0,SD,5746800.0,12231400.0,False,0.0,10:31:34
19300.0,100,-650.0,0.0,SD,5746800.0,12231300.0,False,0.0,10:31:34
19300.0,100,-650.0,0.0,SD,5746800.0,12231200.0,False,0.0,10:31:34
19300.0,100,-650.0,0.0,SD,5746800.0,12231100.0,False,0.0,10:31:34
19300.0,500,-650.0,0.0,SD,5746800.0,12231000.0,False,0.0,10:31:34
19300.0,200,-650.0,0.0,SD,5746800.0,12230500.0,False,0.0,10:31:34
19300.0,4000,-650.0,0.0,SD,5746800.0,12230300.0,False,0.0,10:31:34
19300.0,10000,-650.0,0.0,SD,5746800.0,12226300.0,False,0.0,10:31:34
19300.0,2000,-650.0,0.0,SD,5746800.0,12216300.0,False,0.0,10:31:34
19300.0,4000,-650.0,0.0,SD,5746800.0,12214300.0,False,0.0,10:31:33
19300.0,10400,-650.0,0.0,SD,5746800.0,12210300.0,True,0.0,10:31:33
19300.0,11000,-650.0,0.0,SD,5746800.0,12199900.0,True,0.0,10:31:33
19300.0,3000,-650.0,0.0,SD,5746800.0,12188900.0,False,0.0,10:31:33
19300.0,5000,-650.0,0.0,SD,5746800.0,12185900.0,False,0.0,10:31:33
19300.0,5000,-650.0,0.0,SD,5746800.0,12180900.0,False,0.0,10:31:33
19300.0,500,-650.0,0.0,SD,5746800.0,12175900.0,False,0.0,10:31:33
19300.0,300,-650.0,0.0,SD,5746800.0,12175400.0,False,0.0,10:31:32
19300.0,10000,-650.0,0.0,SD,5746800.0,12175100.0,False,0.0,10:31:32
19300.0,2000,-650.0,0.0,SD,5746800.0,12165100.0,False,0.0,10:31:32
19300.0,1000,-650.0,0.0,SD,5746800.0,12163100.0,False,0.0,10:31:31
19300.0,1800,-650.0,0.0,SD,5746800.0,12162100.0,False,0.0,10:31:31
19300.0,2000,-650.0,0.0,SD,5746800.0,12160300.0,False,0.0,10:31:31
19300.0,1000,-650.0,0.0,SD,5746800.0,12158300.0,False,0.0,10:31:31
19300.0,200,-650.0,0.0,SD,5746800.0,12157300.0,False,0.0,10:31:31
19300.0,800,-650.0,0.0,SD,5746800.0,12157100.0,False,0.0,10:31:30
19300.0,500,-650.0,0.0,SD,5746800.0,12156300.0,False,0.0,10:31:30
19300.0,700,-650.0,0.0,SD,5746800.0,12155800.0,False,-50.0,10:31:30
19350.0,500,-600.0,0.0,BU,5746800.0,12155100.0,False,50.0,10:31:30
19300.0,300,-650.0,0.0,SD,5746300.0,12155100.0,False,0.0,10:31:30
19300.0,200,-650.0,0.0,SD,5746300.0,12154800.0,False,0.0,10:31:30
19300.0,100,-650.0,0.0,SD,5746300.0,12154600.0,False,0.0,10:31:30
19300.0,300,-650.0,0.0,SD,5746300.0,12154500.0,False,0.0,10:31:30
19300.0,400,-650.0,0.0,SD,5746300.0,12154200.0,False,0.0,10:31:30
19300.0,100,-650.0,0.0,SD,5746300.0,12153800.0,False,0.0,10:31:30
19300.0,700,-650.0,0.0,SD,5746300.0,12153700.0,False,0.0,10:31:30
19300.0,1000,-650.0,0.0,SD,5746300.0,12153000.0,False,0.0,10:31:30
19300.0,1000,-650.0,0.0,SD,5746300.0,12152000.0,False,0.0,10:31:30
19300.0,500,-650.0,0.0,SD,5746300.0,12151000.0,False,0.0,10:31:30
19300.0,200,-650.0,0.0,SD,5746300.0,12150500.0,False,0.0,10:31:30
19300.0,300,-650.0,0.0,SD,5746300.0,12150300.0,False,0.0,10:31:30
19300.0,200,-650.0,0.0,SD,5746300.0,12150000.0,False,0.0,10:31:30
19300.0,100,-650.0,0.0,SD,5746300.0,12149800.0,False,0.0,10:31:30
19300.0,1000,-650.0,0.0,SD,5746300.0,12149700.0,False,0.0,10:31:30
19300.0,100,-650.0,0.0,SD,5746300.0,12148700.0,False,0.0,10:31:30
19300.0,200,-650.0,0.0,SD,5746300.0,12148600.0,False,0.0,10:31:30
19300.0,500,-650.0,0.0,SD,5746300.0,12148400.0,False,0.0,10:31:30
19300.0,500,-650.0,0.0,SD,5746300.0,12147900.0,False,0.0,10:31:30
19300.0,1000,-650.0,0.0,SD,5746300.0,12147400.0,False,0.0,10:31:30
19300.0,500,-650.0,0.0,SD,5746300.0,12146400.0,False,0.0,10:31:30
19300.0,100,-650.0,0.0,SD,5746300.0,12145900.0,False,0.0,10:31:30
19300.0,100,-650.0,0.0,SD,5746300.0,12145800.0,False,0.0,10:31:30
19300.0,2100,-650.0,0.0,SD,5746300.0,12145700.0,False,0.0,10:31:30
19300.0,700,-650.0,0.0,SD,5746300.0,12143600.0,False,0.0,10:31:30
19300.0,200,-650.0,0.0,SD,5746300.0,12142900.0,False,0.0,10:31:30
19300.0,1000,-650.0,0.0,SD,5746300.0,12142700.0,False,0.0,10:31:30
19300.0,500,-650.0,0.0,SD,5746300.0,12141700.0,False,0.0,10:31:30
19300.0,100,-650.0,0.0,SD,5746300.0,12141200.0,False,0.0,10:31:30
19300.0,200,-650.0,0.0,SD,5746300.0,12141100.0,False,0.0,10:31:30
19300.0,100,-650.0,0.0,SD,5746300.0,12140900.0,False,0.0,10:31:30
19300.0,300,-650.0,0.0,SD,5746300.0,12140800.0,False,0.0,10:31:30
19300.0,100,-650.0,0.0,SD,5746300.0,12140500.0,False,0.0,10:31:30
19300.0,100,-650.0,0.0,SD,5746300.0,12140400.0,False,0.0,10:31:30
19300.0,400,-650.0,0.0,SD,5746300.0,12140300.0,False,0.0,10:31:30
19300.0,600,-650.0,0.0,SD,5746300.0,12139900.0,False,0.0,10:31:29
19300.0,100,-650.0,0.0,SD,5746300.0,12139300.0,False,0.0,10:31:29
19300.0,300,-650.0,0.0,SD,5746300.0,12139200.0,False,0.0,10:31:29
19300.0,100,-650.0,0.0,SD,5746300.0,12138900.0,False,0.0,10:31:28
19300.0,1000,-650.0,0.0,SD,5746300.0,12138800.0,False,0.0,10:31:28
19300.0,600,-650.0,0.0,SD,5746300.0,12137800.0,False,0.0,10:31:28
19300.0,1600,-650.0,0.0,SD,5746300.0,12137200.0,False,0.0,10:31:28
19300.0,100,-650.0,0.0,SD,5746300.0,12135600.0,False,0.0,10:31:28
19300.0,300,-650.0,0.0,SD,5746300.0,12135500.0,False,0.0,10:31:28
19300.0,200,-650.0,0.0,SD,5746300.0,12135200.0,False,0.0,10:31:28
19300.0,100,-650.0,0.0,SD,5746300.0,12135000.0,False,0.0,10:31:28
19300.0,100,-650.0,0.0,SD,5746300.0,12134900.0,False,0.0,10:31:28
19300.0,300,-650.0,0.0,SD,5746300.0,12134800.0,False,0.0,10:31:28
19300.0,500,-650.0,0.0,SD,5746300.0,12134500.0,False,0.0,10:31:28
19300.0,200,-650.0,0.0,SD,5746300.0,12134000.0,False,0.0,10:31:28
19300.0,100,-650.0,0.0,SD,5746300.0,12133800.0,False,0.0,10:31:28
19300.0,100,-650.0,0.0,SD,5746300.0,12133700.0,False,0.0,10:31:28
19300.0,400,-650.0,0.0,SD,5746300.0,12133600.0,False,0.0,10:31:28
19300.0,200,-650.0,0.0,SD,5746300.0,12133200.0,False,0.0,10:31:28
19300.0,2000,-650.0,0.0,SD,5746300.0,12133000.0,False,0.0,10:31:28
19300.0,400,-650.0,0.0,SD,5746300.0,12131000.0,False,0.0,10:31:28
19300.0,500,-650.0,0.0,SD,5746300.0,12130600.0,False,0.0,10:31:28
19300.0,100,-650.0,0.0,SD,5746300.0,12130100.0,False,0.0,10:31:28
19300.0,200,-650.0,0.0,SD,5746300.0,12130000.0,False,0.0,10:31:28
19300.0,1000,-650.0,0.0,SD,5746300.0,12129800.0,False,0.0,10:31:28
19300.0,4400,-650.0,0.0,SD,5746300.0,12128800.0,False,0.0,10:31:27
19300.0,600,-650.0,0.0,SD,5746300.0,12124400.0,False,0.0,10:31:27
19300.0,300,-650.0,0.0,SD,5746300.0,12123800.0,False,0.0,10:31:26
19300.0,100,-650.0,0.0,SD,5746300.0,12123500.0,False,0.0,10:31:26
19300.0,200,-650.0,0.0,SD,5746300.0,12123400.0,False,0.0,10:31:26
19300.0,1000,-650.0,0.0,SD,5746300.0,12123200.0,False,0.0,10:31:26
19300.0,500,-650.0,0.0,SD,5746300.0,12122200.0,False,0.0,10:31:26
19300.0,1000,-650.0,0.0,SD,5746300.0,12121700.0,False,0.0,10:31:26
19300.0,1000,-650.0,0.0,SD,5746300.0,12120700.0,False,0.0,10:31:26
19300.0,100,-650.0,0.0,SD,5746300.0,12119700.0,False,0.0,10:31:26
19300.0,100,-650.0,0.0,SD,5746300.0,12119600.0,False,0.0,10:31:26
19300.0,100,-650.0,0.0,SD,5746300.0,12119500.0,False,0.0,10:31:26
19300.0,600,-650.0,0.0,SD,5746300.0,12119400.0,False,0.0,10:31:26
19300.0,200,-650.0,0.0,SD,5746300.0,12118800.0,False,0.0,10:31:26
19300.0,800,-650.0,0.0,SD,5746300.0,12118600.0,False,0.0,10:31:26
19300.0,200,-650.0,0.0,SD,5746300.0,12117800.0,False,0.0,10:31:26
19300.0,100,-650.0,0.0,SD,5746300.0,12117600.0,False,0.0,10:31:26
19300.0,100,-650.0,0.0,SD,5746300.0,12117500.0,False,0.0,10:31:26
19300.0,1600,-650.0,0.0,SD,5746300.0,12117400.0,False,0.0,10:31:26
19300.0,2900,-650.0,0.0,SD,5746300.0,12115800.0,False,0.0,10:31:26
19300.0,500,-650.0,0.0,SD,5746300.0,12112900.0,False,0.0,10:31:26
19300.0,2400,-650.0,0.0,SD,5746300.0,12112400.0,False,0.0,10:31:25
19300.0,200,-650.0,0.0,SD,5746300.0,12110000.0,False,0.0,10:31:25
19300.0,1000,-650.0,0.0,SD,5746300.0,12109800.0,False,0.0,10:31:25
19300.0,300,-650.0,0.0,SD,5746300.0,12108800.0,False,0.0,10:31:25
19300.0,500,-650.0,0.0,SD,5746300.0,12108500.0,False,0.0,10:31:25
19300.0,500,-650.0,0.0,SD,5746300.0,12108000.0,False,0.0,10:31:25
19300.0,2000,-650.0,0.0,SD,5746300.0,12107500.0,False,0.0,10:31:25
19300.0,100,-650.0,0.0,SD,5746300.0,12105500.0,False,0.0,10:31:25
19300.0,1100,-650.0,0.0,SD,5746300.0,12105400.0,False,0.0,10:31:25
19300.0,3000,-650.0,0.0,SD,5746300.0,12104300.0,False,0.0,10:31:25
19300.0,500,-650.0,0.0,SD,5746300.0,12101300.0,False,0.0,10:31:25
19300.0,200,-650.0,0.0,SD,5746300.0,12100800.0,False,0.0,10:31:25
19300.0,100,-650.0,0.0,SD,5746300.0,12100600.0,False,0.0,10:31:25
19300.0,400,-650.0,0.0,SD,5746300.0,12100500.0,False,0.0,10:31:25
19300.0,1000,-650.0,0.0,SD,5746300.0,12100100.0,False,0.0,10:31:25
19300.0,15000,-650.0,0.0,SD,5746300.0,12099100.0,True,0.0,10:31:25
19300.0,500,-650.0,0.0,SD,5746300.0,12084100.0,False,0.0,10:31:25
19300.0,100,-650.0,0.0,SD,5746300.0,12083600.0,False,0.0,10:31:25
19300.0,200,-650.0,0.0,SD,5746300.0,12083500.0,False,0.0,10:31:25
19300.0,500,-650.0,0.0,SD,5746300.0,12083300.0,False,0.0,10:31:25
19300.0,400,-650.0,0.0,SD,5746300.0,12082800.0,False,0.0,10:31:25
19300.0,100,-650.0,0.0,SD,5746300.0,12082400.0,False,0.0,10:31:25
19300.0,3000,-650.0,0.0,SD,5746300.0,12082300.0,False,0.0,10:31:25
19300.0,200,-650.0,0.0,SD,5746300.0,12079300.0,False,0.0,10:31:25
19300.0,1000,-650.0,0.0,SD,5746300.0,12079100.0,False,0.0,10:31:25
19300.0,200,-650.0,0.0,SD,5746300.0,12078100.0,False,0.0,10:31:25
19300.0,500,-650.0,0.0,SD,5746300.0,12077900.0,False,0.0,10:31:25
19300.0,500,-650.0,0.0,SD,5746300.0,12077400.0,False,0.0,10:31:25
19300.0,100,-650.0,0.0,SD,5746300.0,12076900.0,False,0.0,10:31:25
19300.0,100,-650.0,0.0,SD,5746300.0,12076800.0,False,0.0,10:31:25
19300.0,300,-650.0,0.0,SD,5746300.0,12076700.0,False,0.0,10:31:25
19300.0,100,-650.0,0.0,SD,5746300.0,12076400.0,False,0.0,10:31:25
19300.0,100,-650.0,0.0,SD,5746300.0,12076300.0,False,0.0,10:31:25
19300.0,100,-650.0,0.0,SD,5746300.0,12076200.0,False,0.0,10:31:25
19300.0,5000,-650.0,0.0,SD,5746300.0,12076100.0,False,0.0,10:31:25
19300.0,500,-650.0,0.0,SD,5746300.0,12071100.0,False,0.0,10:31:25
19300.0,100,-650.0,0.0,SD,5746300.0,12070600.0,False,0.0,10:31:25
19300.0,1000,-650.0,0.0,SD,5746300.0,12070500.0,False,0.0,10:31:25
19300.0,800,-650.0,0.0,SD,5746300.0,12069500.0,False,0.0,10:31:25
19300.0,1100,-650.0,0.0,SD,5746300.0,12068700.0,False,0.0,10:31:25
19300.0,300,-650.0,0.0,SD,5746300.0,12067600.0,False,0.0,10:31:25
19300.0,500,-650.0,0.0,SD,5746300.0,12067300.0,False,0.0,10:31:25
19300.0,100,-650.0,0.0,SD,5746300.0,12066800.0,False,0.0,10:31:25
19300.0,100,-650.0,0.0,SD,5746300.0,12066700.0,False,0.0,10:31:25
19300.0,300,-650.0,0.0,SD,5746300.0,12066600.0,False,0.0,10:31:25
19300.0,700,-650.0,0.0,SD,5746300.0,12066300.0,False,0.0,10:31:25
19300.0,300,-650.0,0.0,SD,5746300.0,12065600.0,False,0.0,10:31:25
19300.0,1000,-650.0,0.0,SD,5746300.0,12065300.0,False,0.0,10:31:25
19300.0,200,-650.0,0.0,SD,5746300.0,12064300.0,False,0.0,10:31:25
19300.0,200,-650.0,0.0,SD,5746300.0,12064100.0,False,0.0,10:31:25
19300.0,500,-650.0,0.0,SD,5746300.0,12063900.0,False,0.0,10:31:25
19300.0,400,-650.0,0.0,SD,5746300.0,12063400.0,False,0.0,10:31:25
19300.0,100,-650.0,0.0,SD,5746300.0,12063000.0,False,0.0,10:31:25
19300.0,100,-650.0,0.0,SD,5746300.0,12062900.0,False,0.0,10:31:25
19300.0,100,-650.0,0.0,SD,5746300.0,12062800.0,False,0.0,10:31:25
19300.0,200,-650.0,0.0,SD,5746300.0,12062700.0,False,0.0,10:31:25
19300.0,400,-650.0,0.0,SD,5746300.0,12062500.0,False,0.0,10:31:24
19300.0,400,-650.0,0.0,SD,5746300.0,12062100.0,False,0.0,10:31:24
19300.0,100,-650.0,0.0,SD,5746300.0,12061700.0,False,0.0,10:31:24
19300.0,100,-650.0,0.0,SD,5746300.0,12061600.0,False,0.0,10:31:24
19300.0,100,-650.0,0.0,SD,5746300.0,12061500.0,False,0.0,10:31:24
19300.0,100,-650.0,0.0,SD,5746300.0,12061400.0,False,0.0,10:31:24
19300.0,4000,-650.0,0.0,SD,5746300.0,12061300.0,False,0.0,10:31:23
19300.0,500,-650.0,0.0,SD,5746300.0,12057300.0,False,0.0,10:31:23
19300.0,1500,-650.0,0.0,SD,5746300.0,12056800.0,False,0.0,10:31:23
19300.0,500,-650.0,0.0,SD,5746300.0,12055300.0,False,0.0,10:31:23
19300.0,900,-650.0,0.0,SD,5746300.0,12054800.0,False,0.0,10:31:23
19300.0,2000,-650.0,0.0,SD,5746300.0,12053900.0,False,0.0,10:31:23
19300.0,1300,-650.0,0.0,SD,5746300.0,12051900.0,False,0.0,10:31:23
19300.0,300,-650.0,0.0,SD,5746300.0,12050600.0,False,0.0,10:31:23
19300.0,100,-650.0,0.0,SD,5746300.0,12050300.0,False,0.0,10:31:23
19300.0,100,-650.0,0.0,SD,5746300.0,12050200.0,False,0.0,10:31:23
19300.0,1000,-650.0,0.0,SD,5746300.0,12050100.0,False,0.0,10:31:23
19300.0,100,-650.0,0.0,SD,5746300.0,12049100.0,False,0.0,10:31:23
19300.0,300,-650.0,0.0,SD,5746300.0,12049000.0,False,0.0,10:31:23
19300.0,100,-650.0,0.0,SD,5746300.0,12048700.0,False,0.0,10:31:23
19300.0,500,-650.0,0.0,SD,5746300.0,12048600.0,False,0.0,10:31:23
19300.0,300,-650.0,0.0,SD,5746300.0,12048100.0,False,0.0,10:31:23
19300.0,100,-650.0,0.0,SD,5746300.0,12047800.0,False,0.0,10:31:23
19300.0,1500,-650.0,0.0,SD,5746300.0,12047700.0,False,0.0,10:31:23
19300.0,300,-650.0,0.0,SD,5746300.0,12046200.0,False,0.0,10:31:23
19300.0,300,-650.0,0.0,SD,5746300.0,12045900.0,False,0.0,10:31:23
19300.0,8000,-650.0,0.0,SD,5746300.0,12045600.0,False,0.0,10:31:23
19300.0,500,-650.0,0.0,SD,5746300.0,12037600.0,False,0.0,10:31:23
19300.0,100,-650.0,0.0,SD,5746300.0,12037100.0,False,0.0,10:31:23
19300.0,200,-650.0,0.0,SD,5746300.0,12037000.0,False,0.0,10:31:23
19300.0,100,-650.0,0.0,SD,5746300.0,12036800.0,False,0.0,10:31:23
19300.0,500,-650.0,0.0,SD,5746300.0,12036700.0,False,0.0,10:31:23
19300.0,500,-650.0,0.0,SD,5746300.0,12036200.0,False,0.0,10:31:23
19300.0,500,-650.0,0.0,SD,5746300.0,12035700.0,False,0.0,10:31:23
19300.0,100,-650.0,0.0,SD,5746300.0,12035200.0,False,0.0,10:31:23
19300.0,100,-650.0,0.0,SD,5746300.0,12035100.0,False,0.0,10:31:23
19300.0,500,-650.0,0.0,SD,5746300.0,12035000.0,False,0.0,10:31:23
19300.0,200,-650.0,0.0,SD,5746300.0,12034500.0,False,0.0,10:31:23
19300.0,8500,-650.0,0.0,SD,5746300.0,12034300.0,False,0.0,10:31:23
19300.0,1000,-650.0,0.0,SD,5746300.0,12025800.0,False,0.0,10:31:23
19300.0,200,-650.0,0.0,SD,5746300.0,12024800.0,False,0.0,10:31:23
19300.0,500,-650.0,0.0,SD,5746300.0,12024600.0,False,0.0,10:31:23
19300.0,100,-650.0,0.0,SD,5746300.0,12024100.0,False,0.0,10:31:23
19300.0,300,-650.0,0.0,SD,5746300.0,12024000.0,False,0.0,10:31:23
19300.0,1000,-650.0,0.0,SD,5746300.0,12023700.0,False,0.0,10:31:23
19300.0,200,-650.0,0.0,SD,5746300.0,12022700.0,False,0.0,10:31:23
19300.0,200,-650.0,0.0,SD,5746300.0,12022500.0,False,0.0,10:31:23
19300.0,1000,-650.0,0.0,SD,5746300.0,12022300.0,False,0.0,10:31:23
19300.0,200,-650.0,0.0,SD,5746300.0,12021300.0,False,0.0,10:31:23
19300.0,700,-650.0,0.0,SD,5746300.0,12021100.0,False,0.0,10:31:23
19300.0,800,-650.0,0.0,SD,5746300.0,12020400.0,False,0.0,10:31:22
19300.0,200,-650.0,0.0,SD,5746300.0,12019600.0,False,0.0,10:31:22
19300.0,2500,-650.0,0.0,SD,5746300.0,12019400.0,False,0.0,10:31:22
19300.0,2000,-650.0,0.0,SD,5746300.0,12016900.0,False,0.0,10:31:22
19300.0,1500,-650.0,0.0,SD,5746300.0,12014900.0,False,0.0,10:31:22
19300.0,300,-650.0,0.0,SD,5746300.0,12013400.0,False,0.0,10:31:22
19300.0,300,-650.0,0.0,SD,5746300.0,12013100.0,False,0.0,10:31:22
19300.0,100,-650.0,0.0,SD,5746300.0,12012800.0,False,0.0,10:31:22
19300.0,1000,-650.0,0.0,SD,5746300.0,12012700.0,False,0.0,10:31:22
19300.0,200,-650.0,0.0,SD,5746300.0,12011700.0,False,0.0,10:31:22
19300.0,1000,-650.0,0.0,SD,5746300.0,12011500.0,False,0.0,10:31:22
19300.0,100,-650.0,0.0,SD,5746300.0,12010500.0,False,0.0,10:31:22
19300.0,100,-650.0,0.0,SD,5746300.0,12010400.0,False,0.0,10:31:22
19300.0,100,-650.0,0.0,SD,5746300.0,12010300.0,False,0.0,10:31:22
19300.0,200,-650.0,0.0,SD,5746300.0,12010200.0,False,0.0,10:31:22
19300.0,1700,-650.0,0.0,SD,5746300.0,12010000.0,False,0.0,10:31:22
19300.0,300,-650.0,0.0,SD,5746300.0,12008300.0,False,0.0,10:31:22
19300.0,500,-650.0,0.0,SD,5746300.0,12008000.0,False,0.0,10:31:22
19300.0,200,-650.0,0.0,SD,5746300.0,12007500.0,False,0.0,10:31:22
19300.0,300,-650.0,0.0,SD,5746300.0,12007300.0,False,0.0,10:31:22
19300.0,300,-650.0,0.0,SD,5746300.0,12007000.0,False,0.0,10:31:22
19300.0,400,-650.0,0.0,SD,5746300.0,12006700.0,False,0.0,10:31:22
19300.0,600,-650.0,0.0,SD,5746300.0,12006300.0,False,0.0,10:31:22
19300.0,100,-650.0,0.0,SD,5746300.0,12005700.0,False,0.0,10:31:22
19300.0,300,-650.0,0.0,SD,5746300.0,12005600.0,False,0.0,10:31:22
19300.0,500,-650.0,0.0,SD,5746300.0,12005300.0,False,0.0,10:31:22
19300.0,2500,-650.0,0.0,SD,5746300.0,12004800.0,False,0.0,10:31:22
19300.0,1000,-650.0,0.0,SD,5746300.0,12002300.0,False,0.0,10:31:21
19300.0,100,-650.0,0.0,SD,5746300.0,12001300.0,False,0.0,10:31:21
19300.0,700,-650.0,0.0,SD,5746300.0,12001200.0,False,0.0,10:31:20
19300.0,1000,-650.0,0.0,SD,5746300.0,12000500.0,False,0.0,10:31:20
19300.0,4700,-650.0,0.0,SD,5746300.0,11999500.0,False,0.0,10:31:19
19300.0,500,-650.0,0.0,SD,5746300.0,11994800.0,False,0.0,10:31:19
19300.0,600,-650.0,0.0,SD,5746300.0,11994300.0,False,0.0,10:31:19
19300.0,200,-650.0,0.0,SD,5746300.0,11993700.0,False,0.0,10:31:19
19300.0,500,-650.0,0.0,SD,5746300.0,11993500.0,False,0.0,10:31:19
19300.0,500,-650.0,0.0,SD,5746300.0,11993000.0,False,0.0,10:31:19
19300.0,2000,-650.0,0.0,SD,5746300.0,11992500.0,False,0.0,10:31:19
19300.0,500,-650.0,0.0,SD,5746300.0,11990500.0,False,0.0,10:31:19
19300.0,1000,-650.0,0.0,SD,5746300.0,11990000.0,False,0.0,10:31:19
19300.0,100,-650.0,0.0,SD,5746300.0,11989000.0,False,0.0,10:31:19
19300.0,100,-650.0,0.0,SD,5746300.0,11988900.0,False,0.0,10:31:19
19300.0,300,-650.0,0.0,SD,5746300.0,11988800.0,False,0.0,10:31:19
19300.0,1000,-650.0,0.0,SD,5746300.0,11988500.0,False,0.0,10:31:19
19300.0,2000,-650.0,0.0,SD,5746300.0,11987500.0,False,0.0,10:31:19
19300.0,100,-650.0,0.0,SD,5746300.0,11985500.0,False,0.0,10:31:19
19300.0,900,-650.0,0.0,SD,5746300.0,11985400.0,False,0.0,10:31:19
19300.0,100,-650.0,0.0,SD,5746300.0,11984500.0,False,0.0,10:31:19
19300.0,1000,-650.0,0.0,SD,5746300.0,11984400.0,False,0.0,10:31:19
19300.0,400,-650.0,0.0,SD,5746300.0,11983400.0,False,0.0,10:31:19
19300.0,1000,-650.0,0.0,SD,5746300.0,11983000.0,False,0.0,10:31:18
19300.0,600,-650.0,0.0,SD,5746300.0,11982000.0,False,0.0,10:31:18
19300.0,1000,-650.0,0.0,SD,5746300.0,11981400.0,False,0.0,10:31:17
19300.0,100,-650.0,0.0,SD,5746300.0,11980400.0,False,0.0,10:31:17
19300.0,300,-650.0,0.0,SD,5746300.0,11980300.0,False,0.0,10:31:17
19300.0,1000,-650.0,0.0,SD,5746300.0,11980000.0,False,0.0,10:31:17
19300.0,3200,-650.0,0.0,SD,5746300.0,11979000.0,False,0.0,10:31:17
19300.0,500,-650.0,0.0,SD,5746300.0,11975800.0,False,0.0,10:31:17
19300.0,100,-650.0,0.0,SD,5746300.0,11975300.0,False,0.0,10:31:17
19300.0,500,-650.0,0.0,SD,5746300.0,11975200.0,False,0.0,10:31:17
19300.0,200,-650.0,0.0,SD,5746300.0,11974700.0,False,0.0,10:31:17
19300.0,100,-650.0,0.0,SD,5746300.0,11974500.0,False,0.0,10:31:17
19300.0,200,-650.0,0.0,SD,5746300.0,11974400.0,False,0.0,10:31:17
19300.0,200,-650.0,0.0,SD,5746300.0,11974200.0,False,0.0,10:31:17
19300.0,800,-650.0,0.0,SD,5746300.0,11974000.0,False,0.0,10:31:17
19300.0,100,-650.0,0.0,SD,5746300.0,11973200.0,False,0.0,10:31:17
19300.0,100,-650.0,0.0,SD,5746300.0,11973100.0,False,0.0,10:31:17
19300.0,200,-650.0,0.0,SD,5746300.0,11973000.0,False,0.0,10:31:17
19300.0,100,-650.0,0.0,SD,5746300.0,11972800.0,False,0.0,10:31:17
19300.0,300,-650.0,0.0,SD,5746300.0,11972700.0,False,0.0,10:31:17
19300.0,700,-650.0,0.0,SD,5746300.0,11972400.0,False,0.0,10:31:17
19300.0,3000,-650.0,0.0,SD,5746300.0,11971700.0,False,0.0,10:31:17
19300.0,100,-650.0,0.0,SD,5746300.0,11968700.0,False,0.0,10:31:17
19300.0,5000,-650.0,0.0,SD,5746300.0,11968600.0,False,0.0,10:31:17
19300.0,10000,-650.0,0.0,SD,5746300.0,11963600.0,False,0.0,10:31:17
19300.0,1000,-650.0,0.0,SD,5746300.0,11953600.0,False,0.0,10:31:17
19300.0,100,-650.0,0.0,SD,5746300.0,11952600.0,False,0.0,10:31:17
19300.0,1000,-650.0,0.0,SD,5746300.0,11952500.0,False,0.0,10:31:17
19300.0,500,-650.0,0.0,SD,5746300.0,11951500.0,False,0.0,10:31:17
19300.0,1000,-650.0,0.0,SD,5746300.0,11951000.0,False,0.0,10:31:17
19300.0,2000,-650.0,0.0,SD,5746300.0,11950000.0,False,0.0,10:31:17
19300.0,200,-650.0,0.0,SD,5746300.0,11948000.0,False,0.0,10:31:17
19300.0,500,-650.0,0.0,SD,5746300.0,11947800.0,False,0.0,10:31:17
19300.0,2000,-650.0,0.0,SD,5746300.0,11947300.0,False,0.0,10:31:17
19300.0,500,-650.0,0.0,SD,5746300.0,11945300.0,False,0.0,10:31:17
19300.0,200,-650.0,0.0,SD,5746300.0,11944800.0,False,0.0,10:31:17
19300.0,100,-650.0,0.0,SD,5746300.0,11944600.0,False,0.0,10:31:17
19300.0,100,-650.0,0.0,SD,5746300.0,11944500.0,False,0.0,10:31:17
19300.0,100,-650.0,0.0,SD,5746300.0,11944400.0,False,0.0,10:31:17
19300.0,200,-650.0,0.0,SD,5746300.0,11944300.0,False,0.0,10:31:17
19300.0,200,-650.0,0.0,SD,5746300.0,11944100.0,False,0.0,10:31:17
19300.0,400,-650.0,0.0,SD,5746300.0,11943900.0,False,0.0,10:31:17
19300.0,100,-650.0,0.0,SD,5746300.0,11943500.0,False,0.0,10:31:17
19300.0,100,-650.0,0.0,SD,5746300.0,11943400.0,False,0.0,10:31:17
19300.0,100,-650.0,0.0,SD,5746300.0,11943300.0,False,0.0,10:31:17
19300.0,100,-650.0,0.0,SD,5746300.0,11943200.0,False,0.0,10:31:17
19300.0,100,-650.0,0.0,SD,5746300.0,11943100.0,False,0.0,10:31:17
19300.0,200,-650.0,0.0,SD,5746300.0,11943000.0,False,0.0,10:31:16
19300.0,800,-650.0,0.0,SD,5746300.0,11942800.0,False,-50.0,10:31:16
19350.0,100,-600.0,0.0,BU,5746300.0,11942000.0,False,50.0,10:31:16
19300.0,1200,-650.0,0.0,SD,5746200.0,11942000.0,False,0.0,10:31:16
19300.0,2000,-650.0,0.0,SD,5746200.0,11940800.0,False,0.0,10:31:16
19300.0,100,-650.0,0.0,SD,5746200.0,11938800.0,False,0.0,10:31:16
19300.0,100,-650.0,0.0,SD,5746200.0,11938700.0,False,0.0,10:31:16
19300.0,100,-650.0,0.0,SD,5746200.0,11938600.0,False,0.0,10:31:16
19300.0,1500,-650.0,0.0,SD,5746200.0,11938500.0,False,0.0,10:31:16
19300.0,900,-650.0,0.0,SD,5746200.0,11937000.0,False,0.0,10:31:16
19300.0,600,-650.0,0.0,SD,5746200.0,11936100.0,False,0.0,10:31:16
19300.0,100,-650.0,0.0,SD,5746200.0,11935500.0,False,0.0,10:31:16
19300.0,100,-650.0,0.0,SD,5746200.0,11935400.0,False,0.0,10:31:16
19300.0,100,-650.0,0.0,SD,5746200.0,11935300.0,False,0.0,10:31:16
19300.0,100,-650.0,0.0,SD,5746200.0,11935200.0,False,0.0,10:31:16
19300.0,100,-650.0,0.0,SD,5746200.0,11935100.0,False,0.0,10:31:16
19300.0,400,-650.0,0.0,SD,5746200.0,11935000.0,False,-50.0,10:31:16
19350.0,400,-600.0,0.0,BU,5746200.0,11934600.0,False,50.0,10:31:16
19300.0,300,-650.0,0.0,SD,5745800.0,11934600.0,False,0.0,10:31:15
19300.0,100,-650.0,0.0,SD,5745800.0,11934300.0,False,0.0,10:31:15
19300.0,100,-650.0,0.0,SD,5745800.0,11934200.0,False,0.0,10:31:15
19300.0,100,-650.0,0.0,SD,5745800.0,11934100.0,False,0.0,10:31:13
19300.0,2500,-650.0,0.0,SD,5745800.0,11934000.0,False,0.0,10:31:13
19300.0,500,-650.0,0.0,SD,5745800.0,11931500.0,False,0.0,10:31:13
19300.0,1500,-650.0,0.0,SD,5745800.0,11931000.0,False,0.0,10:31:13
19300.0,100,-650.0,0.0,SD,5745800.0,11929500.0,False,0.0,10:31:13
19300.0,2000,-650.0,0.0,SD,5745800.0,11929400.0,False,0.0,10:31:13
19300.0,100,-650.0,0.0,SD,5745800.0,11927400.0,False,0.0,10:31:13
19300.0,1000,-650.0,0.0,SD,5745800.0,11927300.0,False,0.0,10:31:13
19300.0,100,-650.0,0.0,SD,5745800.0,11926300.0,False,0.0,10:31:13
19300.0,2000,-650.0,0.0,SD,5745800.0,11926200.0,False,0.0,10:31:13
19300.0,100,-650.0,0.0,SD,5745800.0,11924200.0,False,0.0,10:31:13
19300.0,400,-650.0,0.0,SD,5745800.0,11924100.0,False,0.0,10:31:13
19300.0,200,-650.0,0.0,SD,5745800.0,11923700.0,False,0.0,10:31:13
19300.0,1000,-650.0,0.0,SD,5745800.0,11923500.0,False,0.0,10:31:13
19300.0,1000,-650.0,0.0,SD,5745800.0,11922500.0,False,0.0,10:31:13
19300.0,500,-650.0,0.0,SD,5745800.0,11921500.0,False,0.0,10:31:13
19300.0,500,-650.0,0.0,SD,5745800.0,11921000.0,False,0.0,10:31:13
19300.0,300,-650.0,0.0,SD,5745800.0,11920500.0,False,0.0,10:31:13
19300.0,100,-650.0,0.0,SD,5745800.0,11920200.0,False,0.0,10:31:13
19300.0,1000,-650.0,0.0,SD,5745800.0,11920100.0,False,0.0,10:31:13
19300.0,200,-650.0,0.0,SD,5745800.0,11919100.0,False,0.0,10:31:13
19300.0,1000,-650.0,0.0,SD,5745800.0,11918900.0,False,0.0,10:31:13
19300.0,1000,-650.0,0.0,SD,5745800.0,11917900.0,False,0.0,10:31:13
19300.0,100,-650.0,0.0,SD,5745800.0,11916900.0,False,0.0,10:31:13
19300.0,100,-650.0,0.0,SD,5745800.0,11916800.0,False,0.0,10:31:13
19300.0,2600,-650.0,0.0,SD,5745800.0,11916700.0,False,0.0,10:31:13
19300.0,500,-650.0,0.0,SD,5745800.0,11914100.0,False,0.0,10:31:13
19300.0,500,-650.0,0.0,SD,5745800.0,11913600.0,False,0.0,10:31:13
19300.0,1000,-650.0,0.0,SD,5745800.0,11913100.0,False,0.0,10:31:13
19300.0,12400,-650.0,0.0,SD,5745800.0,11912100.0,True,0.0,10:31:13
19300.0,200,-650.0,0.0,SD,5745800.0,11899700.0,False,0.0,10:31:13
19300.0,200,-650.0,0.0,SD,5745800.0,11899500.0,False,0.0,10:31:13
19300.0,4000,-650.0,0.0,SD,5745800.0,11899300.0,False,0.0,10:31:13
19300.0,1000,-650.0,0.0,SD,5745800.0,11895300.0,False,0.0,10:31:13
19300.0,10000,-650.0,0.0,SD,5745800.0,11894300.0,False,0.0,10:31:13
19300.0,5000,-650.0,0.0,SD,5745800.0,11884300.0,False,0.0,10:31:13
19300.0,700,-650.0,0.0,SD,5745800.0,11879300.0,False,0.0,10:31:13
19300.0,9000,-650.0,0.0,SD,5745800.0,11878600.0,False,0.0,10:31:13
19300.0,100,-650.0,0.0,SD,5745800.0,11869600.0,False,0.0,10:31:13
19300.0,100,-650.0,0.0,SD,5745800.0,11869500.0,False,0.0,10:31:13
19300.0,200,-650.0,0.0,SD,5745800.0,11869400.0,False,0.0,10:31:13
19300.0,2400,-650.0,0.0,SD,5745800.0,11869200.0,False,0.0,10:31:13
19300.0,85000,-650.0,0.0,SD,5745800.0,11866800.0,True,0.0,10:31:12
19300.0,5000,-650.0,0.0,SD,5745800.0,11781800.0,False,0.0,10:31:12
19300.0,100,-650.0,0.0,SD,5745800.0,11776800.0,False,0.0,10:31:12
19300.0,69900,-650.0,0.0,SD,5745800.0,11776700.0,True,0.0,10:31:12
19300.0,11300,-650.0,0.0,SD,5745800.0,11706800.0,True,0.0,10:31:11
19300.0,18800,-650.0,0.0,SD,5745800.0,11695500.0,True,0.0,10:31:10
19300.0,100,-650.0,0.0,SD,5745800.0,11676700.0,False,0.0,10:31:10
19300.0,1100,-650.0,0.0,SD,5745800.0,11676600.0,False,0.0,10:31:10
19300.0,1000,-650.0,0.0,SD,5745800.0,11675500.0,False,0.0,10:31:09
19300.0,7900,-650.0,0.0,SD,5745800.0,11674500.0,False,0.0,10:31:07
19300.0,500,-650.0,0.0,SD,5745800.0,11666600.0,False,-50.0,10:31:07
19350.0,5000,-600.0,0.0,BU,5745800.0,11666100.0,False,50.0,10:31:07
19300.0,4500,-650.0,0.0,SD,5740800.0,11666100.0,False,0.0,10:31:05
19300.0,200,-650.0,0.0,SD,5740800.0,11661600.0,False,0.0,10:31:05
19300.0,300,-650.0,0.0,SD,5740800.0,11661400.0,False,0.0,10:31:05
19300.0,300,-650.0,0.0,SD,5740800.0,11661100.0,False,0.0,10:31:05
19300.0,800,-650.0,0.0,SD,5740800.0,11660800.0,False,0.0,10:31:05
19300.0,100,-650.0,0.0,SD,5740800.0,11660000.0,False,0.0,10:31:05
19300.0,700,-650.0,0.0,SD,5740800.0,11659900.0,False,0.0,10:31:05
19300.0,500,-650.0,0.0,SD,5740800.0,11659200.0,False,0.0,10:31:05
19300.0,100,-650.0,0.0,SD,5740800.0,11658700.0,False,0.0,10:31:05
19300.0,500,-650.0,0.0,SD,5740800.0,11658600.0,False,0.0,10:31:05
19300.0,2000,-650.0,0.0,SD,5740800.0,11658100.0,False,0.0,10:31:05
19300.0,200,-650.0,0.0,SD,5740800.0,11656100.0,False,0.0,10:31:04
19300.0,200,-650.0,0.0,SD,5740800.0,11655900.0,False,0.0,10:31:04
19300.0,300,-650.0,0.0,SD,5740800.0,11655700.0,False,0.0,10:31:04
19300.0,1000,-650.0,0.0,SD,5740800.0,11655400.0,False,0.0,10:31:04
19300.0,400,-650.0,0.0,SD,5740800.0,11654400.0,False,0.0,10:31:04
19300.0,400,-650.0,0.0,SD,5740800.0,11654000.0,False,0.0,10:31:04
19300.0,100,-650.0,0.0,SD,5740800.0,11653600.0,False,0.0,10:31:04
19300.0,100,-650.0,0.0,SD,5740800.0,11653500.0,False,0.0,10:31:04
19300.0,100,-650.0,0.0,SD,5740800.0,11653400.0,False,0.0,10:31:04
19300.0,100,-650.0,0.0,SD,5740800.0,11653300.0,False,0.0,10:31:04
19300.0,2000,-650.0,0.0,SD,5740800.0,11653200.0,False,0.0,10:31:04
19300.0,2600,-650.0,0.0,SD,5740800.0,11651200.0,False,0.0,10:31:04
19300.0,1500,-650.0,0.0,SD,5740800.0,11648600.0,False,0.0,10:31:04
19300.0,1900,-650.0,0.0,SD,5740800.0,11647100.0,False,0.0,10:31:02
19300.0,1000,-650.0,0.0,SD,5740800.0,11645200.0,False,0.0,10:31:02
19300.0,400,-650.0,0.0,SD,5740800.0,11644200.0,False,0.0,10:31:02
19300.0,1000,-650.0,0.0,SD,5740800.0,11643800.0,False,0.0,10:31:02
19300.0,200,-650.0,0.0,SD,5740800.0,11642800.0,False,0.0,10:31:02
19300.0,100,-650.0,0.0,SD,5740800.0,11642600.0,False,0.0,10:31:02
19300.0,400,-650.0,0.0,SD,5740800.0,11642500.0,False,0.0,10:31:02
19300.0,200,-650.0,0.0,SD,5740800.0,11642100.0,False,0.0,10:31:01
19300.0,1000,-650.0,0.0,SD,5740800.0,11641900.0,False,0.0,10:31:01
19300.0,100,-650.0,0.0,SD,5740800.0,11640900.0,False,0.0,10:31:01
19300.0,500,-650.0,0.0,SD,5740800.0,11640800.0,False,0.0,10:31:01
19300.0,100,-650.0,0.0,SD,5740800.0,11640300.0,False,0.0,10:31:01
19300.0,200,-650.0,0.0,SD,5740800.0,11640200.0,False,0.0,10:31:01
19300.0,100,-650.0,0.0,SD,5740800.0,11640000.0,False,0.0,10:31:01
19300.0,2000,-650.0,0.0,SD,5740800.0,11639900.0,False,0.0,10:31:01
19300.0,100,-650.0,0.0,SD,5740800.0,11637900.0,False,0.0,10:31:01
19300.0,500,-650.0,0.0,SD,5740800.0,11637800.0,False,0.0,10:31:01
19300.0,200,-650.0,0.0,SD,5740800.0,11637300.0,False,0.0,10:31:01
19300.0,300,-650.0,0.0,SD,5740800.0,11637100.0,False,0.0,10:31:00
19300.0,1000,-650.0,0.0,SD,5740800.0,11636800.0,False,0.0,10:31:00
19300.0,100,-650.0,0.0,SD,5740800.0,11635800.0,False,0.0,10:31:00
19300.0,13600,-650.0,0.0,SD,5740800.0,11635700.0,True,0.0,10:31:00
19300.0,900,-650.0,0.0,SD,5740800.0,11622100.0,False,0.0,10:30:59
19300.0,3000,-650.0,0.0,SD,5740800.0,11621200.0,False,0.0,10:30:58
19300.0,2500,-650.0,0.0,SD,5740800.0,11618200.0,False,0.0,10:30:57
19300.0,1500,-650.0,0.0,SD,5740800.0,11615700.0,False,0.0,10:30:57
19300.0,13500,-650.0,0.0,SD,5740800.0,11614200.0,True,0.0,10:30:57
19300.0,500,-650.0,0.0,SD,5740800.0,11600700.0,False,0.0,10:30:57
19300.0,5000,-650.0,0.0,SD,5740800.0,11600200.0,False,0.0,10:30:57
19300.0,100,-650.0,0.0,SD,5740800.0,11595200.0,False,0.0,10:30:57
19300.0,1000,-650.0,0.0,SD,5740800.0,11595100.0,False,0.0,10:30:57
19300.0,500,-650.0,0.0,SD,5740800.0,11594100.0,False,0.0,10:30:57
19300.0,5100,-650.0,0.0,SD,5740800.0,11593600.0,False,0.0,10:30:57
19300.0,500,-650.0,0.0,SD,5740800.0,11588500.0,False,0.0,10:30:57
19300.0,100,-650.0,0.0,SD,5740800.0,11588000.0,False,0.0,10:30:57
19300.0,500,-650.0,0.0,SD,5740800.0,11587900.0,False,0.0,10:30:57
19300.0,200,-650.0,0.0,SD,5740800.0,11587400.0,False,0.0,10:30:57
19300.0,2000,-650.0,0.0,SD,5740800.0,11587200.0,False,0.0,10:30:57
19300.0,500,-650.0,0.0,SD,5740800.0,11585200.0,False,0.0,10:30:57
19300.0,1000,-650.0,0.0,SD,5740800.0,11584700.0,False,0.0,10:30:57
19300.0,5000,-650.0,0.0,SD,5740800.0,11583700.0,False,0.0,10:30:57
19300.0,100,-650.0,0.0,SD,5740800.0,11578700.0,False,0.0,10:30:57
19300.0,500,-650.0,0.0,SD,5740800.0,11578600.0,False,0.0,10:30:57
19300.0,100,-650.0,0.0,SD,5740800.0,11578100.0,False,0.0,10:30:57
19300.0,3000,-650.0,0.0,SD,5740800.0,11578000.0,False,0.0,10:30:57
19300.0,500,-650.0,0.0,SD,5740800.0,11575000.0,False,0.0,10:30:57
19300.0,3000,-650.0,0.0,SD,5740800.0,11574500.0,False,0.0,10:30:57
19300.0,100,-650.0,0.0,SD,5740800.0,11571500.0,False,0.0,10:30:57
19300.0,500,-650.0,0.0,SD,5740800.0,11571400.0,False,0.0,10:30:57
19300.0,1000,-650.0,0.0,SD,5740800.0,11570900.0,False,0.0,10:30:57
19300.0,500,-650.0,0.0,SD,5740800.0,11569900.0,False,0.0,10:30:57
19300.0,1000,-650.0,0.0,SD,5740800.0,11569400.0,False,0.0,10:30:57
19300.0,500,-650.0,0.0,SD,5740800.0,11568400.0,False,0.0,10:30:57
19300.0,1600,-650.0,0.0,SD,5740800.0,11567900.0,False,0.0,10:30:57
19300.0,1000,-650.0,0.0,SD,5740800.0,11566300.0,False,0.0,10:30:57
19300.0,10000,-650.0,0.0,SD,5740800.0,11565300.0,False,0.0,10:30:57
19300.0,500,-650.0,0.0,SD,5740800.0,11555300.0,False,0.0,10:30:57
19300.0,100,-650.0,0.0,SD,5740800.0,11554800.0,False,0.0,10:30:57
19300.0,500,-650.0,0.0,SD,5740800.0,11554700.0,False,0.0,10:30:57
19300.0,500,-650.0,0.0,SD,5740800.0,11554200.0,False,0.0,10:30:57
19300.0,1000,-650.0,0.0,SD,5740800.0,11553700.0,False,0.0,10:30:57
19300.0,300,-650.0,0.0,SD,5740800.0,11552700.0,False,0.0,10:30:57
19300.0,300,-650.0,0.0,SD,5740800.0,11552400.0,False,0.0,10:30:57
19300.0,400,-650.0,0.0,SD,5740800.0,11552100.0,False,0.0,10:30:57
19300.0,300,-650.0,0.0,SD,5740800.0,11551700.0,False,0.0,10:30:57
19300.0,300,-650.0,0.0,SD,5740800.0,11551400.0,False,0.0,10:30:57
19300.0,200,-650.0,0.0,SD,5740800.0,11551100.0,False,0.0,10:30:57
19300.0,400,-650.0,0.0,SD,5740800.0,11550900.0,False,0.0,10:30:57
19300.0,100,-650.0,0.0,SD,5740800.0,11550500.0,False,0.0,10:30:57
19300.0,100,-650.0,0.0,SD,5740800.0,11550400.0,False,0.0,10:30:57
19300.0,1000,-650.0,0.0,SD,5740800.0,11550300.0,False,0.0,10:30:57
19300.0,100,-650.0,0.0,SD,5740800.0,11549300.0,False,0.0,10:30:57
19300.0,1000,-650.0,0.0,SD,5740800.0,11549200.0,False,0.0,10:30:57
19300.0,300,-650.0,0.0,SD,5740800.0,11548200.0,False,0.0,10:30:57
19300.0,5000,-650.0,0.0,SD,5740800.0,11547900.0,False,0.0,10:30:57
19300.0,5000,-650.0,0.0,SD,5740800.0,11542900.0,False,0.0,10:30:57
19300.0,1000,-650.0,0.0,SD,5740800.0,11537900.0,False,0.0,10:30:57
19300.0,5000,-650.0,0.0,SD,5740800.0,11536900.0,False,0.0,10:30:57
19300.0,800,-650.0,0.0,SD,5740800.0,11531900.0,False,0.0,10:30:57
19300.0,100,-650.0,0.0,SD,5740800.0,11531100.0,False,0.0,10:30:57
19300.0,1000,-650.0,0.0,SD,5740800.0,11531000.0,False,0.0,10:30:57
19300.0,5000,-650.0,0.0,SD,5740800.0,11530000.0,False,0.0,10:30:57
19300.0,17000,-650.0,0.0,SD,5740800.0,11525000.0,True,0.0,10:30:57
19300.0,800,-650.0,0.0,SD,5740800.0,11508000.0,False,0.0,10:30:57
19300.0,300,-650.0,0.0,SD,5740800.0,11507200.0,False,0.0,10:30:57
19300.0,1000,-650.0,0.0,SD,5740800.0,11506900.0,False,0.0,10:30:57
19300.0,1000,-650.0,0.0,SD,5740800.0,11505900.0,False,0.0,10:30:57
19300.0,300,-650.0,0.0,SD,5740800.0,11504900.0,False,0.0,10:30:57
19300.0,500,-650.0,0.0,SD,5740800.0,11504600.0,False,0.0,10:30:57
19300.0,1000,-650.0,0.0,SD,5740800.0,11504100.0,False,0.0,10:30:57
19300.0,1000,-650.0,0.0,SD,5740800.0,11503100.0,False,0.0,10:30:57
19300.0,3000,-650.0,0.0,SD,5740800.0,11502100.0,False,0.0,10:30:57
19300.0,1000,-650.0,0.0,SD,5740800.0,11499100.0,False,0.0,10:30:57
19300.0,500,-650.0,0.0,SD,5740800.0,11498100.0,False,0.0,10:30:57
19300.0,500,-650.0,0.0,SD,5740800.0,11497600.0,False,0.0,10:30:57
19300.0,200,-650.0,0.0,SD,5740800.0,11497100.0,False,0.0,10:30:57
19300.0,800,-650.0,0.0,SD,5740800.0,11496900.0,False,0.0,10:30:57
19300.0,100,-650.0,0.0,SD,5740800.0,11496100.0,False,0.0,10:30:57
19300.0,1000,-650.0,0.0,SD,5740800.0,11496000.0,False,0.0,10:30:57
19300.0,1000,-650.0,0.0,SD,5740800.0,11495000.0,False,0.0,10:30:57
19300.0,500,-650.0,0.0,SD,5740800.0,11494000.0,False,0.0,10:30:57
19300.0,1100,-650.0,0.0,SD,5740800.0,11493500.0,False,0.0,10:30:57
19300.0,400,-650.0,0.0,SD,5740800.0,11492400.0,False,0.0,10:30:57
19300.0,300,-650.0,0.0,SD,5740800.0,11492000.0,False,0.0,10:30:57
19300.0,200,-650.0,0.0,SD,5740800.0,11491700.0,False,0.0,10:30:57
19300.0,3000,-650.0,0.0,SD,5740800.0,11491500.0,False,0.0,10:30:57
19300.0,1000,-650.0,0.0,SD,5740800.0,11488500.0,False,0.0,10:30:57
19300.0,100,-650.0,0.0,SD,5740800.0,11487500.0,False,0.0,10:30:57
19300.0,200,-650.0,0.0,SD,5740800.0,11487400.0,False,0.0,10:30:57
19300.0,1000,-650.0,0.0,SD,5740800.0,11487200.0,False,0.0,10:30:57
19300.0,200,-650.0,0.0,SD,5740800.0,11486200.0,False,0.0,10:30:57
19300.0,200,-650.0,0.0,SD,5740800.0,11486000.0,False,0.0,10:30:57
19300.0,1000,-650.0,0.0,SD,5740800.0,11485800.0,False,0.0,10:30:57
19300.0,100,-650.0,0.0,SD,5740800.0,11484800.0,False,0.0,10:30:57
19300.0,1000,-650.0,0.0,SD,5740800.0,11484700.0,False,0.0,10:30:57
19300.0,46500,-650.0,0.0,SD,5740800.0,11483700.0,True,0.0,10:30:57
19300.0,200,-650.0,0.0,SD,5740800.0,11437200.0,False,0.0,10:30:57
19300.0,3000,-650.0,0.0,SD,5740800.0,11437000.0,False,0.0,10:30:57
19300.0,100,-650.0,0.0,SD,5740800.0,11434000.0,False,0.0,10:30:57
19300.0,1000,-650.0,0.0,SD,5740800.0,11433900.0,False,0.0,10:30:57
19300.0,200,-650.0,0.0,SD,5740800.0,11432900.0,False,0.0,10:30:57
19300.0,1000,-650.0,0.0,SD,5740800.0,11432700.0,False,0.0,10:30:57
19300.0,100,-650.0,0.0,SD,5740800.0,11431700.0,False,0.0,10:30:57
19300.0,1000,-650.0,0.0,SD,5740800.0,11431600.0,False,0.0,10:30:57
19300.0,2000,-650.0,0.0,SD,5740800.0,11430600.0,False,0.0,10:30:57
19300.0,500,-650.0,0.0,SD,5740800.0,11428600.0,False,0.0,10:30:57
19300.0,2000,-650.0,0.0,SD,5740800.0,11428100.0,False,0.0,10:30:57
19300.0,200,-650.0,0.0,SD,5740800.0,11426100.0,False,0.0,10:30:57
19300.0,7900,-650.0,0.0,SD,5740800.0,11425900.0,False,0.0,10:30:57
19300.0,100,-650.0,0.0,SD,5740800.0,11418000.0,False,0.0,10:30:57
19300.0,700,-650.0,0.0,SD,5740800.0,11417900.0,False,0.0,10:30:57
19300.0,1000,-650.0,0.0,SD,5740800.0,11417200.0,False,0.0,10:30:57
19300.0,1000,-650.0,0.0,SD,5740800.0,11416200.0,False,0.0,10:30:57
19300.0,100,-650.0,0.0,SD,5740800.0,11415200.0,False,0.0,10:30:57
19300.0,100,-650.0,0.0,SD,5740800.0,11415100.0,False,0.0,10:30:57
19300.0,1100,-650.0,0.0,SD,5740800.0,11415000.0,False,0.0,10:30:57
19300.0,100,-650.0,0.0,SD,5740800.0,11413900.0,False,0.0,10:30:57
19300.0,100,-650.0,0.0,SD,5740800.0,11413800.0,False,0.0,10:30:57
19300.0,100,-650.0,0.0,SD,5740800.0,11413700.0,False,0.0,10:30:57
19300.0,100,-650.0,0.0,SD,5740800.0,11413600.0,False,0.0,10:30:57
19300.0,500,-650.0,0.0,SD,5740800.0,11413500.0,False,0.0,10:30:57
19300.0,100,-650.0,0.0,SD,5740800.0,11413000.0,False,0.0,10:30:57
19300.0,2000,-650.0,0.0,SD,5740800.0,11412900.0,False,0.0,10:30:57
19300.0,200,-650.0,0.0,SD,5740800.0,11410900.0,False,0.0,10:30:57
19300.0,100,-650.0,0.0,SD,5740800.0,11410700.0,False,0.0,10:30:57
19300.0,400,-650.0,0.0,SD,5740800.0,11410600.0,False,0.0,10:30:57
19300.0,5000,-650.0,0.0,SD,5740800.0,11410200.0,False,0.0,10:30:57
19300.0,100,-650.0,0.0,SD,5740800.0,11405200.0,False,0.0,10:30:57
19300.0,100,-650.0,0.0,SD,5740800.0,11405100.0,False,0.0,10:30:57
19300.0,1000,-650.0,0.0,SD,5740800.0,11405000.0,False,0.0,10:30:57
19300.0,100,-650.0,0.0,SD,5740800.0,11404000.0,False,0.0,10:30:57
19300.0,200,-650.0,0.0,SD,5740800.0,11403900.0,False,0.0,10:30:57
19300.0,8000,-650.0,0.0,SD,5740800.0,11403700.0,False,0.0,10:30:57
19300.0,300,-650.0,0.0,SD,5740800.0,11395700.0,False,0.0,10:30:57
19300.0,500,-650.0,0.0,SD,5740800.0,11395400.0,False,0.0,10:30:57
19300.0,200,-650.0,0.0,SD,5740800.0,11394900.0,False,0.0,10:30:57
19300.0,100,-650.0,0.0,SD,5740800.0,11394700.0,False,0.0,10:30:57
19300.0,100,-650.0,0.0,SD,5740800.0,11394600.0,False,0.0,10:30:57
19300.0,100,-650.0,0.0,SD,5740800.0,11394500.0,False,0.0,10:30:57
19300.0,200,-650.0,0.0,SD,5740800.0,11394400.0,False,0.0,10:30:57
19300.0,100,-650.0,0.0,SD,5740800.0,11394200.0,False,0.0,10:30:57
19300.0,500,-650.0,0.0,SD,5740800.0,11394100.0,False,0.0,10:30:57
19300.0,5000,-650.0,0.0,SD,5740800.0,11393600.0,False,0.0,10:30:57
19300.0,200,-650.0,0.0,SD,5740800.0,11388600.0,False,0.0,10:30:57
19300.0,1000,-650.0,0.0,SD,5740800.0,11388400.0,False,0.0,10:30:57
19300.0,100,-650.0,0.0,SD,5740800.0,11387400.0,False,0.0,10:30:57
19300.0,2700,-650.0,0.0,SD,5740800.0,11387300.0,False,0.0,10:30:57
19300.0,1000,-650.0,0.0,SD,5740800.0,11384600.0,False,0.0,10:30:57
19300.0,1000,-650.0,0.0,SD,5740800.0,11383600.0,False,0.0,10:30:57
19300.0,500,-650.0,0.0,SD,5740800.0,11382600.0,False,0.0,10:30:57
19300.0,1000,-650.0,0.0,SD,5740800.0,11382100.0,False,0.0,10:30:57
19300.0,500,-650.0,0.0,SD,5740800.0,11381100.0,False,0.0,10:30:57
19300.0,1000,-650.0,0.0,SD,5740800.0,11380600.0,False,0.0,10:30:57
19300.0,200,-650.0,0.0,SD,5740800.0,11379600.0,False,0.0,10:30:57
19300.0,200,-650.0,0.0,SD,5740800.0,11379400.0,False,0.0,10:30:57
19300.0,100,-650.0,0.0,SD,5740800.0,11379200.0,False,0.0,10:30:57
19300.0,100,-650.0,0.0,SD,5740800.0,11379100.0,False,0.0,10:30:57
19300.0,200,-650.0,0.0,SD,5740800.0,11379000.0,False,0.0,10:30:57
19300.0,5000,-650.0,0.0,SD,5740800.0,11378800.0,False,0.0,10:30:57
19300.0,500,-650.0,0.0,SD,5740800.0,11373800.0,False,0.0,10:30:57
19300.0,100,-650.0,0.0,SD,5740800.0,11373300.0,False,0.0,10:30:57
19300.0,100,-650.0,0.0,SD,5740800.0,11373200.0,False,0.0,10:30:57
19300.0,700,-650.0,0.0,SD,5740800.0,11373100.0,False,0.0,10:30:57
19300.0,1000,-650.0,0.0,SD,5740800.0,11372400.0,False,0.0,10:30:57
19300.0,1000,-650.0,0.0,SD,5740800.0,11371400.0,False,0.0,10:30:57
19300.0,2000,-650.0,0.0,SD,5740800.0,11370400.0,False,0.0,10:30:57
19300.0,1000,-650.0,0.0,SD,5740800.0,11368400.0,False,0.0,10:30:57
19300.0,200,-650.0,0.0,SD,5740800.0,11367400.0,False,0.0,10:30:57
19300.0,300,-650.0,0.0,SD,5740800.0,11367200.0,False,0.0,10:30:57
19300.0,100,-650.0,0.0,SD,5740800.0,11366900.0,False,0.0,10:30:57
19300.0,500,-650.0,0.0,SD,5740800.0,11366800.0,False,0.0,10:30:57
19300.0,5000,-650.0,0.0,SD,5740800.0,11366300.0,False,0.0,10:30:57
19300.0,100,-650.0,0.0,SD,5740800.0,11361300.0,False,0.0,10:30:57
19300.0,100,-650.0,0.0,SD,5740800.0,11361200.0,False,0.0,10:30:57
19300.0,300,-650.0,0.0,SD,5740800.0,11361100.0,False,0.0,10:30:57
19300.0,100,-650.0,0.0,SD,5740800.0,11360800.0,False,0.0,10:30:57
19300.0,100,-650.0,0.0,SD,5740800.0,11360700.0,False,0.0,10:30:57
19300.0,500,-650.0,0.0,SD,5740800.0,11360600.0,False,0.0,10:30:57
19300.0,100,-650.0,0.0,SD,5740800.0,11360100.0,False,0.0,10:30:57
19300.0,200,-650.0,0.0,SD,5740800.0,11360000.0,False,0.0,10:30:57
19300.0,1000,-650.0,0.0,SD,5740800.0,11359800.0,False,0.0,10:30:57
19300.0,20000,-650.0,0.0,SD,5740800.0,11358800.0,True,0.0,10:30:57
19300.0,100,-650.0,0.0,SD,5740800.0,11338800.0,False,0.0,10:30:57
19300.0,100,-650.0,0.0,SD,5740800.0,11338700.0,False,0.0,10:30:57
19300.0,2000,-650.0,0.0,SD,5740800.0,11338600.0,False,0.0,10:30:57
19300.0,500,-650.0,0.0,SD,5740800.0,11336600.0,False,0.0,10:30:57
19300.0,200,-650.0,0.0,SD,5740800.0,11336100.0,False,0.0,10:30:57
19300.0,100,-650.0,0.0,SD,5740800.0,11335900.0,False,0.0,10:30:57
19300.0,100,-650.0,0.0,SD,5740800.0,11335800.0,False,0.0,10:30:57
19300.0,10000,-650.0,0.0,SD,5740800.0,11335700.0,False,0.0,10:30:57
19300.0,1000,-650.0,0.0,SD,5740800.0,11325700.0,False,0.0,10:30:57
19300.0,500,-650.0,0.0,SD,5740800.0,11324700.0,False,0.0,10:30:57
19300.0,1000,-650.0,0.0,SD,5740800.0,11324200.0,False,0.0,10:30:57
19300.0,100,-650.0,0.0,SD,5740800.0,11323200.0,False,0.0,10:30:57
19300.0,100,-650.0,0.0,SD,5740800.0,11323100.0,False,0.0,10:30:57
19300.0,100,-650.0,0.0,SD,5740800.0,11323000.0,False,0.0,10:30:57
19300.0,200,-650.0,0.0,SD,5740800.0,11322900.0,False,0.0,10:30:57
19300.0,500,-650.0,0.0,SD,5740800.0,11322700.0,False,0.0,10:30:57
19300.0,200,-650.0,0.0,SD,5740800.0,11322200.0,False,0.0,10:30:57
19300.0,500,-650.0,0.0,SD,5740800.0,11322000.0,False,0.0,10:30:57
19300.0,100,-650.0,0.0,SD,5740800.0,11321500.0,False,0.0,10:30:57
19300.0,500,-650.0,0.0,SD,5740800.0,11321400.0,False,0.0,10:30:57
19300.0,1000,-650.0,0.0,SD,5740800.0,11320900.0,False,0.0,10:30:57
19300.0,1000,-650.0,0.0,SD,5740800.0,11319900.0,False,0.0,10:30:57
19300.0,200,-650.0,0.0,SD,5740800.0,11318900.0,False,0.0,10:30:57
19300.0,500,-650.0,0.0,SD,5740800.0,11318700.0,False,0.0,10:30:57
19300.0,1000,-650.0,0.0,SD,5740800.0,11318200.0,False,0.0,10:30:57
19300.0,5000,-650.0,0.0,SD,5740800.0,11317200.0,False,-50.0,10:30:57
19350.0,100,-600.0,0.0,BU,5740800.0,11312200.0,False,50.0,10:30:55
19300.0,100,-650.0,0.0,SD,5740700.0,11312200.0,False,0.0,10:30:55
19300.0,100,-650.0,0.0,SD,5740700.0,11312100.0,False,0.0,10:30:55
19300.0,300,-650.0,0.0,SD,5740700.0,11312000.0,False,0.0,10:30:55
19300.0,100,-650.0,0.0,SD,5740700.0,11311700.0,False,0.0,10:30:53
19300.0,200,-650.0,0.0,SD,5740700.0,11311600.0,False,0.0,10:30:53
19300.0,100,-650.0,0.0,SD,5740700.0,11311400.0,False,0.0,10:30:53
19300.0,100,-650.0,0.0,SD,5740700.0,11311300.0,False,0.0,10:30:53
19300.0,100,-650.0,0.0,SD,5740700.0,11311200.0,False,0.0,10:30:53
19300.0,100,-650.0,0.0,SD,5740700.0,11311100.0,False,0.0,10:30:53
19300.0,500,-650.0,0.0,SD,5740700.0,11311000.0,False,0.0,10:30:53
19300.0,100,-650.0,0.0,SD,5740700.0,11310500.0,False,0.0,10:30:53
19300.0,1000,-650.0,0.0,SD,5740700.0,11310400.0,False,0.0,10:30:53
19300.0,1000,-650.0,0.0,SD,5740700.0,11309400.0,False,0.0,10:30:53
19300.0,500,-650.0,0.0,SD,5740700.0,11308400.0,False,0.0,10:30:53
19300.0,100,-650.0,0.0,SD,5740700.0,11307900.0,False,0.0,10:30:53
19300.0,1000,-650.0,0.0,SD,5740700.0,11307800.0,False,0.0,10:30:53
19300.0,200,-650.0,0.0,SD,5740700.0,11306800.0,False,0.0,10:30:53
19300.0,100,-650.0,0.0,SD,5740700.0,11306600.0,False,0.0,10:30:53
19300.0,9000,-650.0,0.0,SD,5740700.0,11306500.0,False,0.0,10:30:53
19300.0,1800,-650.0,0.0,SD,5740700.0,11297500.0,False,0.0,10:30:53
19300.0,1000,-650.0,0.0,SD,5740700.0,11295700.0,False,0.0,10:30:53
19300.0,2000,-650.0,0.0,SD,5740700.0,11294700.0,False,0.0,10:30:53
19300.0,100,-650.0,0.0,SD,5740700.0,11292700.0,False,0.0,10:30:53
19300.0,200,-650.0,0.0,SD,5740700.0,11292600.0,False,0.0,10:30:53
19300.0,100,-650.0,0.0,SD,5740700.0,11292400.0,False,0.0,10:30:53
19300.0,200,-650.0,0.0,SD,5740700.0,11292300.0,False,0.0,10:30:53
19300.0,300,-650.0,0.0,SD,5740700.0,11292100.0,False,0.0,10:30:53
19300.0,500,-650.0,0.0,SD,5740700.0,11291800.0,False,0.0,10:30:53
19300.0,200,-650.0,0.0,SD,5740700.0,11291300.0,False,0.0,10:30:53
19300.0,900,-650.0,0.0,SD,5740700.0,11291100.0,False,0.0,10:30:53
19300.0,500,-650.0,0.0,SD,5740700.0,11290200.0,False,0.0,10:30:53
19300.0,100,-650.0,0.0,SD,5740700.0,11289700.0,False,0.0,10:30:53
19300.0,100,-650.0,0.0,SD,5740700.0,11289600.0,False,0.0,10:30:53
19300.0,500,-650.0,0.0,SD,5740700.0,11289500.0,False,0.0,10:30:53
19300.0,100,-650.0,0.0,SD,5740700.0,11289000.0,False,0.0,10:30:53
19300.0,200,-650.0,0.0,SD,5740700.0,11288900.0,False,0.0,10:30:53
19300.0,600,-650.0,0.0,SD,5740700.0,11288700.0,False,0.0,10:30:53
19300.0,500,-650.0,0.0,SD,5740700.0,11288100.0,False,0.0,10:30:53
19300.0,100,-650.0,0.0,SD,5740700.0,11287600.0,False,0.0,10:30:53
19300.0,100,-650.0,0.0,SD,5740700.0,11287500.0,False,0.0,10:30:53
19300.0,400,-650.0,0.0,SD,5740700.0,11287400.0,False,0.0,10:30:53
19300.0,100,-650.0,0.0,SD,5740700.0,11287000.0,False,0.0,10:30:53
19300.0,100,-650.0,0.0,SD,5740700.0,11286900.0,False,0.0,10:30:53
19300.0,100,-650.0,0.0,SD,5740700.0,11286800.0,False,0.0,10:30:53
19300.0,1000,-650.0,0.0,SD,5740700.0,11286700.0,False,0.0,10:30:53
19300.0,100,-650.0,0.0,SD,5740700.0,11285700.0,False,0.0,10:30:53
19300.0,1500,-650.0,0.0,SD,5740700.0,11285600.0,False,0.0,10:30:53
19300.0,1600,-650.0,0.0,SD,5740700.0,11284100.0,False,0.0,10:30:53
19300.0,200,-650.0,0.0,SD,5740700.0,11282500.0,False,0.0,10:30:53
19300.0,100,-650.0,0.0,SD,5740700.0,11282300.0,False,0.0,10:30:53
19300.0,800,-650.0,0.0,SD,5740700.0,11282200.0,False,0.0,10:30:53
19300.0,200,-650.0,0.0,SD,5740700.0,11281400.0,False,0.0,10:30:53
19300.0,500,-650.0,0.0,SD,5740700.0,11281200.0,False,0.0,10:30:53
19300.0,1000,-650.0,0.0,SD,5740700.0,11280700.0,False,0.0,10:30:53
19300.0,300,-650.0,0.0,SD,5740700.0,11279700.0,False,0.0,10:30:52
19300.0,1000,-650.0,0.0,SD,5740700.0,11279400.0,False,0.0,10:30:52
19300.0,200,-650.0,0.0,SD,5740700.0,11278400.0,False,0.0,10:30:52
19300.0,200,-650.0,0.0,SD,5740700.0,11278200.0,False,0.0,10:30:52
19300.0,2100,-650.0,0.0,SD,5740700.0,11278000.0,False,0.0,10:30:52
19300.0,100,-650.0,0.0,SD,5740700.0,11275900.0,False,0.0,10:30:52
19300.0,100,-650.0,0.0,SD,5740700.0,11275800.0,False,0.0,10:30:52
19300.0,4000,-650.0,0.0,SD,5740700.0,11275700.0,False,0.0,10:30:52
19300.0,100,-650.0,0.0,SD,5740700.0,11271700.0,False,-50.0,10:30:51
19350.0,100,-600.0,0.0,BU,5740700.0,11271600.0,False,50.0,10:30:49
19300.0,500,-650.0,0.0,SD,5740600.0,11271600.0,False,0.0,10:30:47
19300.0,400,-650.0,0.0,SD,5740600.0,11271100.0,False,0.0,10:30:43
19300.0,500,-650.0,0.0,SD,5740600.0,11270700.0,False,0.0,10:30:43
19300.0,100,-650.0,0.0,SD,5740600.0,11270200.0,False,0.0,10:30:43
19300.0,100,-650.0,0.0,SD,5740600.0,11270100.0,False,0.0,10:30:43
19300.0,400,-650.0,0.0,SD,5740600.0,11270000.0,False,-50.0,10:30:43
19350.0,200,-600.0,0.0,BU,5740600.0,11269600.0,False,0.0,10:30:43
19350.0,1000,-600.0,0.0,BU,5740400.0,11269600.0,False,50.0,10:30:42
19300.0,1400,-650.0,0.0,SD,5739400.0,11269600.0,False,0.0,10:30:41
19300.0,500,-650.0,0.0,SD,5739400.0,11268200.0,False,0.0,10:30:41
19300.0,100,-650.0,0.0,SD,5739400.0,11267700.0,False,0.0,10:30:41
19300.0,1000,-650.0,0.0,SD,5739400.0,11267600.0,False,0.0,10:30:41
19300.0,2000,-650.0,0.0,SD,5739400.0,11266600.0,False,0.0,10:30:41
19300.0,2000,-650.0,0.0,SD,5739400.0,11264600.0,False,0.0,10:30:41
19300.0,100,-650.0,0.0,SD,5739400.0,11262600.0,False,0.0,10:30:41
19300.0,100,-650.0,0.0,SD,5739400.0,11262500.0,False,0.0,10:30:41
19300.0,100,-650.0,0.0,SD,5739400.0,11262400.0,False,0.0,10:30:41
19300.0,100,-650.0,0.0,SD,5739400.0,11262300.0,False,0.0,10:30:41
19300.0,100,-650.0,0.0,SD,5739400.0,11262200.0,False,0.0,10:30:41
19300.0,1800,-650.0,0.0,SD,5739400.0,11262100.0,False,0.0,10:30:41
19300.0,100,-650.0,0.0,SD,5739400.0,11260300.0,False,0.0,10:30:41
19300.0,100,-650.0,0.0,SD,5739400.0,11260200.0,False,0.0,10:30:41
19300.0,100,-650.0,0.0,SD,5739400.0,11260100.0,False,0.0,10:30:41
19300.0,500,-650.0,0.0,SD,5739400.0,11260000.0,False,0.0,10:30:41
19300.0,100,-650.0,0.0,SD,5739400.0,11259500.0,False,0.0,10:30:41
19300.0,100,-650.0,0.0,SD,5739400.0,11259400.0,False,0.0,10:30:41
19300.0,200,-650.0,0.0,SD,5739400.0,11259300.0,False,0.0,10:30:41
19300.0,100,-650.0,0.0,SD,5739400.0,11259100.0,False,0.0,10:30:41
19300.0,2000,-650.0,0.0,SD,5739400.0,11259000.0,False,0.0,10:30:41
19300.0,500,-650.0,0.0,SD,5739400.0,11257000.0,False,0.0,10:30:41
19300.0,500,-650.0,0.0,SD,5739400.0,11256500.0,False,0.0,10:30:41
19300.0,100,-650.0,0.0,SD,5739400.0,11256000.0,False,0.0,10:30:41
19300.0,1000,-650.0,0.0,SD,5739400.0,11255900.0,False,0.0,10:30:41
19300.0,100,-650.0,0.0,SD,5739400.0,11254900.0,False,0.0,10:30:41
19300.0,100,-650.0,0.0,SD,5739400.0,11254800.0,False,0.0,10:30:41
19300.0,500,-650.0,0.0,SD,5739400.0,11254700.0,False,0.0,10:30:41
19300.0,100,-650.0,0.0,SD,5739400.0,11254200.0,False,0.0,10:30:41
19300.0,300,-650.0,0.0,SD,5739400.0,11254100.0,False,0.0,10:30:41
19300.0,100,-650.0,0.0,SD,5739400.0,11253800.0,False,0.0,10:30:41
19300.0,1300,-650.0,0.0,SD,5739400.0,11253700.0,False,0.0,10:30:41
19300.0,100,-650.0,0.0,SD,5739400.0,11252400.0,False,0.0,10:30:41
19300.0,100,-650.0,0.0,SD,5739400.0,11252300.0,False,0.0,10:30:40
19300.0,500,-650.0,0.0,SD,5739400.0,11252200.0,False,0.0,10:30:40
19300.0,100,-650.0,0.0,SD,5739400.0,11251700.0,False,0.0,10:30:40
19300.0,100,-650.0,0.0,SD,5739400.0,11251600.0,False,-50.0,10:30:40
19350.0,700,-600.0,0.0,BU,5739400.0,11251500.0,False,0.0,10:30:40
19350.0,100,-600.0,0.0,BU,5738700.0,11251500.0,False,50.0,10:30:39
19300.0,200,-650.0,0.0,SD,5738600.0,11251500.0,False,0.0,10:30:36
19300.0,100,-650.0,0.0,SD,5738600.0,11251300.0,False,0.0,10:30:36
19300.0,2000,-650.0,0.0,SD,5738600.0,11251200.0,False,0.0,10:30:36
19300.0,200,-650.0,0.0,SD,5738600.0,11249200.0,False,0.0,10:30:36
19300.0,700,-650.0,0.0,SD,5738600.0,11249000.0,False,0.0,10:30:35
19300.0,100,-650.0,0.0,SD,5738600.0,11248300.0,False,0.0,10:30:35
19300.0,500,-650.0,0.0,SD,5738600.0,11248200.0,False,0.0,10:30:35
19300.0,500,-650.0,0.0,SD,5738600.0,11247700.0,False,0.0,10:30:35
19300.0,1000,-650.0,0.0,SD,5738600.0,11247200.0,False,0.0,10:30:35
19300.0,500,-650.0,0.0,SD,5738600.0,11246200.0,False,0.0,10:30:35
19300.0,1000,-650.0,0.0,SD,5738600.0,11245700.0,False,0.0,10:30:35
19300.0,200,-650.0,0.0,SD,5738600.0,11244700.0,False,0.0,10:30:35
19300.0,200,-650.0,0.0,SD,5738600.0,11244500.0,False,0.0,10:30:35
19300.0,1200,-650.0,0.0,SD,5738600.0,11244300.0,False,0.0,10:30:35
19300.0,300,-650.0,0.0,SD,5738600.0,11243100.0,False,0.0,10:30:35
19300.0,100,-650.0,0.0,SD,5738600.0,11242800.0,False,0.0,10:30:35
19300.0,100,-650.0,0.0,SD,5738600.0,11242700.0,False,0.0,10:30:35
19300.0,100,-650.0,0.0,SD,5738600.0,11242600.0,False,0.0,10:30:35
19300.0,100,-650.0,0.0,SD,5738600.0,11242500.0,False,0.0,10:30:35
19300.0,100,-650.0,0.0,SD,5738600.0,11242400.0,False,0.0,10:30:35
19300.0,10000,-650.0,0.0,SD,5738600.0,11242300.0,False,0.0,10:30:35
19300.0,100,-650.0,0.0,SD,5738600.0,11232300.0,False,0.0,10:30:35
19300.0,600,-650.0,0.0,SD,5738600.0,11232200.0,False,0.0,10:30:35
19300.0,100,-650.0,0.0,SD,5738600.0,11231600.0,False,0.0,10:30:35
19300.0,100,-650.0,0.0,SD,5738600.0,11231500.0,False,0.0,10:30:35
19300.0,100,-650.0,0.0,SD,5738600.0,11231400.0,False,0.0,10:30:35
19300.0,200,-650.0,0.0,SD,5738600.0,11231300.0,False,0.0,10:30:35
19300.0,100,-650.0,0.0,SD,5738600.0,11231100.0,False,0.0,10:30:35
19300.0,1000,-650.0,0.0,SD,5738600.0,11231000.0,False,0.0,10:30:35
19300.0,100,-650.0,0.0,SD,5738600.0,11230000.0,False,0.0,10:30:35
19300.0,100,-650.0,0.0,SD,5738600.0,11229900.0,False,0.0,10:30:35
19300.0,400,-650.0,0.0,SD,5738600.0,11229800.0,False,0.0,10:30:35
19300.0,100,-650.0,0.0,SD,5738600.0,11229400.0,False,0.0,10:30:35
19300.0,500,-650.0,0.0,SD,5738600.0,11229300.0,False,0.0,10:30:35
19300.0,200,-650.0,0.0,SD,5738600.0,11228800.0,False,0.0,10:30:35
19300.0,100,-650.0,0.0,SD,5738600.0,11228600.0,False,0.0,10:30:35
19300.0,500,-650.0,0.0,SD,5738600.0,11228500.0,False,0.0,10:30:35
19300.0,200,-650.0,0.0,SD,5738600.0,11228000.0,False,-50.0,10:30:35
19350.0,5700,-600.0,0.0,BU,5738600.0,11227800.0,False,0.0,10:30:32
19350.0,1700,-600.0,0.0,BU,5732900.0,11227800.0,False,50.0,10:30:31
19300.0,100,-650.0,0.0,SD,5731200.0,11227800.0,False,0.0,10:30:30
19300.0,700,-650.0,0.0,SD,5731200.0,11227700.0,False,0.0,10:30:30
19300.0,100,-650.0,0.0,SD,5731200.0,11227000.0,False,0.0,10:30:30
19300.0,1000,-650.0,0.0,SD,5731200.0,11226900.0,False,0.0,10:30:30
19300.0,500,-650.0,0.0,SD,5731200.0,11225900.0,False,0.0,10:30:30
19300.0,2700,-650.0,0.0,SD,5731200.0,11225400.0,False,-50.0,10:30:30
19350.0,10000,-600.0,0.0,BU,5731200.0,11222700.0,False,0.0,10:30:29
19350.0,500,-600.0,0.0,BU,5721200.0,11222700.0,False,50.0,10:30:29
19300.0,100,-650.0,0.0,SD,5720700.0,11222700.0,False,0.0,10:30:28
19300.0,2200,-650.0,0.0,SD,5720700.0,11222600.0,False,0.0,10:30:26
19300.0,200,-650.0,0.0,SD,5720700.0,11220400.0,False,0.0,10:30:26
19300.0,2000,-650.0,0.0,SD,5720700.0,11220200.0,False,0.0,10:30:26
19300.0,200,-650.0,0.0,SD,5720700.0,11218200.0,False,0.0,10:30:26
19300.0,100,-650.0,0.0,SD,5720700.0,11218000.0,False,0.0,10:30:26
19300.0,100,-650.0,0.0,SD,5720700.0,11217900.0,False,0.0,10:30:26
19300.0,100,-650.0,0.0,SD,5720700.0,11217800.0,False,0.0,10:30:26
19300.0,100,-650.0,0.0,SD,5720700.0,11217700.0,False,0.0,10:30:26
19300.0,500,-650.0,0.0,SD,5720700.0,11217600.0,False,0.0,10:30:26
19300.0,1000,-650.0,0.0,SD,5720700.0,11217100.0,False,0.0,10:30:26
19300.0,500,-650.0,0.0,SD,5720700.0,11216100.0,False,0.0,10:30:26
19300.0,200,-650.0,0.0,SD,5720700.0,11215600.0,False,0.0,10:30:26
19300.0,100,-650.0,0.0,SD,5720700.0,11215400.0,False,0.0,10:30:26
19300.0,1000,-650.0,0.0,SD,5720700.0,11215300.0,False,0.0,10:30:26
19300.0,200,-650.0,0.0,SD,5720700.0,11214300.0,False,0.0,10:30:26
19300.0,100,-650.0,0.0,SD,5720700.0,11214100.0,False,0.0,10:30:26
19300.0,100,-650.0,0.0,SD,5720700.0,11214000.0,False,0.0,10:30:26
19300.0,100,-650.0,0.0,SD,5720700.0,11213900.0,False,0.0,10:30:26
19300.0,500,-650.0,0.0,SD,5720700.0,11213800.0,False,0.0,10:30:26
19300.0,300,-650.0,0.0,SD,5720700.0,11213300.0,False,0.0,10:30:26
19300.0,300,-650.0,0.0,SD,5720700.0,11213000.0,False,0.0,10:30:24
19300.0,500,-650.0,0.0,SD,5720700.0,11212700.0,False,0.0,10:30:24
19300.0,500,-650.0,0.0,SD,5720700.0,11212200.0,False,0.0,10:30:24
19300.0,100,-650.0,0.0,SD,5720700.0,11211700.0,False,0.0,10:30:24
19300.0,100,-650.0,0.0,SD,5720700.0,11211600.0,False,0.0,10:30:24
19300.0,100,-650.0,0.0,SD,5720700.0,11211500.0,False,0.0,10:30:24
19300.0,5000,-650.0,0.0,SD,5720700.0,11211400.0,False,0.0,10:30:24
19300.0,1000,-650.0,0.0,SD,5720700.0,11206400.0,False,0.0,10:30:24
19300.0,100,-650.0,0.0,SD,5720700.0,11205400.0,False,0.0,10:30:24
19300.0,1000,-650.0,0.0,SD,5720700.0,11205300.0,False,-50.0,10:30:24
19350.0,600,-600.0,0.0,BU,5720700.0,11204300.0,False,50.0,10:30:22
19300.0,1000,-650.0,0.0,SD,5720100.0,11204300.0,False,0.0,10:30:21
19300.0,1000,-650.0,0.0,SD,5720100.0,11203300.0,False,-50.0,10:30:21
19350.0,100,-600.0,0.0,BU,5720100.0,11202300.0,False,0.0,10:30:19
19350.0,100,-600.0,0.0,BU,5720000.0,11202300.0,False,0.0,10:30:17
19350.0,1000,-600.0,0.0,BU,5719900.0,11202300.0,False,50.0,10:30:14
19300.0,200,-650.0,0.0,SD,5718900.0,11202300.0,False,0.0,10:30:14
19300.0,100,-650.0,0.0,SD,5718900.0,11202100.0,False,0.0,10:30:14
19300.0,2000,-650.0,0.0,SD,5718900.0,11202000.0,False,0.0,10:30:14
19300.0,900,-650.0,0.0,SD,5718900.0,11200000.0,False,0.0,10:30:14
19300.0,500,-650.0,0.0,SD,5718900.0,11199100.0,False,0.0,10:30:14
19300.0,900,-650.0,0.0,SD,5718900.0,11198600.0,False,0.0,10:30:14
19300.0,500,-650.0,0.0,SD,5718900.0,11197700.0,False,0.0,10:30:14
19300.0,100,-650.0,0.0,SD,5718900.0,11197200.0,False,0.0,10:30:14
19300.0,100,-650.0,0.0,SD,5718900.0,11197100.0,False,0.0,10:30:14
19300.0,500,-650.0,0.0,SD,5718900.0,11197000.0,False,0.0,10:30:14
19300.0,500,-650.0,0.0,SD,5718900.0,11196500.0,False,0.0,10:30:14
19300.0,100,-650.0,0.0,SD,5718900.0,11196000.0,False,0.0,10:30:14
19300.0,2600,-650.0,0.0,SD,5718900.0,11195900.0,False,-50.0,10:30:14
19350.0,100,-600.0,0.0,BU,5718900.0,11193300.0,False,0.0,10:30:13
19350.0,2000,-600.0,0.0,BU,5718800.0,11193300.0,False,0.0,10:30:12
19350.0,300,-600.0,0.0,BU,5716800.0,11193300.0,False,0.0,10:30:11
19350.0,500,-600.0,0.0,BU,5716500.0,11193300.0,False,0.0,10:30:11
19350.0,100,-600.0,0.0,BU,5716000.0,11193300.0,False,50.0,10:30:09
19300.0,100,-650.0,0.0,SD,5715900.0,11193300.0,False,0.0,10:30:08
19300.0,100,-650.0,0.0,SD,5715900.0,11193200.0,False,0.0,10:30:08
19300.0,100,-650.0,0.0,SD,5715900.0,11193100.0,False,0.0,10:30:08
19300.0,500,-650.0,0.0,SD,5715900.0,11193000.0,False,0.0,10:30:08
19300.0,200,-650.0,0.0,SD,5715900.0,11192500.0,False,-50.0,10:30:08
19350.0,1000,-600.0,0.0,BU,5715900.0,11192300.0,False,0.0,10:30:07
19350.0,200,-600.0,0.0,BU,5714900.0,11192300.0,False,0.0,10:30:06
19350.0,100,-600.0,0.0,BU,5714700.0,11192300.0,False,0.0,10:30:05
19350.0,5000,-600.0,0.0,BU,5714600.0,11192300.0,False,0.0,10:30:03
19350.0,100,-600.0,0.0,BU,5709600.0,11192300.0,False,0.0,10:30:02
19350.0,100,-600.0,0.0,BU,5709500.0,11192300.0,False,0.0,10:29:57
19350.0,100,-600.0,0.0,BU,5709400.0,11192300.0,False,0.0,10:29:57
19350.0,200,-600.0,0.0,BU,5709300.0,11192300.0,False,0.0,10:29:56
19350.0,100,-600.0,0.0,BU,5709100.0,11192300.0,False,0.0,10:29:54
19350.0,3000,-600.0,0.0,BU,5709000.0,11192300.0,False,0.0,10:29:52
19350.0,100,-600.0,0.0,BU,5706000.0,11192300.0,False,0.0,10:29:47
19350.0,10000,-600.0,0.0,BU,5705900.0,11192300.0,False,0.0,10:29:46
19350.0,100,-600.0,0.0,BU,5695900.0,11192300.0,False,0.0,10:29:46
19350.0,500,-600.0,0.0,BU,5695800.0,11192300.0,False,0.0,10:29:45
19350.0,2600,-600.0,0.0,BU,5695300.0,11192300.0,False,0.0,10:29:43
19350.0,1500,-600.0,0.0,BU,5692700.0,11192300.0,False,0.0,10:29:41
19350.0,200,-600.0,0.0,BU,5691200.0,11192300.0,False,0.0,10:29:40
19350.0,200,-600.0,0.0,BU,5691000.0,11192300.0,False,0.0,10:29:40
19350.0,300,-600.0,0.0,BU,5690800.0,11192300.0,False,0.0,10:29:39
19350.0,400,-600.0,0.0,BU,5690500.0,11192300.0,False,50.0,10:29:37
19300.0,800,-650.0,0.0,SD,5690100.0,11192300.0,False,0.0,10:29:37
19300.0,1000,-650.0,0.0,SD,5690100.0,11191500.0,False,0.0,10:29:37
19300.0,100,-650.0,0.0,SD,5690100.0,11190500.0,False,0.0,10:29:37
19300.0,100,-650.0,0.0,SD,5690100.0,11190400.0,False,-50.0,10:29:37
19350.0,2000,-600.0,0.0,BU,5690100.0,11190300.0,False,0.0,10:29:36
19350.0,100,-600.0,0.0,BU,5688100.0,11190300.0,False,0.0,10:29:35
19350.0,1000,-600.0,0.0,BU,5688000.0,11190300.0,False,0.0,10:29:34
19350.0,2000,-600.0,0.0,BU,5687000.0,11190300.0,False,50.0,10:29:32
19300.0,100,-650.0,0.0,SD,5685000.0,11190300.0,False,0.0,10:29:30
19300.0,1000,-650.0,0.0,SD,5685000.0,11190200.0,False,0.0,10:29:30
19300.0,1000,-650.0,0.0,SD,5685000.0,11189200.0,False,0.0,10:29:30
19300.0,400,-650.0,0.0,SD,5685000.0,11188200.0,False,0.0,10:29:30
19300.0,800,-650.0,0.0,SD,5685000.0,11187800.0,False,-50.0,10:29:30
19350.0,3000,-600.0,0.0,BU,5685000.0,11187000.0,False,50.0,10:29:29
19300.0,200,-650.0,0.0,SD,5682000.0,11187000.0,False,-50.0,10:29:29
19350.0,1000,-600.0,0.0,BU,5682000.0,11186800.0,False,0.0,10:29:28
19350.0,500,-600.0,0.0,BU,5681000.0,11186800.0,False,0.0,10:29:26
19350.0,2000,-600.0,0.0,BU,5680500.0,11186800.0,False,0.0,10:29:26
19350.0,2000,-600.0,0.0,BU,5678500.0,11186800.0,False,0.0,10:29:26
19350.0,100,-600.0,0.0,BU,5676500.0,11186800.0,False,0.0,10:29:24
19350.0,100,-600.0,0.0,BU,5676400.0,11186800.0,False,0.0,10:29:22
19350.0,2500,-600.0,0.0,BU,5676300.0,11186800.0,False,0.0,10:29:21
19350.0,300,-600.0,0.0,BU,5673800.0,11186800.0,False,50.0,10:29:20
19300.0,100,-650.0,0.0,SD,5673500.0,11186800.0,False,0.0,10:29:19
19300.0,100,-650.0,0.0,SD,5673500.0,11186700.0,False,0.0,10:29:19
19300.0,100,-650.0,0.0,SD,5673500.0,11186600.0,False,0.0,10:29:19
19300.0,500,-650.0,0.0,SD,5673500.0,11186500.0,False,0.0,10:29:19
19300.0,200,-650.0,0.0,SD,5673500.0,11186000.0,False,0.0,10:29:19
19300.0,300,-650.0,0.0,SD,5673500.0,11185800.0,False,0.0,10:29:19
19300.0,1000,-650.0,0.0,SD,5673500.0,11185500.0,False,0.0,10:29:19
19300.0,700,-650.0,0.0,SD,5673500.0,11184500.0,False,0.0,10:29:19
19300.0,700,-650.0,0.0,SD,5673500.0,11183800.0,False,-50.0,10:29:18
19350.0,800,-600.0,0.0,BU,5673500.0,11183100.0,False,50.0,10:29:17
19300.0,9700,-650.0,0.0,SD,5672700.0,11183100.0,False,-50.0,10:29:15
19350.0,200,-600.0,0.0,BU,5672700.0,11173400.0,False,0.0,10:29:15
19350.0,1000,-600.0,0.0,BU,5672500.0,11173400.0,False,0.0,10:29:11
19350.0,200,-600.0,0.0,BU,5671500.0,11173400.0,False,50.0,10:29:10
19300.0,3000,-650.0,0.0,SD,5671300.0,11173400.0,False,0.0,10:29:08
19300.0,2000,-650.0,0.0,SD,5671300.0,11170400.0,False,0.0,10:29:08
19300.0,1000,-650.0,0.0,SD,5671300.0,11168400.0,False,-50.0,10:29:07
19350.0,100,-600.0,0.0,BU,5671300.0,11167400.0,False,0.0,10:29:04
19350.0,100,-600.0,0.0,BU,5671200.0,11167400.0,False,0.0,10:29:03
19350.0,500,-600.0,0.0,BU,5671100.0,11167400.0,False,50.0,10:29:01
19300.0,2000,-650.0,0.0,SD,5670600.0,11167400.0,False,-50.0,10:29:01
19350.0,100,-600.0,0.0,BU,5670600.0,11165400.0,False,0.0,10:29:01
19350.0,300,-600.0,0.0,BU,5670500.0,11165400.0,False,0.0,10:28:58
19350.0,5000,-600.0,0.0,BU,5670200.0,11165400.0,False,50.0,10:28:56
19300.0,2700,-650.0,0.0,SD,5665200.0,11165400.0,False,-50.0,10:28:56
19350.0,1900,-600.0,0.0,BU,5665200.0,11162700.0,False,50.0,10:28:55
19300.0,4200,-650.0,0.0,SD,5663300.0,11162700.0,False,0.0,10:28:52
19300.0,200,-650.0,0.0,SD,5663300.0,11158500.0,False,0.0,10:28:52
19300.0,5600,-650.0,0.0,SD,5663300.0,11158300.0,False,-50.0,10:28:52
19350.0,100,-600.0,0.0,BU,5663300.0,11152700.0,False,50.0,10:28:50
19300.0,1000,-650.0,0.0,SD,5663200.0,11152700.0,False,-50.0,10:28:48
19350.0,100,-600.0,0.0,BU,5663200.0,11151700.0,False,0.0,10:28:48
19350.0,1100,-600.0,0.0,BU,5663100.0,11151700.0,False,0.0,10:28:48
19350.0,200,-600.0,0.0,BU,5662000.0,11151700.0,False,0.0,10:28:47
19350.0,200,-600.0,0.0,BU,5661800.0,11151700.0,False,0.0,10:28:45
19350.0,2000,-600.0,0.0,BU,5661600.0,11151700.0,False,50.0,10:28:44
19300.0,3400,-650.0,0.0,SD,5659600.0,11151700.0,False,0.0,10:28:43
19300.0,500,-650.0,0.0,SD,5659600.0,11148300.0,False,0.0,10:28:43
19300.0,500,-650.0,0.0,SD,5659600.0,11147800.0,False,0.0,10:28:43
19300.0,2500,-650.0,0.0,SD,5659600.0,11147300.0,False,0.0,10:28:43
19300.0,100,-650.0,0.0,SD,5659600.0,11144800.0,False,0.0,10:28:43
19300.0,100,-650.0,0.0,SD,5659600.0,11144700.0,False,0.0,10:28:43
19300.0,1000,-650.0,0.0,SD,5659600.0,11144600.0,False,0.0,10:28:43
19300.0,100,-650.0,0.0,SD,5659600.0,11143600.0,False,0.0,10:28:43
19300.0,1000,-650.0,0.0,SD,5659600.0,11143500.0,False,0.0,10:28:43
19300.0,800,-650.0,0.0,SD,5659600.0,11142500.0,False,-50.0,10:28:43
19350.0,100,-600.0,0.0,BU,5659600.0,11141700.0,False,50.0,10:28:43
19300.0,200,-650.0,0.0,SD,5659500.0,11141700.0,False,0.0,10:28:43
19300.0,100,-650.0,0.0,SD,5659500.0,11141500.0,False,0.0,10:28:43
19300.0,200,-650.0,0.0,SD,5659500.0,11141400.0,False,0.0,10:28:43
19300.0,2800,-650.0,0.0,SD,5659500.0,11141200.0,False,0.0,10:28:43
19300.0,100,-650.0,0.0,SD,5659500.0,11138400.0,False,0.0,10:28:43
19300.0,200,-650.0,0.0,SD,5659500.0,11138300.0,False,0.0,10:28:43
19300.0,5000,-650.0,0.0,SD,5659500.0,11138100.0,False,0.0,10:28:43
19300.0,500,-650.0,0.0,SD,5659500.0,11133100.0,False,0.0,10:28:43
19300.0,1000,-650.0,0.0,SD,5659500.0,11132600.0,False,0.0,10:28:43
19300.0,500,-650.0,0.0,SD,5659500.0,11131600.0,False,0.0,10:28:43
19300.0,100,-650.0,0.0,SD,5659500.0,11131100.0,False,0.0,10:28:43
19300.0,100,-650.0,0.0,SD,5659500.0,11131000.0,False,0.0,10:28:43
19300.0,1000,-650.0,0.0,SD,5659500.0,11130900.0,False,0.0,10:28:43
19300.0,1000,-650.0,0.0,SD,5659500.0,11129900.0,False,0.0,10:28:43
19300.0,200,-650.0,0.0,SD,5659500.0,11128900.0,False,0.0,10:28:43
19300.0,2000,-650.0,0.0,SD,5659500.0,11128700.0,False,0.0,10:28:43
19300.0,200,-650.0,0.0,SD,5659500.0,11126700.0,False,0.0,10:28:43
19300.0,100,-650.0,0.0,SD,5659500.0,11126500.0,False,0.0,10:28:43
19300.0,2000,-650.0,0.0,SD,5659500.0,11126400.0,False,0.0,10:28:43
19300.0,100,-650.0,0.0,SD,5659500.0,11124400.0,False,0.0,10:28:43
19300.0,100,-650.0,0.0,SD,5659500.0,11124300.0,False,0.0,10:28:43
19300.0,100,-650.0,0.0,SD,5659500.0,11124200.0,False,0.0,10:28:43
19300.0,1000,-650.0,0.0,SD,5659500.0,11124100.0,False,0.0,10:28:43
19300.0,200,-650.0,0.0,SD,5659500.0,11123100.0,False,0.0,10:28:43
19300.0,1200,-650.0,0.0,SD,5659500.0,11122900.0,False,-50.0,10:28:43
19350.0,100,-600.0,0.0,BU,5659500.0,11121700.0,False,0.0,10:28:42
19350.0,100,-600.0,0.0,BU,5659400.0,11121700.0,False,0.0,10:28:41
19350.0,100,-600.0,0.0,BU,5659300.0,11121700.0,False,0.0,10:28:39
19350.0,100,-600.0,0.0,BU,5659200.0,11121700.0,False,0.0,10:28:37
19350.0,300,-600.0,0.0,BU,5659100.0,11121700.0,False,50.0,10:28:37
19300.0,800,-650.0,0.0,SD,5658800.0,11121700.0,False,0.0,10:28:37
19300.0,500,-650.0,0.0,SD,5658800.0,11120900.0,False,0.0,10:28:37
19300.0,700,-650.0,0.0,SD,5658800.0,11120400.0,False,-50.0,10:28:37
19350.0,3500,-600.0,0.0,BU,5658800.0,11119700.0,False,0.0,10:28:36
19350.0,2000,-600.0,0.0,BU,5655300.0,11119700.0,False,0.0,10:28:35
19350.0,200,-600.0,0.0,BU,5653300.0,11119700.0,False,0.0,10:28:35
19350.0,200,-600.0,0.0,BU,5653100.0,11119700.0,False,0.0,10:28:35
19350.0,100,-600.0,0.0,BU,5652900.0,11119700.0,False,0.0,10:28:35
19350.0,500,-600.0,0.0,BU,5652800.0,11119700.0,False,50.0,10:28:33
19300.0,800,-650.0,0.0,SD,5652300.0,11119700.0,False,0.0,10:28:33
19300.0,200,-650.0,0.0,SD,5652300.0,11118900.0,False,0.0,10:28:33
19300.0,100,-650.0,0.0,SD,5652300.0,11118700.0,False,0.0,10:28:33
19300.0,500,-650.0,0.0,SD,5652300.0,11118600.0,False,0.0,10:28:33
19300.0,100,-650.0,0.0,SD,5652300.0,11118100.0,False,0.0,10:28:33
19300.0,100,-650.0,0.0,SD,5652300.0,11118000.0,False,0.0,10:28:33
19300.0,200,-650.0,0.0,SD,5652300.0,11117900.0,False,-50.0,10:28:33
19350.0,200,-600.0,0.0,BU,5652300.0,11117700.0,False,0.0,10:28:33
19350.0,200,-600.0,0.0,BU,5652100.0,11117700.0,False,0.0,10:28:30
19350.0,10000,-600.0,0.0,BU,5651900.0,11117700.0,False,0.0,10:28:26
19350.0,300,-600.0,0.0,BU,5641900.0,11117700.0,False,0.0,10:28:25
19350.0,1000,-600.0,0.0,BU,5641600.0,11117700.0,False,0.0,10:28:25
19350.0,1300,-600.0,0.0,SD,5640600.0,11117700.0,False,0.0,10:28:19
19350.0,5000,-600.0,0.0,SD,5640600.0,11116400.0,False,0.0,10:28:19
19350.0,200,-600.0,0.0,SD,5640600.0,11111400.0,False,0.0,10:28:19
19350.0,100,-600.0,0.0,SD,5640600.0,11111200.0,False,0.0,10:28:19
19350.0,100,-600.0,0.0,SD,5640600.0,11111100.0,False,0.0,10:28:19
19350.0,400,-600.0,0.0,SD,5640600.0,11111000.0,False,0.0,10:28:19
19350.0,4000,-600.0,0.0,SD,5640600.0,11110600.0,False,0.0,10:28:19
19350.0,200,-600.0,0.0,SD,5640600.0,11106600.0,False,0.0,10:28:19
19350.0,500,-600.0,0.0,SD,5640600.0,11106400.0,False,0.0,10:28:19
19350.0,1000,-600.0,0.0,SD,5640600.0,11105900.0,False,0.0,10:28:19
19350.0,1000,-600.0,0.0,SD,5640600.0,11104900.0,False,0.0,10:28:19
19350.0,400,-600.0,0.0,SD,5640600.0,11103900.0,False,0.0,10:28:19
19350.0,1000,-600.0,0.0,SD,5640600.0,11103500.0,False,0.0,10:28:19
19350.0,100,-600.0,0.0,SD,5640600.0,11102500.0,False,0.0,10:28:19
19350.0,100,-600.0,0.0,SD,5640600.0,11102400.0,False,0.0,10:28:19
19350.0,100,-600.0,0.0,SD,5640600.0,11102300.0,False,0.0,10:28:19
19350.0,500,-600.0,0.0,SD,5640600.0,11102200.0,False,0.0,10:28:19
19350.0,1900,-600.0,0.0,SD,5640600.0,11101700.0,False,0.0,10:28:19
19350.0,2000,-600.0,0.0,SD,5640600.0,11099800.0,False,0.0,10:28:19
19350.0,100,-600.0,0.0,SD,5640600.0,11097800.0,False,0.0,10:28:19
19350.0,100,-600.0,0.0,SD,5640600.0,11097700.0,False,0.0,10:28:19
19350.0,200,-600.0,0.0,SD,5640600.0,11097600.0,False,0.0,10:28:19
19350.0,3600,-600.0,0.0,SD,5640600.0,11097400.0,False,0.0,10:28:19
19350.0,200,-600.0,0.0,SD,5640600.0,11093800.0,False,0.0,10:28:19
19350.0,1000,-600.0,0.0,SD,5640600.0,11093600.0,False,0.0,10:28:19
19350.0,1800,-600.0,0.0,SD,5640600.0,11092600.0,False,0.0,10:28:19
19350.0,5000,-600.0,0.0,SD,5640600.0,11090800.0,False,0.0,10:28:19
19350.0,100,-600.0,0.0,SD,5640600.0,11085800.0,False,0.0,10:28:19
19350.0,300,-600.0,0.0,SD,5640600.0,11085700.0,False,0.0,10:28:19
19350.0,2900,-600.0,0.0,SD,5640600.0,11085400.0,False,0.0,10:28:19
19350.0,100,-600.0,0.0,SD,5640600.0,11082500.0,False,0.0,10:28:19
19350.0,1500,-600.0,0.0,SD,5640600.0,11082400.0,False,0.0,10:28:19
19350.0,2000,-600.0,0.0,SD,5640600.0,11080900.0,False,0.0,10:28:19
19350.0,200,-600.0,0.0,SD,5640600.0,11078900.0,False,0.0,10:28:19
19350.0,5200,-600.0,0.0,SD,5640600.0,11078700.0,False,0.0,10:28:19
19350.0,500,-600.0,0.0,SD,5640600.0,11073500.0,False,0.0,10:28:19
19350.0,800,-600.0,0.0,SD,5640600.0,11073000.0,False,0.0,10:28:19
19350.0,900,-600.0,0.0,SD,5640600.0,11072200.0,False,0.0,10:28:19
19350.0,1000,-600.0,0.0,SD,5640600.0,11071300.0,False,0.0,10:28:19
19350.0,100,-600.0,0.0,SD,5640600.0,11070300.0,False,0.0,10:28:19
19350.0,1300,-600.0,0.0,SD,5640600.0,11070200.0,False,0.0,10:28:19
19350.0,1500,-600.0,0.0,SD,5640600.0,11068900.0,False,0.0,10:28:19
19350.0,2500,-600.0,0.0,SD,5640600.0,11067400.0,False,0.0,10:28:19
19350.0,2000,-600.0,0.0,SD,5640600.0,11064900.0,False,0.0,10:28:19
19350.0,800,-600.0,0.0,SD,5640600.0,11062900.0,False,0.0,10:28:19
19350.0,3500,-600.0,0.0,SD,5640600.0,11062100.0,False,0.0,10:28:19
19350.0,100,-600.0,0.0,SD,5640600.0,11058600.0,False,0.0,10:28:19
19350.0,1000,-600.0,0.0,SD,5640600.0,11058500.0,False,0.0,10:28:19
19350.0,10000,-600.0,0.0,SD,5640600.0,11057500.0,False,0.0,10:28:19
19350.0,500,-600.0,0.0,SD,5640600.0,11047500.0,False,0.0,10:28:19
19350.0,200,-600.0,0.0,SD,5640600.0,11047000.0,False,0.0,10:28:19
19350.0,1600,-600.0,0.0,SD,5640600.0,11046800.0,False,0.0,10:28:19
19350.0,100,-600.0,0.0,SD,5640600.0,11045200.0,False,0.0,10:28:19
19350.0,1000,-600.0,0.0,SD,5640600.0,11045100.0,False,0.0,10:28:19
19350.0,100,-600.0,0.0,SD,5640600.0,11044100.0,False,0.0,10:28:19
19350.0,300,-600.0,0.0,SD,5640600.0,11044000.0,False,0.0,10:28:19
19350.0,10000,-600.0,0.0,SD,5640600.0,11043700.0,False,0.0,10:28:19
19350.0,1000,-600.0,0.0,SD,5640600.0,11033700.0,False,0.0,10:28:19
19350.0,100,-600.0,0.0,SD,5640600.0,11032700.0,False,0.0,10:28:19
19350.0,400,-600.0,0.0,SD,5640600.0,11032600.0,False,0.0,10:28:19
19350.0,2000,-600.0,0.0,SD,5640600.0,11032200.0,False,0.0,10:28:19
19350.0,1000,-600.0,0.0,SD,5640600.0,11030200.0,False,0.0,10:28:19
19350.0,5000,-600.0,0.0,SD,5640600.0,11029200.0,False,0.0,10:28:19
19350.0,1400,-600.0,0.0,SD,5640600.0,11024200.0,False,0.0,10:28:19
19350.0,200,-600.0,0.0,SD,5640600.0,11022800.0,False,0.0,10:28:19
19350.0,100,-600.0,0.0,SD,5640600.0,11022600.0,False,0.0,10:28:19
19350.0,1500,-600.0,0.0,SD,5640600.0,11022500.0,False,0.0,10:28:19
19350.0,1000,-600.0,0.0,SD,5640600.0,11021000.0,False,0.0,10:28:19
19350.0,400,-600.0,0.0,SD,5640600.0,11020000.0,False,0.0,10:28:19
19350.0,12500,-600.0,0.0,SD,5640600.0,11019600.0,True,0.0,10:28:19
19350.0,1000,-600.0,0.0,SD,5640600.0,11007100.0,False,0.0,10:28:19
19350.0,1000,-600.0,0.0,SD,5640600.0,11006100.0,False,0.0,10:28:19
19350.0,5000,-600.0,0.0,SD,5640600.0,11005100.0,False,0.0,10:28:19
19350.0,10000,-600.0,0.0,SD,5640600.0,11000100.0,False,0.0,10:28:19
19350.0,500,-600.0,0.0,SD,5640600.0,10990100.0,False,0.0,10:28:19
19350.0,1000,-600.0,0.0,SD,5640600.0,10989600.0,False,0.0,10:28:19
19350.0,100,-600.0,0.0,SD,5640600.0,10988600.0,False,0.0,10:28:19
19350.0,500,-600.0,0.0,SD,5640600.0,10988500.0,False,0.0,10:28:19
19350.0,3300,-600.0,0.0,SD,5640600.0,10988000.0,False,0.0,10:28:19
19350.0,800,-600.0,0.0,SD,5640600.0,10984700.0,False,0.0,10:28:19
19350.0,1000,-600.0,0.0,SD,5640600.0,10983900.0,False,0.0,10:28:19
19350.0,100,-600.0,0.0,SD,5640600.0,10982900.0,False,0.0,10:28:19
19350.0,200,-600.0,0.0,SD,5640600.0,10982800.0,False,0.0,10:28:19
19350.0,2000,-600.0,0.0,SD,5640600.0,10982600.0,False,0.0,10:28:19
19350.0,1000,-600.0,0.0,SD,5640600.0,10980600.0,False,0.0,10:28:19
19350.0,10000,-600.0,0.0,SD,5640600.0,10979600.0,False,0.0,10:28:19
19350.0,100,-600.0,0.0,SD,5640600.0,10969600.0,False,0.0,10:28:19
19350.0,200,-600.0,0.0,SD,5640600.0,10969500.0,False,0.0,10:28:19
19350.0,100,-600.0,0.0,SD,5640600.0,10969300.0,False,0.0,10:28:19
19350.0,100,-600.0,0.0,SD,5640600.0,10969200.0,False,0.0,10:28:19
19350.0,1200,-600.0,0.0,SD,5640600.0,10969100.0,False,0.0,10:28:19
19350.0,500,-600.0,0.0,SD,5640600.0,10967900.0,False,0.0,10:28:19
19350.0,200,-600.0,0.0,SD,5640600.0,10967400.0,False,0.0,10:28:19
19350.0,100000,-600.0,0.0,SD,5640600.0,10967200.0,True,0.0,10:28:19
19350.0,100,-600.0,0.0,SD,5640600.0,10867200.0,False,0.0,10:28:19
19350.0,500,-600.0,0.0,SD,5640600.0,10867100.0,False,0.0,10:28:19
19350.0,300,-600.0,0.0,SD,5640600.0,10866600.0,False,0.0,10:28:19
19350.0,100,-600.0,0.0,SD,5640600.0,10866300.0,False,0.0,10:28:19
19350.0,3000,-600.0,0.0,SD,5640600.0,10866200.0,False,0.0,10:28:19
19350.0,2000,-600.0,0.0,SD,5640600.0,10863200.0,False,0.0,10:28:19
19350.0,100,-600.0,0.0,SD,5640600.0,10861200.0,False,0.0,10:28:19
19350.0,100,-600.0,0.0,SD,5640600.0,10861100.0,False,0.0,10:28:19
19350.0,500,-600.0,0.0,SD,5640600.0,10861000.0,False,0.0,10:28:19
19350.0,3000,-600.0,0.0,SD,5640600.0,10860500.0,False,0.0,10:28:19
19350.0,200,-600.0,0.0,SD,5640600.0,10857500.0,False,0.0,10:28:19
19350.0,400,-600.0,0.0,SD,5640600.0,10857300.0,False,0.0,10:28:19
19350.0,1000,-600.0,0.0,SD,5640600.0,10856900.0,False,0.0,10:28:19
19350.0,100,-600.0,0.0,SD,5640600.0,10855900.0,False,0.0,10:28:19
19350.0,100,-600.0,0.0,SD,5640600.0,10855800.0,False,0.0,10:28:19
19350.0,100,-600.0,0.0,SD,5640600.0,10855700.0,False,0.0,10:28:19
19350.0,5000,-600.0,0.0,SD,5640600.0,10855600.0,False,0.0,10:28:19
19350.0,1000,-600.0,0.0,SD,5640600.0,10850600.0,False,0.0,10:28:19
19350.0,2000,-600.0,0.0,SD,5640600.0,10849600.0,False,0.0,10:28:19
19350.0,600,-600.0,0.0,SD,5640600.0,10847600.0,False,0.0,10:28:19
19350.0,500,-600.0,0.0,SD,5640600.0,10847000.0,False,0.0,10:28:19
19350.0,1000,-600.0,0.0,SD,5640600.0,10846500.0,False,0.0,10:28:19
19350.0,5000,-600.0,0.0,SD,5640600.0,10845500.0,False,0.0,10:28:19
19350.0,300,-600.0,0.0,SD,5640600.0,10840500.0,False,0.0,10:28:19
19350.0,100,-600.0,0.0,SD,5640600.0,10840200.0,False,0.0,10:28:19
19350.0,800,-600.0,0.0,SD,5640600.0,10840100.0,False,0.0,10:28:19
19350.0,100,-600.0,0.0,SD,5640600.0,10839300.0,False,0.0,10:28:19
19350.0,1000,-600.0,0.0,SD,5640600.0,10839200.0,False,0.0,10:28:19
19350.0,2000,-600.0,0.0,SD,5640600.0,10838200.0,False,0.0,10:28:19
19350.0,1000,-600.0,0.0,SD,5640600.0,10836200.0,False,0.0,10:28:19
19350.0,500,-600.0,0.0,SD,5640600.0,10835200.0,False,0.0,10:28:19
19350.0,400,-600.0,0.0,SD,5640600.0,10834700.0,False,0.0,10:28:19
19350.0,1000,-600.0,0.0,SD,5640600.0,10834300.0,False,0.0,10:28:19
19350.0,200,-600.0,0.0,SD,5640600.0,10833300.0,False,0.0,10:28:19
19350.0,100,-600.0,0.0,SD,5640600.0,10833100.0,False,0.0,10:28:19
19350.0,1000,-600.0,0.0,SD,5640600.0,10833000.0,False,0.0,10:28:19
19350.0,200,-600.0,0.0,SD,5640600.0,10832000.0,False,0.0,10:28:19
19350.0,800,-600.0,0.0,SD,5640600.0,10831800.0,False,0.0,10:28:19
19350.0,200,-600.0,0.0,SD,5640600.0,10831000.0,False,0.0,10:28:19
19350.0,100,-600.0,0.0,SD,5640600.0,10830800.0,False,0.0,10:28:19
19350.0,100,-600.0,0.0,SD,5640600.0,10830700.0,False,0.0,10:28:19
19350.0,100,-600.0,0.0,SD,5640600.0,10830600.0,False,0.0,10:28:19
19350.0,1000,-600.0,0.0,SD,5640600.0,10830500.0,False,0.0,10:28:19
19350.0,500,-600.0,0.0,SD,5640600.0,10829500.0,False,0.0,10:28:19
19350.0,500,-600.0,0.0,SD,5640600.0,10829000.0,False,0.0,10:28:19
19350.0,100,-600.0,0.0,SD,5640600.0,10828500.0,False,0.0,10:28:19
19350.0,500,-600.0,0.0,SD,5640600.0,10828400.0,False,0.0,10:28:19
19350.0,200,-600.0,0.0,SD,5640600.0,10827900.0,False,0.0,10:28:19
19350.0,500,-600.0,0.0,SD,5640600.0,10827700.0,False,0.0,10:28:19
19350.0,1000,-600.0,0.0,SD,5640600.0,10827200.0,False,0.0,10:28:19
19350.0,3000,-600.0,0.0,SD,5640600.0,10826200.0,False,0.0,10:28:19
19350.0,200,-600.0,0.0,SD,5640600.0,10823200.0,False,0.0,10:28:19
19350.0,1000,-600.0,0.0,SD,5640600.0,10823000.0,False,0.0,10:28:19
19350.0,1000,-600.0,0.0,SD,5640600.0,10822000.0,False,0.0,10:28:19
19350.0,100,-600.0,0.0,SD,5640600.0,10821000.0,False,0.0,10:28:19
19350.0,100,-600.0,0.0,SD,5640600.0,10820900.0,False,0.0,10:28:19
19350.0,300,-600.0,0.0,SD,5640600.0,10820800.0,False,0.0,10:28:19
19350.0,5000,-600.0,0.0,SD,5640600.0,10820500.0,False,0.0,10:28:19
19350.0,400,-600.0,0.0,SD,5640600.0,10815500.0,False,0.0,10:28:19
19350.0,300,-600.0,0.0,SD,5640600.0,10815100.0,False,0.0,10:28:19
19350.0,3000,-600.0,0.0,SD,5640600.0,10814800.0,False,0.0,10:28:19
19350.0,100,-600.0,0.0,SD,5640600.0,10811800.0,False,0.0,10:28:19
19350.0,300,-600.0,0.0,SD,5640600.0,10811700.0,False,0.0,10:28:19
19350.0,200,-600.0,0.0,SD,5640600.0,10811400.0,False,0.0,10:28:19
19350.0,7500,-600.0,0.0,SD,5640600.0,10811200.0,False,0.0,10:28:19
19350.0,200,-600.0,0.0,SD,5640600.0,10803700.0,False,0.0,10:28:19
19350.0,100,-600.0,0.0,SD,5640600.0,10803500.0,False,0.0,10:28:19
19350.0,500,-600.0,0.0,SD,5640600.0,10803400.0,False,0.0,10:28:19
19350.0,1600,-600.0,0.0,SD,5640600.0,10802900.0,False,0.0,10:28:19
19350.0,1400,-600.0,0.0,SD,5640600.0,10801300.0,False,0.0,10:28:18
19350.0,100,-600.0,0.0,SD,5640600.0,10799900.0,False,0.0,10:28:18
19350.0,2000,-600.0,0.0,SD,5640600.0,10799800.0,False,0.0,10:28:18
19350.0,400,-600.0,0.0,SD,5640600.0,10797800.0,False,0.0,10:28:18
19350.0,1100,-600.0,0.0,SD,5640600.0,10797400.0,False,-50.0,10:28:18
19400.0,300,-550.0,0.0,BU,5640600.0,10796300.0,False,50.0,10:28:17
19350.0,1900,-600.0,0.0,SD,5640300.0,10796300.0,False,0.0,10:28:17
19350.0,5000,-600.0,0.0,SD,5640300.0,10794400.0,False,0.0,10:28:17
19350.0,300,-600.0,0.0,SD,5640300.0,10789400.0,False,0.0,10:28:17
19350.0,400,-600.0,0.0,SD,5640300.0,10789100.0,False,0.0,10:28:16
19350.0,500,-600.0,0.0,SD,5640300.0,10788700.0,False,0.0,10:28:16
19350.0,100,-600.0,0.0,SD,5640300.0,10788200.0,False,0.0,10:28:16
19350.0,1000,-600.0,0.0,SD,5640300.0,10788100.0,False,0.0,10:28:16
19350.0,100,-600.0,0.0,SD,5640300.0,10787100.0,False,0.0,10:28:16
19350.0,1900,-600.0,0.0,SD,5640300.0,10787000.0,False,0.0,10:28:16
19350.0,100,-600.0,0.0,SD,5640300.0,10785100.0,False,0.0,10:28:16
19350.0,300,-600.0,0.0,SD,5640300.0,10785000.0,False,0.0,10:28:16
19350.0,2000,-600.0,0.0,SD,5640300.0,10784700.0,False,0.0,10:28:16
19350.0,15500,-600.0,0.0,SD,5640300.0,10782700.0,True,0.0,10:28:16
19350.0,200,-600.0,0.0,SD,5640300.0,10767200.0,False,0.0,10:28:16
19350.0,4000,-600.0,0.0,SD,5640300.0,10767000.0,False,0.0,10:28:16
19350.0,200,-600.0,0.0,SD,5640300.0,10763000.0,False,0.0,10:28:16
19350.0,100,-600.0,0.0,SD,5640300.0,10762800.0,False,0.0,10:28:16
19350.0,500,-600.0,0.0,SD,5640300.0,10762700.0,False,0.0,10:28:16
19350.0,500,-600.0,0.0,SD,5640300.0,10762200.0,False,0.0,10:28:16
19350.0,300,-600.0,0.0,SD,5640300.0,10761700.0,False,0.0,10:28:16
19350.0,600,-600.0,0.0,SD,5640300.0,10761400.0,False,0.0,10:28:16
19350.0,200,-600.0,0.0,SD,5640300.0,10760800.0,False,0.0,10:28:16
19350.0,200,-600.0,0.0,SD,5640300.0,10760600.0,False,0.0,10:28:16
19350.0,100,-600.0,0.0,SD,5640300.0,10760400.0,False,0.0,10:28:16
19350.0,100,-600.0,0.0,SD,5640300.0,10760300.0,False,0.0,10:28:16
19350.0,1400,-600.0,0.0,SD,5640300.0,10760200.0,False,0.0,10:28:16
19350.0,1000,-600.0,0.0,SD,5640300.0,10758800.0,False,0.0,10:28:16
19350.0,2000,-600.0,0.0,SD,5640300.0,10757800.0,False,0.0,10:28:16
19350.0,100,-600.0,0.0,SD,5640300.0,10755800.0,False,0.0,10:28:16
19350.0,5000,-600.0,0.0,SD,5640300.0,10755700.0,False,0.0,10:28:16
19350.0,1000,-600.0,0.0,SD,5640300.0,10750700.0,False,0.0,10:28:16
19350.0,1000,-600.0,0.0,SD,5640300.0,10749700.0,False,0.0,10:28:16
19350.0,200,-600.0,0.0,SD,5640300.0,10748700.0,False,0.0,10:28:16
19350.0,200,-600.0,0.0,SD,5640300.0,10748500.0,False,0.0,10:28:16
19350.0,300,-600.0,0.0,SD,5640300.0,10748300.0,False,0.0,10:28:16
19350.0,100,-600.0,0.0,SD,5640300.0,10748000.0,False,0.0,10:28:16
19350.0,1300,-600.0,0.0,SD,5640300.0,10747900.0,False,0.0,10:28:16
19350.0,100,-600.0,0.0,SD,5640300.0,10746600.0,False,0.0,10:28:16
19350.0,200,-600.0,0.0,SD,5640300.0,10746500.0,False,-50.0,10:28:16
19400.0,100,-550.0,0.0,BU,5640300.0,10746300.0,False,0.0,10:28:16
19400.0,5000,-550.0,0.0,BU,5640200.0,10746300.0,False,50.0,10:28:15
19350.0,100,-600.0,0.0,SD,5635200.0,10746300.0,False,0.0,10:28:14
19350.0,800,-600.0,0.0,SD,5635200.0,10746200.0,False,0.0,10:28:14
19350.0,100,-600.0,0.0,SD,5635200.0,10745400.0,False,0.0,10:28:14
19350.0,100,-600.0,0.0,SD,5635200.0,10745300.0,False,0.0,10:28:14
19350.0,100,-600.0,0.0,SD,5635200.0,10745200.0,False,0.0,10:28:14
19350.0,200,-600.0,0.0,SD,5635200.0,10745100.0,False,0.0,10:28:14
19350.0,3000,-600.0,0.0,SD,5635200.0,10744900.0,False,0.0,10:28:14
19350.0,600,-600.0,0.0,SD,5635200.0,10741900.0,False,0.0,10:28:14
19350.0,100,-600.0,0.0,SD,5635200.0,10741300.0,False,0.0,10:28:14
19350.0,300,-600.0,0.0,SD,5635200.0,10741200.0,False,0.0,10:28:14
19350.0,900,-600.0,0.0,SD,5635200.0,10740900.0,False,0.0,10:28:14
19350.0,100,-600.0,0.0,SD,5635200.0,10740000.0,False,0.0,10:28:14
19350.0,400,-600.0,0.0,SD,5635200.0,10739900.0,False,0.0,10:28:14
19350.0,500,-600.0,0.0,SD,5635200.0,10739500.0,False,0.0,10:28:14
19350.0,1000,-600.0,0.0,SD,5635200.0,10739000.0,False,0.0,10:28:14
19350.0,100,-600.0,0.0,SD,5635200.0,10738000.0,False,0.0,10:28:14
19350.0,100,-600.0,0.0,SD,5635200.0,10737900.0,False,0.0,10:28:14
19350.0,100,-600.0,0.0,SD,5635200.0,10737800.0,False,0.0,10:28:14
19350.0,100,-600.0,0.0,SD,5635200.0,10737700.0,False,0.0,10:28:14
19350.0,500,-600.0,0.0,SD,5635200.0,10737600.0,False,0.0,10:28:14
19350.0,1000,-600.0,0.0,SD,5635200.0,10737100.0,False,0.0,10:28:14
19350.0,2000,-600.0,0.0,SD,5635200.0,10736100.0,False,0.0,10:28:14
19350.0,200,-600.0,0.0,SD,5635200.0,10734100.0,False,0.0,10:28:14
19350.0,100,-600.0,0.0,SD,5635200.0,10733900.0,False,0.0,10:28:14
19350.0,200,-600.0,0.0,SD,5635200.0,10733800.0,False,0.0,10:28:14
19350.0,100,-600.0,0.0,SD,5635200.0,10733600.0,False,0.0,10:28:14
19350.0,7200,-600.0,0.0,SD,5635200.0,10733500.0,False,0.0,10:28:14
19350.0,13400,-600.0,0.0,SD,5635200.0,10726300.0,True,0.0,10:28:12
19350.0,300,-600.0,0.0,SD,5635200.0,10712900.0,False,0.0,10:28:12
19350.0,1100,-600.0,0.0,SD,5635200.0,10712600.0,False,0.0,10:28:12
19350.0,400,-600.0,0.0,SD,5635200.0,10711500.0,False,0.0,10:28:12
19350.0,1000,-600.0,0.0,SD,5635200.0,10711100.0,False,0.0,10:28:12
19350.0,10000,-600.0,0.0,SD,5635200.0,10710100.0,False,0.0,10:28:12
19350.0,1000,-600.0,0.0,SD,5635200.0,10700100.0,False,0.0,10:28:12
19350.0,1000,-600.0,0.0,SD,5635200.0,10699100.0,False,0.0,10:28:12
19350.0,1000,-600.0,0.0,SD,5635200.0,10698100.0,False,0.0,10:28:12
19350.0,5000,-600.0,0.0,SD,5635200.0,10697100.0,False,0.0,10:28:12
19350.0,200,-600.0,0.0,SD,5635200.0,10692100.0,False,0.0,10:28:12
19350.0,1000,-600.0,0.0,SD,5635200.0,10691900.0,False,0.0,10:28:12
19350.0,5000,-600.0,0.0,SD,5635200.0,10690900.0,False,0.0,10:28:12
19350.0,300,-600.0,0.0,SD,5635200.0,10685900.0,False,0.0,10:28:12
19350.0,200,-600.0,0.0,SD,5635200.0,10685600.0,False,0.0,10:28:12
19350.0,200,-600.0,0.0,SD,5635200.0,10685400.0,False,0.0,10:28:12
19350.0,1000,-600.0,0.0,SD,5635200.0,10685200.0,False,0.0,10:28:12
19350.0,300,-600.0,0.0,SD,5635200.0,10684200.0,False,0.0,10:28:12
19350.0,100,-600.0,0.0,SD,5635200.0,10683900.0,False,0.0,10:28:12
19350.0,300,-600.0,0.0,SD,5635200.0,10683800.0,False,0.0,10:28:12
19350.0,100,-600.0,0.0,SD,5635200.0,10683500.0,False,0.0,10:28:12
19350.0,1500,-600.0,0.0,SD,5635200.0,10683400.0,False,0.0,10:28:12
19350.0,300,-600.0,0.0,SD,5635200.0,10681900.0,False,0.0,10:28:12
19350.0,1000,-600.0,0.0,SD,5635200.0,10681600.0,False,0.0,10:28:12
19350.0,200,-600.0,0.0,SD,5635200.0,10680600.0,False,0.0,10:28:12
19350.0,100,-600.0,0.0,SD,5635200.0,10680400.0,False,0.0,10:28:12
19350.0,300,-600.0,0.0,SD,5635200.0,10680300.0,False,0.0,10:28:12
19350.0,200,-600.0,0.0,SD,5635200.0,10680000.0,False,0.0,10:28:12
19350.0,100,-600.0,0.0,SD,5635200.0,10679800.0,False,0.0,10:28:12
19350.0,500,-600.0,0.0,SD,5635200.0,10679700.0,False,0.0,10:28:12
19350.0,500,-600.0,0.0,SD,5635200.0,10679200.0,False,0.0,10:28:12
19350.0,200,-600.0,0.0,SD,5635200.0,10678700.0,False,0.0,10:28:12
19350.0,500,-600.0,0.0,SD,5635200.0,10678500.0,False,0.0,10:28:12
19350.0,400,-600.0,0.0,SD,5635200.0,10678000.0,False,0.0,10:28:12
19350.0,1000,-600.0,0.0,SD,5635200.0,10677600.0,False,0.0,10:28:12
19350.0,100,-600.0,0.0,SD,5635200.0,10676600.0,False,0.0,10:28:12
19350.0,100,-600.0,0.0,SD,5635200.0,10676500.0,False,0.0,10:28:12
19350.0,100,-600.0,0.0,SD,5635200.0,10676400.0,False,0.0,10:28:12
19350.0,7600,-600.0,0.0,SD,5635200.0,10676300.0,False,0.0,10:28:12
19350.0,1000,-600.0,0.0,SD,5635200.0,10668700.0,False,0.0,10:28:12
19350.0,200,-600.0,0.0,SD,5635200.0,10667700.0,False,0.0,10:28:12
19350.0,300,-600.0,0.0,SD,5635200.0,10667500.0,False,0.0,10:28:12
19350.0,1000,-600.0,0.0,SD,5635200.0,10667200.0,False,0.0,10:28:12
19350.0,1500,-600.0,0.0,SD,5635200.0,10666200.0,False,0.0,10:28:12
19350.0,300,-600.0,0.0,SD,5635200.0,10664700.0,False,0.0,10:28:12
19350.0,200,-600.0,0.0,SD,5635200.0,10664400.0,False,0.0,10:28:12
19350.0,500,-600.0,0.0,SD,5635200.0,10664200.0,False,0.0,10:28:12
19350.0,300,-600.0,0.0,SD,5635200.0,10663700.0,False,0.0,10:28:12
19350.0,2000,-600.0,0.0,SD,5635200.0,10663400.0,False,0.0,10:28:12
19350.0,4000,-600.0,0.0,SD,5635200.0,10661400.0,False,0.0,10:28:12
19350.0,1000,-600.0,0.0,SD,5635200.0,10657400.0,False,0.0,10:28:12
19350.0,100,-600.0,0.0,SD,5635200.0,10656400.0,False,0.0,10:28:12
19350.0,200,-600.0,0.0,SD,5635200.0,10656300.0,False,0.0,10:28:12
19350.0,100,-600.0,0.0,SD,5635200.0,10656100.0,False,0.0,10:28:12
19350.0,100,-600.0,0.0,SD,5635200.0,10656000.0,False,0.0,10:28:12
19350.0,500,-600.0,0.0,SD,5635200.0,10655900.0,False,0.0,10:28:12
19350.0,1000,-600.0,0.0,SD,5635200.0,10655400.0,False,0.0,10:28:12
19350.0,200,-600.0,0.0,SD,5635200.0,10654400.0,False,0.0,10:28:12
19350.0,400,-600.0,0.0,SD,5635200.0,10654200.0,False,0.0,10:28:12
19350.0,10000,-600.0,0.0,SD,5635200.0,10653800.0,False,0.0,10:28:12
19350.0,1000,-600.0,0.0,SD,5635200.0,10643800.0,False,0.0,10:28:12
19350.0,500,-600.0,0.0,SD,5635200.0,10642800.0,False,0.0,10:28:12
19350.0,100,-600.0,0.0,SD,5635200.0,10642300.0,False,0.0,10:28:12
19350.0,200,-600.0,0.0,SD,5635200.0,10642200.0,False,0.0,10:28:12
19350.0,5000,-600.0,0.0,SD,5635200.0,10642000.0,False,0.0,10:28:12
19350.0,100,-600.0,0.0,SD,5635200.0,10637000.0,False,0.0,10:28:12
19350.0,5000,-600.0,0.0,SD,5635200.0,10636900.0,False,0.0,10:28:12
19350.0,100,-600.0,0.0,SD,5635200.0,10631900.0,False,0.0,10:28:12
19350.0,2000,-600.0,0.0,SD,5635200.0,10631800.0,False,0.0,10:28:12
19350.0,1000,-600.0,0.0,SD,5635200.0,10629800.0,False,0.0,10:28:12
19350.0,2500,-600.0,0.0,SD,5635200.0,10628800.0,False,0.0,10:28:12
19350.0,2900,-600.0,0.0,SD,5635200.0,10626300.0,False,0.0,10:28:11
19350.0,8000,-600.0,0.0,SD,5635200.0,10623400.0,False,-50.0,10:28:11
19400.0,100,-550.0,0.0,BU,5635200.0,10615400.0,False,0.0,10:28:08
19400.0,100,-550.0,0.0,BU,5635100.0,10615400.0,False,0.0,10:28:06
19400.0,200,-550.0,0.0,BU,5635000.0,10615400.0,False,0.0,10:28:00
19400.0,100,-550.0,0.0,BU,5634800.0,10615400.0,False,50.0,10:28:00
19350.0,300,-600.0,0.0,SD,5634700.0,10615400.0,False,0.0,10:27:58
19350.0,1000,-600.0,0.0,SD,5634700.0,10615100.0,False,0.0,10:27:58
19350.0,1000,-600.0,0.0,SD,5634700.0,10614100.0,False,0.0,10:27:56
19350.0,2200,-600.0,0.0,SD,5634700.0,10613100.0,False,0.0,10:27:55
19350.0,2000,-600.0,0.0,SD,5634700.0,10610900.0,False,0.0,10:27:55
19350.0,600,-600.0,0.0,SD,5634700.0,10608900.0,False,0.0,10:27:55
19350.0,500,-600.0,0.0,SD,5634700.0,10608300.0,False,0.0,10:27:55
19350.0,500,-600.0,0.0,SD,5634700.0,10607800.0,False,0.0,10:27:55
19350.0,100,-600.0,0.0,SD,5634700.0,10607300.0,False,0.0,10:27:55
19350.0,100,-600.0,0.0,SD,5634700.0,10607200.0,False,0.0,10:27:55
19350.0,100,-600.0,0.0,SD,5634700.0,10607100.0,False,0.0,10:27:55
19350.0,14000,-600.0,0.0,SD,5634700.0,10607000.0,True,0.0,10:27:55
19350.0,6000,-600.0,0.0,SD,5634700.0,10593000.0,False,0.0,10:27:55
19350.0,100,-600.0,0.0,SD,5634700.0,10587000.0,False,0.0,10:27:55
19350.0,100,-600.0,0.0,SD,5634700.0,10586900.0,False,0.0,10:27:55
19350.0,4000,-600.0,0.0,SD,5634700.0,10586800.0,False,0.0,10:27:55
19350.0,500,-600.0,0.0,SD,5634700.0,10582800.0,False,0.0,10:27:55
19350.0,100,-600.0,0.0,SD,5634700.0,10582300.0,False,0.0,10:27:55
19350.0,4500,-600.0,0.0,SD,5634700.0,10582200.0,False,0.0,10:27:55
19350.0,500,-600.0,0.0,SD,5634700.0,10577700.0,False,0.0,10:27:55
19350.0,10000,-600.0,0.0,SD,5634700.0,10577200.0,False,0.0,10:27:55
19350.0,500,-600.0,0.0,SD,5634700.0,10567200.0,False,0.0,10:27:55
19350.0,100,-600.0,0.0,SD,5634700.0,10566700.0,False,0.0,10:27:55
19350.0,100,-600.0,0.0,SD,5634700.0,10566600.0,False,0.0,10:27:55
19350.0,500,-600.0,0.0,SD,5634700.0,10566500.0,False,0.0,10:27:55
19350.0,100,-600.0,0.0,SD,5634700.0,10566000.0,False,0.0,10:27:55
19350.0,1000,-600.0,0.0,SD,5634700.0,10565900.0,False,0.0,10:27:55
19350.0,1000,-600.0,0.0,SD,5634700.0,10564900.0,False,0.0,10:27:55
19350.0,1000,-600.0,0.0,SD,5634700.0,10563900.0,False,0.0,10:27:55
19350.0,500,-600.0,0.0,SD,5634700.0,10562900.0,False,0.0,10:27:55
19350.0,100,-600.0,0.0,SD,5634700.0,10562400.0,False,0.0,10:27:55
19350.0,500,-600.0,0.0,SD,5634700.0,10562300.0,False,0.0,10:27:55
19350.0,100,-600.0,0.0,SD,5634700.0,10561800.0,False,0.0,10:27:55
19350.0,100,-600.0,0.0,SD,5634700.0,10561700.0,False,0.0,10:27:55
19350.0,500,-600.0,0.0,SD,5634700.0,10561600.0,False,0.0,10:27:55
19350.0,1000,-600.0,0.0,SD,5634700.0,10561100.0,False,0.0,10:27:55
19350.0,1000,-600.0,0.0,SD,5634700.0,10560100.0,False,0.0,10:27:55
19350.0,1000,-600.0,0.0,SD,5634700.0,10559100.0,False,0.0,10:27:55
19350.0,800,-600.0,0.0,SD,5634700.0,10558100.0,False,0.0,10:27:55
19350.0,100,-600.0,0.0,SD,5634700.0,10557300.0,False,0.0,10:27:55
19350.0,200,-600.0,0.0,SD,5634700.0,10557200.0,False,0.0,10:27:55
19350.0,200,-600.0,0.0,SD,5634700.0,10557000.0,False,0.0,10:27:55
19350.0,100,-600.0,0.0,SD,5634700.0,10556800.0,False,0.0,10:27:55
19350.0,300,-600.0,0.0,SD,5634700.0,10556700.0,False,0.0,10:27:55
19350.0,300,-600.0,0.0,SD,5634700.0,10556400.0,False,0.0,10:27:55
19350.0,500,-600.0,0.0,SD,5634700.0,10556100.0,False,0.0,10:27:55
19350.0,100,-600.0,0.0,SD,5634700.0,10555600.0,False,0.0,10:27:55
19350.0,100,-600.0,0.0,SD,5634700.0,10555500.0,False,0.0,10:27:55
19350.0,2000,-600.0,0.0,SD,5634700.0,10555400.0,False,0.0,10:27:55
19350.0,100,-600.0,0.0,SD,5634700.0,10553400.0,False,0.0,10:27:55
19350.0,200,-600.0,0.0,SD,5634700.0,10553300.0,False,0.0,10:27:55
19350.0,10900,-600.0,0.0,SD,5634700.0,10553100.0,True,0.0,10:27:55
19350.0,2000,-600.0,0.0,SD,5634700.0,10542200.0,False,0.0,10:27:51
19350.0,500,-600.0,0.0,SD,5634700.0,10540200.0,False,-50.0,10:27:47
19400.0,200,-550.0,0.0,BU,5634700.0,10539700.0,False,50.0,10:27:46
19350.0,100,-600.0,0.0,SD,5634500.0,10539700.0,False,-50.0,10:27:46
19400.0,200,-550.0,0.0,BU,5634500.0,10539600.0,False,50.0,10:27:45
19350.0,10000,-600.0,0.0,SD,5634300.0,10539600.0,False,-50.0,10:27:44
19400.0,400,-550.0,0.0,BU,5634300.0,10529600.0,False,0.0,10:27:42
19400.0,3000,-550.0,0.0,BU,5633900.0,10529600.0,False,50.0,10:27:39
19350.0,6500,-600.0,0.0,SD,5630900.0,10529600.0,False,0.0,10:27:38
19350.0,100,-600.0,0.0,SD,5630900.0,10523100.0,False,0.0,10:27:38
19350.0,500,-600.0,0.0,SD,5630900.0,10523000.0,False,0.0,10:27:38
19350.0,2900,-600.0,0.0,SD,5630900.0,10522500.0,False,-50.0,10:27:38
19400.0,200,-550.0,0.0,BU,5630900.0,10519600.0,False,50.0,10:27:38
19350.0,2100,-600.0,0.0,SD,5630700.0,10519600.0,False,0.0,10:27:37
19350.0,600,-600.0,0.0,SD,5630700.0,10517500.0,False,0.0,10:27:37
19350.0,1400,-600.0,0.0,SD,5630700.0,10516900.0,False,0.0,10:27:35
19350.0,200,-600.0,0.0,SD,5630700.0,10515500.0,False,0.0,10:27:35
19350.0,2000,-600.0,0.0,SD,5630700.0,10515300.0,False,0.0,10:27:35
19350.0,500,-600.0,0.0,SD,5630700.0,10513300.0,False,0.0,10:27:35
19350.0,100,-600.0,0.0,SD,5630700.0,10512800.0,False,0.0,10:27:35
19350.0,100,-600.0,0.0,SD,5630700.0,10512700.0,False,0.0,10:27:35
19350.0,100,-600.0,0.0,SD,5630700.0,10512600.0,False,0.0,10:27:35
19350.0,25600,-600.0,0.0,SD,5630700.0,10512500.0,True,0.0,10:27:35
19350.0,1000,-600.0,0.0,SD,5630700.0,10486900.0,False,0.0,10:27:33
19350.0,14000,-600.0,0.0,SD,5630700.0,10485900.0,True,0.0,10:27:32
19350.0,1100,-600.0,0.0,SD,5630700.0,10471900.0,False,-50.0,10:27:29
19400.0,800,-550.0,0.0,BU,5630700.0,10470800.0,False,0.0,10:27:29
19400.0,200,-550.0,0.0,BU,5629900.0,10470800.0,False,50.0,10:27:23
19350.0,5000,-600.0,0.0,SD,5629700.0,10470800.0,False,0.0,10:27:22
19350.0,800,-600.0,0.0,SD,5629700.0,10465800.0,False,0.0,10:27:22
19350.0,500,-600.0,0.0,SD,5629700.0,10465000.0,False,0.0,10:27:21
19350.0,200,-600.0,0.0,SD,5629700.0,10464500.0,False,0.0,10:27:16
19350.0,300,-600.0,0.0,SD,5629700.0,10464300.0,False,-50.0,10:27:14
19400.0,100,-550.0,0.0,BU,5629700.0,10464000.0,False,50.0,10:27:13
19350.0,100,-600.0,0.0,SD,5629600.0,10464000.0,False,0.0,10:27:10
19350.0,200,-600.0,0.0,SD,5629600.0,10463900.0,False,0.0,10:27:10
19350.0,47500,-600.0,0.0,SD,5629600.0,10463700.0,True,-50.0,10:27:04
19400.0,2500,-550.0,0.0,BU,5629600.0,10416200.0,False,50.0,10:27:03
19350.0,3000,-600.0,0.0,SD,5627100.0,10416200.0,False,-50.0,10:27:02
19400.0,2000,-550.0,0.0,BU,5627100.0,10413200.0,False,50.0,10:27:02
19350.0,700,-600.0,0.0,SD,5625100.0,10413200.0,False,0.0,10:27:01
19350.0,1000,-600.0,0.0,SD,5625100.0,10412500.0,False,0.0,10:27:01
19350.0,1000,-600.0,0.0,SD,5625100.0,10411500.0,False,0.0,10:27:01
19350.0,300,-600.0,0.0,SD,5625100.0,10410500.0,False,-50.0,10:27:01
19400.0,100,-550.0,0.0,BU,5625100.0,10410200.0,False,50.0,10:27:00
19350.0,600,-600.0,0.0,SD,5625000.0,10410200.0,False,0.0,10:26:57
19350.0,200,-600.0,0.0,SD,5625000.0,10409600.0,False,0.0,10:26:57
19350.0,100,-600.0,0.0,SD,5625000.0,10409400.0,False,0.0,10:26:57
19350.0,1000,-600.0,0.0,SD,5625000.0,10409300.0,False,0.0,10:26:57
19350.0,200,-600.0,0.0,SD,5625000.0,10408300.0,False,0.0,10:26:57
19350.0,2900,-600.0,0.0,SD,5625000.0,10408100.0,False,0.0,10:26:57
19350.0,100,-600.0,0.0,SD,5625000.0,10405200.0,False,0.0,10:26:54
19350.0,1000,-600.0,0.0,SD,5625000.0,10405100.0,False,0.0,10:26:54
19350.0,200,-600.0,0.0,SD,5625000.0,10404100.0,False,0.0,10:26:54
19350.0,700,-600.0,0.0,SD,5625000.0,10403900.0,False,0.0,10:26:54
19350.0,300,-600.0,0.0,SD,5625000.0,10403200.0,False,0.0,10:26:48
19350.0,100,-600.0,0.0,SD,5625000.0,10402900.0,False,0.0,10:26:48
19350.0,100,-600.0,0.0,SD,5625000.0,10402800.0,False,0.0,10:26:48
19350.0,100,-600.0,0.0,SD,5625000.0,10402700.0,False,0.0,10:26:46
19350.0,4900,-600.0,0.0,SD,5625000.0,10402600.0,False,0.0,10:26:46
19350.0,100,-600.0,0.0,SD,5625000.0,10397700.0,False,0.0,10:26:42
19350.0,5000,-600.0,0.0,SD,5625000.0,10397600.0,False,0.0,10:26:42
19350.0,200,-600.0,0.0,SD,5625000.0,10392600.0,False,0.0,10:26:42
19350.0,100,-600.0,0.0,SD,5625000.0,10392400.0,False,0.0,10:26:42
19350.0,500,-600.0,0.0,SD,5625000.0,10392300.0,False,-50.0,10:26:41
19400.0,300,-550.0,0.0,BU,5625000.0,10391800.0,False,50.0,10:26:40
19350.0,1500,-600.0,0.0,SD,5624700.0,10391800.0,False,0.0,10:26:36
19350.0,300,-600.0,0.0,SD,5624700.0,10390300.0,False,0.0,10:26:35
19350.0,900,-600.0,0.0,SD,5624700.0,10390000.0,False,0.0,10:26:32
19350.0,100,-600.0,0.0,SD,5624700.0,10389100.0,False,0.0,10:26:27
19350.0,2600,-600.0,0.0,SD,5624700.0,10389000.0,False,0.0,10:26:27
19350.0,100,-600.0,0.0,SD,5624700.0,10386400.0,False,0.0,10:26:27
19350.0,300,-600.0,0.0,SD,5624700.0,10386300.0,False,0.0,10:26:27
19350.0,2000,-600.0,0.0,SD,5624700.0,10386000.0,False,0.0,10:26:27
19350.0,1000,-600.0,0.0,SD,5624700.0,10384000.0,False,0.0,10:26:27
19350.0,2000,-600.0,0.0,SD,5624700.0,10383000.0,False,0.0,10:26:27
19350.0,300,-600.0,0.0,SD,5624700.0,10381000.0,False,0.0,10:26:27
19350.0,500,-600.0,0.0,SD,5624700.0,10380700.0,False,0.0,10:26:27
19350.0,1200,-600.0,0.0,SD,5624700.0,10380200.0,False,0.0,10:26:27
19350.0,800,-600.0,0.0,SD,5624700.0,10379000.0,False,0.0,10:26:27
19350.0,300,-600.0,0.0,SD,5624700.0,10378200.0,False,0.0,10:26:27
19350.0,200,-600.0,0.0,SD,5624700.0,10377900.0,False,0.0,10:26:24
19350.0,100,-600.0,0.0,SD,5624700.0,10377700.0,False,0.0,10:26:24
19350.0,400,-600.0,0.0,SD,5624700.0,10377600.0,False,0.0,10:26:23
19350.0,100,-600.0,0.0,SD,5624700.0,10377200.0,False,0.0,10:26:23
19350.0,500,-600.0,0.0,SD,5624700.0,10377100.0,False,-50.0,10:26:23
19400.0,100,-550.0,0.0,BU,5624700.0,10376600.0,False,0.0,10:26:21
19400.0,100,-550.0,0.0,BU,5624600.0,10376600.0,False,50.0,10:26:16
19350.0,500,-600.0,0.0,SD,5624500.0,10376600.0,False,0.0,10:26:13
19350.0,100,-600.0,0.0,SD,5624500.0,10376100.0,False,0.0,10:26:13
19350.0,2000,-600.0,0.0,SD,5624500.0,10376000.0,False,0.0,10:26:13
19350.0,400,-600.0,0.0,SD,5624500.0,10374000.0,False,0.0,10:26:13
19350.0,600,-600.0,0.0,SD,5624500.0,10373600.0,False,0.0,10:26:10
19350.0,200,-600.0,0.0,SD,5624500.0,10373000.0,False,0.0,10:26:10
19350.0,500,-600.0,0.0,SD,5624500.0,10372800.0,False,0.0,10:26:10
19350.0,200,-600.0,0.0,SD,5624500.0,10372300.0,False,0.0,10:26:10
19350.0,200,-600.0,0.0,SD,5624500.0,10372100.0,False,0.0,10:26:10
19350.0,900,-600.0,0.0,SD,5624500.0,10371900.0,False,0.0,10:26:10
19350.0,500,-600.0,0.0,SD,5624500.0,10371000.0,False,0.0,10:26:10
19350.0,600,-600.0,0.0,SD,5624500.0,10370500.0,False,0.0,10:26:10
19350.0,500,-600.0,0.0,SD,5624500.0,10369900.0,False,0.0,10:26:10
19350.0,1000,-600.0,0.0,SD,5624500.0,10369400.0,False,0.0,10:26:10
19350.0,200,-600.0,0.0,SD,5624500.0,10368400.0,False,0.0,10:26:10
19350.0,500,-600.0,0.0,SD,5624500.0,10368200.0,False,0.0,10:26:10
19350.0,100,-600.0,0.0,SD,5624500.0,10367700.0,False,0.0,10:26:10
19350.0,200,-600.0,0.0,SD,5624500.0,10367600.0,False,0.0,10:26:10
19350.0,100,-600.0,0.0,SD,5624500.0,10367400.0,False,0.0,10:26:10
19350.0,100,-600.0,0.0,SD,5624500.0,10367300.0,False,0.0,10:26:10
19350.0,500,-600.0,0.0,SD,5624500.0,10367200.0,False,0.0,10:26:10
19350.0,200,-600.0,0.0,SD,5624500.0,10366700.0,False,0.0,10:26:10
19350.0,400,-600.0,0.0,SD,5624500.0,10366500.0,False,0.0,10:26:10
19350.0,100,-600.0,0.0,SD,5624500.0,10366100.0,False,0.0,10:26:10
19350.0,200,-600.0,0.0,SD,5624500.0,10366000.0,False,0.0,10:26:10
19350.0,500,-600.0,0.0,SD,5624500.0,10365800.0,False,0.0,10:26:10
19350.0,200,-600.0,0.0,SD,5624500.0,10365300.0,False,0.0,10:26:10
19350.0,100,-600.0,0.0,SD,5624500.0,10365100.0,False,0.0,10:26:10
19350.0,100,-600.0,0.0,SD,5624500.0,10365000.0,False,0.0,10:26:10
19350.0,500,-600.0,0.0,SD,5624500.0,10364900.0,False,0.0,10:26:10
19350.0,10000,-600.0,0.0,SD,5624500.0,10364400.0,False,0.0,10:26:10
19350.0,200,-600.0,0.0,SD,5624500.0,10354400.0,False,0.0,10:26:10
19350.0,1000,-600.0,0.0,SD,5624500.0,10354200.0,False,0.0,10:26:10
19350.0,100,-600.0,0.0,SD,5624500.0,10353200.0,False,0.0,10:26:10
19350.0,200,-600.0,0.0,SD,5624500.0,10353100.0,False,0.0,10:26:10
19350.0,100,-600.0,0.0,SD,5624500.0,10352900.0,False,0.0,10:26:10
19350.0,200,-600.0,0.0,SD,5624500.0,10352800.0,False,0.0,10:26:10
19350.0,700,-600.0,0.0,SD,5624500.0,10352600.0,False,0.0,10:26:10
19350.0,200,-600.0,0.0,SD,5624500.0,10351900.0,False,0.0,10:26:10
19350.0,100,-600.0,0.0,SD,5624500.0,10351700.0,False,0.0,10:26:10
19350.0,1000,-600.0,0.0,SD,5624500.0,10351600.0,False,0.0,10:26:10
19350.0,100,-600.0,0.0,SD,5624500.0,10350600.0,False,0.0,10:26:10
19350.0,500,-600.0,0.0,SD,5624500.0,10350500.0,False,0.0,10:26:10
19350.0,200,-600.0,0.0,SD,5624500.0,10350000.0,False,0.0,10:26:10
19350.0,200,-600.0,0.0,SD,5624500.0,10349800.0,False,0.0,10:26:10
19350.0,12000,-600.0,0.0,SD,5624500.0,10349600.0,True,0.0,10:26:10
19350.0,1700,-600.0,0.0,SD,5624500.0,10337600.0,False,0.0,10:26:10
19350.0,5000,-600.0,0.0,SD,5624500.0,10335900.0,False,-50.0,10:26:08
19400.0,400,-550.0,0.0,BU,5624500.0,10330900.0,False,50.0,10:26:07
19350.0,100,-600.0,0.0,SD,5624100.0,10330900.0,False,0.0,10:26:06
19350.0,100,-600.0,0.0,SD,5624100.0,10330800.0,False,0.0,10:26:01
19350.0,1000,-600.0,0.0,SD,5624100.0,10330700.0,False,-50.0,10:25:57
19400.0,1000,-550.0,0.0,BU,5624100.0,10329700.0,False,50.0,10:25:57
19350.0,2000,-600.0,0.0,SD,5623100.0,10329700.0,False,-50.0,10:25:57
19400.0,500,-550.0,0.0,BU,5623100.0,10327700.0,False,0.0,10:25:57
19400.0,7000,-550.0,0.0,BU,5622600.0,10327700.0,False,0.0,10:25:57
19400.0,1500,-550.0,0.0,BU,5615600.0,10327700.0,False,0.0,10:25:57
19400.0,10000,-550.0,0.0,BU,5614100.0,10327700.0,False,50.0,10:25:57
19350.0,100,-600.0,0.0,SD,5604100.0,10327700.0,False,0.0,10:25:57
19350.0,100,-600.0,0.0,SD,5604100.0,10327600.0,False,0.0,10:25:57
19350.0,9800,-600.0,0.0,SD,5604100.0,10327500.0,False,0.0,10:25:57
19350.0,1600,-600.0,0.0,SD,5604100.0,10317700.0,False,0.0,10:25:56
19350.0,100,-600.0,0.0,SD,5604100.0,10316100.0,False,0.0,10:25:56
19350.0,2000,-600.0,0.0,SD,5604100.0,10316000.0,False,0.0,10:25:55
19350.0,200,-600.0,0.0,SD,5604100.0,10314000.0,False,0.0,10:25:55
19350.0,2000,-600.0,0.0,SD,5604100.0,10313800.0,False,0.0,10:25:52
19350.0,100,-600.0,0.0,SD,5604100.0,10311800.0,False,0.0,10:25:51
19350.0,4900,-600.0,0.0,SD,5604100.0,10311700.0,False,0.0,10:25:48
19350.0,100,-600.0,0.0,SD,5604100.0,10306800.0,False,-50.0,10:25:48
19400.0,900,-550.0,0.0,BU,5604100.0,10306700.0,False,0.0,10:25:46
19400.0,500,-550.0,0.0,BU,5603200.0,10306700.0,False,0.0,10:25:46
19400.0,100,-550.0,0.0,BU,5602700.0,10306700.0,False,0.0,10:25:46
19400.0,100,-550.0,0.0,BU,5602600.0,10306700.0,False,0.0,10:25:46
19400.0,200,-550.0,0.0,BU,5602500.0,10306700.0,False,50.0,10:25:46
19350.0,600,-600.0,0.0,SD,5602300.0,10306700.0,False,0.0,10:25:41
19350.0,400,-600.0,0.0,SD,5602300.0,10306100.0,False,-50.0,10:25:41
19400.0,100,-550.0,0.0,BU,5602300.0,10305700.0,False,0.0,10:25:40
19400.0,2000,-550.0,0.0,BU,5602200.0,10305700.0,False,0.0,10:25:40
19400.0,700,-550.0,0.0,BU,5600200.0,10305700.0,False,0.0,10:25:40
19400.0,800,-550.0,0.0,BU,5599500.0,10305700.0,False,0.0,10:25:40
19400.0,5000,-550.0,0.0,BU,5598700.0,10305700.0,False,0.0,10:25:40
19400.0,300,-550.0,0.0,BU,5593700.0,10305700.0,False,0.0,10:25:40
19400.0,4000,-550.0,0.0,BU,5593400.0,10305700.0,False,0.0,10:25:40
19400.0,100,-550.0,0.0,BU,5589400.0,10305700.0,False,0.0,10:25:40
19400.0,700,-550.0,0.0,BU,5589300.0,10305700.0,False,50.0,10:25:40
19350.0,200,-600.0,0.0,SD,5588600.0,10305700.0,False,0.0,10:25:30
19350.0,800,-600.0,0.0,SD,5588600.0,10305500.0,False,0.0,10:25:26
19350.0,100,-600.0,0.0,SD,5588600.0,10304700.0,False,0.0,10:25:26
19350.0,500,-600.0,0.0,SD,5588600.0,10304600.0,False,0.0,10:25:26
19350.0,300,-600.0,0.0,SD,5588600.0,10304100.0,False,0.0,10:25:26
19350.0,500,-600.0,0.0,SD,5588600.0,10303800.0,False,0.0,10:25:26
19350.0,100,-600.0,0.0,SD,5588600.0,10303300.0,False,0.0,10:25:26
19350.0,2000,-600.0,0.0,SD,5588600.0,10303200.0,False,0.0,10:25:26
19350.0,200,-600.0,0.0,SD,5588600.0,10301200.0,False,0.0,10:25:26
19350.0,500,-600.0,0.0,SD,5588600.0,10301000.0,False,0.0,10:25:26
19350.0,100,-600.0,0.0,SD,5588600.0,10300500.0,False,-50.0,10:25:22
19400.0,300,-550.0,0.0,BU,5588600.0,10300400.0,False,50.0,10:25:21
19350.0,400,-600.0,0.0,SD,5588300.0,10300400.0,False,0.0,10:25:21
19350.0,100,-600.0,0.0,SD,5588300.0,10300000.0,False,0.0,10:25:21
19350.0,200,-600.0,0.0,SD,5588300.0,10299900.0,False,0.0,10:25:21
19350.0,100,-600.0,0.0,SD,5588300.0,10299700.0,False,0.0,10:25:21
19350.0,200,-600.0,0.0,SD,5588300.0,10299600.0,False,-50.0,10:25:21
19400.0,300,-550.0,0.0,BU,5588300.0,10299400.0,False,0.0,10:25:20
19400.0,200,-550.0,0.0,BU,5588000.0,10299400.0,False,0.0,10:25:20
19400.0,200,-550.0,0.0,BU,5587800.0,10299400.0,False,50.0,10:25:20
19350.0,300,-600.0,0.0,SD,5587600.0,10299400.0,False,0.0,10:25:20
19350.0,2200,-600.0,0.0,SD,5587600.0,10299100.0,False,0.0,10:25:20
19350.0,200,-600.0,0.0,SD,5587600.0,10296900.0,False,-50.0,10:25:16
19400.0,1000,-550.0,0.0,BU,5587600.0,10296700.0,False,0.0,10:25:16
19400.0,200,-550.0,0.0,BU,5586600.0,10296700.0,False,0.0,10:25:15
19400.0,100,-550.0,0.0,BU,5586400.0,10296700.0,False,0.0,10:25:13
19400.0,500,-550.0,0.0,BU,5586300.0,10296700.0,False,50.0,10:25:09
19350.0,1000,-600.0,0.0,SD,5585800.0,10296700.0,False,-50.0,10:25:08
19400.0,500,-550.0,0.0,BU,5585800.0,10295700.0,False,50.0,10:25:07
19350.0,1600,-600.0,0.0,SD,5585300.0,10295700.0,False,0.0,10:25:06
19350.0,400,-600.0,0.0,SD,5585300.0,10294100.0,False,-50.0,10:25:06
19400.0,100,-550.0,0.0,BU,5585300.0,10293700.0,False,0.0,10:25:05
19400.0,800,-550.0,0.0,BU,5585200.0,10293700.0,False,0.0,10:25:05
19400.0,1400,-550.0,0.0,BU,5584400.0,10293700.0,False,0.0,10:25:05
19400.0,200,-550.0,0.0,BU,5583000.0,10293700.0,False,0.0,10:25:05
19400.0,2000,-550.0,0.0,BU,5582800.0,10293700.0,False,0.0,10:25:05
19400.0,100,-550.0,0.0,BU,5580800.0,10293700.0,False,0.0,10:24:59
19400.0,100,-550.0,0.0,BU,5580700.0,10293700.0,False,50.0,10:24:56
19350.0,2000,-600.0,0.0,SD,5580600.0,10293700.0,False,0.0,10:24:56
19350.0,600,-600.0,0.0,SD,5580600.0,10291700.0,False,0.0,10:24:56
19350.0,500,-600.0,0.0,SD,5580600.0,10291100.0,False,0.0,10:24:56
19350.0,500,-600.0,0.0,SD,5580600.0,10290600.0,False,0.0,10:24:56
19350.0,100,-600.0,0.0,SD,5580600.0,10290100.0,False,0.0,10:24:56
19350.0,500,-600.0,0.0,SD,5580600.0,10290000.0,False,0.0,10:24:56
19350.0,200,-600.0,0.0,SD,5580600.0,10289500.0,False,0.0,10:24:56
19350.0,400,-600.0,0.0,SD,5580600.0,10289300.0,False,-50.0,10:24:55
19400.0,200,-550.0,0.0,BU,5580600.0,10288900.0,False,50.0,10:24:54
19350.0,100,-600.0,0.0,SD,5580400.0,10288900.0,False,0.0,10:24:51
19350.0,900,-600.0,0.0,SD,5580400.0,10288800.0,False,0.0,10:24:51
19350.0,300,-600.0,0.0,SD,5580400.0,10287900.0,False,0.0,10:24:51
19350.0,200,-600.0,0.0,SD,5580400.0,10287600.0,False,0.0,10:24:50
19350.0,100,-600.0,0.0,SD,5580400.0,10287400.0,False,0.0,10:24:50
19350.0,1000,-600.0,0.0,SD,5580400.0,10287300.0,False,0.0,10:24:50
19350.0,500,-600.0,0.0,SD,5580400.0,10286300.0,False,0.0,10:24:50
19350.0,600,-600.0,0.0,SD,5580400.0,10285800.0,False,0.0,10:24:50
19350.0,200,-600.0,0.0,SD,5580400.0,10285200.0,False,0.0,10:24:50
19350.0,2400,-600.0,0.0,SD,5580400.0,10285000.0,False,0.0,10:24:50
19350.0,1000,-600.0,0.0,SD,5580400.0,10282600.0,False,0.0,10:24:50
19350.0,1000,-600.0,0.0,SD,5580400.0,10281600.0,False,0.0,10:24:43
19350.0,200,-600.0,0.0,SD,5580400.0,10280600.0,False,-50.0,10:24:42
19400.0,1000,-550.0,0.0,BU,5580400.0,10280400.0,False,50.0,10:24:39
19350.0,100,-600.0,0.0,SD,5579400.0,10280400.0,False,-50.0,10:24:39
19400.0,100,-550.0,0.0,BU,5579400.0,10280300.0,False,50.0,10:24:38
19350.0,300,-600.0,0.0,SD,5579300.0,10280300.0,False,0.0,10:24:37
19350.0,100,-600.0,0.0,SD,5579300.0,10280000.0,False,0.0,10:24:37
19350.0,100,-600.0,0.0,SD,5579300.0,10279900.0,False,0.0,10:24:37
19350.0,500,-600.0,0.0,SD,5579300.0,10279800.0,False,0.0,10:24:37
19350.0,100,-600.0,0.0,SD,5579300.0,10279300.0,False,0.0,10:24:37
19350.0,900,-600.0,0.0,SD,5579300.0,10279200.0,False,0.0,10:24:37
19350.0,900,-600.0,0.0,SD,5579300.0,10278300.0,False,0.0,10:24:34
19350.0,100,-600.0,0.0,SD,5579300.0,10277400.0,False,0.0,10:24:34
19350.0,100,-600.0,0.0,SD,5579300.0,10277300.0,False,0.0,10:24:31
19350.0,500,-600.0,0.0,SD,5579300.0,10277200.0,False,0.0,10:24:31
19350.0,500,-600.0,0.0,SD,5579300.0,10276700.0,False,0.0,10:24:31
19350.0,700,-600.0,0.0,SD,5579300.0,10276200.0,False,0.0,10:24:31
19350.0,300,-600.0,0.0,SD,5579300.0,10275500.0,False,0.0,10:24:31
19350.0,500,-600.0,0.0,SD,5579300.0,10275200.0,False,0.0,10:24:31
19350.0,2200,-600.0,0.0,SD,5579300.0,10274700.0,False,-50.0,10:24:31
19400.0,100,-550.0,0.0,BU,5579300.0,10272500.0,False,50.0,10:24:28
19350.0,800,-600.0,0.0,SD,5579200.0,10272500.0,False,0.0,10:24:27
19350.0,200,-600.0,0.0,SD,5579200.0,10271700.0,False,0.0,10:24:27
19350.0,1000,-600.0,0.0,SD,5579200.0,10271500.0,False,0.0,10:24:26
19350.0,2000,-600.0,0.0,SD,5579200.0,10270500.0,False,0.0,10:24:15
19350.0,400,-600.0,0.0,SD,5579200.0,10268500.0,False,0.0,10:24:14
19350.0,600,-600.0,0.0,SD,5579200.0,10268100.0,False,0.0,10:24:13
19350.0,100,-600.0,0.0,SD,5579200.0,10267500.0,False,0.0,10:24:13
19350.0,100,-600.0,0.0,SD,5579200.0,10267400.0,False,0.0,10:24:13
19350.0,200,-600.0,0.0,SD,5579200.0,10267300.0,False,0.0,10:24:13
19350.0,500,-600.0,0.0,SD,5579200.0,10267100.0,False,0.0,10:24:13
19350.0,200,-600.0,0.0,SD,5579200.0,10266600.0,False,0.0,10:24:13
19350.0,100,-600.0,0.0,SD,5579200.0,10266400.0,False,0.0,10:24:13
19350.0,1300,-600.0,0.0,SD,5579200.0,10266300.0,False,-50.0,10:24:13
19400.0,200,-550.0,0.0,BU,5579200.0,10265000.0,False,0.0,10:24:13
19400.0,1400,-550.0,0.0,BU,5579000.0,10265000.0,False,0.0,10:24:13
19400.0,1000,-550.0,0.0,BU,5577600.0,10265000.0,False,50.0,10:24:13
19350.0,200,-600.0,0.0,SD,5576600.0,10265000.0,False,0.0,10:24:07
19350.0,500,-600.0,0.0,SD,5576600.0,10264800.0,False,0.0,10:24:03
19350.0,2000,-600.0,0.0,SD,5576600.0,10264300.0,False,0.0,10:24:03
19350.0,200,-600.0,0.0,SD,5576600.0,10262300.0,False,0.0,10:24:03
19350.0,1000,-600.0,0.0,SD,5576600.0,10262100.0,False,0.0,10:24:03
19350.0,500,-600.0,0.0,SD,5576600.0,10261100.0,False,0.0,10:24:03
19350.0,100,-600.0,0.0,SD,5576600.0,10260600.0,False,0.0,10:24:03
19350.0,200,-600.0,0.0,SD,5576600.0,10260500.0,False,0.0,10:24:03
19350.0,2000,-600.0,0.0,SD,5576600.0,10260300.0,False,0.0,10:24:03
19350.0,500,-600.0,0.0,SD,5576600.0,10258300.0,False,0.0,10:24:03
19350.0,1000,-600.0,0.0,SD,5576600.0,10257800.0,False,0.0,10:24:03
19350.0,1000,-600.0,0.0,SD,5576600.0,10256800.0,False,0.0,10:24:03
19350.0,1000,-600.0,0.0,SD,5576600.0,10255800.0,False,0.0,10:24:03
19350.0,900,-600.0,0.0,SD,5576600.0,10254800.0,False,0.0,10:24:02
19350.0,100,-600.0,0.0,SD,5576600.0,10253900.0,False,0.0,10:24:02
19350.0,2300,-600.0,0.0,SD,5576600.0,10253800.0,False,0.0,10:24:02
19350.0,500,-600.0,0.0,SD,5576600.0,10251500.0,False,0.0,10:24:02
19350.0,100,-600.0,0.0,SD,5576600.0,10251000.0,False,0.0,10:24:00
19350.0,100,-600.0,0.0,SD,5576600.0,10250900.0,False,0.0,10:24:00
19350.0,400,-600.0,0.0,SD,5576600.0,10250800.0,False,-50.0,10:24:00
19400.0,100,-550.0,0.0,BU,5576600.0,10250400.0,False,50.0,10:23:56
19350.0,300,-600.0,0.0,SD,5576500.0,10250400.0,False,-50.0,10:23:54
19400.0,300,-550.0,0.0,BU,5576500.0,10250100.0,False,0.0,10:23:51
19400.0,100,-550.0,0.0,BU,5576200.0,10250100.0,False,0.0,10:23:51
19400.0,400,-550.0,0.0,BU,5576100.0,10250100.0,False,50.0,10:23:51
19350.0,600,-600.0,0.0,SD,5575700.0,10250100.0,False,0.0,10:23:46
19350.0,1300,-600.0,0.0,SD,5575700.0,10249500.0,False,0.0,10:23:46
19350.0,300,-600.0,0.0,SD,5575700.0,10248200.0,False,0.0,10:23:46
19350.0,2000,-600.0,0.0,SD,5575700.0,10247900.0,False,0.0,10:23:46
19350.0,2000,-600.0,0.0,SD,5575700.0,10245900.0,False,0.0,10:23:46
19350.0,100,-600.0,0.0,SD,5575700.0,10243900.0,False,0.0,10:23:46
19350.0,3700,-600.0,0.0,SD,5575700.0,10243800.0,False,0.0,10:23:46
19350.0,1000,-600.0,0.0,SD,5575700.0,10240100.0,False,0.0,10:23:42
19350.0,300,-600.0,0.0,SD,5575700.0,10239100.0,False,0.0,10:23:39
19350.0,700,-600.0,0.0,SD,5575700.0,10238800.0,False,0.0,10:23:39
19350.0,2000,-600.0,0.0,SD,5575700.0,10238100.0,False,0.0,10:23:39
19350.0,200,-600.0,0.0,SD,5575700.0,10236100.0,False,0.0,10:23:38
19350.0,200,-600.0,0.0,SD,5575700.0,10235900.0,False,0.0,10:23:38
19350.0,7200,-600.0,0.0,SD,5575700.0,10235700.0,False,0.0,10:23:35
19350.0,100,-600.0,0.0,SD,5575700.0,10228500.0,False,0.0,10:23:35
19350.0,400,-600.0,0.0,SD,5575700.0,10228400.0,False,0.0,10:23:35
19350.0,1000,-600.0,0.0,SD,5575700.0,10228000.0,False,0.0,10:23:35
19350.0,1300,-600.0,0.0,SD,5575700.0,10227000.0,False,-50.0,10:23:35
19400.0,100,-550.0,0.0,BU,5575700.0,10225700.0,False,0.0,10:23:35
19400.0,100,-550.0,0.0,BU,5575600.0,10225700.0,False,50.0,10:23:31
19350.0,200,-600.0,0.0,SD,5575500.0,10225700.0,False,0.0,10:23:27
19350.0,100,-600.0,0.0,SD,5575500.0,10225500.0,False,0.0,10:23:19
19350.0,100,-600.0,0.0,SD,5575500.0,10225400.0,False,-50.0,10:23:16
19400.0,500,-550.0,0.0,BU,5575500.0,10225300.0,False,50.0,10:23:12
19350.0,100,-600.0,0.0,SD,5575000.0,10225300.0,False,-50.0,10:23:07
19400.0,900,-550.0,0.0,BU,5575000.0,10225200.0,False,50.0,10:23:07
19350.0,800,-600.0,0.0,SD,5574100.0,10225200.0,False,0.0,10:23:07
19350.0,400,-600.0,0.0,SD,5574100.0,10224400.0,False,0.0,10:23:06
19350.0,400,-600.0,0.0,SD,5574100.0,10224000.0,False,0.0,10:23:04
19350.0,300,-600.0,0.0,SD,5574100.0,10223600.0,False,-50.0,10:23:02
19400.0,200,-550.0,0.0,BU,5574100.0,10223300.0,False,0.0,10:22:57
19400.0,100,-550.0,0.0,BU,5573900.0,10223300.0,False,0.0,10:22:57
19400.0,200,-550.0,0.0,BU,5573800.0,10223300.0,False,50.0,10:22:57
19350.0,1000,-600.0,0.0,SD,5573600.0,10223300.0,False,0.0,10:22:56
19350.0,1000,-600.0,0.0,SD,5573600.0,10222300.0,False,-50.0,10:22:50
19400.0,1000,-550.0,0.0,BU,5573600.0,10221300.0,False,50.0,10:22:49
19350.0,100,-600.0,0.0,SD,5572600.0,10221300.0,False,0.0,10:22:46
19350.0,100,-600.0,0.0,SD,5572600.0,10221200.0,False,-50.0,10:22:46
19400.0,100,-550.0,0.0,BU,5572600.0,10221100.0,False,0.0,10:22:44
19400.0,5000,-550.0,0.0,BU,5572500.0,10221100.0,False,0.0,10:22:44
19400.0,700,-550.0,0.0,BU,5567500.0,10221100.0,False,0.0,10:22:43
19400.0,1300,-550.0,0.0,BU,5566800.0,10221100.0,False,0.0,10:22:43
19400.0,400,-550.0,0.0,BU,5565500.0,10221100.0,False,0.0,10:22:43
19400.0,100,-550.0,0.0,BU,5565100.0,10221100.0,False,0.0,10:22:41
19400.0,1000,-550.0,0.0,BU,5565000.0,10221100.0,False,0.0,10:22:39
19400.0,100,-550.0,0.0,BU,5564000.0,10221100.0,False,50.0,10:22:37
19350.0,500,-600.0,0.0,SD,5563900.0,10221100.0,False,-50.0,10:22:35
19400.0,100,-550.0,0.0,BU,5563900.0,10220600.0,False,0.0,10:22:35
19400.0,500,-550.0,0.0,BU,5563800.0,10220600.0,False,0.0,10:22:35
19400.0,4500,-550.0,0.0,BU,5563300.0,10220600.0,False,0.0,10:22:30
19400.0,600,-550.0,0.0,BU,5558800.0,10220600.0,False,0.0,10:22:30
19400.0,200,-550.0,0.0,BU,5558200.0,10220600.0,False,0.0,10:22:30
19400.0,100,-550.0,0.0,BU,5558000.0,10220600.0,False,0.0,10:22:26
19400.0,2100,-550.0,0.0,BU,5557900.0,10220600.0,False,0.0,10:22:21
19400.0,1000,-550.0,0.0,BU,5555800.0,10220600.0,False,0.0,10:22:21
19400.0,400,-550.0,0.0,BU,5554800.0,10220600.0,False,0.0,10:22:21
19400.0,500,-550.0,0.0,BU,5554400.0,10220600.0,False,0.0,10:22:21
19400.0,500,-550.0,0.0,BU,5553900.0,10220600.0,False,0.0,10:22:20
19400.0,100,-550.0,0.0,BU,5553400.0,10220600.0,False,50.0,10:22:16
19350.0,1000,-600.0,0.0,SD,5553300.0,10220600.0,False,0.0,10:22:16
19350.0,400,-600.0,0.0,SD,5553300.0,10219600.0,False,0.0,10:22:15
19350.0,500,-600.0,0.0,SD,5553300.0,10219200.0,False,0.0,10:22:15
19350.0,1000,-600.0,0.0,SD,5553300.0,10218700.0,False,0.0,10:22:15
19350.0,3100,-600.0,0.0,SD,5553300.0,10217700.0,False,0.0,10:22:15
19350.0,200,-600.0,0.0,SD,5553300.0,10214600.0,False,0.0,10:22:12
19350.0,400,-600.0,0.0,SD,5553300.0,10214400.0,False,0.0,10:22:12
19350.0,1000,-600.0,0.0,SD,5553300.0,10214000.0,False,0.0,10:22:12
19350.0,1400,-600.0,0.0,SD,5553300.0,10213000.0,False,0.0,10:22:12
19350.0,500,-600.0,0.0,SD,5553300.0,10211600.0,False,0.0,10:22:12
19350.0,500,-600.0,0.0,SD,5553300.0,10211100.0,False,-50.0,10:22:12
19400.0,800,-550.0,0.0,BU,5553300.0,10210600.0,False,50.0,10:22:12
19350.0,1000,-600.0,0.0,SD,5552500.0,10210600.0,False,0.0,10:22:11
19350.0,200,-600.0,0.0,SD,5552500.0,10209600.0,False,0.0,10:22:11
19350.0,100,-600.0,0.0,SD,5552500.0,10209400.0,False,0.0,10:22:11
19350.0,1000,-600.0,0.0,SD,5552500.0,10209300.0,False,0.0,10:22:11
19350.0,500,-600.0,0.0,SD,5552500.0,10208300.0,False,0.0,10:22:11
19350.0,300,-600.0,0.0,SD,5552500.0,10207800.0,False,0.0,10:22:11
19350.0,100,-600.0,0.0,SD,5552500.0,10207500.0,False,0.0,10:22:11
19350.0,100,-600.0,0.0,SD,5552500.0,10207400.0,False,0.0,10:22:11
19350.0,300,-600.0,0.0,SD,5552500.0,10207300.0,False,0.0,10:22:11
19350.0,200,-600.0,0.0,SD,5552500.0,10207000.0,False,0.0,10:22:11
19350.0,300,-600.0,0.0,SD,5552500.0,10206800.0,False,0.0,10:22:11
19350.0,500,-600.0,0.0,SD,5552500.0,10206500.0,False,0.0,10:22:11
19350.0,200,-600.0,0.0,SD,5552500.0,10206000.0,False,0.0,10:22:11
19350.0,200,-600.0,0.0,SD,5552500.0,10205800.0,False,0.0,10:22:11
19350.0,1000,-600.0,0.0,SD,5552500.0,10205600.0,False,0.0,10:22:11
19350.0,200,-600.0,0.0,SD,5552500.0,10204600.0,False,0.0,10:22:11
19350.0,100,-600.0,0.0,SD,5552500.0,10204400.0,False,0.0,10:22:11
19350.0,500,-600.0,0.0,SD,5552500.0,10204300.0,False,0.0,10:22:11
19350.0,100,-600.0,0.0,SD,5552500.0,10203800.0,False,0.0,10:22:11
19350.0,500,-600.0,0.0,SD,5552500.0,10203700.0,False,0.0,10:22:11
19350.0,700,-600.0,0.0,SD,5552500.0,10203200.0,False,0.0,10:22:11
19350.0,1000,-600.0,0.0,SD,5552500.0,10202500.0,False,0.0,10:22:11
19350.0,500,-600.0,0.0,SD,5552500.0,10201500.0,False,0.0,10:22:11
19350.0,100,-600.0,0.0,SD,5552500.0,10201000.0,False,0.0,10:22:11
19350.0,5000,-600.0,0.0,SD,5552500.0,10200900.0,False,0.0,10:22:11
19350.0,300,-600.0,0.0,SD,5552500.0,10195900.0,False,0.0,10:22:11
19350.0,200,-600.0,0.0,SD,5552500.0,10195600.0,False,0.0,10:22:09
19350.0,300,-600.0,0.0,SD,5552500.0,10195400.0,False,0.0,10:22:09
19350.0,1000,-600.0,0.0,SD,5552500.0,10195100.0,False,-50.0,10:22:08
19400.0,100,-550.0,0.0,BU,5552500.0,10194100.0,False,0.0,10:22:08
19400.0,200,-550.0,0.0,BU,5552400.0,10194100.0,False,0.0,10:22:08
19400.0,1100,-550.0,0.0,BU,5552200.0,10194100.0,False,0.0,10:22:08
19400.0,500,-550.0,0.0,BU,5551100.0,10194100.0,False,0.0,10:22:08
19400.0,100,-550.0,0.0,BU,5550600.0,10194100.0,False,0.0,10:22:08
19400.0,3000,-550.0,0.0,BU,5550500.0,10194100.0,False,0.0,10:22:08
19400.0,500,-550.0,0.0,BU,5547500.0,10194100.0,False,0.0,10:22:08
19400.0,14500,-550.0,0.0,BU,5547000.0,10194100.0,True,50.0,10:22:08
19350.0,10000,-600.0,0.0,SD,5532500.0,10194100.0,False,0.0,10:22:03
19350.0,1000,-600.0,0.0,SD,5532500.0,10184100.0,False,0.0,10:22:02
19350.0,5000,-600.0,0.0,SD,5532500.0,10183100.0,False,-50.0,10:22:00
19400.0,200,-550.0,0.0,BU,5532500.0,10178100.0,False,50.0,10:21:59
19350.0,3000,-600.0,0.0,SD,5532300.0,10178100.0,False,-50.0,10:21:58
19400.0,300,-550.0,0.0,BU,5532300.0,10175100.0,False,0.0,10:21:58
19400.0,300,-550.0,0.0,BU,5532000.0,10175100.0,False,0.0,10:21:58
19400.0,500,-550.0,0.0,BU,5531700.0,10175100.0,False,50.0,10:21:56
19350.0,100,-600.0,0.0,SD,5531200.0,10175100.0,False,-50.0,10:21:55
19400.0,100,-550.0,0.0,BU,5531200.0,10175000.0,False,0.0,10:21:55
19400.0,1800,-550.0,0.0,BU,5531100.0,10175000.0,False,50.0,10:21:53
19350.0,10000,-600.0,0.0,SD,5529300.0,10175000.0,False,-50.0,10:21:46
19400.0,2000,-550.0,0.0,BU,5529300.0,10165000.0,False,0.0,10:21:45
19400.0,600,-550.0,0.0,BU,5527300.0,10165000.0,False,0.0,10:21:45
19400.0,500,-550.0,0.0,BU,5526700.0,10165000.0,False,0.0,10:21:45
19400.0,900,-550.0,0.0,BU,5526200.0,10165000.0,False,0.0,10:21:45
19400.0,100,-550.0,0.0,BU,5525300.0,10165000.0,False,0.0,10:21:44
19400.0,100,-550.0,0.0,BU,5525200.0,10165000.0,False,50.0,10:21:44
19350.0,2000,-600.0,0.0,SD,5525100.0,10165000.0,False,0.0,10:21:43
19350.0,200,-600.0,0.0,SD,5525100.0,10163000.0,False,-50.0,10:21:43
19400.0,100,-550.0,0.0,BU,5525100.0,10162800.0,False,0.0,10:21:42
19400.0,100,-550.0,0.0,BU,5525000.0,10162800.0,False,0.0,10:21:42
19400.0,200,-550.0,0.0,BU,5524900.0,10162800.0,False,0.0,10:21:39
19400.0,200,-550.0,0.0,BU,5524700.0,10162800.0,False,0.0,10:21:39
19400.0,100,-550.0,0.0,BU,5524500.0,10162800.0,False,0.0,10:21:39
19400.0,500,-550.0,0.0,BU,5524400.0,10162800.0,False,0.0,10:21:39
19400.0,300,-550.0,0.0,BU,5523900.0,10162800.0,False,0.0,10:21:36
19400.0,100,-550.0,0.0,BU,5523600.0,10162800.0,False,0.0,10:21:32
19400.0,100,-550.0,0.0,BU,5523500.0,10162800.0,False,0.0,10:21:28
19400.0,100,-550.0,0.0,BU,5523400.0,10162800.0,False,0.0,10:21:28
19400.0,200,-550.0,0.0,BU,5523300.0,10162800.0,False,0.0,10:21:28
19400.0,200,-550.0,0.0,BU,5523100.0,10162800.0,False,0.0,10:21:28
19400.0,500,-550.0,0.0,BU,5522900.0,10162800.0,False,0.0,10:21:13
19400.0,300,-550.0,0.0,BU,5522400.0,10162800.0,False,0.0,10:21:12
19400.0,100,-550.0,0.0,BU,5522100.0,10162800.0,False,0.0,10:21:12
19400.0,600,-550.0,0.0,BU,5522000.0,10162800.0,False,50.0,10:21:12
19350.0,7000,-600.0,0.0,SD,5521400.0,10162800.0,False,0.0,10:21:11
19350.0,5000,-600.0,0.0,SD,5521400.0,10155800.0,False,-50.0,10:21:10
19400.0,2400,-550.0,0.0,BU,5521400.0,10150800.0,False,0.0,10:21:09
19400.0,7600,-550.0,0.0,BU,5519000.0,10150800.0,False,0.0,10:21:09
19400.0,4000,-550.0,0.0,BU,5511400.0,10150800.0,False,0.0,10:21:09
19400.0,400,-550.0,0.0,BU,5507400.0,10150800.0,False,50.0,10:21:09
19350.0,3000,-600.0,0.0,SD,5507000.0,10150800.0,False,0.0,10:21:08
19350.0,2100,-600.0,0.0,SD,5507000.0,10147800.0,False,0.0,10:21:07
19350.0,500,-600.0,0.0,SD,5507000.0,10145700.0,False,-50.0,10:21:05
19400.0,2000,-550.0,0.0,BU,5507000.0,10145200.0,False,50.0,10:20:59
19350.0,100,-600.0,0.0,SD,5505000.0,10145200.0,False,-50.0,10:20:56
19400.0,2000,-550.0,0.0,BU,5505000.0,10145100.0,False,50.0,10:20:54
19350.0,300,-600.0,0.0,SD,5503000.0,10145100.0,False,-50.0,10:20:51
19400.0,1000,-550.0,0.0,BU,5503000.0,10144800.0,False,0.0,10:20:48
19400.0,2100,-550.0,0.0,BU,5502000.0,10144800.0,False,0.0,10:20:43
19400.0,100,-550.0,0.0,BU,5499900.0,10144800.0,False,0.0,10:20:39
19400.0,300,-550.0,0.0,BU,5499800.0,10144800.0,False,50.0,10:20:38
19350.0,1000,-600.0,0.0,SD,5499500.0,10144800.0,False,-50.0,10:20:34
19400.0,100,-550.0,0.0,BU,5499500.0,10143800.0,False,0.0,10:20:32
19400.0,100,-550.0,0.0,BU,5499400.0,10143800.0,False,0.0,10:20:30
19400.0,1000,-550.0,0.0,BU,5499300.0,10143800.0,False,50.0,10:20:28
19350.0,3000,-600.0,0.0,SD,5498300.0,10143800.0,False,-50.0,10:20:26
19400.0,100,-550.0,0.0,BU,5498300.0,10140800.0,False,0.0,10:20:22
19400.0,100,-550.0,0.0,BU,5498200.0,10140800.0,False,50.0,10:20:20
19350.0,2300,-600.0,0.0,SD,5498100.0,10140800.0,False,0.0,10:20:19
19350.0,1000,-600.0,0.0,SD,5498100.0,10138500.0,False,0.0,10:20:19
19350.0,5000,-600.0,0.0,SD,5498100.0,10137500.0,False,0.0,10:20:19
19350.0,5000,-600.0,0.0,SD,5498100.0,10132500.0,False,0.0,10:20:17
19350.0,4000,-600.0,0.0,SD,5498100.0,10127500.0,False,-50.0,10:20:16
19400.0,1500,-550.0,0.0,BU,5498100.0,10123500.0,False,50.0,10:20:16
19350.0,4500,-600.0,0.0,SD,5496600.0,10123500.0,False,0.0,10:20:16
19350.0,1200,-600.0,0.0,SD,5496600.0,10119000.0,False,0.0,10:20:12
19350.0,100,-600.0,0.0,SD,5496600.0,10117800.0,False,0.0,10:20:09
19350.0,600,-600.0,0.0,SD,5496600.0,10117700.0,False,0.0,10:20:08
19350.0,100,-600.0,0.0,SD,5496600.0,10117100.0,False,0.0,10:20:08
19350.0,100,-600.0,0.0,SD,5496600.0,10117000.0,False,0.0,10:20:04
19350.0,2000,-600.0,0.0,SD,5496600.0,10116900.0,False,0.0,10:19:58
19350.0,200,-600.0,0.0,SD,5496600.0,10114900.0,False,0.0,10:19:57
19350.0,5000,-600.0,0.0,SD,5496600.0,10114700.0,False,-50.0,10:19:57
19400.0,100,-550.0,0.0,BU,5496600.0,10109700.0,False,0.0,10:19:57
19400.0,300,-550.0,0.0,BU,5496500.0,10109700.0,False,50.0,10:19:56
19350.0,500,-600.0,0.0,SD,5496200.0,10109700.0,False,0.0,10:19:53
19350.0,100,-600.0,0.0,SD,5496200.0,10109200.0,False,0.0,10:19:52
19350.0,500,-600.0,0.0,SD,5496200.0,10109100.0,False,-50.0,10:19:51
19400.0,100,-550.0,0.0,BU,5496200.0,10108600.0,False,0.0,10:19:51
19400.0,3200,-550.0,0.0,BU,5496100.0,10108600.0,False,0.0,10:19:46
19400.0,6100,-550.0,0.0,BU,5492900.0,10108600.0,False,50.0,10:19:46
19350.0,3000,-600.0,0.0,SD,5486800.0,10108600.0,False,0.0,10:19:45
19350.0,100,-600.0,0.0,SD,5486800.0,10105600.0,False,0.0,10:19:43
19350.0,4000,-600.0,0.0,SD,5486800.0,10105500.0,False,0.0,10:19:43
19350.0,10100,-600.0,0.0,SD,5486800.0,10101500.0,False,0.0,10:19:43
19350.0,100,-600.0,0.0,SD,5486800.0,10091400.0,False,0.0,10:19:43
19350.0,500,-600.0,0.0,SD,5486800.0,10091300.0,False,0.0,10:19:43
19350.0,500,-600.0,0.0,SD,5486800.0,10090800.0,False,0.0,10:19:43
19350.0,100,-600.0,0.0,SD,5486800.0,10090300.0,False,0.0,10:19:43
19350.0,500,-600.0,0.0,SD,5486800.0,10090200.0,False,0.0,10:19:43
19350.0,100,-600.0,0.0,SD,5486800.0,10089700.0,False,0.0,10:19:43
19350.0,1000,-600.0,0.0,SD,5486800.0,10089600.0,False,0.0,10:19:43
19350.0,100,-600.0,0.0,SD,5486800.0,10088600.0,False,0.0,10:19:43
19350.0,400,-600.0,0.0,SD,5486800.0,10088500.0,False,0.0,10:19:43
19350.0,1000,-600.0,0.0,SD,5486800.0,10088100.0,False,0.0,10:19:43
19350.0,100,-600.0,0.0,SD,5486800.0,10087100.0,False,0.0,10:19:43
19350.0,400,-600.0,0.0,SD,5486800.0,10087000.0,False,0.0,10:19:43
19350.0,200,-600.0,0.0,SD,5486800.0,10086600.0,False,0.0,10:19:43
19350.0,900,-600.0,0.0,SD,5486800.0,10086400.0,False,0.0,10:19:43
19350.0,500,-600.0,0.0,SD,5486800.0,10085500.0,False,0.0,10:19:43
19350.0,1000,-600.0,0.0,SD,5486800.0,10085000.0,False,0.0,10:19:43
19350.0,200,-600.0,0.0,SD,5486800.0,10084000.0,False,0.0,10:19:42
19350.0,200,-600.0,0.0,SD,5486800.0,10083800.0,False,0.0,10:19:42
19350.0,200,-600.0,0.0,SD,5486800.0,10083600.0,False,0.0,10:19:42
19350.0,1000,-600.0,0.0,SD,5486800.0,10083400.0,False,0.0,10:19:42
19350.0,5000,-600.0,0.0,SD,5486800.0,10082400.0,False,0.0,10:19:42
19350.0,1900,-600.0,0.0,SD,5486800.0,10077400.0,False,0.0,10:19:42
19350.0,100,-600.0,0.0,SD,5486800.0,10075500.0,False,0.0,10:19:42
19350.0,1000,-600.0,0.0,SD,5486800.0,10075400.0,False,0.0,10:19:41
19350.0,5000,-600.0,0.0,SD,5486800.0,10074400.0,False,0.0,10:19:39
19350.0,700,-600.0,0.0,SD,5486800.0,10069400.0,False,0.0,10:19:37
19350.0,5600,-600.0,0.0,SD,5486800.0,10068700.0,False,0.0,10:19:37
19350.0,500,-600.0,0.0,SD,5486800.0,10063100.0,False,0.0,10:19:36
19350.0,1000,-600.0,0.0,SD,5486800.0,10062600.0,False,-50.0,10:19:34
19400.0,100,-550.0,0.0,BU,5486800.0,10061600.0,False,50.0,10:19:33
19350.0,3200,-600.0,0.0,SD,5486700.0,10061600.0,False,0.0,10:19:31
19350.0,700,-600.0,0.0,SD,5486700.0,10058400.0,False,0.0,10:19:31
19350.0,2000,-600.0,0.0,SD,5486700.0,10057700.0,False,-50.0,10:19:30
19400.0,1000,-550.0,0.0,BU,5486700.0,10055700.0,False,50.0,10:19:23
19350.0,1000,-600.0,0.0,SD,5485700.0,10055700.0,False,0.0,10:19:22
19350.0,1000,-600.0,0.0,SD,5485700.0,10054700.0,False,-50.0,10:19:18
19400.0,200,-550.0,0.0,BU,5485700.0,10053700.0,False,0.0,10:19:18
19400.0,500,-550.0,0.0,BU,5485500.0,10053700.0,False,0.0,10:19:17
19400.0,200,-550.0,0.0,BU,5485000.0,10053700.0,False,50.0,10:19:17
19350.0,3400,-600.0,0.0,SD,5484800.0,10053700.0,False,0.0,10:19:17
19350.0,300,-600.0,0.0,SD,5484800.0,10050300.0,False,0.0,10:19:17
19350.0,1300,-600.0,0.0,SD,5484800.0,10050000.0,False,0.0,10:19:17
19350.0,100,-600.0,0.0,SD,5484800.0,10048700.0,False,0.0,10:19:16
19350.0,100,-600.0,0.0,SD,5484800.0,10048600.0,False,0.0,10:19:16
19350.0,500,-600.0,0.0,SD,5484800.0,10048500.0,False,0.0,10:19:16
19350.0,1000,-600.0,0.0,SD,5484800.0,10048000.0,False,0.0,10:19:15
19350.0,100,-600.0,0.0,SD,5484800.0,10047000.0,False,0.0,10:19:14
19350.0,700,-600.0,0.0,SD,5484800.0,10046900.0,False,0.0,10:19:14
19350.0,400,-600.0,0.0,SD,5484800.0,10046200.0,False,0.0,10:19:14
19350.0,1200,-600.0,0.0,SD,5484800.0,10045800.0,False,0.0,10:19:14
19350.0,1000,-600.0,0.0,SD,5484800.0,10044600.0,False,0.0,10:19:14
19350.0,300,-600.0,0.0,SD,5484800.0,10043600.0,False,0.0,10:19:14
19350.0,1000,-600.0,0.0,SD,5484800.0,10043300.0,False,0.0,10:19:14
19350.0,7500,-600.0,0.0,SD,5484800.0,10042300.0,False,0.0,10:19:14
19350.0,600,-600.0,0.0,SD,5484800.0,10034800.0,False,0.0,10:19:09
19350.0,1000,-600.0,0.0,SD,5484800.0,10034200.0,False,0.0,10:19:09
19350.0,100,-600.0,0.0,SD,5484800.0,10033200.0,False,0.0,10:19:09
19350.0,200,-600.0,0.0,SD,5484800.0,10033100.0,False,0.0,10:19:09
19350.0,200,-600.0,0.0,SD,5484800.0,10032900.0,False,0.0,10:19:09
19350.0,500,-600.0,0.0,SD,5484800.0,10032700.0,False,0.0,10:19:09
19350.0,1000,-600.0,0.0,SD,5484800.0,10032200.0,False,0.0,10:19:09
19350.0,1000,-600.0,0.0,SD,5484800.0,10031200.0,False,0.0,10:19:09
19350.0,100,-600.0,0.0,SD,5484800.0,10030200.0,False,0.0,10:19:09
19350.0,1000,-600.0,0.0,SD,5484800.0,10030100.0,False,0.0,10:19:09
19350.0,100,-600.0,0.0,SD,5484800.0,10029100.0,False,0.0,10:19:09
19350.0,4200,-600.0,0.0,SD,5484800.0,10029000.0,False,0.0,10:19:09
19350.0,100,-600.0,0.0,SD,5484800.0,10024800.0,False,-50.0,10:19:07
19400.0,600,-550.0,0.0,BU,5484800.0,10024700.0,False,50.0,10:19:05
19350.0,5700,-600.0,0.0,SD,5484200.0,10024700.0,False,0.0,10:19:01
19350.0,500,-600.0,0.0,SD,5484200.0,10019000.0,False,0.0,10:19:01
19350.0,5000,-600.0,0.0,SD,5484200.0,10018500.0,False,0.0,10:19:01
19350.0,100,-600.0,0.0,SD,5484200.0,10013500.0,False,0.0,10:19:01
19350.0,100,-600.0,0.0,SD,5484200.0,10013400.0,False,0.0,10:19:01
19350.0,3600,-600.0,0.0,SD,5484200.0,10013300.0,False,0.0,10:19:01
19350.0,1400,-600.0,0.0,SD,5484200.0,10009700.0,False,0.0,10:18:59
19350.0,100,-600.0,0.0,SD,5484200.0,10008300.0,False,-50.0,10:18:59
19400.0,100,-550.0,0.0,BU,5484200.0,10008200.0,False,50.0,10:18:52
19350.0,100,-600.0,0.0,SD,5484100.0,10008200.0,False,0.0,10:18:50
19350.0,200,-600.0,0.0,SD,5484100.0,10008100.0,False,0.0,10:18:50
19350.0,500,-600.0,0.0,SD,5484100.0,10007900.0,False,0.0,10:18:50
19350.0,100,-600.0,0.0,SD,5484100.0,10007400.0,False,0.0,10:18:50
19350.0,3000,-600.0,0.0,SD,5484100.0,10007300.0,False,0.0,10:18:50
19350.0,500,-600.0,0.0,SD,5484100.0,10004300.0,False,0.0,10:18:50
19350.0,100,-600.0,0.0,SD,5484100.0,10003800.0,False,0.0,10:18:50
19350.0,200,-600.0,0.0,SD,5484100.0,10003700.0,False,0.0,10:18:50
19350.0,100,-600.0,0.0,SD,5484100.0,10003500.0,False,0.0,10:18:49
19350.0,1000,-600.0,0.0,SD,5484100.0,10003400.0,False,0.0,10:18:49
19350.0,2000,-600.0,0.0,SD,5484100.0,10002400.0,False,0.0,10:18:49
19350.0,100,-600.0,0.0,SD,5484100.0,10000400.0,False,0.0,10:18:49
19350.0,2300,-600.0,0.0,SD,5484100.0,10000300.0,False,0.0,10:18:49
19350.0,4400,-600.0,0.0,SD,5484100.0,9998000.0,False,0.0,10:18:48
19350.0,200,-600.0,0.0,SD,5484100.0,9993600.0,False,0.0,10:18:48
19350.0,100,-600.0,0.0,SD,5484100.0,9993400.0,False,0.0,10:18:48
19350.0,200,-600.0,0.0,SD,5484100.0,9993300.0,False,0.0,10:18:48
19350.0,100,-600.0,0.0,SD,5484100.0,9993100.0,False,0.0,10:18:48
19350.0,200,-600.0,0.0,SD,5484100.0,9993000.0,False,0.0,10:18:46
19350.0,800,-600.0,0.0,SD,5484100.0,9992800.0,False,-50.0,10:18:46
19400.0,400,-550.0,0.0,BU,5484100.0,9992000.0,False,50.0,10:18:43
19350.0,100,-600.0,0.0,SD,5483700.0,9992000.0,False,0.0,10:18:43
19350.0,4100,-600.0,0.0,SD,5483700.0,9991900.0,False,0.0,10:18:41
19350.0,100,-600.0,0.0,SD,5483700.0,9987800.0,False,0.0,10:18:41
19350.0,2000,-600.0,0.0,SD,5483700.0,9987700.0,False,0.0,10:18:41
19350.0,200,-600.0,0.0,SD,5483700.0,9985700.0,False,0.0,10:18:41
19350.0,100,-600.0,0.0,SD,5483700.0,9985500.0,False,0.0,10:18:41
19350.0,100,-600.0,0.0,SD,5483700.0,9985400.0,False,0.0,10:18:41
19350.0,100,-600.0,0.0,SD,5483700.0,9985300.0,False,0.0,10:18:41
19350.0,100,-600.0,0.0,SD,5483700.0,9985200.0,False,0.0,10:18:41
19350.0,500,-600.0,0.0,SD,5483700.0,9985100.0,False,0.0,10:18:41
19350.0,1000,-600.0,0.0,SD,5483700.0,9984600.0,False,0.0,10:18:41
19350.0,1000,-600.0,0.0,SD,5483700.0,9983600.0,False,0.0,10:18:41
19350.0,700,-600.0,0.0,SD,5483700.0,9982600.0,False,-50.0,10:18:41
19400.0,100,-550.0,0.0,BU,5483700.0,9981900.0,False,0.0,10:18:41
19400.0,200,-550.0,0.0,BU,5483600.0,9981900.0,False,50.0,10:18:41
19350.0,100,-600.0,0.0,SD,5483400.0,9981900.0,False,0.0,10:18:39
19350.0,100,-600.0,0.0,SD,5483400.0,9981800.0,False,0.0,10:18:39
19350.0,100,-600.0,0.0,SD,5483400.0,9981700.0,False,0.0,10:18:35
19350.0,400,-600.0,0.0,SD,5483400.0,9981600.0,False,0.0,10:18:35
19350.0,500,-600.0,0.0,SD,5483400.0,9981200.0,False,-50.0,10:18:35
19400.0,200,-550.0,0.0,BU,5483400.0,9980700.0,False,50.0,10:18:33
19350.0,1500,-600.0,0.0,SD,5483200.0,9980700.0,False,0.0,10:18:32
19350.0,400,-600.0,0.0,SD,5483200.0,9979200.0,False,0.0,10:18:32
19350.0,5100,-600.0,0.0,SD,5483200.0,9978800.0,False,0.0,10:18:32
19350.0,3200,-600.0,0.0,SD,5483200.0,9973700.0,False,0.0,10:18:31
19350.0,1500,-600.0,0.0,SD,5483200.0,9970500.0,False,0.0,10:18:26
19350.0,100,-600.0,0.0,SD,5483200.0,9969000.0,False,-50.0,10:18:26
19400.0,4900,-550.0,0.0,BU,5483200.0,9968900.0,False,0.0,10:18:24
19400.0,100,-550.0,0.0,BU,5478300.0,9968900.0,False,50.0,10:18:24
19350.0,4000,-600.0,0.0,SD,5478200.0,9968900.0,False,0.0,10:18:24
19350.0,2000,-600.0,0.0,SD,5478200.0,9964900.0,False,0.0,10:18:22
19350.0,500,-600.0,0.0,SD,5478200.0,9962900.0,False,0.0,10:18:20
19350.0,3000,-600.0,0.0,SD,5478200.0,9962400.0,False,0.0,10:18:19
19350.0,3200,-600.0,0.0,SD,5478200.0,9959400.0,False,0.0,10:18:17
19350.0,15900,-600.0,0.0,SD,5478200.0,9956200.0,True,0.0,10:18:16
19350.0,200,-600.0,0.0,SD,5478200.0,9940300.0,False,-50.0,10:18:16
19400.0,100,-550.0,0.0,BU,5478200.0,9940100.0,False,50.0,10:18:16
19350.0,200,-600.0,0.0,SD,5478100.0,9940100.0,False,0.0,10:18:14
19350.0,600,-600.0,0.0,SD,5478100.0,9939900.0,False,0.0,10:18:13
19350.0,400,-600.0,0.0,SD,5478100.0,9939300.0,False,0.0,10:18:13
19350.0,1600,-600.0,0.0,SD,5478100.0,9938900.0,False,0.0,10:18:12
19350.0,300,-600.0,0.0,SD,5478100.0,9937300.0,False,0.0,10:18:12
19350.0,3100,-600.0,0.0,SD,5478100.0,9937000.0,False,0.0,10:18:12
19350.0,1000,-600.0,0.0,SD,5478100.0,9933900.0,False,0.0,10:18:11
19350.0,900,-600.0,0.0,SD,5478100.0,9932900.0,False,0.0,10:18:11
19350.0,200,-600.0,0.0,SD,5478100.0,9932000.0,False,0.0,10:18:11
19350.0,1000,-600.0,0.0,SD,5478100.0,9931800.0,False,0.0,10:18:11
19350.0,100,-600.0,0.0,SD,5478100.0,9930800.0,False,0.0,10:18:11
19350.0,600,-600.0,0.0,SD,5478100.0,9930700.0,False,0.0,10:18:10
19350.0,500,-600.0,0.0,SD,5478100.0,9930100.0,False,0.0,10:18:10
19350.0,600,-600.0,0.0,SD,5478100.0,9929600.0,False,0.0,10:18:10
19350.0,600,-600.0,0.0,SD,5478100.0,9929000.0,False,0.0,10:18:08
19350.0,400,-600.0,0.0,SD,5478100.0,9928400.0,False,0.0,10:18:08
19350.0,2000,-600.0,0.0,SD,5478100.0,9928000.0,False,0.0,10:18:07
19350.0,600,-600.0,0.0,SD,5478100.0,9926000.0,False,0.0,10:18:07
19350.0,1500,-600.0,0.0,SD,5478100.0,9925400.0,False,0.0,10:18:07
19350.0,1000,-600.0,0.0,SD,5478100.0,9923900.0,False,0.0,10:18:07
19350.0,100,-600.0,0.0,SD,5478100.0,9922900.0,False,0.0,10:18:07
19350.0,1200,-600.0,0.0,SD,5478100.0,9922800.0,False,0.0,10:18:07
19350.0,200,-600.0,0.0,SD,5478100.0,9921600.0,False,0.0,10:18:07
19350.0,200,-600.0,0.0,SD,5478100.0,9921400.0,False,0.0,10:18:07
19350.0,100,-600.0,0.0,SD,5478100.0,9921200.0,False,0.0,10:18:07
19350.0,300,-600.0,0.0,SD,5478100.0,9921100.0,False,0.0,10:18:07
19350.0,1300,-600.0,0.0,SD,5478100.0,9920800.0,False,0.0,10:18:07
19350.0,500,-600.0,0.0,SD,5478100.0,9919500.0,False,0.0,10:18:07
19350.0,300,-600.0,0.0,SD,5478100.0,9919000.0,False,0.0,10:18:04
19350.0,700,-600.0,0.0,SD,5478100.0,9918700.0,False,0.0,10:18:03
19350.0,1200,-600.0,0.0,SD,5478100.0,9918000.0,False,0.0,10:17:59
19350.0,800,-600.0,0.0,SD,5478100.0,9916800.0,False,0.0,10:17:59
19350.0,200,-600.0,0.0,SD,5478100.0,9916000.0,False,0.0,10:17:56
19350.0,300,-600.0,0.0,SD,5478100.0,9915800.0,False,0.0,10:17:56
19350.0,100,-600.0,0.0,SD,5478100.0,9915500.0,False,0.0,10:17:56
19350.0,100,-600.0,0.0,SD,5478100.0,9915400.0,False,0.0,10:17:56
19350.0,1500,-600.0,0.0,SD,5478100.0,9915300.0,False,0.0,10:17:56
19350.0,500,-600.0,0.0,SD,5478100.0,9913800.0,False,0.0,10:17:56
19350.0,300,-600.0,0.0,SD,5478100.0,9913300.0,False,0.0,10:17:56
19350.0,800,-600.0,0.0,SD,5478100.0,9913000.0,False,0.0,10:17:56
19350.0,1200,-600.0,0.0,SD,5478100.0,9912200.0,False,0.0,10:17:56
19350.0,13200,-600.0,0.0,SD,5478100.0,9911000.0,True,0.0,10:17:55
19350.0,15600,-600.0,0.0,SD,5478100.0,9897800.0,True,0.0,10:17:50
19350.0,1100,-600.0,0.0,SD,5478100.0,9882200.0,False,0.0,10:17:50
19350.0,800,-600.0,0.0,SD,5478100.0,9881100.0,False,0.0,10:17:50
19350.0,100,-600.0,0.0,SD,5478100.0,9880300.0,False,0.0,10:17:50
19350.0,500,-600.0,0.0,SD,5478100.0,9880200.0,False,0.0,10:17:50
19350.0,100,-600.0,0.0,SD,5478100.0,9879700.0,False,0.0,10:17:50
19350.0,100,-600.0,0.0,SD,5478100.0,9879600.0,False,0.0,10:17:50
19350.0,400,-600.0,0.0,SD,5478100.0,9879500.0,False,0.0,10:17:50
19350.0,100,-600.0,0.0,SD,5478100.0,9879100.0,False,0.0,10:17:50
19350.0,500,-600.0,0.0,SD,5478100.0,9879000.0,False,0.0,10:17:50
19350.0,1000,-600.0,0.0,SD,5478100.0,9878500.0,False,0.0,10:17:50
19350.0,1000,-600.0,0.0,SD,5478100.0,9877500.0,False,0.0,10:17:50
19350.0,1000,-600.0,0.0,SD,5478100.0,9876500.0,False,0.0,10:17:50
19350.0,3400,-600.0,0.0,SD,5478100.0,9875500.0,False,0.0,10:17:50
19350.0,500,-600.0,0.0,SD,5478100.0,9872100.0,False,0.0,10:17:50
19350.0,200,-600.0,0.0,SD,5478100.0,9871600.0,False,0.0,10:17:50
19350.0,3000,-600.0,0.0,SD,5478100.0,9871400.0,False,0.0,10:17:50
19350.0,500,-600.0,0.0,SD,5478100.0,9868400.0,False,0.0,10:17:50
19350.0,5000,-600.0,0.0,SD,5478100.0,9867900.0,False,0.0,10:17:50
19350.0,1000,-600.0,0.0,SD,5478100.0,9862900.0,False,0.0,10:17:50
19350.0,100,-600.0,0.0,SD,5478100.0,9861900.0,False,0.0,10:17:50
19350.0,100,-600.0,0.0,SD,5478100.0,9861800.0,False,0.0,10:17:50
19350.0,200,-600.0,0.0,SD,5478100.0,9861700.0,False,0.0,10:17:50
19350.0,400,-600.0,0.0,SD,5478100.0,9861500.0,False,0.0,10:17:50
19350.0,400,-600.0,0.0,SD,5478100.0,9861100.0,False,0.0,10:17:50
19350.0,200,-600.0,0.0,SD,5478100.0,9860700.0,False,0.0,10:17:50
19350.0,5000,-600.0,0.0,SD,5478100.0,9860500.0,False,0.0,10:17:48
19350.0,2000,-600.0,0.0,SD,5478100.0,9855500.0,False,0.0,10:17:48
19350.0,200,-600.0,0.0,SD,5478100.0,9853500.0,False,0.0,10:17:48
19350.0,200,-600.0,0.0,SD,5478100.0,9853300.0,False,0.0,10:17:48
19350.0,200,-600.0,0.0,SD,5478100.0,9853100.0,False,0.0,10:17:48
19350.0,5000,-600.0,0.0,SD,5478100.0,9852900.0,False,0.0,10:17:48
19350.0,100,-600.0,0.0,SD,5478100.0,9847900.0,False,0.0,10:17:48
19350.0,200,-600.0,0.0,SD,5478100.0,9847800.0,False,0.0,10:17:48
19350.0,200,-600.0,0.0,SD,5478100.0,9847600.0,False,0.0,10:17:48
19350.0,2900,-600.0,0.0,SD,5478100.0,9847400.0,False,0.0,10:17:48
19350.0,1000,-600.0,0.0,SD,5478100.0,9844500.0,False,0.0,10:17:42
19350.0,800,-600.0,0.0,SD,5478100.0,9843500.0,False,0.0,10:17:41
19350.0,300,-600.0,0.0,SD,5478100.0,9842700.0,False,0.0,10:17:40
19350.0,200,-600.0,0.0,SD,5478100.0,9842400.0,False,0.0,10:17:40
19350.0,900,-600.0,0.0,SD,5478100.0,9842200.0,False,0.0,10:17:40
19350.0,400,-600.0,0.0,SD,5478100.0,9841300.0,False,0.0,10:17:39
19350.0,1000,-600.0,0.0,SD,5478100.0,9840900.0,False,0.0,10:17:38
19350.0,200,-600.0,0.0,SD,5478100.0,9839900.0,False,-50.0,10:17:38
19400.0,100,-550.0,0.0,BU,5478100.0,9839700.0,False,50.0,10:17:37
19350.0,500,-600.0,0.0,SD,5478000.0,9839700.0,False,0.0,10:17:37
19350.0,100,-600.0,0.0,SD,5478000.0,9839200.0,False,0.0,10:17:37
19350.0,100,-600.0,0.0,SD,5478000.0,9839100.0,False,0.0,10:17:37
19350.0,1000,-600.0,0.0,SD,5478000.0,9839000.0,False,0.0,10:17:37
19350.0,300,-600.0,0.0,SD,5478000.0,9838000.0,False,0.0,10:17:37
19350.0,800,-600.0,0.0,SD,5478000.0,9837700.0,False,0.0,10:17:35
19350.0,500,-600.0,0.0,SD,5478000.0,9836900.0,False,0.0,10:17:34
19350.0,100,-600.0,0.0,SD,5478000.0,9836400.0,False,-50.0,10:17:34
19400.0,2000,-550.0,0.0,BU,5478000.0,9836300.0,False,0.0,10:17:33
19400.0,100,-550.0,0.0,BU,5476000.0,9836300.0,False,0.0,10:17:32
19400.0,300,-550.0,0.0,BU,5475900.0,9836300.0,False,50.0,10:17:32
19350.0,100,-600.0,0.0,SD,5475600.0,9836300.0,False,0.0,10:17:29
19350.0,100,-600.0,0.0,SD,5475600.0,9836200.0,False,0.0,10:17:29
19350.0,200,-600.0,0.0,SD,5475600.0,9836100.0,False,0.0,10:17:29
19350.0,4600,-600.0,0.0,SD,5475600.0,9835900.0,False,0.0,10:17:29
19350.0,200,-600.0,0.0,SD,5475600.0,9831300.0,False,0.0,10:17:27
19350.0,2900,-600.0,0.0,SD,5475600.0,9831100.0,False,0.0,10:17:27
19350.0,300,-600.0,0.0,SD,5475600.0,9828200.0,False,0.0,10:17:27
19350.0,400,-600.0,0.0,SD,5475600.0,9827900.0,False,0.0,10:17:27
19350.0,200,-600.0,0.0,SD,5475600.0,9827500.0,False,0.0,10:17:26
19350.0,200,-600.0,0.0,SD,5475600.0,9827300.0,False,0.0,10:17:26
19350.0,600,-600.0,0.0,SD,5475600.0,9827100.0,False,0.0,10:17:26
19350.0,100,-600.0,0.0,SD,5475600.0,9826500.0,False,0.0,10:17:26
19350.0,1000,-600.0,0.0,SD,5475600.0,9826400.0,False,0.0,10:17:26
19350.0,800,-600.0,0.0,SD,5475600.0,9825400.0,False,0.0,10:17:26
19350.0,1000,-600.0,0.0,SD,5475600.0,9824600.0,False,0.0,10:17:26
19350.0,200,-600.0,0.0,SD,5475600.0,9823600.0,False,0.0,10:17:26
19350.0,100,-600.0,0.0,SD,5475600.0,9823400.0,False,0.0,10:17:26
19350.0,900,-600.0,0.0,SD,5475600.0,9823300.0,False,0.0,10:17:26
19350.0,500,-600.0,0.0,SD,5475600.0,9822400.0,False,0.0,10:17:26
19350.0,100,-600.0,0.0,SD,5475600.0,9821900.0,False,0.0,10:17:26
19350.0,700,-600.0,0.0,SD,5475600.0,9821800.0,False,-50.0,10:17:26
19400.0,1000,-550.0,0.0,BU,5475600.0,9821100.0,False,50.0,10:17:26
19350.0,100,-600.0,0.0,SD,5474600.0,9821100.0,False,-50.0,10:17:25
19400.0,100,-550.0,0.0,BU,5474600.0,9821000.0,False,0.0,10:17:20
19400.0,500,-550.0,0.0,BU,5474500.0,9821000.0,False,0.0,10:17:17
19400.0,800,-550.0,0.0,BU,5474000.0,9821000.0,False,0.0,10:17:16
19400.0,500,-550.0,0.0,BU,5473200.0,9821000.0,False,50.0,10:17:12
19350.0,1500,-600.0,0.0,SD,5472700.0,9821000.0,False,0.0,10:17:08
19350.0,100,-600.0,0.0,SD,5472700.0,9819500.0,False,0.0,10:17:08
19350.0,1500,-600.0,0.0,SD,5472700.0,9819400.0,False,-50.0,10:17:01
19400.0,100,-550.0,0.0,BU,5472700.0,9817900.0,False,50.0,10:17:01
19350.0,300,-600.0,0.0,SD,5472600.0,9817900.0,False,-50.0,10:16:57
19400.0,100,-550.0,0.0,BU,5472600.0,9817600.0,False,50.0,10:16:55
19350.0,300,-600.0,0.0,SD,5472500.0,9817600.0,False,-50.0,10:16:55
19400.0,800,-550.0,0.0,BU,5472500.0,9817300.0,False,0.0,10:16:52
19400.0,300,-550.0,0.0,BU,5471700.0,9817300.0,False,50.0,10:16:50
19350.0,500,-600.0,0.0,SD,5471400.0,9817300.0,False,-50.0,10:16:45
19400.0,100,-550.0,0.0,BU,5471400.0,9816800.0,False,50.0,10:16:45
19350.0,200,-600.0,0.0,SD,5471300.0,9816800.0,False,0.0,10:16:41
19350.0,200,-600.0,0.0,SD,5471300.0,9816600.0,False,0.0,10:16:41
19350.0,100,-600.0,0.0,SD,5471300.0,9816400.0,False,-50.0,10:16:41
19400.0,400,-550.0,0.0,BU,5471300.0,9816300.0,False,0.0,10:16:37
19400.0,1000,-550.0,0.0,BU,5470900.0,9816300.0,False,0.0,10:16:35
19400.0,100,-550.0,0.0,BU,5469900.0,9816300.0,False,0.0,10:16:34
19400.0,900,-550.0,0.0,BU,5469800.0,9816300.0,False,0.0,10:16:34
19400.0,200,-550.0,0.0,BU,5468900.0,9816300.0,False,0.0,10:16:32
19400.0,100,-550.0,0.0,BU,5468700.0,9816300.0,False,50.0,10:16:29
19350.0,100,-600.0,0.0,SD,5468600.0,9816300.0,False,0.0,10:16:29
19350.0,700,-600.0,0.0,SD,5468600.0,9816200.0,False,-50.0,10:16:29
19400.0,300,-550.0,0.0,BU,5468600.0,9815500.0,False,0.0,10:16:27
19400.0,200,-550.0,0.0,BU,5468300.0,9815500.0,False,0.0,10:16:27
19400.0,5000,-550.0,0.0,BU,5468100.0,9815500.0,False,0.0,10:16:26
19400.0,4000,-550.0,0.0,BU,5463100.0,9815500.0,False,0.0,10:16:25
19400.0,300,-550.0,0.0,BU,5459100.0,9815500.0,False,0.0,10:16:24
19400.0,900,-550.0,0.0,BU,5458800.0,9815500.0,False,0.0,10:16:23
19400.0,300,-550.0,0.0,BU,5457900.0,9815500.0,False,0.0,10:16:22
19400.0,100,-550.0,0.0,BU,5457600.0,9815500.0,False,0.0,10:16:21
19400.0,2000,-550.0,0.0,BU,5457500.0,9815500.0,False,0.0,10:16:20
19400.0,600,-550.0,0.0,BU,5455500.0,9815500.0,False,0.0,10:16:20
19400.0,100,-550.0,0.0,BU,5454900.0,9815500.0,False,50.0,10:16:19
19350.0,5600,-600.0,0.0,SD,5454800.0,9815500.0,False,0.0,10:16:19
19350.0,1400,-600.0,0.0,SD,5454800.0,9809900.0,False,-50.0,10:16:19
19400.0,1000,-550.0,0.0,BU,5454800.0,9808500.0,False,0.0,10:16:19
19400.0,500,-550.0,0.0,BU,5453800.0,9808500.0,False,0.0,10:16:16
19400.0,1000,-550.0,0.0,BU,5453300.0,9808500.0,False,0.0,10:16:13
19400.0,500,-550.0,0.0,BU,5452300.0,9808500.0,False,0.0,10:16:10
19400.0,9400,-550.0,0.0,BU,5451800.0,9808500.0,False,0.0,10:16:06
19400.0,800,-550.0,0.0,BU,5442400.0,9808500.0,False,0.0,10:16:03
19400.0,400,-550.0,0.0,BU,5441600.0,9808500.0,False,0.0,10:16:00
19400.0,2000,-550.0,0.0,BU,5441200.0,9808500.0,False,0.0,10:16:00
19400.0,500,-550.0,0.0,BU,5439200.0,9808500.0,False,0.0,10:16:00
19400.0,100,-550.0,0.0,BU,5438700.0,9808500.0,False,0.0,10:16:00
19400.0,5000,-550.0,0.0,BU,5438600.0,9808500.0,False,0.0,10:15:59
19400.0,4000,-550.0,0.0,BU,5433600.0,9808500.0,False,0.0,10:15:57
19400.0,1000,-550.0,0.0,BU,5429600.0,9808500.0,False,0.0,10:15:57
19400.0,100,-550.0,0.0,BU,5428600.0,9808500.0,False,0.0,10:15:56
19400.0,200,-550.0,0.0,BU,5428500.0,9808500.0,False,0.0,10:15:56
19400.0,700,-550.0,0.0,BU,5428300.0,9808500.0,False,0.0,10:15:50
19400.0,200,-550.0,0.0,BU,5427600.0,9808500.0,False,0.0,10:15:49
19400.0,300,-550.0,0.0,BU,5427400.0,9808500.0,False,0.0,10:15:48
19400.0,3500,-550.0,0.0,BU,5427100.0,9808500.0,False,0.0,10:15:41
19400.0,300,-550.0,0.0,BU,5423600.0,9808500.0,False,0.0,10:15:40
19400.0,900,-550.0,0.0,BU,5423300.0,9808500.0,False,0.0,10:15:38
19400.0,200,-550.0,0.0,BU,5422400.0,9808500.0,False,0.0,10:15:36
19400.0,400,-550.0,0.0,BU,5422200.0,9808500.0,False,0.0,10:15:32
19400.0,200,-550.0,0.0,BU,5421800.0,9808500.0,False,0.0,10:15:28
19400.0,500,-550.0,0.0,BU,5421600.0,9808500.0,False,0.0,10:15:28
19400.0,500,-550.0,0.0,BU,5421100.0,9808500.0,False,0.0,10:15:22
19400.0,100,-550.0,0.0,BU,5420600.0,9808500.0,False,50.0,10:15:19
19350.0,100,-600.0,0.0,SD,5420500.0,9808500.0,False,-50.0,10:15:16
19400.0,100,-550.0,0.0,BU,5420500.0,9808400.0,False,0.0,10:15:16
19400.0,200,-550.0,0.0,BU,5420400.0,9808400.0,False,0.0,10:15:15
19400.0,300,-550.0,0.0,BU,5420200.0,9808400.0,False,0.0,10:15:10
19400.0,1000,-550.0,0.0,BU,5419900.0,9808400.0,False,0.0,10:15:09
19400.0,500,-550.0,0.0,BU,5418900.0,9808400.0,False,0.0,10:15:06
19400.0,100,-550.0,0.0,BU,5418400.0,9808400.0,False,0.0,10:15:05
19400.0,100,-550.0,0.0,BU,5418300.0,9808400.0,False,0.0,10:15:05
19400.0,10000,-550.0,0.0,BU,5418200.0,9808400.0,False,0.0,10:15:03
19400.0,2000,-550.0,0.0,BU,5408200.0,9808400.0,False,0.0,10:15:02
19400.0,300,-550.0,0.0,BU,5406200.0,9808400.0,False,0.0,10:14:59
19400.0,200,-550.0,0.0,BU,5405900.0,9808400.0,False,0.0,10:14:55
19400.0,1000,-550.0,0.0,BU,5405700.0,9808400.0,False,50.0,10:14:55
19350.0,500,-600.0,0.0,SD,5404700.0,9808400.0,False,-50.0,10:14:54
19400.0,2400,-550.0,0.0,BU,5404700.0,9807900.0,False,0.0,10:14:52
19400.0,1800,-550.0,0.0,BU,5402300.0,9807900.0,False,50.0,10:14:50
19350.0,1000,-600.0,0.0,SD,5400500.0,9807900.0,False,-50.0,10:14:49
19400.0,100,-550.0,0.0,BU,5400500.0,9806900.0,False,0.0,10:14:47
19400.0,200,-550.0,0.0,BU,5400400.0,9806900.0,False,0.0,10:14:41
19400.0,4000,-550.0,0.0,BU,5400200.0,9806900.0,False,0.0,10:14:39
19400.0,1100,-550.0,0.0,BU,5396200.0,9806900.0,False,0.0,10:14:38
19400.0,200,-550.0,0.0,BU,5395100.0,9806900.0,False,50.0,10:14:37
19350.0,2000,-600.0,0.0,SD,5394900.0,9806900.0,False,0.0,10:14:37
19350.0,5000,-600.0,0.0,SD,5394900.0,9804900.0,False,0.0,10:14:37
19350.0,600,-600.0,0.0,SD,5394900.0,9799900.0,False,0.0,10:14:37
19350.0,1000,-600.0,0.0,SD,5394900.0,9799300.0,False,0.0,10:14:37
19350.0,100,-600.0,0.0,SD,5394900.0,9798300.0,False,0.0,10:14:37
19350.0,1300,-600.0,0.0,SD,5394900.0,9798200.0,False,-50.0,10:14:37
19400.0,300,-550.0,0.0,BU,5394900.0,9796900.0,False,0.0,10:14:34
19400.0,100,-550.0,0.0,BU,5394600.0,9796900.0,False,0.0,10:14:32
19400.0,100,-550.0,0.0,BU,5394500.0,9796900.0,False,50.0,10:14:32
19350.0,800,-600.0,0.0,SD,5394400.0,9796900.0,False,0.0,10:14:31
19350.0,300,-600.0,0.0,SD,5394400.0,9796100.0,False,0.0,10:14:31
19350.0,200,-600.0,0.0,SD,5394400.0,9795800.0,False,0.0,10:14:31
19350.0,900,-600.0,0.0,SD,5394400.0,9795600.0,False,0.0,10:14:31
19350.0,3000,-600.0,0.0,SD,5394400.0,9794700.0,False,0.0,10:14:31
19350.0,1000,-600.0,0.0,SD,5394400.0,9791700.0,False,0.0,10:14:31
19350.0,2000,-600.0,0.0,SD,5394400.0,9790700.0,False,0.0,10:14:31
19350.0,100,-600.0,0.0,SD,5394400.0,9788700.0,False,0.0,10:14:31
19350.0,100,-600.0,0.0,SD,5394400.0,9788600.0,False,0.0,10:14:31
19350.0,500,-600.0,0.0,SD,5394400.0,9788500.0,False,0.0,10:14:31
19350.0,600,-600.0,0.0,SD,5394400.0,9788000.0,False,-50.0,10:14:31
19400.0,8000,-550.0,0.0,BU,5394400.0,9787400.0,False,0.0,10:14:30
19400.0,200,-550.0,0.0,BU,5386400.0,9787400.0,False,50.0,10:14:29
19350.0,100,-600.0,0.0,SD,5386200.0,9787400.0,False,-50.0,10:14:27
19400.0,1000,-550.0,0.0,BU,5386200.0,9787300.0,False,0.0,10:14:24
19400.0,100,-550.0,0.0,BU,5385200.0,9787300.0,False,0.0,10:14:22
19400.0,100,-550.0,0.0,BU,5385100.0,9787300.0,False,0.0,10:14:21
19400.0,100,-550.0,0.0,BU,5385000.0,9787300.0,False,0.0,10:14:20
19400.0,2000,-550.0,0.0,BU,5384900.0,9787300.0,False,50.0,10:14:16
19350.0,100,-600.0,0.0,SD,5382900.0,9787300.0,False,-50.0,10:14:16
19400.0,100,-550.0,0.0,BU,5382900.0,9787200.0,False,0.0,10:14:15
19400.0,100,-550.0,0.0,BU,5382800.0,9787200.0,False,0.0,10:14:13
19400.0,1000,-550.0,0.0,BU,5382700.0,9787200.0,False,0.0,10:14:13
19400.0,400,-550.0,0.0,BU,5381700.0,9787200.0,False,0.0,10:14:09
19400.0,100,-550.0,0.0,BU,5381300.0,9787200.0,False,0.0,10:14:06
19400.0,100,-550.0,0.0,BU,5381200.0,9787200.0,False,0.0,10:14:06
19400.0,100,-550.0,0.0,BU,5381100.0,9787200.0,False,0.0,10:14:03
19400.0,100,-550.0,0.0,BU,5381000.0,9787200.0,False,0.0,10:14:02
19400.0,500,-550.0,0.0,SD,5380900.0,9787200.0,False,0.0,10:14:01
19400.0,800,-550.0,0.0,SD,5380900.0,9786700.0,False,0.0,10:14:01
19400.0,3900,-550.0,0.0,SD,5380900.0,9785900.0,False,0.0,10:14:01
19400.0,3000,-550.0,0.0,SD,5380900.0,9782000.0,False,0.0,10:14:01
19400.0,300,-550.0,0.0,SD,5380900.0,9779000.0,False,0.0,10:14:01
19400.0,1000,-550.0,0.0,SD,5380900.0,9778700.0,False,0.0,10:14:01
19400.0,700,-550.0,0.0,SD,5380900.0,9777700.0,False,0.0,10:14:01
19400.0,500,-550.0,0.0,SD,5380900.0,9777000.0,False,0.0,10:14:01
19400.0,200,-550.0,0.0,SD,5380900.0,9776500.0,False,0.0,10:14:01
19400.0,1000,-550.0,0.0,SD,5380900.0,9776300.0,False,0.0,10:14:01
19400.0,100,-550.0,0.0,SD,5380900.0,9775300.0,False,0.0,10:14:01
19400.0,4000,-550.0,0.0,SD,5380900.0,9775200.0,False,0.0,10:14:01
19400.0,100,-550.0,0.0,SD,5380900.0,9771200.0,False,0.0,10:14:01
19400.0,2900,-550.0,0.0,SD,5380900.0,9771100.0,False,0.0,10:14:01
19400.0,100,-550.0,0.0,SD,5380900.0,9768200.0,False,0.0,10:14:01
19400.0,200,-550.0,0.0,SD,5380900.0,9768100.0,False,0.0,10:14:01
19400.0,100,-550.0,0.0,SD,5380900.0,9767900.0,False,0.0,10:14:01
19400.0,100,-550.0,0.0,SD,5380900.0,9767800.0,False,0.0,10:14:01
19400.0,500,-550.0,0.0,SD,5380900.0,9767700.0,False,0.0,10:14:01
19400.0,1000,-550.0,0.0,SD,5380900.0,9767200.0,False,0.0,10:14:01
19400.0,100,-550.0,0.0,SD,5380900.0,9766200.0,False,0.0,10:14:01
19400.0,100,-550.0,0.0,SD,5380900.0,9766100.0,False,0.0,10:14:01
19400.0,200,-550.0,0.0,SD,5380900.0,9766000.0,False,0.0,10:14:01
19400.0,5000,-550.0,0.0,SD,5380900.0,9765800.0,False,0.0,10:14:01
19400.0,200,-550.0,0.0,SD,5380900.0,9760800.0,False,0.0,10:14:01
19400.0,900,-550.0,0.0,SD,5380900.0,9760600.0,False,0.0,10:14:01
19400.0,100,-550.0,0.0,SD,5380900.0,9759700.0,False,0.0,10:14:01
19400.0,10000,-550.0,0.0,SD,5380900.0,9759600.0,False,0.0,10:14:01
19400.0,500,-550.0,0.0,SD,5380900.0,9749600.0,False,0.0,10:14:01
19400.0,1000,-550.0,0.0,SD,5380900.0,9749100.0,False,0.0,10:14:01
19400.0,200,-550.0,0.0,SD,5380900.0,9748100.0,False,0.0,10:14:01
19400.0,100,-550.0,0.0,SD,5380900.0,9747900.0,False,0.0,10:14:01
19400.0,500,-550.0,0.0,SD,5380900.0,9747800.0,False,0.0,10:14:01
19400.0,2500,-550.0,0.0,SD,5380900.0,9747300.0,False,0.0,10:14:01
19400.0,100,-550.0,0.0,SD,5380900.0,9744800.0,False,0.0,10:14:01
19400.0,1000,-550.0,0.0,SD,5380900.0,9744700.0,False,0.0,10:14:01
19400.0,5000,-550.0,0.0,SD,5380900.0,9743700.0,False,0.0,10:14:01
19400.0,200,-550.0,0.0,SD,5380900.0,9738700.0,False,0.0,10:14:01
19400.0,800,-550.0,0.0,SD,5380900.0,9738500.0,False,0.0,10:14:01
19400.0,100,-550.0,0.0,SD,5380900.0,9737700.0,False,0.0,10:14:01
19400.0,50000,-550.0,0.0,SD,5380900.0,9737600.0,True,0.0,10:14:01
19400.0,100,-550.0,0.0,SD,5380900.0,9687600.0,False,0.0,10:14:01
19400.0,500,-550.0,0.0,SD,5380900.0,9687500.0,False,0.0,10:14:01
19400.0,200,-550.0,0.0,SD,5380900.0,9687000.0,False,0.0,10:14:01
19400.0,300,-550.0,0.0,SD,5380900.0,9686800.0,False,0.0,10:14:01
19400.0,200,-550.0,0.0,SD,5380900.0,9686500.0,False,0.0,10:14:01
19400.0,500,-550.0,0.0,SD,5380900.0,9686300.0,False,0.0,10:14:01
19400.0,1000,-550.0,0.0,SD,5380900.0,9685800.0,False,0.0,10:14:01
19400.0,100,-550.0,0.0,SD,5380900.0,9684800.0,False,0.0,10:14:01
19400.0,1000,-550.0,0.0,SD,5380900.0,9684700.0,False,0.0,10:14:01
19400.0,1000,-550.0,0.0,SD,5380900.0,9683700.0,False,0.0,10:14:01
19400.0,6900,-550.0,0.0,SD,5380900.0,9682700.0,False,0.0,10:14:01
19400.0,100,-550.0,0.0,SD,5380900.0,9675800.0,False,0.0,10:14:01
19400.0,200,-550.0,0.0,SD,5380900.0,9675700.0,False,0.0,10:14:01
19400.0,1000,-550.0,0.0,SD,5380900.0,9675500.0,False,0.0,10:14:01
19400.0,600,-550.0,0.0,SD,5380900.0,9674500.0,False,0.0,10:14:01
19400.0,200,-550.0,0.0,SD,5380900.0,9673900.0,False,0.0,10:14:01
19400.0,300,-550.0,0.0,SD,5380900.0,9673700.0,False,0.0,10:14:01
19400.0,1000,-550.0,0.0,SD,5380900.0,9673400.0,False,0.0,10:14:01
19400.0,2000,-550.0,0.0,SD,5380900.0,9672400.0,False,0.0,10:14:01
19400.0,100,-550.0,0.0,SD,5380900.0,9670400.0,False,0.0,10:14:01
19400.0,3600,-550.0,0.0,SD,5380900.0,9670300.0,False,0.0,10:14:01
19400.0,2000,-550.0,0.0,SD,5380900.0,9666700.0,False,0.0,10:14:01
19400.0,3500,-550.0,0.0,SD,5380900.0,9664700.0,False,0.0,10:14:01
19400.0,1000,-550.0,0.0,SD,5380900.0,9661200.0,False,0.0,10:14:01
19400.0,1000,-550.0,0.0,SD,5380900.0,9660200.0,False,0.0,10:14:01
19400.0,200,-550.0,0.0,SD,5380900.0,9659200.0,False,0.0,10:14:01
19400.0,100,-550.0,0.0,SD,5380900.0,9659000.0,False,0.0,10:14:01
19400.0,200,-550.0,0.0,SD,5380900.0,9658900.0,False,0.0,10:14:01
19400.0,1400,-550.0,0.0,SD,5380900.0,9658700.0,False,0.0,10:14:01
19400.0,500,-550.0,0.0,SD,5380900.0,9657300.0,False,0.0,10:14:01
19400.0,2000,-550.0,0.0,SD,5380900.0,9656800.0,False,0.0,10:14:01
19400.0,9000,-550.0,0.0,SD,5380900.0,9654800.0,False,0.0,10:14:01
19400.0,100,-550.0,0.0,SD,5380900.0,9645800.0,False,0.0,10:14:01
19400.0,2000,-550.0,0.0,SD,5380900.0,9645700.0,False,0.0,10:14:01
19400.0,1000,-550.0,0.0,SD,5380900.0,9643700.0,False,0.0,10:14:01
19400.0,500,-550.0,0.0,SD,5380900.0,9642700.0,False,0.0,10:14:01
19400.0,200,-550.0,0.0,SD,5380900.0,9642200.0,False,0.0,10:14:01
19400.0,4800,-550.0,0.0,SD,5380900.0,9642000.0,False,0.0,10:14:01
19400.0,1000,-550.0,0.0,SD,5380900.0,9637200.0,False,0.0,10:14:01
19400.0,100,-550.0,0.0,SD,5380900.0,9636200.0,False,0.0,10:14:01
19400.0,2000,-550.0,0.0,SD,5380900.0,9636100.0,False,0.0,10:14:01
19400.0,6200,-550.0,0.0,SD,5380900.0,9634100.0,False,0.0,10:14:01
19400.0,1000,-550.0,0.0,SD,5380900.0,9627900.0,False,0.0,10:14:01
19400.0,200,-550.0,0.0,SD,5380900.0,9626900.0,False,0.0,10:14:01
19400.0,600,-550.0,0.0,SD,5380900.0,9626700.0,False,0.0,10:14:01
19400.0,1000,-550.0,0.0,SD,5380900.0,9626100.0,False,0.0,10:14:01
19400.0,2000,-550.0,0.0,SD,5380900.0,9625100.0,False,0.0,10:14:01
19400.0,2000,-550.0,0.0,SD,5380900.0,9623100.0,False,0.0,10:14:01
19400.0,1000,-550.0,0.0,SD,5380900.0,9621100.0,False,0.0,10:14:01
19400.0,1500,-550.0,0.0,SD,5380900.0,9620100.0,False,0.0,10:14:01
19400.0,500,-550.0,0.0,SD,5380900.0,9618600.0,False,0.0,10:14:01
19400.0,200,-550.0,0.0,SD,5380900.0,9618100.0,False,0.0,10:14:01
19400.0,3000,-550.0,0.0,SD,5380900.0,9617900.0,False,0.0,10:14:01
19400.0,1000,-550.0,0.0,SD,5380900.0,9614900.0,False,0.0,10:14:01
19400.0,5000,-550.0,0.0,SD,5380900.0,9613900.0,False,0.0,10:14:01
19400.0,1000,-550.0,0.0,SD,5380900.0,9608900.0,False,0.0,10:14:01
19400.0,100,-550.0,0.0,SD,5380900.0,9607900.0,False,0.0,10:14:01
19400.0,2000,-550.0,0.0,SD,5380900.0,9607800.0,False,0.0,10:14:01
19400.0,1000,-550.0,0.0,SD,5380900.0,9605800.0,False,0.0,10:14:01
19400.0,2500,-550.0,0.0,SD,5380900.0,9604800.0,False,0.0,10:14:01
19400.0,100,-550.0,0.0,SD,5380900.0,9602300.0,False,0.0,10:14:01
19400.0,1000,-550.0,0.0,SD,5380900.0,9602200.0,False,0.0,10:14:01
19400.0,100,-550.0,0.0,SD,5380900.0,9601200.0,False,0.0,10:14:01
19400.0,200,-550.0,0.0,SD,5380900.0,9601100.0,False,0.0,10:14:01
19400.0,500,-550.0,0.0,SD,5380900.0,9600900.0,False,0.0,10:14:01
19400.0,1000,-550.0,0.0,SD,5380900.0,9600400.0,False,0.0,10:14:01
19400.0,200,-550.0,0.0,SD,5380900.0,9599400.0,False,0.0,10:14:01
19400.0,5000,-550.0,0.0,SD,5380900.0,9599200.0,False,0.0,10:14:01
19400.0,1000,-550.0,0.0,SD,5380900.0,9594200.0,False,0.0,10:14:01
19400.0,3000,-550.0,0.0,SD,5380900.0,9593200.0,False,0.0,10:14:01
19400.0,2000,-550.0,0.0,SD,5380900.0,9590200.0,False,0.0,10:14:01
19400.0,3800,-550.0,0.0,SD,5380900.0,9588200.0,False,0.0,10:14:01
19400.0,2400,-550.0,0.0,SD,5380900.0,9584400.0,False,0.0,10:14:01
19400.0,500,-550.0,0.0,SD,5380900.0,9582000.0,False,0.0,10:14:01
19400.0,1000,-550.0,0.0,SD,5380900.0,9581500.0,False,0.0,10:14:01
19400.0,500,-550.0,0.0,SD,5380900.0,9580500.0,False,0.0,10:14:01
19400.0,200,-550.0,0.0,SD,5380900.0,9580000.0,False,0.0,10:14:01
19400.0,500,-550.0,0.0,SD,5380900.0,9579800.0,False,0.0,10:14:01
19400.0,100,-550.0,0.0,SD,5380900.0,9579300.0,False,0.0,10:14:01
19400.0,200,-550.0,0.0,SD,5380900.0,9579200.0,False,0.0,10:14:01
19400.0,100,-550.0,0.0,SD,5380900.0,9579000.0,False,0.0,10:14:01
19400.0,40300,-550.0,0.0,SD,5380900.0,9578900.0,True,0.0,10:14:01
19400.0,500,-550.0,0.0,SD,5380900.0,9538600.0,False,0.0,10:14:01
19400.0,59700,-550.0,0.0,SD,5380900.0,9538100.0,True,0.0,10:14:01
19400.0,100,-550.0,0.0,SD,5380900.0,9478400.0,False,0.0,10:14:01
19400.0,200,-550.0,0.0,SD,5380900.0,9478300.0,False,0.0,10:14:01
19400.0,700,-550.0,0.0,SD,5380900.0,9478100.0,False,0.0,10:14:01
19400.0,500,-550.0,0.0,SD,5380900.0,9477400.0,False,0.0,10:14:01
19400.0,10000,-550.0,0.0,SD,5380900.0,9476900.0,False,0.0,10:14:01
19400.0,2000,-550.0,0.0,SD,5380900.0,9466900.0,False,0.0,10:14:01
19400.0,200,-550.0,0.0,SD,5380900.0,9464900.0,False,0.0,10:14:01
19400.0,100,-550.0,0.0,SD,5380900.0,9464700.0,False,0.0,10:14:01
19400.0,4700,-550.0,0.0,SD,5380900.0,9464600.0,False,0.0,10:14:01
19400.0,100,-550.0,0.0,SD,5380900.0,9459900.0,False,0.0,10:14:01
19400.0,2300,-550.0,0.0,SD,5380900.0,9459800.0,False,0.0,10:14:01
19400.0,300,-550.0,0.0,SD,5380900.0,9457500.0,False,0.0,10:14:01
19400.0,1100,-550.0,0.0,SD,5380900.0,9457200.0,False,0.0,10:14:01
19400.0,100,-550.0,0.0,SD,5380900.0,9456100.0,False,0.0,10:14:01
19400.0,100,-550.0,0.0,SD,5380900.0,9456000.0,False,0.0,10:14:01
19400.0,1000,-550.0,0.0,SD,5380900.0,9455900.0,False,0.0,10:14:01
19400.0,1000,-550.0,0.0,SD,5380900.0,9454900.0,False,0.0,10:14:01
19400.0,6000,-550.0,0.0,SD,5380900.0,9453900.0,False,0.0,10:14:01
19400.0,500,-550.0,0.0,SD,5380900.0,9447900.0,False,0.0,10:14:01
19400.0,400,-550.0,0.0,SD,5380900.0,9447400.0,False,0.0,10:14:01
19400.0,500,-550.0,0.0,SD,5380900.0,9447000.0,False,0.0,10:14:01
19400.0,500,-550.0,0.0,SD,5380900.0,9446500.0,False,0.0,10:14:01
19400.0,1000,-550.0,0.0,SD,5380900.0,9446000.0,False,0.0,10:14:01
19400.0,3000,-550.0,0.0,SD,5380900.0,9445000.0,False,0.0,10:14:01
19400.0,100,-550.0,0.0,SD,5380900.0,9442000.0,False,0.0,10:14:01
19400.0,2000,-550.0,0.0,SD,5380900.0,9441900.0,False,0.0,10:14:01
19400.0,200,-550.0,0.0,SD,5380900.0,9439900.0,False,0.0,10:14:01
19400.0,100,-550.0,0.0,SD,5380900.0,9439700.0,False,0.0,10:14:01
19400.0,1000,-550.0,0.0,SD,5380900.0,9439600.0,False,0.0,10:14:01
19400.0,200,-550.0,0.0,SD,5380900.0,9438600.0,False,0.0,10:14:00
19400.0,200,-550.0,0.0,SD,5380900.0,9438400.0,False,0.0,10:13:59
19400.0,100,-550.0,0.0,SD,5380900.0,9438200.0,False,0.0,10:13:59
19400.0,100,-550.0,0.0,SD,5380900.0,9438100.0,False,0.0,10:13:59
19400.0,600,-550.0,0.0,SD,5380900.0,9438000.0,False,0.0,10:13:59
19400.0,2000,-550.0,0.0,SD,5380900.0,9437400.0,False,0.0,10:13:58
19400.0,100,-550.0,0.0,SD,5380900.0,9435400.0,False,0.0,10:13:56
19400.0,1000,-550.0,0.0,SD,5380900.0,9435300.0,False,0.0,10:13:54
19400.0,3300,-550.0,0.0,SD,5380900.0,9434300.0,False,0.0,10:13:53
19400.0,1200,-550.0,0.0,SD,5380900.0,9431000.0,False,0.0,10:13:53
19400.0,2000,-550.0,0.0,SD,5380900.0,9429800.0,False,0.0,10:13:53
19400.0,5000,-550.0,0.0,SD,5380900.0,9427800.0,False,0.0,10:13:51
19400.0,5000,-550.0,0.0,SD,5380900.0,9422800.0,False,0.0,10:13:50
19400.0,200,-550.0,0.0,SD,5380900.0,9417800.0,False,0.0,10:13:48
19400.0,500,-550.0,0.0,SD,5380900.0,9417600.0,False,0.0,10:13:48
19400.0,200,-550.0,0.0,SD,5380900.0,9417100.0,False,0.0,10:13:46
19400.0,1100,-550.0,0.0,SD,5380900.0,9416900.0,False,0.0,10:13:43
19400.0,2000,-550.0,0.0,SD,5380900.0,9415800.0,False,0.0,10:13:43
19400.0,3000,-550.0,0.0,SD,5380900.0,9413800.0,False,0.0,10:13:43
19400.0,2000,-550.0,0.0,SD,5380900.0,9410800.0,False,0.0,10:13:37
19400.0,5000,-550.0,0.0,SD,5380900.0,9408800.0,False,0.0,10:13:36
19400.0,10000,-550.0,0.0,SD,5380900.0,9403800.0,False,0.0,10:13:34
19400.0,10000,-550.0,0.0,SD,5380900.0,9393800.0,False,0.0,10:13:28
19400.0,500,-550.0,0.0,SD,5380900.0,9383800.0,False,-50.0,10:13:25
19450.0,1000,-500.0,0.0,BU,5380900.0,9383300.0,False,0.0,10:13:23
19450.0,200,-500.0,0.0,BU,5379900.0,9383300.0,False,50.0,10:13:19
19400.0,100,-550.0,0.0,SD,5379700.0,9383300.0,False,0.0,10:13:13
19400.0,200,-550.0,0.0,SD,5379700.0,9383200.0,False,0.0,10:13:10
19400.0,400,-550.0,0.0,SD,5379700.0,9383000.0,False,-50.0,10:13:10
19450.0,1000,-500.0,0.0,BU,5379700.0,9382600.0,False,50.0,10:13:09
19400.0,1000,-550.0,0.0,SD,5378700.0,9382600.0,False,-50.0,10:13:06
19450.0,100,-500.0,0.0,BU,5378700.0,9381600.0,False,50.0,10:13:05
19400.0,300,-550.0,0.0,SD,5378600.0,9381600.0,False,-50.0,10:12:59
19450.0,100,-500.0,0.0,BU,5378600.0,9381300.0,False,50.0,10:12:54
19400.0,26000,-550.0,0.0,SD,5378500.0,9381300.0,True,0.0,10:12:52
19400.0,4000,-550.0,0.0,SD,5378500.0,9355300.0,False,0.0,10:12:50
19400.0,200,-550.0,0.0,SD,5378500.0,9351300.0,False,-50.0,10:12:49
19450.0,100,-500.0,0.0,BU,5378500.0,9351100.0,False,50.0,10:12:46
19400.0,1400,-550.0,0.0,SD,5378400.0,9351100.0,False,-50.0,10:12:46
19450.0,100,-500.0,0.0,BU,5378400.0,9349700.0,False,50.0,10:12:45
19400.0,4000,-550.0,0.0,SD,5378300.0,9349700.0,False,0.0,10:12:44
19400.0,1500,-550.0,0.0,SD,5378300.0,9345700.0,False,0.0,10:12:41
19400.0,1000,-550.0,0.0,SD,5378300.0,9344200.0,False,0.0,10:12:39
19400.0,300,-550.0,0.0,SD,5378300.0,9343200.0,False,-50.0,10:12:37
19450.0,900,-500.0,0.0,BU,5378300.0,9342900.0,False,50.0,10:12:34
19400.0,2000,-550.0,0.0,SD,5377400.0,9342900.0,False,0.0,10:12:33
19400.0,400,-550.0,0.0,SD,5377400.0,9340900.0,False,0.0,10:12:33
19400.0,700,-550.0,0.0,SD,5377400.0,9340500.0,False,0.0,10:12:31
19400.0,1000,-550.0,0.0,SD,5377400.0,9339800.0,False,-50.0,10:12:30
19450.0,2000,-500.0,0.0,BU,5377400.0,9338800.0,False,50.0,10:12:29
19400.0,800,-550.0,0.0,SD,5375400.0,9338800.0,False,0.0,10:12:27
19400.0,1500,-550.0,0.0,SD,5375400.0,9338000.0,False,0.0,10:12:27
19400.0,1500,-550.0,0.0,SD,5375400.0,9336500.0,False,0.0,10:12:26
19400.0,500,-550.0,0.0,SD,5375400.0,9335000.0,False,0.0,10:12:26
19400.0,100,-550.0,0.0,SD,5375400.0,9334500.0,False,0.0,10:12:26
19400.0,7900,-550.0,0.0,SD,5375400.0,9334400.0,False,0.0,10:12:26
19400.0,1000,-550.0,0.0,SD,5375400.0,9326500.0,False,0.0,10:12:26
19400.0,1100,-550.0,0.0,SD,5375400.0,9325500.0,False,0.0,10:12:22
19400.0,100,-550.0,0.0,SD,5375400.0,9324400.0,False,0.0,10:12:22
19400.0,800,-550.0,0.0,SD,5375400.0,9324300.0,False,0.0,10:12:22
19400.0,100,-550.0,0.0,SD,5375400.0,9323500.0,False,0.0,10:12:21
19400.0,100,-550.0,0.0,SD,5375400.0,9323400.0,False,0.0,10:12:14
19400.0,600,-550.0,0.0,SD,5375400.0,9323300.0,False,0.0,10:12:14
19400.0,300,-550.0,0.0,SD,5375400.0,9322700.0,False,0.0,10:12:13
19400.0,1000,-550.0,0.0,SD,5375400.0,9322400.0,False,0.0,10:12:11
19400.0,1100,-550.0,0.0,SD,5375400.0,9321400.0,False,0.0,10:11:59
19400.0,200,-550.0,0.0,SD,5375400.0,9320300.0,False,0.0,10:11:59
19400.0,1000,-550.0,0.0,SD,5375400.0,9320100.0,False,0.0,10:11:59
19400.0,500,-550.0,0.0,SD,5375400.0,9319100.0,False,0.0,10:11:59
19400.0,1000,-550.0,0.0,SD,5375400.0,9318600.0,False,0.0,10:11:59
19400.0,100,-550.0,0.0,SD,5375400.0,9317600.0,False,0.0,10:11:59
19400.0,500,-550.0,0.0,SD,5375400.0,9317500.0,False,0.0,10:11:59
19400.0,600,-550.0,0.0,SD,5375400.0,9317000.0,False,0.0,10:11:59
19400.0,800,-550.0,0.0,SD,5375400.0,9316400.0,False,0.0,10:11:58
19400.0,1000,-550.0,0.0,SD,5375400.0,9315600.0,False,-50.0,10:11:56
19450.0,100,-500.0,0.0,BU,5375400.0,9314600.0,False,50.0,10:11:56
19400.0,1000,-550.0,0.0,SD,5375300.0,9314600.0,False,0.0,10:11:55
19400.0,200,-550.0,0.0,SD,5375300.0,9313600.0,False,0.0,10:11:55
19400.0,800,-550.0,0.0,SD,5375300.0,9313400.0,False,0.0,10:11:55
19400.0,9200,-550.0,0.0,SD,5375300.0,9312600.0,False,0.0,10:11:53
19400.0,500,-550.0,0.0,SD,5375300.0,9303400.0,False,0.0,10:11:53
19400.0,300,-550.0,0.0,SD,5375300.0,9302900.0,False,0.0,10:11:53
19400.0,100,-550.0,0.0,SD,5375300.0,9302600.0,False,0.0,10:11:53
19400.0,100,-550.0,0.0,SD,5375300.0,9302500.0,False,0.0,10:11:53
19400.0,700,-550.0,0.0,SD,5375300.0,9302400.0,False,0.0,10:11:53
19400.0,100,-550.0,0.0,SD,5375300.0,9301700.0,False,0.0,10:11:53
19400.0,100,-550.0,0.0,SD,5375300.0,9301600.0,False,0.0,10:11:53
19400.0,1000,-550.0,0.0,SD,5375300.0,9301500.0,False,0.0,10:11:53
19400.0,1000,-550.0,0.0,SD,5375300.0,9300500.0,False,0.0,10:11:53
19400.0,100,-550.0,0.0,SD,5375300.0,9299500.0,False,0.0,10:11:53
19400.0,900,-550.0,0.0,SD,5375300.0,9299400.0,False,0.0,10:11:53
19400.0,500,-550.0,0.0,SD,5375300.0,9298500.0,False,0.0,10:11:53
19400.0,200,-550.0,0.0,SD,5375300.0,9298000.0,False,0.0,10:11:53
19400.0,1000,-550.0,0.0,SD,5375300.0,9297800.0,False,0.0,10:11:53
19400.0,1400,-550.0,0.0,SD,5375300.0,9296800.0,False,0.0,10:11:53
19400.0,1000,-550.0,0.0,SD,5375300.0,9295400.0,False,0.0,10:11:53
19400.0,2000,-550.0,0.0,SD,5375300.0,9294400.0,False,0.0,10:11:53
19400.0,300,-550.0,0.0,SD,5375300.0,9292400.0,False,0.0,10:11:53
19400.0,7000,-550.0,0.0,SD,5375300.0,9292100.0,False,0.0,10:11:53
19400.0,100,-550.0,0.0,SD,5375300.0,9285100.0,False,0.0,10:11:53
19400.0,300,-550.0,0.0,SD,5375300.0,9285000.0,False,0.0,10:11:53
19400.0,1000,-550.0,0.0,SD,5375300.0,9284700.0,False,0.0,10:11:53
19400.0,100,-550.0,0.0,SD,5375300.0,9283700.0,False,0.0,10:11:53
19400.0,500,-550.0,0.0,SD,5375300.0,9283600.0,False,0.0,10:11:53
19400.0,300,-550.0,0.0,SD,5375300.0,9283100.0,False,0.0,10:11:53
19400.0,300,-550.0,0.0,SD,5375300.0,9282800.0,False,0.0,10:11:53
19400.0,1000,-550.0,0.0,SD,5375300.0,9282500.0,False,0.0,10:11:53
19400.0,5000,-550.0,0.0,SD,5375300.0,9281500.0,False,0.0,10:11:53
19400.0,1900,-550.0,0.0,SD,5375300.0,9276500.0,False,0.0,10:11:53
19400.0,500,-550.0,0.0,SD,5375300.0,9274600.0,False,0.0,10:11:53
19400.0,700,-550.0,0.0,SD,5375300.0,9274100.0,False,0.0,10:11:53
19400.0,500,-550.0,0.0,SD,5375300.0,9273400.0,False,0.0,10:11:53
19400.0,300,-550.0,0.0,SD,5375300.0,9272900.0,False,0.0,10:11:53
19400.0,200,-550.0,0.0,SD,5375300.0,9272600.0,False,0.0,10:11:50
19400.0,100,-550.0,0.0,SD,5375300.0,9272400.0,False,-50.0,10:11:42
19450.0,400,-500.0,0.0,BU,5375300.0,9272300.0,False,50.0,10:11:39
19400.0,400,-550.0,0.0,SD,5374900.0,9272300.0,False,0.0,10:11:36
19400.0,600,-550.0,0.0,SD,5374900.0,9271900.0,False,0.0,10:11:36
19400.0,200,-550.0,0.0,SD,5374900.0,9271300.0,False,0.0,10:11:35
19400.0,200,-550.0,0.0,SD,5374900.0,9271100.0,False,0.0,10:11:27
19400.0,100,-550.0,0.0,SD,5374900.0,9270900.0,False,0.0,10:11:27
19400.0,300,-550.0,0.0,SD,5374900.0,9270800.0,False,0.0,10:11:27
19400.0,100,-550.0,0.0,SD,5374900.0,9270500.0,False,0.0,10:11:27
19400.0,5000,-550.0,0.0,SD,5374900.0,9270400.0,False,0.0,10:11:27
19400.0,300,-550.0,0.0,SD,5374900.0,9265400.0,False,0.0,10:11:27
19400.0,100,-550.0,0.0,SD,5374900.0,9265100.0,False,0.0,10:11:27
19400.0,900,-550.0,0.0,SD,5374900.0,9265000.0,False,0.0,10:11:27
19400.0,500,-550.0,0.0,SD,5374900.0,9264100.0,False,-50.0,10:11:24
19450.0,2000,-500.0,0.0,BU,5374900.0,9263600.0,False,50.0,10:11:24
19400.0,1000,-550.0,0.0,SD,5372900.0,9263600.0,False,-50.0,10:11:20
19450.0,1000,-500.0,0.0,BU,5372900.0,9262600.0,False,50.0,10:11:19
19400.0,2800,-550.0,0.0,SD,5371900.0,9262600.0,False,0.0,10:11:17
19400.0,500,-550.0,0.0,SD,5371900.0,9259800.0,False,0.0,10:11:10
19400.0,500,-550.0,0.0,SD,5371900.0,9259300.0,False,0.0,10:11:08
19400.0,3800,-550.0,0.0,SD,5371900.0,9258800.0,False,0.0,10:11:05
19400.0,400,-550.0,0.0,SD,5371900.0,9255000.0,False,0.0,10:11:04
19400.0,1300,-550.0,0.0,SD,5371900.0,9254600.0,False,0.0,10:11:04
19400.0,1300,-550.0,0.0,SD,5371900.0,9253300.0,False,-50.0,10:11:04
19450.0,7000,-500.0,0.0,BU,5371900.0,9252000.0,False,0.0,10:11:02
19450.0,1000,-500.0,0.0,BU,5364900.0,9252000.0,False,50.0,10:10:58
19400.0,700,-550.0,0.0,SD,5363900.0,9252000.0,False,0.0,10:10:56
19400.0,300,-550.0,0.0,SD,5363900.0,9251300.0,False,0.0,10:10:56
19400.0,200,-550.0,0.0,SD,5363900.0,9251000.0,False,0.0,10:10:48
19400.0,200,-550.0,0.0,SD,5363900.0,9250800.0,False,0.0,10:10:48
19400.0,200,-550.0,0.0,SD,5363900.0,9250600.0,False,0.0,10:10:48
19400.0,1000,-550.0,0.0,SD,5363900.0,9250400.0,False,-50.0,10:10:41
19450.0,1000,-500.0,0.0,BU,5363900.0,9249400.0,False,0.0,10:10:40
19450.0,500,-500.0,0.0,BU,5362900.0,9249400.0,False,50.0,10:10:38
19400.0,600,-550.0,0.0,SD,5362400.0,9249400.0,False,0.0,10:10:31
19400.0,2400,-550.0,0.0,SD,5362400.0,9248800.0,False,-50.0,10:10:31
19450.0,3000,-500.0,0.0,BU,5362400.0,9246400.0,False,0.0,10:10:27
19450.0,100,-500.0,0.0,BU,5359400.0,9246400.0,False,0.0,10:10:26
19450.0,500,-500.0,0.0,BU,5359300.0,9246400.0,False,50.0,10:10:25
19400.0,1000,-550.0,0.0,SD,5358800.0,9246400.0,False,0.0,10:10:24
19400.0,900,-550.0,0.0,SD,5358800.0,9245400.0,False,0.0,10:10:17
19400.0,1000,-550.0,0.0,SD,5358800.0,9244500.0,False,-50.0,10:10:17
19450.0,100,-500.0,0.0,BU,5358800.0,9243500.0,False,50.0,10:10:16
19400.0,30000,-550.0,0.0,SD,5358700.0,9243500.0,True,0.0,10:10:11
19400.0,6000,-550.0,0.0,SD,5358700.0,9213500.0,False,-50.0,10:10:10
19450.0,12100,-500.0,0.0,BU,5358700.0,9207500.0,True,50.0,10:10:08
19400.0,9000,-550.0,0.0,SD,5346600.0,9207500.0,False,0.0,10:10:06
19400.0,200,-550.0,0.0,SD,5346600.0,9198500.0,False,0.0,10:10:03
19400.0,5000,-550.0,0.0,SD,5346600.0,9198300.0,False,0.0,10:10:01
19400.0,400,-550.0,0.0,SD,5346600.0,9193300.0,False,0.0,10:10:00
19400.0,1400,-550.0,0.0,SD,5346600.0,9192900.0,False,-50.0,10:09:56
19450.0,300,-500.0,0.0,BU,5346600.0,9191500.0,False,50.0,10:09:55
19400.0,500,-550.0,0.0,SD,5346300.0,9191500.0,False,0.0,10:09:55
19400.0,2000,-550.0,0.0,SD,5346300.0,9191000.0,False,0.0,10:09:53
19400.0,2000,-550.0,0.0,SD,5346300.0,9189000.0,False,0.0,10:09:51
19400.0,1500,-550.0,0.0,SD,5346300.0,9187000.0,False,-50.0,10:09:50
19450.0,5000,-500.0,0.0,BU,5346300.0,9185500.0,False,50.0,10:09:42
19400.0,1000,-550.0,0.0,SD,5341300.0,9185500.0,False,0.0,10:09:41
19400.0,1000,-550.0,0.0,SD,5341300.0,9184500.0,False,0.0,10:09:37
19400.0,1000,-550.0,0.0,SD,5341300.0,9183500.0,False,0.0,10:09:35
19400.0,200,-550.0,0.0,SD,5341300.0,9182500.0,False,0.0,10:09:33
19400.0,2500,-550.0,0.0,SD,5341300.0,9182300.0,False,0.0,10:09:31
19400.0,500,-550.0,0.0,SD,5341300.0,9179800.0,False,0.0,10:09:30
19400.0,700,-550.0,0.0,SD,5341300.0,9179300.0,False,0.0,10:09:28
19400.0,100,-550.0,0.0,SD,5341300.0,9178600.0,False,0.0,10:09:27
19400.0,500,-550.0,0.0,SD,5341300.0,9178500.0,False,0.0,10:09:27
19400.0,4000,-550.0,0.0,SD,5341300.0,9178000.0,False,0.0,10:09:26
19400.0,500,-550.0,0.0,SD,5341300.0,9174000.0,False,0.0,10:09:24
19400.0,12600,-550.0,0.0,SD,5341300.0,9173500.0,True,0.0,10:09:23
19400.0,2000,-550.0,0.0,SD,5341300.0,9160900.0,False,0.0,10:09:23
19400.0,1000,-550.0,0.0,SD,5341300.0,9158900.0,False,0.0,10:09:21
19400.0,400,-550.0,0.0,SD,5341300.0,9157900.0,False,0.0,10:09:20
19400.0,500,-550.0,0.0,SD,5341300.0,9157500.0,False,0.0,10:09:17
19400.0,400,-550.0,0.0,SD,5341300.0,9157000.0,False,0.0,10:09:11
19400.0,2000,-550.0,0.0,SD,5341300.0,9156600.0,False,0.0,10:09:07
19400.0,1000,-550.0,0.0,SD,5341300.0,9154600.0,False,0.0,10:09:06
19400.0,300,-550.0,0.0,SD,5341300.0,9153600.0,False,0.0,10:09:06
19400.0,1700,-550.0,0.0,SD,5341300.0,9153300.0,False,0.0,10:09:05
19400.0,100,-550.0,0.0,SD,5341300.0,9151600.0,False,0.0,10:09:04
19400.0,100,-550.0,0.0,SD,5341300.0,9151500.0,False,0.0,10:09:02
19400.0,300,-550.0,0.0,SD,5341300.0,9151400.0,False,0.0,10:09:02
19400.0,2000,-550.0,0.0,SD,5341300.0,9151100.0,False,0.0,10:09:02
19400.0,400,-550.0,0.0,SD,5341300.0,9149100.0,False,0.0,10:09:00
19400.0,1000,-550.0,0.0,SD,5341300.0,9148700.0,False,0.0,10:08:59
19400.0,1000,-550.0,0.0,SD,5341300.0,9147700.0,False,0.0,10:08:56
19400.0,6000,-550.0,0.0,SD,5341300.0,9146700.0,False,0.0,10:08:55
19400.0,1000,-550.0,0.0,SD,5341300.0,9140700.0,False,0.0,10:08:47
19400.0,400,-550.0,0.0,SD,5341300.0,9139700.0,False,0.0,10:08:47
19400.0,13200,-550.0,0.0,SD,5341300.0,9139300.0,True,0.0,10:08:47
19400.0,1500,-550.0,0.0,SD,5341300.0,9126100.0,False,0.0,10:08:42
19400.0,5000,-550.0,0.0,SD,5341300.0,9124600.0,False,-50.0,10:08:42
19450.0,10000,-500.0,0.0,BU,5341300.0,9119600.0,False,50.0,10:08:38
19400.0,300,-550.0,0.0,SD,5331300.0,9119600.0,False,0.0,10:08:35
19400.0,15000,-550.0,0.0,SD,5331300.0,9119300.0,True,0.0,10:08:35
19400.0,2000,-550.0,0.0,SD,5331300.0,9104300.0,False,0.0,10:08:33
19400.0,1000,-550.0,0.0,SD,5331300.0,9102300.0,False,0.0,10:08:30
19400.0,1500,-550.0,0.0,SD,5331300.0,9101300.0,False,0.0,10:08:30
19400.0,400,-550.0,0.0,SD,5331300.0,9099800.0,False,0.0,10:08:29
19400.0,3000,-550.0,0.0,SD,5331300.0,9099400.0,False,0.0,10:08:29
19400.0,1700,-550.0,0.0,SD,5331300.0,9096400.0,False,0.0,10:08:27
19400.0,2400,-550.0,0.0,SD,5331300.0,9094700.0,False,0.0,10:08:26
19400.0,900,-550.0,0.0,SD,5331300.0,9092300.0,False,0.0,10:08:26
19400.0,4000,-550.0,0.0,SD,5331300.0,9091400.0,False,0.0,10:08:25
19400.0,700,-550.0,0.0,SD,5331300.0,9087400.0,False,0.0,10:08:21
19400.0,4400,-550.0,0.0,SD,5331300.0,9086700.0,False,0.0,10:08:19
19400.0,500,-550.0,0.0,SD,5331300.0,9082300.0,False,0.0,10:08:18
19400.0,200,-550.0,0.0,SD,5331300.0,9081800.0,False,0.0,10:08:18
19400.0,500,-550.0,0.0,SD,5331300.0,9081600.0,False,0.0,10:08:16
19400.0,1000,-550.0,0.0,SD,5331300.0,9081100.0,False,0.0,10:08:14
19400.0,100,-550.0,0.0,SD,5331300.0,9080100.0,False,0.0,10:08:11
19400.0,5000,-550.0,0.0,SD,5331300.0,9080000.0,False,0.0,10:08:10
19400.0,1500,-550.0,0.0,SD,5331300.0,9075000.0,False,0.0,10:08:09
19400.0,10000,-550.0,0.0,SD,5331300.0,9073500.0,False,0.0,10:08:08
19400.0,10000,-550.0,0.0,SD,5331300.0,9063500.0,False,0.0,10:08:08
19400.0,2000,-550.0,0.0,SD,5331300.0,9053500.0,False,0.0,10:08:01
19400.0,2500,-550.0,0.0,SD,5331300.0,9051500.0,False,0.0,10:08:01
19400.0,200,-550.0,0.0,SD,5331300.0,9049000.0,False,0.0,10:08:01
19400.0,300,-550.0,0.0,SD,5331300.0,9048800.0,False,50.0,10:08:01
19350.0,700,-600.0,0.0,SD,5331300.0,9048500.0,False,-50.0,10:07:56
19400.0,1500,-550.0,0.0,BU,5331300.0,9047800.0,False,0.0,10:07:55
19400.0,1000,-550.0,0.0,BU,5329800.0,9047800.0,False,50.0,10:07:55
19350.0,1200,-600.0,0.0,SD,5328800.0,9047800.0,False,-50.0,10:07:54
19400.0,100,-550.0,0.0,BU,5328800.0,9046600.0,False,0.0,10:07:54
19400.0,10000,-550.0,0.0,BU,5328700.0,9046600.0,False,0.0,10:07:54
19400.0,2200,-550.0,0.0,BU,5318700.0,9046600.0,False,0.0,10:07:54
19400.0,200,-550.0,0.0,BU,5316500.0,9046600.0,False,0.0,10:07:54
19400.0,1100,-550.0,0.0,BU,5316300.0,9046600.0,False,0.0,10:07:54
19400.0,2300,-550.0,0.0,SD,5315200.0,9046600.0,False,0.0,10:07:53
19400.0,63100,-550.0,0.0,SD,5315200.0,9044300.0,True,0.0,10:07:51
19400.0,5700,-550.0,0.0,SD,5315200.0,8981200.0,False,0.0,10:07:47
19400.0,6000,-550.0,0.0,SD,5315200.0,8975500.0,False,0.0,10:07:47
19400.0,700,-550.0,0.0,SD,5315200.0,8969500.0,False,0.0,10:07:47
19400.0,100,-550.0,0.0,SD,5315200.0,8968800.0,False,0.0,10:07:47
19400.0,7300,-550.0,0.0,SD,5315200.0,8968700.0,False,0.0,10:07:47
19400.0,200,-550.0,0.0,SD,5315200.0,8961400.0,False,0.0,10:07:47
19400.0,2000,-550.0,0.0,SD,5315200.0,8961200.0,False,0.0,10:07:47
19400.0,1400,-550.0,0.0,SD,5315200.0,8959200.0,False,0.0,10:07:47
19400.0,300,-550.0,0.0,SD,5315200.0,8957800.0,False,0.0,10:07:47
19400.0,200,-550.0,0.0,SD,5315200.0,8957500.0,False,0.0,10:07:47
19400.0,500,-550.0,0.0,SD,5315200.0,8957300.0,False,0.0,10:07:47
19400.0,50000,-550.0,0.0,SD,5315200.0,8956800.0,True,0.0,10:07:47
19400.0,10000,-550.0,0.0,SD,5315200.0,8906800.0,False,0.0,10:07:47
19400.0,500,-550.0,0.0,SD,5315200.0,8896800.0,False,0.0,10:07:47
19400.0,2500,-550.0,0.0,SD,5315200.0,8896300.0,False,0.0,10:07:47
19400.0,1000,-550.0,0.0,SD,5315200.0,8893800.0,False,0.0,10:07:47
19400.0,5000,-550.0,0.0,SD,5315200.0,8892800.0,False,0.0,10:07:47
19400.0,2500,-550.0,0.0,SD,5315200.0,8887800.0,False,0.0,10:07:47
19400.0,400,-550.0,0.0,SD,5315200.0,8885300.0,False,0.0,10:07:47
19400.0,25000,-550.0,0.0,SD,5315200.0,8884900.0,True,0.0,10:07:47
19400.0,200,-550.0,0.0,SD,5315200.0,8859900.0,False,0.0,10:07:47
19400.0,1000,-550.0,0.0,SD,5315200.0,8859700.0,False,0.0,10:07:47
19400.0,2000,-550.0,0.0,SD,5315200.0,8858700.0,False,0.0,10:07:47
19400.0,500,-550.0,0.0,SD,5315200.0,8856700.0,False,0.0,10:07:47
19400.0,200,-550.0,0.0,SD,5315200.0,8856200.0,False,0.0,10:07:47
19400.0,100,-550.0,0.0,SD,5315200.0,8856000.0,False,0.0,10:07:47
19400.0,500,-550.0,0.0,SD,5315200.0,8855900.0,False,0.0,10:07:47
19400.0,500,-550.0,0.0,SD,5315200.0,8855400.0,False,0.0,10:07:47
19400.0,200,-550.0,0.0,SD,5315200.0,8854900.0,False,0.0,10:07:47
19400.0,1000,-550.0,0.0,SD,5315200.0,8854700.0,False,0.0,10:07:47
19400.0,5000,-550.0,0.0,SD,5315200.0,8853700.0,False,0.0,10:07:47
19400.0,200,-550.0,0.0,SD,5315200.0,8848700.0,False,0.0,10:07:47
19400.0,1000,-550.0,0.0,SD,5315200.0,8848500.0,False,0.0,10:07:47
19400.0,200,-550.0,0.0,SD,5315200.0,8847500.0,False,0.0,10:07:47
19400.0,5700,-550.0,0.0,SD,5315200.0,8847300.0,False,0.0,10:07:47
19400.0,100,-550.0,0.0,SD,5315200.0,8841600.0,False,0.0,10:07:47
19400.0,200,-550.0,0.0,SD,5315200.0,8841500.0,False,0.0,10:07:47
19400.0,10000,-550.0,0.0,SD,5315200.0,8841300.0,False,0.0,10:07:47
19400.0,400,-550.0,0.0,SD,5315200.0,8831300.0,False,0.0,10:07:47
19400.0,100,-550.0,0.0,SD,5315200.0,8830900.0,False,0.0,10:07:47
19400.0,100,-550.0,0.0,SD,5315200.0,8830800.0,False,0.0,10:07:47
19400.0,1000,-550.0,0.0,SD,5315200.0,8830700.0,False,0.0,10:07:47
19400.0,3600,-550.0,0.0,SD,5315200.0,8829700.0,False,0.0,10:07:47
19400.0,8000,-550.0,0.0,SD,5315200.0,8826100.0,False,0.0,10:07:47
19400.0,3600,-550.0,0.0,SD,5315200.0,8818100.0,False,0.0,10:07:47
19400.0,15000,-550.0,0.0,SD,5315200.0,8814500.0,True,0.0,10:07:47
19400.0,36000,-550.0,0.0,SD,5315200.0,8799500.0,True,0.0,10:07:47
19400.0,100,-550.0,0.0,SD,5315200.0,8763500.0,False,0.0,10:07:47
19400.0,2900,-550.0,0.0,SD,5315200.0,8763400.0,False,0.0,10:07:47
19400.0,2000,-550.0,0.0,SD,5315200.0,8760500.0,False,0.0,10:07:47
19400.0,10800,-550.0,0.0,SD,5315200.0,8758500.0,True,0.0,10:07:47
19400.0,1500,-550.0,0.0,BU,5315200.0,8747700.0,False,0.0,10:07:47
19400.0,1700,-550.0,0.0,BU,5313700.0,8747700.0,False,0.0,10:07:46
19400.0,1000,-550.0,0.0,BU,5312000.0,8747700.0,False,0.0,10:07:44
19400.0,1000,-550.0,0.0,BU,5311000.0,8747700.0,False,50.0,10:07:44
19350.0,300,-600.0,0.0,SD,5310000.0,8747700.0,False,0.0,10:07:43
19350.0,4000,-600.0,0.0,SD,5310000.0,8747400.0,False,0.0,10:07:43
19350.0,500,-600.0,0.0,SD,5310000.0,8743400.0,False,-50.0,10:07:42
19400.0,1000,-550.0,0.0,BU,5310000.0,8742900.0,False,50.0,10:07:41
19350.0,1000,-600.0,0.0,SD,5309000.0,8742900.0,False,0.0,10:07:41
19350.0,900,-600.0,0.0,SD,5309000.0,8741900.0,False,-50.0,10:07:40
19400.0,300,-550.0,0.0,BU,5309000.0,8741000.0,False,0.0,10:07:37
19400.0,200,-550.0,0.0,BU,5308700.0,8741000.0,False,0.0,10:07:37
19400.0,100,-550.0,0.0,BU,5308500.0,8741000.0,False,0.0,10:07:35
19400.0,800,-550.0,0.0,BU,5308400.0,8741000.0,False,50.0,10:07:35
19350.0,2500,-600.0,0.0,SD,5307600.0,8741000.0,False,-50.0,10:07:34
19400.0,600,-550.0,0.0,BU,5307600.0,8738500.0,False,50.0,10:07:33
19350.0,200,-600.0,0.0,SD,5307000.0,8738500.0,False,0.0,10:07:32
19350.0,7000,-600.0,0.0,SD,5307000.0,8738300.0,False,-50.0,10:07:30
19400.0,100,-550.0,0.0,BU,5307000.0,8731300.0,False,0.0,10:07:30
19400.0,600,-550.0,0.0,BU,5306900.0,8731300.0,False,50.0,10:07:29
19350.0,300,-600.0,0.0,SD,5306300.0,8731300.0,False,-50.0,10:07:28
19400.0,300,-550.0,0.0,BU,5306300.0,8731000.0,False,0.0,10:07:25
19400.0,3300,-550.0,0.0,BU,5306000.0,8731000.0,False,0.0,10:07:21
19400.0,2000,-550.0,0.0,BU,5302700.0,8731000.0,False,0.0,10:07:21
19400.0,1000,-550.0,0.0,BU,5300700.0,8731000.0,False,0.0,10:07:21
19400.0,500,-550.0,0.0,BU,5299700.0,8731000.0,False,0.0,10:07:21
19400.0,500,-550.0,0.0,BU,5299200.0,8731000.0,False,0.0,10:07:21
19400.0,100,-550.0,0.0,BU,5298700.0,8731000.0,False,0.0,10:07:21
19400.0,100,-550.0,0.0,BU,5298600.0,8731000.0,False,0.0,10:07:21
19400.0,1000,-550.0,0.0,BU,5298500.0,8731000.0,False,0.0,10:07:21
19400.0,1000,-550.0,0.0,BU,5297500.0,8731000.0,False,0.0,10:07:21
19400.0,4100,-550.0,0.0,BU,5296500.0,8731000.0,False,0.0,10:07:21
19400.0,100,-550.0,0.0,BU,5292400.0,8731000.0,False,0.0,10:07:21
19400.0,200,-550.0,0.0,BU,5292300.0,8731000.0,False,0.0,10:07:21
19400.0,2500,-550.0,0.0,BU,5292100.0,8731000.0,False,0.0,10:07:21
19400.0,1600,-550.0,0.0,BU,5289600.0,8731000.0,False,0.0,10:07:21
19400.0,100,-550.0,0.0,BU,5288000.0,8731000.0,False,0.0,10:07:21
19400.0,2000,-550.0,0.0,BU,5287900.0,8731000.0,False,50.0,10:07:18
19350.0,200,-600.0,0.0,SD,5285900.0,8731000.0,False,-50.0,10:07:16
19400.0,100,-550.0,0.0,BU,5285900.0,8730800.0,False,0.0,10:07:14
19400.0,100,-550.0,0.0,BU,5285800.0,8730800.0,False,50.0,10:07:12
19350.0,1000,-600.0,0.0,SD,5285700.0,8730800.0,False,-50.0,10:07:08
19400.0,500,-550.0,0.0,BU,5285700.0,8729800.0,False,50.0,10:07:08
19350.0,800,-600.0,0.0,SD,5285200.0,8729800.0,False,0.0,10:07:07
19350.0,900,-600.0,0.0,SD,5285200.0,8729000.0,False,0.0,10:07:07
19350.0,200,-600.0,0.0,SD,5285200.0,8728100.0,False,0.0,10:07:07
19350.0,100,-600.0,0.0,SD,5285200.0,8727900.0,False,0.0,10:07:07
19350.0,100,-600.0,0.0,SD,5285200.0,8727800.0,False,0.0,10:07:07
19350.0,100,-600.0,0.0,SD,5285200.0,8727700.0,False,0.0,10:07:07
19350.0,1000,-600.0,0.0,SD,5285200.0,8727600.0,False,-50.0,10:07:07
19400.0,800,-550.0,0.0,BU,5285200.0,8726600.0,False,50.0,10:07:06
19350.0,500,-600.0,0.0,SD,5284400.0,8726600.0,False,-50.0,10:07:05
19400.0,300,-550.0,0.0,BU,5284400.0,8726100.0,False,50.0,10:07:05
19350.0,2000,-600.0,0.0,SD,5284100.0,8726100.0,False,-50.0,10:07:03
19400.0,100,-550.0,0.0,BU,5284100.0,8724100.0,False,0.0,10:07:02
19400.0,1000,-550.0,0.0,BU,5284000.0,8724100.0,False,0.0,10:06:58
19400.0,1500,-550.0,0.0,BU,5283000.0,8724100.0,False,0.0,10:06:56
19400.0,3400,-550.0,0.0,BU,5281500.0,8724100.0,False,0.0,10:06:56
19400.0,500,-550.0,0.0,BU,5278100.0,8724100.0,False,0.0,10:06:56
19400.0,600,-550.0,0.0,BU,5277600.0,8724100.0,False,0.0,10:06:56
19400.0,3000,-550.0,0.0,BU,5277000.0,8724100.0,False,0.0,10:06:56
19400.0,3500,-550.0,0.0,BU,5274000.0,8724100.0,False,0.0,10:06:54
19400.0,500,-550.0,0.0,BU,5270500.0,8724100.0,False,0.0,10:06:54
19400.0,200,-550.0,0.0,BU,5270000.0,8724100.0,False,0.0,10:06:54
19400.0,1500,-550.0,0.0,BU,5269800.0,8724100.0,False,0.0,10:06:54
19400.0,400,-550.0,0.0,BU,5268300.0,8724100.0,False,0.0,10:06:54
19400.0,1000,-550.0,0.0,BU,5267900.0,8724100.0,False,0.0,10:06:54
19400.0,1000,-550.0,0.0,BU,5266900.0,8724100.0,False,0.0,10:06:54
19400.0,100,-550.0,0.0,BU,5265900.0,8724100.0,False,0.0,10:06:54
19400.0,100,-550.0,0.0,BU,5265800.0,8724100.0,False,0.0,10:06:54
19400.0,200,-550.0,0.0,BU,5265700.0,8724100.0,False,0.0,10:06:54
19400.0,1500,-550.0,0.0,BU,5265500.0,8724100.0,False,0.0,10:06:54
19400.0,200,-550.0,0.0,BU,5264000.0,8724100.0,False,0.0,10:06:53
19400.0,500,-550.0,0.0,BU,5263800.0,8724100.0,False,50.0,10:06:52
19350.0,100,-600.0,0.0,SD,5263300.0,8724100.0,False,-50.0,10:06:48
19400.0,100,-550.0,0.0,BU,5263300.0,8724000.0,False,0.0,10:06:46
19400.0,500,-550.0,0.0,BU,5263200.0,8724000.0,False,0.0,10:06:41
19400.0,700,-550.0,0.0,BU,5262700.0,8724000.0,False,0.0,10:06:41
19400.0,1000,-550.0,0.0,BU,5262000.0,8724000.0,False,0.0,10:06:41
19400.0,500,-550.0,0.0,BU,5261000.0,8724000.0,False,0.0,10:06:41
19400.0,1000,-550.0,0.0,BU,5260500.0,8724000.0,False,0.0,10:06:41
19400.0,500,-550.0,0.0,BU,5259500.0,8724000.0,False,0.0,10:06:41
19400.0,100,-550.0,0.0,BU,5259000.0,8724000.0,False,0.0,10:06:41
19400.0,200,-550.0,0.0,BU,5258900.0,8724000.0,False,0.0,10:06:41
19400.0,300,-550.0,0.0,BU,5258700.0,8724000.0,False,0.0,10:06:41
19400.0,200,-550.0,0.0,BU,5258400.0,8724000.0,False,50.0,10:06:41
19350.0,300,-600.0,0.0,SD,5258200.0,8724000.0,False,-50.0,10:06:40
19400.0,100,-550.0,0.0,BU,5258200.0,8723700.0,False,50.0,10:06:39
19350.0,1000,-600.0,0.0,SD,5258100.0,8723700.0,False,0.0,10:06:39
19350.0,6100,-600.0,0.0,SD,5258100.0,8722700.0,False,0.0,10:06:39
19350.0,1000,-600.0,0.0,SD,5258100.0,8716600.0,False,0.0,10:06:39
19350.0,100,-600.0,0.0,SD,5258100.0,8715600.0,False,0.0,10:06:39
19350.0,500,-600.0,0.0,SD,5258100.0,8715500.0,False,0.0,10:06:39
19350.0,1300,-600.0,0.0,SD,5258100.0,8715000.0,False,-50.0,10:06:39
19400.0,100,-550.0,0.0,BU,5258100.0,8713700.0,False,0.0,10:06:39
19400.0,100,-550.0,0.0,BU,5258000.0,8713700.0,False,50.0,10:06:38
19350.0,3200,-600.0,0.0,SD,5257900.0,8713700.0,False,-50.0,10:06:37
19400.0,1500,-550.0,0.0,BU,5257900.0,8710500.0,False,0.0,10:06:36
19400.0,2000,-550.0,0.0,BU,5256400.0,8710500.0,False,0.0,10:06:36
19400.0,200,-550.0,0.0,BU,5254400.0,8710500.0,False,0.0,10:06:36
19400.0,300,-550.0,0.0,BU,5254200.0,8710500.0,False,0.0,10:06:36
19400.0,1500,-550.0,0.0,BU,5253900.0,8710500.0,False,0.0,10:06:36
19400.0,100,-550.0,0.0,BU,5252400.0,8710500.0,False,0.0,10:06:30
19400.0,100,-550.0,0.0,BU,5252300.0,8710500.0,False,0.0,10:06:30
19400.0,100,-550.0,0.0,BU,5252200.0,8710500.0,False,0.0,10:06:28
19400.0,900,-550.0,0.0,BU,5252100.0,8710500.0,False,0.0,10:06:28
19400.0,600,-550.0,0.0,BU,5251200.0,8710500.0,False,0.0,10:06:28
19400.0,400,-550.0,0.0,BU,5250600.0,8710500.0,False,0.0,10:06:25
19400.0,3100,-550.0,0.0,BU,5250200.0,8710500.0,False,50.0,10:06:25
19350.0,500,-600.0,0.0,SD,5247100.0,8710500.0,False,0.0,10:06:23
19350.0,300,-600.0,0.0,SD,5247100.0,8710000.0,False,0.0,10:06:23
19350.0,2000,-600.0,0.0,SD,5247100.0,8709700.0,False,0.0,10:06:23
19350.0,100,-600.0,0.0,SD,5247100.0,8707700.0,False,0.0,10:06:23
19350.0,100,-600.0,0.0,SD,5247100.0,8707600.0,False,-50.0,10:06:23
19400.0,500,-550.0,0.0,BU,5247100.0,8707500.0,False,50.0,10:06:22
19350.0,500,-600.0,0.0,SD,5246600.0,8707500.0,False,0.0,10:06:19
19350.0,500,-600.0,0.0,SD,5246600.0,8707000.0,False,0.0,10:06:19
19350.0,500,-600.0,0.0,SD,5246600.0,8706500.0,False,0.0,10:06:19
19350.0,100,-600.0,0.0,SD,5246600.0,8706000.0,False,0.0,10:06:19
19350.0,100,-600.0,0.0,SD,5246600.0,8705900.0,False,0.0,10:06:19
19350.0,100,-600.0,0.0,SD,5246600.0,8705800.0,False,0.0,10:06:19
19350.0,300,-600.0,0.0,SD,5246600.0,8705700.0,False,0.0,10:06:19
19350.0,3000,-600.0,0.0,SD,5246600.0,8705400.0,False,0.0,10:06:19
19350.0,100,-600.0,0.0,SD,5246600.0,8702400.0,False,0.0,10:06:19
19350.0,3000,-600.0,0.0,SD,5246600.0,8702300.0,False,0.0,10:06:19
19350.0,100,-600.0,0.0,SD,5246600.0,8699300.0,False,0.0,10:06:19
19350.0,1700,-600.0,0.0,SD,5246600.0,8699200.0,False,0.0,10:06:19
19350.0,400,-600.0,0.0,SD,5246600.0,8697500.0,False,-50.0,10:06:19
19400.0,200,-550.0,0.0,BU,5246600.0,8697100.0,False,50.0,10:06:19
19350.0,2900,-600.0,0.0,SD,5246400.0,8697100.0,False,0.0,10:06:16
19350.0,500,-600.0,0.0,SD,5246400.0,8694200.0,False,0.0,10:06:16
19350.0,100,-600.0,0.0,SD,5246400.0,8693700.0,False,0.0,10:06:16
19350.0,100,-600.0,0.0,SD,5246400.0,8693600.0,False,0.0,10:06:16
19350.0,1000,-600.0,0.0,SD,5246400.0,8693500.0,False,0.0,10:06:16
19350.0,400,-600.0,0.0,SD,5246400.0,8692500.0,False,0.0,10:06:16
19350.0,600,-600.0,0.0,SD,5246400.0,8692100.0,False,0.0,10:06:13
19350.0,400,-600.0,0.0,SD,5246400.0,8691500.0,False,0.0,10:06:13
19350.0,600,-600.0,0.0,SD,5246400.0,8691100.0,False,0.0,10:06:11
19350.0,100,-600.0,0.0,SD,5246400.0,8690500.0,False,0.0,10:06:11
19350.0,800,-600.0,0.0,SD,5246400.0,8690400.0,False,-50.0,10:06:11
19400.0,1200,-550.0,0.0,BU,5246400.0,8689600.0,False,0.0,10:06:10
19400.0,500,-550.0,0.0,BU,5245200.0,8689600.0,False,50.0,10:06:10
19350.0,600,-600.0,0.0,SD,5244700.0,8689600.0,False,0.0,10:06:09
19350.0,1000,-600.0,0.0,SD,5244700.0,8689000.0,False,0.0,10:06:09
19350.0,400,-600.0,0.0,SD,5244700.0,8688000.0,False,-50.0,10:06:09
19400.0,500,-550.0,0.0,BU,5244700.0,8687600.0,False,0.0,10:06:07
19400.0,500,-550.0,0.0,BU,5244200.0,8687600.0,False,0.0,10:06:07
19400.0,700,-550.0,0.0,BU,5243700.0,8687600.0,False,0.0,10:06:07
19400.0,100,-550.0,0.0,BU,5243000.0,8687600.0,False,0.0,10:06:05
19400.0,500,-550.0,0.0,BU,5242900.0,8687600.0,False,0.0,10:06:04
19400.0,100,-550.0,0.0,BU,5242400.0,8687600.0,False,0.0,10:06:00
19400.0,100,-550.0,0.0,BU,5242300.0,8687600.0,False,0.0,10:05:57
19400.0,100,-550.0,0.0,BU,5242200.0,8687600.0,False,50.0,10:05:57
19350.0,200,-600.0,0.0,SD,5242100.0,8687600.0,False,-50.0,10:05:57
19400.0,100,-550.0,0.0,BU,5242100.0,8687400.0,False,0.0,10:05:54
19400.0,400,-550.0,0.0,BU,5242000.0,8687400.0,False,0.0,10:05:53
19400.0,600,-550.0,0.0,BU,5241600.0,8687400.0,False,0.0,10:05:51
19400.0,1900,-550.0,0.0,BU,5241000.0,8687400.0,False,0.0,10:05:51
19400.0,3000,-550.0,0.0,BU,5239100.0,8687400.0,False,0.0,10:05:51
19400.0,100,-550.0,0.0,BU,5236100.0,8687400.0,False,0.0,10:05:51
19400.0,1400,-550.0,0.0,BU,5236000.0,8687400.0,False,0.0,10:05:50
19400.0,500,-550.0,0.0,BU,5234600.0,8687400.0,False,0.0,10:05:50
19400.0,1000,-550.0,0.0,BU,5234100.0,8687400.0,False,0.0,10:05:50
19400.0,1300,-550.0,0.0,BU,5233100.0,8687400.0,False,0.0,10:05:50
19400.0,800,-550.0,0.0,BU,5231800.0,8687400.0,False,0.0,10:05:50
19400.0,200,-550.0,0.0,BU,5231000.0,8687400.0,False,0.0,10:05:46
19400.0,200,-550.0,0.0,BU,5230800.0,8687400.0,False,0.0,10:05:44
19400.0,4000,-550.0,0.0,BU,5230600.0,8687400.0,False,50.0,10:05:44
19350.0,400,-600.0,0.0,SD,5226600.0,8687400.0,False,0.0,10:05:43
19350.0,100,-600.0,0.0,SD,5226600.0,8687000.0,False,-50.0,10:05:43
19400.0,500,-550.0,0.0,BU,5226600.0,8686900.0,False,50.0,10:05:41
19350.0,100,-600.0,0.0,SD,5226100.0,8686900.0,False,0.0,10:05:39
19350.0,900,-600.0,0.0,SD,5226100.0,8686800.0,False,-50.0,10:05:39
19400.0,100,-550.0,0.0,BU,5226100.0,8685900.0,False,0.0,10:05:37
19400.0,100,-550.0,0.0,BU,5226000.0,8685900.0,False,50.0,10:05:37
19350.0,100,-600.0,0.0,SD,5225900.0,8685900.0,False,0.0,10:05:37
19350.0,100,-600.0,0.0,SD,5225900.0,8685800.0,False,0.0,10:05:37
19350.0,100,-600.0,0.0,SD,5225900.0,8685700.0,False,0.0,10:05:37
19350.0,1000,-600.0,0.0,SD,5225900.0,8685600.0,False,0.0,10:05:37
19350.0,200,-600.0,0.0,SD,5225900.0,8684600.0,False,0.0,10:05:37
19350.0,8500,-600.0,0.0,SD,5225900.0,8684400.0,False,-50.0,10:05:37
19400.0,1000,-550.0,0.0,BU,5225900.0,8675900.0,False,0.0,10:05:36
19400.0,10000,-550.0,0.0,BU,5224900.0,8675900.0,False,50.0,10:05:34
19350.0,500,-600.0,0.0,SD,5214900.0,8675900.0,False,-50.0,10:05:34
19400.0,100,-550.0,0.0,BU,5214900.0,8675400.0,False,0.0,10:05:33
19400.0,100,-550.0,0.0,BU,5214800.0,8675400.0,False,0.0,10:05:32
19400.0,200,-550.0,0.0,BU,5214700.0,8675400.0,False,0.0,10:05:32
19400.0,1000,-550.0,0.0,BU,5214500.0,8675400.0,False,0.0,10:05:31
19400.0,500,-550.0,0.0,BU,5213500.0,8675400.0,False,50.0,10:05:29
19350.0,1000,-600.0,0.0,SD,5213000.0,8675400.0,False,-50.0,10:05:25
19400.0,100,-550.0,0.0,BU,5213000.0,8674400.0,False,50.0,10:05:25
19350.0,200,-600.0,0.0,SD,5212900.0,8674400.0,False,-50.0,10:05:24
19400.0,400,-550.0,0.0,BU,5212900.0,8674200.0,False,0.0,10:05:21
19400.0,300,-550.0,0.0,BU,5212500.0,8674200.0,False,0.0,10:05:19
19400.0,100,-550.0,0.0,BU,5212200.0,8674200.0,False,50.0,10:05:18
19350.0,200,-600.0,0.0,SD,5212100.0,8674200.0,False,-50.0,10:05:17
19400.0,100,-550.0,0.0,BU,5212100.0,8674000.0,False,0.0,10:05:16
19400.0,600,-550.0,0.0,BU,5212000.0,8674000.0,False,0.0,10:05:16
19400.0,500,-550.0,0.0,BU,5211400.0,8674000.0,False,0.0,10:05:13
19400.0,200,-550.0,0.0,BU,5210900.0,8674000.0,False,0.0,10:05:12
19400.0,300,-550.0,0.0,BU,5210700.0,8674000.0,False,0.0,10:05:12
19400.0,100,-550.0,0.0,BU,5210400.0,8674000.0,False,50.0,10:05:11
19350.0,100,-600.0,0.0,SD,5210300.0,8674000.0,False,0.0,10:05:10
19350.0,100,-600.0,0.0,SD,5210300.0,8673900.0,False,0.0,10:05:10
19350.0,400,-600.0,0.0,SD,5210300.0,8673800.0,False,0.0,10:05:10
19350.0,7000,-600.0,0.0,SD,5210300.0,8673400.0,False,0.0,10:05:10
19350.0,100,-600.0,0.0,SD,5210300.0,8666400.0,False,0.0,10:05:10
19350.0,500,-600.0,0.0,SD,5210300.0,8666300.0,False,0.0,10:05:10
19350.0,100,-600.0,0.0,SD,5210300.0,8665800.0,False,0.0,10:05:10
19350.0,2000,-600.0,0.0,SD,5210300.0,8665700.0,False,-50.0,10:05:10
19400.0,1000,-550.0,0.0,BU,5210300.0,8663700.0,False,0.0,10:05:10
19400.0,1000,-550.0,0.0,BU,5209300.0,8663700.0,False,0.0,10:05:08
19400.0,200,-550.0,0.0,BU,5208300.0,8663700.0,False,0.0,10:05:07
19400.0,100,-550.0,0.0,BU,5208100.0,8663700.0,False,0.0,10:05:06
19400.0,2200,-550.0,0.0,BU,5208000.0,8663700.0,False,0.0,10:05:04
19400.0,10000,-550.0,0.0,BU,5205800.0,8663700.0,False,0.0,10:05:02
19400.0,100,-550.0,0.0,BU,5195800.0,8663700.0,False,0.0,10:05:00
19400.0,200,-550.0,0.0,BU,5195700.0,8663700.0,False,0.0,10:04:59
19400.0,100,-550.0,0.0,BU,5195500.0,8663700.0,False,50.0,10:04:56
19350.0,100,-600.0,0.0,SD,5195400.0,8663700.0,False,0.0,10:04:55
19350.0,100,-600.0,0.0,SD,5195400.0,8663600.0,False,0.0,10:04:55
19350.0,300,-600.0,0.0,SD,5195400.0,8663500.0,False,0.0,10:04:55
19350.0,100,-600.0,0.0,SD,5195400.0,8663200.0,False,0.0,10:04:55
19350.0,500,-600.0,0.0,SD,5195400.0,8663100.0,False,0.0,10:04:55
19350.0,400,-600.0,0.0,SD,5195400.0,8662600.0,False,0.0,10:04:55
19350.0,300,-600.0,0.0,SD,5195400.0,8662200.0,False,0.0,10:04:55
19350.0,100,-600.0,0.0,SD,5195400.0,8661900.0,False,0.0,10:04:55
19350.0,1000,-600.0,0.0,SD,5195400.0,8661800.0,False,0.0,10:04:55
19350.0,500,-600.0,0.0,SD,5195400.0,8660800.0,False,0.0,10:04:55
19350.0,1600,-600.0,0.0,SD,5195400.0,8660300.0,False,0.0,10:04:55
19350.0,2000,-600.0,0.0,SD,5195400.0,8658700.0,False,-50.0,10:04:54
19400.0,300,-550.0,0.0,BU,5195400.0,8656700.0,False,50.0,10:04:51
19350.0,1400,-600.0,0.0,SD,5195100.0,8656700.0,False,0.0,10:04:51
19350.0,500,-600.0,0.0,SD,5195100.0,8655300.0,False,0.0,10:04:51
19350.0,600,-600.0,0.0,SD,5195100.0,8654800.0,False,-50.0,10:04:51
19400.0,5000,-550.0,0.0,BU,5195100.0,8654200.0,False,0.0,10:04:51
19400.0,5000,-550.0,0.0,BU,5190100.0,8654200.0,False,0.0,10:04:45
19400.0,2000,-550.0,0.0,BU,5185100.0,8654200.0,False,0.0,10:04:43
19400.0,4000,-550.0,0.0,BU,5183100.0,8654200.0,False,50.0,10:04:43
19350.0,1100,-600.0,0.0,SD,5179100.0,8654200.0,False,0.0,10:04:43
19350.0,100,-600.0,0.0,SD,5179100.0,8653100.0,False,0.0,10:04:38
19350.0,500,-600.0,0.0,SD,5179100.0,8653000.0,False,0.0,10:04:38
19350.0,100,-600.0,0.0,SD,5179100.0,8652500.0,False,0.0,10:04:38
19350.0,300,-600.0,0.0,SD,5179100.0,8652400.0,False,0.0,10:04:38
19350.0,8300,-600.0,0.0,SD,5179100.0,8652100.0,False,0.0,10:04:38
19350.0,7000,-600.0,0.0,SD,5179100.0,8643800.0,False,0.0,10:04:38
19350.0,200,-600.0,0.0,SD,5179100.0,8636800.0,False,0.0,10:04:38
19350.0,2000,-600.0,0.0,SD,5179100.0,8636600.0,False,0.0,10:04:38
19350.0,100,-600.0,0.0,SD,5179100.0,8634600.0,False,0.0,10:04:38
19350.0,200,-600.0,0.0,SD,5179100.0,8634500.0,False,0.0,10:04:38
19350.0,1000,-600.0,0.0,SD,5179100.0,8634300.0,False,0.0,10:04:38
19350.0,200,-600.0,0.0,SD,5179100.0,8633300.0,False,0.0,10:04:38
19350.0,500,-600.0,0.0,SD,5179100.0,8633100.0,False,0.0,10:04:38
19350.0,2000,-600.0,0.0,SD,5179100.0,8632600.0,False,0.0,10:04:38
19350.0,100,-600.0,0.0,SD,5179100.0,8630600.0,False,0.0,10:04:38
19350.0,2000,-600.0,0.0,SD,5179100.0,8630500.0,False,0.0,10:04:38
19350.0,300,-600.0,0.0,SD,5179100.0,8628500.0,False,0.0,10:04:38
19350.0,100,-600.0,0.0,SD,5179100.0,8628200.0,False,0.0,10:04:38
19350.0,500,-600.0,0.0,SD,5179100.0,8628100.0,False,0.0,10:04:38
19350.0,200,-600.0,0.0,SD,5179100.0,8627600.0,False,0.0,10:04:38
19350.0,500,-600.0,0.0,SD,5179100.0,8627400.0,False,0.0,10:04:38
19350.0,100,-600.0,0.0,SD,5179100.0,8626900.0,False,0.0,10:04:38
19350.0,200,-600.0,0.0,SD,5179100.0,8626800.0,False,0.0,10:04:38
19350.0,3000,-600.0,0.0,SD,5179100.0,8626600.0,False,0.0,10:04:38
19350.0,1000,-600.0,0.0,SD,5179100.0,8623600.0,False,0.0,10:04:38
19350.0,18800,-600.0,0.0,SD,5179100.0,8622600.0,True,0.0,10:04:38
19350.0,1300,-600.0,0.0,SD,5179100.0,8603800.0,False,0.0,10:04:38
19350.0,1000,-600.0,0.0,SD,5179100.0,8602500.0,False,0.0,10:04:38
19350.0,200,-600.0,0.0,SD,5179100.0,8601500.0,False,0.0,10:04:38
19350.0,1000,-600.0,0.0,SD,5179100.0,8601300.0,False,0.0,10:04:38
19350.0,500,-600.0,0.0,SD,5179100.0,8600300.0,False,0.0,10:04:38
19350.0,500,-600.0,0.0,SD,5179100.0,8599800.0,False,0.0,10:04:38
19350.0,300,-600.0,0.0,SD,5179100.0,8599300.0,False,0.0,10:04:38
19350.0,1300,-600.0,0.0,SD,5179100.0,8599000.0,False,0.0,10:04:38
19350.0,1000,-600.0,0.0,SD,5179100.0,8597700.0,False,0.0,10:04:38
19350.0,300,-600.0,0.0,SD,5179100.0,8596700.0,False,0.0,10:04:38
19350.0,5200,-600.0,0.0,SD,5179100.0,8596400.0,False,0.0,10:04:38
19350.0,100,-600.0,0.0,SD,5179100.0,8591200.0,False,0.0,10:04:38
19350.0,100,-600.0,0.0,SD,5179100.0,8591100.0,False,0.0,10:04:38
19350.0,200,-600.0,0.0,SD,5179100.0,8591000.0,False,0.0,10:04:38
19350.0,1000,-600.0,0.0,SD,5179100.0,8590800.0,False,0.0,10:04:38
19350.0,100,-600.0,0.0,SD,5179100.0,8589800.0,False,0.0,10:04:38
19350.0,3500,-600.0,0.0,SD,5179100.0,8589700.0,False,0.0,10:04:38
19350.0,100,-600.0,0.0,SD,5179100.0,8586200.0,False,0.0,10:04:38
19350.0,700,-600.0,0.0,SD,5179100.0,8586100.0,False,0.0,10:04:38
19350.0,700,-600.0,0.0,SD,5179100.0,8585400.0,False,0.0,10:04:38
19350.0,100,-600.0,0.0,SD,5179100.0,8584700.0,False,0.0,10:04:38
19350.0,100,-600.0,0.0,SD,5179100.0,8584600.0,False,0.0,10:04:38
19350.0,1000,-600.0,0.0,SD,5179100.0,8584500.0,False,0.0,10:04:38
19350.0,200,-600.0,0.0,SD,5179100.0,8583500.0,False,0.0,10:04:38
19350.0,100,-600.0,0.0,SD,5179100.0,8583300.0,False,0.0,10:04:38
19350.0,200,-600.0,0.0,SD,5179100.0,8583200.0,False,0.0,10:04:38
19350.0,2000,-600.0,0.0,SD,5179100.0,8583000.0,False,0.0,10:04:38
19350.0,200,-600.0,0.0,SD,5179100.0,8581000.0,False,0.0,10:04:38
19350.0,2200,-600.0,0.0,SD,5179100.0,8580800.0,False,0.0,10:04:38
19350.0,100,-600.0,0.0,SD,5179100.0,8578600.0,False,0.0,10:04:38
19350.0,500,-600.0,0.0,SD,5179100.0,8578500.0,False,0.0,10:04:38
19350.0,2000,-600.0,0.0,SD,5179100.0,8578000.0,False,0.0,10:04:38
19350.0,600,-600.0,0.0,SD,5179100.0,8576000.0,False,0.0,10:04:38
19350.0,2000,-600.0,0.0,SD,5179100.0,8575400.0,False,0.0,10:04:38
19350.0,100,-600.0,0.0,SD,5179100.0,8573400.0,False,0.0,10:04:38
19350.0,100,-600.0,0.0,SD,5179100.0,8573300.0,False,0.0,10:04:38
19350.0,1000,-600.0,0.0,SD,5179100.0,8573200.0,False,0.0,10:04:38
19350.0,100,-600.0,0.0,SD,5179100.0,8572200.0,False,0.0,10:04:38
19350.0,500,-600.0,0.0,SD,5179100.0,8572100.0,False,0.0,10:04:38
19350.0,100,-600.0,0.0,SD,5179100.0,8571600.0,False,0.0,10:04:38
19350.0,100,-600.0,0.0,SD,5179100.0,8571500.0,False,0.0,10:04:38
19350.0,500,-600.0,0.0,SD,5179100.0,8571400.0,False,0.0,10:04:38
19350.0,100,-600.0,0.0,SD,5179100.0,8570900.0,False,0.0,10:04:38
19350.0,5000,-600.0,0.0,SD,5179100.0,8570800.0,False,0.0,10:04:38
19350.0,500,-600.0,0.0,SD,5179100.0,8565800.0,False,0.0,10:04:38
19350.0,1000,-600.0,0.0,SD,5179100.0,8565300.0,False,0.0,10:04:38
19350.0,100,-600.0,0.0,SD,5179100.0,8564300.0,False,0.0,10:04:38
19350.0,4500,-600.0,0.0,SD,5179100.0,8564200.0,False,0.0,10:04:38
19350.0,500,-600.0,0.0,SD,5179100.0,8559700.0,False,0.0,10:04:38
19350.0,200,-600.0,0.0,SD,5179100.0,8559200.0,False,0.0,10:04:38
19350.0,1000,-600.0,0.0,SD,5179100.0,8559000.0,False,0.0,10:04:38
19350.0,200,-600.0,0.0,SD,5179100.0,8558000.0,False,0.0,10:04:38
19350.0,2000,-600.0,0.0,SD,5179100.0,8557800.0,False,0.0,10:04:38
19350.0,1000,-600.0,0.0,SD,5179100.0,8555800.0,False,0.0,10:04:38
19350.0,2000,-600.0,0.0,SD,5179100.0,8554800.0,False,0.0,10:04:38
19350.0,2000,-600.0,0.0,SD,5179100.0,8552800.0,False,0.0,10:04:38
19350.0,300,-600.0,0.0,SD,5179100.0,8550800.0,False,0.0,10:04:38
19350.0,500,-600.0,0.0,SD,5179100.0,8550500.0,False,0.0,10:04:38
19350.0,1000,-600.0,0.0,SD,5179100.0,8550000.0,False,0.0,10:04:38
19350.0,1500,-600.0,0.0,SD,5179100.0,8549000.0,False,0.0,10:04:35
19350.0,500,-600.0,0.0,SD,5179100.0,8547500.0,False,-50.0,10:04:35
19400.0,100,-550.0,0.0,BU,5179100.0,8547000.0,False,0.0,10:04:32
19400.0,5000,-550.0,0.0,BU,5179000.0,8547000.0,False,0.0,10:04:32
19400.0,2000,-550.0,0.0,BU,5174000.0,8547000.0,False,0.0,10:04:31
19400.0,1700,-550.0,0.0,BU,5172000.0,8547000.0,False,0.0,10:04:31
19400.0,10000,-550.0,0.0,BU,5170300.0,8547000.0,False,0.0,10:04:29
19400.0,1000,-550.0,0.0,BU,5160300.0,8547000.0,False,0.0,10:04:29
19400.0,1000,-550.0,0.0,BU,5159300.0,8547000.0,False,0.0,10:04:28
19400.0,500,-550.0,0.0,BU,5158300.0,8547000.0,False,0.0,10:04:28
19400.0,100,-550.0,0.0,BU,5157800.0,8547000.0,False,0.0,10:04:27
19400.0,100,-550.0,0.0,BU,5157700.0,8547000.0,False,0.0,10:04:27
19400.0,300,-550.0,0.0,BU,5157600.0,8547000.0,False,0.0,10:04:25
19400.0,200,-550.0,0.0,BU,5157300.0,8547000.0,False,0.0,10:04:25
19400.0,300,-550.0,0.0,BU,5157100.0,8547000.0,False,50.0,10:04:18
19350.0,400,-600.0,0.0,SD,5156800.0,8547000.0,False,0.0,10:04:17
19350.0,1400,-600.0,0.0,SD,5156800.0,8546600.0,False,0.0,10:04:17
19350.0,100,-600.0,0.0,SD,5156800.0,8545200.0,False,0.0,10:04:17
19350.0,100,-600.0,0.0,SD,5156800.0,8545100.0,False,-50.0,10:04:17
19400.0,10000,-550.0,0.0,BU,5156800.0,8545000.0,False,0.0,10:04:14
19400.0,2000,-550.0,0.0,BU,5146800.0,8545000.0,False,0.0,10:04:13
19400.0,100,-550.0,0.0,BU,5144800.0,8545000.0,False,0.0,10:04:11
19400.0,100,-550.0,0.0,BU,5144700.0,8545000.0,False,0.0,10:04:11
19400.0,1500,-550.0,0.0,BU,5144600.0,8545000.0,False,0.0,10:04:10
19400.0,100,-550.0,0.0,BU,5143100.0,8545000.0,False,0.0,10:04:10
19400.0,100,-550.0,0.0,BU,5143000.0,8545000.0,False,0.0,10:04:10
19400.0,1000,-550.0,0.0,SD,5142900.0,8545000.0,False,0.0,10:04:10
19400.0,1000,-550.0,0.0,SD,5142900.0,8544000.0,False,0.0,10:04:10
19400.0,100,-550.0,0.0,SD,5142900.0,8543000.0,False,0.0,10:04:10
19400.0,200,-550.0,0.0,SD,5142900.0,8542900.0,False,0.0,10:04:10
19400.0,2000,-550.0,0.0,SD,5142900.0,8542700.0,False,0.0,10:04:10
19400.0,3300,-550.0,0.0,SD,5142900.0,8540700.0,False,0.0,10:04:10
19400.0,100,-550.0,0.0,SD,5142900.0,8537400.0,False,0.0,10:04:10
19400.0,100,-550.0,0.0,SD,5142900.0,8537300.0,False,0.0,10:04:10
19400.0,100,-550.0,0.0,SD,5142900.0,8537200.0,False,0.0,10:04:10
19400.0,2000,-550.0,0.0,SD,5142900.0,8537100.0,False,0.0,10:04:10
19400.0,2000,-550.0,0.0,SD,5142900.0,8535100.0,False,0.0,10:04:10
19400.0,2000,-550.0,0.0,SD,5142900.0,8533100.0,False,0.0,10:04:10
19400.0,10000,-550.0,0.0,SD,5142900.0,8531100.0,False,0.0,10:04:10
19400.0,9000,-550.0,0.0,SD,5142900.0,8521100.0,False,0.0,10:04:10
19400.0,100,-550.0,0.0,SD,5142900.0,8512100.0,False,0.0,10:04:10
19400.0,700,-550.0,0.0,SD,5142900.0,8512000.0,False,0.0,10:04:10
19400.0,400,-550.0,0.0,SD,5142900.0,8511300.0,False,0.0,10:04:10
19400.0,600,-550.0,0.0,SD,5142900.0,8510900.0,False,0.0,10:04:10
19400.0,400,-550.0,0.0,SD,5142900.0,8510300.0,False,0.0,10:04:10
19400.0,500,-550.0,0.0,SD,5142900.0,8509900.0,False,0.0,10:04:10
19400.0,200,-550.0,0.0,SD,5142900.0,8509400.0,False,0.0,10:04:10
19400.0,1000,-550.0,0.0,SD,5142900.0,8509200.0,False,0.0,10:04:10
19400.0,300,-550.0,0.0,SD,5142900.0,8508200.0,False,0.0,10:04:10
19400.0,5000,-550.0,0.0,SD,5142900.0,8507900.0,False,0.0,10:04:10
19400.0,100,-550.0,0.0,SD,5142900.0,8502900.0,False,0.0,10:04:10
19400.0,100,-550.0,0.0,SD,5142900.0,8502800.0,False,0.0,10:04:10
19400.0,100,-550.0,0.0,SD,5142900.0,8502700.0,False,0.0,10:04:10
19400.0,100,-550.0,0.0,SD,5142900.0,8502600.0,False,0.0,10:04:10
19400.0,500,-550.0,0.0,SD,5142900.0,8502500.0,False,0.0,10:04:10
19400.0,200,-550.0,0.0,SD,5142900.0,8502000.0,False,0.0,10:04:10
19400.0,500,-550.0,0.0,SD,5142900.0,8501800.0,False,0.0,10:04:10
19400.0,100,-550.0,0.0,SD,5142900.0,8501300.0,False,0.0,10:04:10
19400.0,200,-550.0,0.0,SD,5142900.0,8501200.0,False,0.0,10:04:10
19400.0,500,-550.0,0.0,SD,5142900.0,8501000.0,False,0.0,10:04:10
19400.0,100,-550.0,0.0,SD,5142900.0,8500500.0,False,0.0,10:04:10
19400.0,100,-550.0,0.0,SD,5142900.0,8500400.0,False,0.0,10:04:10
19400.0,2000,-550.0,0.0,SD,5142900.0,8500300.0,False,0.0,10:04:10
19400.0,100,-550.0,0.0,SD,5142900.0,8498300.0,False,0.0,10:04:10
19400.0,1000,-550.0,0.0,SD,5142900.0,8498200.0,False,0.0,10:04:10
19400.0,500,-550.0,0.0,SD,5142900.0,8497200.0,False,0.0,10:04:10
19400.0,100,-550.0,0.0,SD,5142900.0,8496700.0,False,0.0,10:04:10
19400.0,5000,-550.0,0.0,SD,5142900.0,8496600.0,False,0.0,10:04:10
19400.0,900,-550.0,0.0,SD,5142900.0,8491600.0,False,0.0,10:04:10
19400.0,100,-550.0,0.0,SD,5142900.0,8490700.0,False,0.0,10:04:10
19400.0,400,-550.0,0.0,SD,5142900.0,8490600.0,False,0.0,10:04:10
19400.0,3000,-550.0,0.0,SD,5142900.0,8490200.0,False,0.0,10:04:10
19400.0,100,-550.0,0.0,SD,5142900.0,8487200.0,False,0.0,10:04:10
19400.0,100,-550.0,0.0,SD,5142900.0,8487100.0,False,0.0,10:04:10
19400.0,100,-550.0,0.0,SD,5142900.0,8487000.0,False,0.0,10:04:10
19400.0,500,-550.0,0.0,SD,5142900.0,8486900.0,False,0.0,10:04:10
19400.0,400,-550.0,0.0,SD,5142900.0,8486400.0,False,0.0,10:04:10
19400.0,1000,-550.0,0.0,SD,5142900.0,8486000.0,False,0.0,10:04:10
19400.0,300,-550.0,0.0,SD,5142900.0,8485000.0,False,0.0,10:04:10
19400.0,1000,-550.0,0.0,SD,5142900.0,8484700.0,False,0.0,10:04:10
19400.0,100,-550.0,0.0,SD,5142900.0,8483700.0,False,0.0,10:04:10
19400.0,400,-550.0,0.0,SD,5142900.0,8483600.0,False,0.0,10:04:10
19400.0,700,-550.0,0.0,SD,5142900.0,8483200.0,False,0.0,10:04:10
19400.0,2000,-550.0,0.0,SD,5142900.0,8482500.0,False,0.0,10:04:10
19400.0,100,-550.0,0.0,SD,5142900.0,8480500.0,False,0.0,10:04:10
19400.0,1000,-550.0,0.0,SD,5142900.0,8480400.0,False,0.0,10:04:10
19400.0,1000,-550.0,0.0,SD,5142900.0,8479400.0,False,0.0,10:04:10
19400.0,100,-550.0,0.0,SD,5142900.0,8478400.0,False,0.0,10:04:10
19400.0,1000,-550.0,0.0,SD,5142900.0,8478300.0,False,0.0,10:04:10
19400.0,500,-550.0,0.0,SD,5142900.0,8477300.0,False,0.0,10:04:10
19400.0,200,-550.0,0.0,SD,5142900.0,8476800.0,False,0.0,10:04:10
19400.0,100,-550.0,0.0,SD,5142900.0,8476600.0,False,0.0,10:04:10
19400.0,500,-550.0,0.0,SD,5142900.0,8476500.0,False,0.0,10:04:10
19400.0,2600,-550.0,0.0,SD,5142900.0,8476000.0,False,0.0,10:04:10
19400.0,1000,-550.0,0.0,SD,5142900.0,8473400.0,False,0.0,10:04:10
19400.0,200,-550.0,0.0,SD,5142900.0,8472400.0,False,0.0,10:04:10
19400.0,1000,-550.0,0.0,SD,5142900.0,8472200.0,False,0.0,10:04:10
19400.0,200,-550.0,0.0,SD,5142900.0,8471200.0,False,0.0,10:04:10
19400.0,100,-550.0,0.0,SD,5142900.0,8471000.0,False,0.0,10:04:10
19400.0,1000,-550.0,0.0,SD,5142900.0,8470900.0,False,0.0,10:04:10
19400.0,100,-550.0,0.0,SD,5142900.0,8469900.0,False,0.0,10:04:10
19400.0,100,-550.0,0.0,SD,5142900.0,8469800.0,False,0.0,10:04:10
19400.0,1300,-550.0,0.0,SD,5142900.0,8469700.0,False,0.0,10:04:10
19400.0,300,-550.0,0.0,SD,5142900.0,8468400.0,False,0.0,10:04:10
19400.0,200,-550.0,0.0,SD,5142900.0,8468100.0,False,0.0,10:04:10
19400.0,1000,-550.0,0.0,SD,5142900.0,8467900.0,False,0.0,10:04:10
19400.0,300,-550.0,0.0,SD,5142900.0,8466900.0,False,0.0,10:04:10
19400.0,300,-550.0,0.0,SD,5142900.0,8466600.0,False,0.0,10:04:10
19400.0,1500,-550.0,0.0,SD,5142900.0,8466300.0,False,0.0,10:04:10
19400.0,1000,-550.0,0.0,SD,5142900.0,8464800.0,False,0.0,10:04:10
19400.0,500,-550.0,0.0,SD,5142900.0,8463800.0,False,0.0,10:04:10
19400.0,100,-550.0,0.0,SD,5142900.0,8463300.0,False,0.0,10:04:10
19400.0,500,-550.0,0.0,SD,5142900.0,8463200.0,False,0.0,10:04:10
19400.0,1000,-550.0,0.0,SD,5142900.0,8462700.0,False,0.0,10:04:10
19400.0,200,-550.0,0.0,SD,5142900.0,8461700.0,False,0.0,10:04:10
19400.0,1000,-550.0,0.0,SD,5142900.0,8461500.0,False,0.0,10:04:10
19400.0,100,-550.0,0.0,SD,5142900.0,8460500.0,False,0.0,10:04:10
19400.0,100,-550.0,0.0,SD,5142900.0,8460400.0,False,0.0,10:04:10
19400.0,500,-550.0,0.0,SD,5142900.0,8460300.0,False,0.0,10:04:10
19400.0,200,-550.0,0.0,SD,5142900.0,8459800.0,False,0.0,10:04:10
19400.0,200,-550.0,0.0,SD,5142900.0,8459600.0,False,0.0,10:04:10
19400.0,500,-550.0,0.0,SD,5142900.0,8459400.0,False,0.0,10:04:10
19400.0,100,-550.0,0.0,SD,5142900.0,8458900.0,False,0.0,10:04:10
19400.0,2000,-550.0,0.0,SD,5142900.0,8458800.0,False,0.0,10:04:10
19400.0,100,-550.0,0.0,SD,5142900.0,8456800.0,False,0.0,10:04:10
19400.0,5000,-550.0,0.0,SD,5142900.0,8456700.0,False,0.0,10:04:10
19400.0,100,-550.0,0.0,SD,5142900.0,8451700.0,False,0.0,10:04:10
19400.0,500,-550.0,0.0,SD,5142900.0,8451600.0,False,0.0,10:04:10
19400.0,2300,-550.0,0.0,SD,5142900.0,8451100.0,False,0.0,10:04:10
19400.0,200,-550.0,0.0,SD,5142900.0,8448800.0,False,0.0,10:04:10
19400.0,4000,-550.0,0.0,SD,5142900.0,8448600.0,False,0.0,10:04:10
19400.0,3900,-550.0,0.0,SD,5142900.0,8444600.0,False,0.0,10:04:10
19400.0,1000,-550.0,0.0,SD,5142900.0,8440700.0,False,0.0,10:04:10
19400.0,400,-550.0,0.0,SD,5142900.0,8439700.0,False,0.0,10:04:10
19400.0,100,-550.0,0.0,SD,5142900.0,8439300.0,False,0.0,10:04:10
19400.0,100,-550.0,0.0,SD,5142900.0,8439200.0,False,0.0,10:04:10
19400.0,200,-550.0,0.0,SD,5142900.0,8439100.0,False,0.0,10:04:10
19400.0,3200,-550.0,0.0,SD,5142900.0,8438900.0,False,0.0,10:04:10
19400.0,300,-550.0,0.0,SD,5142900.0,8435700.0,False,0.0,10:04:10
19400.0,1500,-550.0,0.0,SD,5142900.0,8435400.0,False,-50.0,10:04:10
19450.0,4100,-500.0,0.0,BU,5142900.0,8433900.0,False,0.0,10:04:05
19450.0,200,-500.0,0.0,BU,5138800.0,8433900.0,False,50.0,10:04:03
19400.0,100,-550.0,0.0,SD,5138600.0,8433900.0,False,0.0,10:04:02
19400.0,200,-550.0,0.0,SD,5138600.0,8433800.0,False,0.0,10:04:01
19400.0,1000,-550.0,0.0,SD,5138600.0,8433600.0,False,0.0,10:04:01
19400.0,100,-550.0,0.0,SD,5138600.0,8432600.0,False,0.0,10:04:01
19400.0,300,-550.0,0.0,SD,5138600.0,8432500.0,False,0.0,10:04:01
19400.0,100,-550.0,0.0,SD,5138600.0,8432200.0,False,0.0,10:04:01
19400.0,400,-550.0,0.0,SD,5138600.0,8432100.0,False,0.0,10:04:01
19400.0,100,-550.0,0.0,SD,5138600.0,8431700.0,False,0.0,10:04:01
19400.0,2000,-550.0,0.0,SD,5138600.0,8431600.0,False,0.0,10:04:01
19400.0,100,-550.0,0.0,SD,5138600.0,8429600.0,False,0.0,10:04:01
19400.0,100,-550.0,0.0,SD,5138600.0,8429500.0,False,0.0,10:04:01
19400.0,1000,-550.0,0.0,SD,5138600.0,8429400.0,False,0.0,10:04:01
19400.0,500,-550.0,0.0,SD,5138600.0,8428400.0,False,0.0,10:04:01
19400.0,100,-550.0,0.0,SD,5138600.0,8427900.0,False,0.0,10:04:01
19400.0,1000,-550.0,0.0,SD,5138600.0,8427800.0,False,0.0,10:04:01
19400.0,500,-550.0,0.0,SD,5138600.0,8426800.0,False,0.0,10:04:01
19400.0,300,-550.0,0.0,SD,5138600.0,8426300.0,False,0.0,10:04:01
19400.0,100,-550.0,0.0,SD,5138600.0,8426000.0,False,0.0,10:04:01
19400.0,200,-550.0,0.0,SD,5138600.0,8425900.0,False,0.0,10:04:01
19400.0,100,-550.0,0.0,SD,5138600.0,8425700.0,False,0.0,10:04:01
19400.0,100,-550.0,0.0,SD,5138600.0,8425600.0,False,0.0,10:04:01
19400.0,500,-550.0,0.0,SD,5138600.0,8425500.0,False,0.0,10:04:01
19400.0,100,-550.0,0.0,SD,5138600.0,8425000.0,False,0.0,10:04:01
19400.0,700,-550.0,0.0,SD,5138600.0,8424900.0,False,0.0,10:04:01
19400.0,1000,-550.0,0.0,SD,5138600.0,8424200.0,False,0.0,10:04:01
19400.0,1000,-550.0,0.0,SD,5138600.0,8423200.0,False,0.0,10:04:01
19400.0,300,-550.0,0.0,SD,5138600.0,8422200.0,False,0.0,10:04:01
19400.0,2200,-550.0,0.0,SD,5138600.0,8421900.0,False,0.0,10:04:01
19400.0,500,-550.0,0.0,SD,5138600.0,8419700.0,False,0.0,10:04:01
19400.0,500,-550.0,0.0,SD,5138600.0,8419200.0,False,0.0,10:04:01
19400.0,200,-550.0,0.0,SD,5138600.0,8418700.0,False,0.0,10:04:01
19400.0,300,-550.0,0.0,SD,5138600.0,8418500.0,False,0.0,10:04:01
19400.0,500,-550.0,0.0,SD,5138600.0,8418200.0,False,0.0,10:04:01
19400.0,200,-550.0,0.0,SD,5138600.0,8417700.0,False,0.0,10:04:01
19400.0,500,-550.0,0.0,SD,5138600.0,8417500.0,False,0.0,10:04:01
19400.0,1500,-550.0,0.0,SD,5138600.0,8417000.0,False,0.0,10:04:01
19400.0,500,-550.0,0.0,SD,5138600.0,8415500.0,False,0.0,10:04:01
19400.0,100,-550.0,0.0,SD,5138600.0,8415000.0,False,0.0,10:04:01
19400.0,900,-550.0,0.0,SD,5138600.0,8414900.0,False,0.0,10:04:01
19400.0,200,-550.0,0.0,SD,5138600.0,8414000.0,False,0.0,10:04:01
19400.0,100,-550.0,0.0,SD,5138600.0,8413800.0,False,0.0,10:03:59
19400.0,300,-550.0,0.0,SD,5138600.0,8413700.0,False,0.0,10:03:59
19400.0,500,-550.0,0.0,SD,5138600.0,8413400.0,False,0.0,10:03:59
19400.0,100,-550.0,0.0,SD,5138600.0,8412900.0,False,0.0,10:03:59
19400.0,1000,-550.0,0.0,SD,5138600.0,8412800.0,False,0.0,10:03:59
19400.0,500,-550.0,0.0,SD,5138600.0,8411800.0,False,0.0,10:03:59
19400.0,100,-550.0,0.0,SD,5138600.0,8411300.0,False,0.0,10:03:59
19400.0,300,-550.0,0.0,SD,5138600.0,8411200.0,False,0.0,10:03:59
19400.0,200,-550.0,0.0,SD,5138600.0,8410900.0,False,0.0,10:03:59
19400.0,400,-550.0,0.0,SD,5138600.0,8410700.0,False,0.0,10:03:59
19400.0,100,-550.0,0.0,SD,5138600.0,8410300.0,False,0.0,10:03:56
19400.0,3500,-550.0,0.0,SD,5138600.0,8410200.0,False,0.0,10:03:56
19400.0,1500,-550.0,0.0,SD,5138600.0,8406700.0,False,0.0,10:03:56
19400.0,100,-550.0,0.0,SD,5138600.0,8405200.0,False,0.0,10:03:56
19400.0,400,-550.0,0.0,SD,5138600.0,8405100.0,False,0.0,10:03:56
19400.0,400,-550.0,0.0,SD,5138600.0,8404700.0,False,0.0,10:03:56
19400.0,600,-550.0,0.0,SD,5138600.0,8404300.0,False,0.0,10:03:56
19400.0,1400,-550.0,0.0,SD,5138600.0,8403700.0,False,0.0,10:03:56
19400.0,600,-550.0,0.0,SD,5138600.0,8402300.0,False,0.0,10:03:54
19400.0,300,-550.0,0.0,SD,5138600.0,8401700.0,False,0.0,10:03:54
19400.0,100,-550.0,0.0,SD,5138600.0,8401400.0,False,0.0,10:03:54
19400.0,600,-550.0,0.0,SD,5138600.0,8401300.0,False,0.0,10:03:51
19400.0,100,-550.0,0.0,SD,5138600.0,8400700.0,False,0.0,10:03:51
19400.0,100,-550.0,0.0,SD,5138600.0,8400600.0,False,0.0,10:03:51
19400.0,100,-550.0,0.0,SD,5138600.0,8400500.0,False,0.0,10:03:50
19400.0,2000,-550.0,0.0,SD,5138600.0,8400400.0,False,0.0,10:03:50
19400.0,100,-550.0,0.0,SD,5138600.0,8398400.0,False,0.0,10:03:50
19400.0,500,-550.0,0.0,SD,5138600.0,8398300.0,False,0.0,10:03:50
19400.0,300,-550.0,0.0,SD,5138600.0,8397800.0,False,0.0,10:03:50
19400.0,300,-550.0,0.0,SD,5138600.0,8397500.0,False,0.0,10:03:47
19400.0,200,-550.0,0.0,SD,5138600.0,8397200.0,False,0.0,10:03:47
19400.0,2500,-550.0,0.0,SD,5138600.0,8397000.0,False,-50.0,10:03:45
19450.0,100,-500.0,0.0,BU,5138600.0,8394500.0,False,50.0,10:03:36
19400.0,200,-550.0,0.0,SD,5138500.0,8394500.0,False,-50.0,10:03:33
19450.0,100,-500.0,0.0,BU,5138500.0,8394300.0,False,50.0,10:03:28
19400.0,200,-550.0,0.0,SD,5138400.0,8394300.0,False,0.0,10:03:28
19400.0,100,-550.0,0.0,SD,5138400.0,8394100.0,False,0.0,10:03:28
19400.0,2000,-550.0,0.0,SD,5138400.0,8394000.0,False,0.0,10:03:28
19400.0,1000,-550.0,0.0,SD,5138400.0,8392000.0,False,0.0,10:03:25
19400.0,3700,-550.0,0.0,SD,5138400.0,8391000.0,False,0.0,10:03:25
19400.0,100,-550.0,0.0,SD,5138400.0,8387300.0,False,0.0,10:03:25
19400.0,100,-550.0,0.0,SD,5138400.0,8387200.0,False,0.0,10:03:25
19400.0,1400,-550.0,0.0,SD,5138400.0,8387100.0,False,0.0,10:03:24
19400.0,300,-550.0,0.0,SD,5138400.0,8385700.0,False,0.0,10:03:24
19400.0,2000,-550.0,0.0,SD,5138400.0,8385400.0,False,0.0,10:03:24
19400.0,1000,-550.0,0.0,SD,5138400.0,8383400.0,False,0.0,10:03:24
19400.0,200,-550.0,0.0,SD,5138400.0,8382400.0,False,0.0,10:03:24
19400.0,100,-550.0,0.0,SD,5138400.0,8382200.0,False,0.0,10:03:24
19400.0,1000,-550.0,0.0,SD,5138400.0,8382100.0,False,0.0,10:03:24
19400.0,100,-550.0,0.0,SD,5138400.0,8381100.0,False,0.0,10:03:24
19400.0,100,-550.0,0.0,SD,5138400.0,8381000.0,False,0.0,10:03:24
19400.0,100,-550.0,0.0,SD,5138400.0,8380900.0,False,0.0,10:03:24
19400.0,200,-550.0,0.0,SD,5138400.0,8380800.0,False,0.0,10:03:24
19400.0,300,-550.0,0.0,SD,5138400.0,8380600.0,False,0.0,10:03:24
19400.0,600,-550.0,0.0,SD,5138400.0,8380300.0,False,0.0,10:03:21
19400.0,100,-550.0,0.0,SD,5138400.0,8379700.0,False,-50.0,10:03:20
19450.0,500,-500.0,0.0,BU,5138400.0,8379600.0,False,0.0,10:03:18
19450.0,10000,-500.0,0.0,BU,5137900.0,8379600.0,False,50.0,10:03:18
19400.0,2000,-550.0,0.0,SD,5127900.0,8379600.0,False,0.0,10:03:17
19400.0,1000,-550.0,0.0,SD,5127900.0,8377600.0,False,0.0,10:03:17
19400.0,100,-550.0,0.0,SD,5127900.0,8376600.0,False,0.0,10:03:17
19400.0,200,-550.0,0.0,SD,5127900.0,8376500.0,False,0.0,10:03:17
19400.0,200,-550.0,0.0,SD,5127900.0,8376300.0,False,0.0,10:03:17
19400.0,300,-550.0,0.0,SD,5127900.0,8376100.0,False,0.0,10:03:17
19400.0,300,-550.0,0.0,SD,5127900.0,8375800.0,False,0.0,10:03:17
19400.0,500,-550.0,0.0,SD,5127900.0,8375500.0,False,0.0,10:03:17
19400.0,100,-550.0,0.0,SD,5127900.0,8375000.0,False,0.0,10:03:17
19400.0,3900,-550.0,0.0,SD,5127900.0,8374900.0,False,0.0,10:03:17
19400.0,1000,-550.0,0.0,SD,5127900.0,8371000.0,False,0.0,10:03:17
19400.0,13800,-550.0,0.0,SD,5127900.0,8370000.0,True,0.0,10:03:17
19400.0,1600,-550.0,0.0,SD,5127900.0,8356200.0,False,0.0,10:03:17
19400.0,800,-550.0,0.0,SD,5127900.0,8354600.0,False,0.0,10:03:17
19400.0,100,-550.0,0.0,SD,5127900.0,8353800.0,False,0.0,10:03:16
19400.0,1500,-550.0,0.0,SD,5127900.0,8353700.0,False,-50.0,10:03:14
19450.0,200,-500.0,0.0,BU,5127900.0,8352200.0,False,50.0,10:03:14
19400.0,100,-550.0,0.0,SD,5127700.0,8352200.0,False,0.0,10:03:14
19400.0,1500,-550.0,0.0,SD,5127700.0,8352100.0,False,0.0,10:03:14
19400.0,900,-550.0,0.0,SD,5127700.0,8350600.0,False,0.0,10:03:14
19400.0,400,-550.0,0.0,SD,5127700.0,8349700.0,False,0.0,10:03:14
19400.0,2000,-550.0,0.0,SD,5127700.0,8349300.0,False,0.0,10:03:14
19400.0,1000,-550.0,0.0,SD,5127700.0,8347300.0,False,0.0,10:03:14
19400.0,100,-550.0,0.0,SD,5127700.0,8346300.0,False,0.0,10:03:14
19400.0,100,-550.0,0.0,SD,5127700.0,8346200.0,False,0.0,10:03:14
19400.0,1000,-550.0,0.0,SD,5127700.0,8346100.0,False,0.0,10:03:14
19400.0,2600,-550.0,0.0,SD,5127700.0,8345100.0,False,0.0,10:03:14
19400.0,100,-550.0,0.0,SD,5127700.0,8342500.0,False,0.0,10:03:14
19400.0,1000,-550.0,0.0,SD,5127700.0,8342400.0,False,0.0,10:03:14
19400.0,300,-550.0,0.0,SD,5127700.0,8341400.0,False,0.0,10:03:14
19400.0,1500,-550.0,0.0,SD,5127700.0,8341100.0,False,0.0,10:03:14
19400.0,100,-550.0,0.0,SD,5127700.0,8339600.0,False,0.0,10:03:14
19400.0,100,-550.0,0.0,SD,5127700.0,8339500.0,False,0.0,10:03:14
19400.0,1500,-550.0,0.0,SD,5127700.0,8339400.0,False,0.0,10:03:14
19400.0,1000,-550.0,0.0,SD,5127700.0,8337900.0,False,0.0,10:03:14
19400.0,700,-550.0,0.0,SD,5127700.0,8336900.0,False,0.0,10:03:14
19400.0,200,-550.0,0.0,SD,5127700.0,8336200.0,False,0.0,10:03:14
19400.0,100,-550.0,0.0,SD,5127700.0,8336000.0,False,0.0,10:03:14
19400.0,100,-550.0,0.0,SD,5127700.0,8335900.0,False,0.0,10:03:14
19400.0,100,-550.0,0.0,SD,5127700.0,8335800.0,False,0.0,10:03:14
19400.0,2000,-550.0,0.0,SD,5127700.0,8335700.0,False,0.0,10:03:14
19400.0,1000,-550.0,0.0,SD,5127700.0,8333700.0,False,0.0,10:03:14
19400.0,1600,-550.0,0.0,SD,5127700.0,8332700.0,False,0.0,10:03:13
19400.0,300,-550.0,0.0,SD,5127700.0,8331100.0,False,0.0,10:03:13
19400.0,4000,-550.0,0.0,SD,5127700.0,8330800.0,False,0.0,10:03:12
19400.0,4000,-550.0,0.0,SD,5127700.0,8326800.0,False,0.0,10:03:12
19400.0,15000,-550.0,0.0,SD,5127700.0,8322800.0,True,-50.0,10:03:11
19450.0,200,-500.0,0.0,BU,5127700.0,8307800.0,False,50.0,10:03:10
19400.0,2000,-550.0,0.0,SD,5127500.0,8307800.0,False,0.0,10:03:08
19400.0,100,-550.0,0.0,SD,5127500.0,8305800.0,False,0.0,10:03:05
19400.0,1000,-550.0,0.0,SD,5127500.0,8305700.0,False,0.0,10:03:05
19400.0,400,-550.0,0.0,SD,5127500.0,8304700.0,False,0.0,10:03:05
19400.0,1000,-550.0,0.0,SD,5127500.0,8304300.0,False,0.0,10:03:05
19400.0,2500,-550.0,0.0,SD,5127500.0,8303300.0,False,0.0,10:03:05
19400.0,100,-550.0,0.0,SD,5127500.0,8300800.0,False,0.0,10:03:04
19400.0,200,-550.0,0.0,SD,5127500.0,8300700.0,False,-50.0,10:03:04
19450.0,2000,-500.0,0.0,BU,5127500.0,8300500.0,False,50.0,10:02:57
19400.0,100,-550.0,0.0,SD,5125500.0,8300500.0,False,0.0,10:02:57
19400.0,500,-550.0,0.0,SD,5125500.0,8300400.0,False,0.0,10:02:57
19400.0,5000,-550.0,0.0,SD,5125500.0,8299900.0,False,0.0,10:02:57
19400.0,400,-550.0,0.0,SD,5125500.0,8294900.0,False,0.0,10:02:57
19400.0,1000,-550.0,0.0,SD,5125500.0,8294500.0,False,0.0,10:02:57
19400.0,200,-550.0,0.0,SD,5125500.0,8293500.0,False,-50.0,10:02:57
19450.0,200,-500.0,0.0,BU,5125500.0,8293300.0,False,0.0,10:02:55
19450.0,5000,-500.0,0.0,BU,5125300.0,8293300.0,False,0.0,10:02:51
19450.0,400,-500.0,0.0,BU,5120300.0,8293300.0,False,50.0,10:02:49
19400.0,100,-550.0,0.0,SD,5119900.0,8293300.0,False,0.0,10:02:49
19400.0,1000,-550.0,0.0,SD,5119900.0,8293200.0,False,0.0,10:02:49
19400.0,3000,-550.0,0.0,SD,5119900.0,8292200.0,False,0.0,10:02:49
19400.0,100,-550.0,0.0,SD,5119900.0,8289200.0,False,0.0,10:02:49
19400.0,100,-550.0,0.0,SD,5119900.0,8289100.0,False,0.0,10:02:49
19400.0,600,-550.0,0.0,SD,5119900.0,8289000.0,False,0.0,10:02:49
19400.0,1000,-550.0,0.0,SD,5119900.0,8288400.0,False,0.0,10:02:49
19400.0,500,-550.0,0.0,SD,5119900.0,8287400.0,False,0.0,10:02:49
19400.0,400,-550.0,0.0,SD,5119900.0,8286900.0,False,-50.0,10:02:49
19450.0,1800,-500.0,0.0,BU,5119900.0,8286500.0,False,0.0,10:02:42
19450.0,1000,-500.0,0.0,BU,5118100.0,8286500.0,False,0.0,10:02:42
19450.0,3000,-500.0,0.0,BU,5117100.0,8286500.0,False,0.0,10:02:42
19450.0,2000,-500.0,0.0,BU,5114100.0,8286500.0,False,0.0,10:02:42
19450.0,700,-500.0,0.0,BU,5112100.0,8286500.0,False,0.0,10:02:42
19450.0,1000,-500.0,0.0,BU,5111400.0,8286500.0,False,0.0,10:02:42
19450.0,100,-500.0,0.0,BU,5110400.0,8286500.0,False,0.0,10:02:42
19450.0,1500,-500.0,0.0,BU,5110300.0,8286500.0,False,0.0,10:02:42
19450.0,1400,-500.0,0.0,BU,5108800.0,8286500.0,False,0.0,10:02:42
19450.0,7500,-500.0,0.0,BU,5107400.0,8286500.0,False,50.0,10:02:42
19400.0,600,-550.0,0.0,SD,5099900.0,8286500.0,False,0.0,10:02:41
19400.0,100,-550.0,0.0,SD,5099900.0,8285900.0,False,0.0,10:02:41
19400.0,1000,-550.0,0.0,SD,5099900.0,8285800.0,False,0.0,10:02:41
19400.0,500,-550.0,0.0,SD,5099900.0,8284800.0,False,0.0,10:02:41
19400.0,600,-550.0,0.0,SD,5099900.0,8284300.0,False,0.0,10:02:41
19400.0,1100,-550.0,0.0,SD,5099900.0,8283700.0,False,0.0,10:02:41
19400.0,1000,-550.0,0.0,SD,5099900.0,8282600.0,False,0.0,10:02:41
19400.0,100,-550.0,0.0,SD,5099900.0,8281600.0,False,0.0,10:02:41
19400.0,100,-550.0,0.0,SD,5099900.0,8281500.0,False,0.0,10:02:41
19400.0,800,-550.0,0.0,SD,5099900.0,8281400.0,False,0.0,10:02:41
19400.0,100,-550.0,0.0,SD,5099900.0,8280600.0,False,0.0,10:02:41
19400.0,200,-550.0,0.0,SD,5099900.0,8280500.0,False,0.0,10:02:41
19400.0,400,-550.0,0.0,SD,5099900.0,8280300.0,False,0.0,10:02:41
19400.0,1000,-550.0,0.0,SD,5099900.0,8279900.0,False,0.0,10:02:41
19400.0,1500,-550.0,0.0,SD,5099900.0,8278900.0,False,0.0,10:02:41
19400.0,200,-550.0,0.0,SD,5099900.0,8277400.0,False,0.0,10:02:41
19400.0,700,-550.0,0.0,SD,5099900.0,8277200.0,False,0.0,10:02:41
19400.0,300,-550.0,0.0,SD,5099900.0,8276500.0,False,0.0,10:02:40
19400.0,1000,-550.0,0.0,SD,5099900.0,8276200.0,False,0.0,10:02:40
19400.0,100,-550.0,0.0,SD,5099900.0,8275200.0,False,0.0,10:02:40
19400.0,100,-550.0,0.0,SD,5099900.0,8275100.0,False,0.0,10:02:40
19400.0,10500,-550.0,0.0,SD,5099900.0,8275000.0,True,0.0,10:02:40
19400.0,500,-550.0,0.0,SD,5099900.0,8264500.0,False,0.0,10:02:39
19400.0,1000,-550.0,0.0,SD,5099900.0,8264000.0,False,0.0,10:02:38
19400.0,1000,-550.0,0.0,SD,5099900.0,8263000.0,False,0.0,10:02:37
19400.0,5000,-550.0,0.0,SD,5099900.0,8262000.0,False,0.0,10:02:37
19400.0,100,-550.0,0.0,SD,5099900.0,8257000.0,False,0.0,10:02:37
19400.0,1000,-550.0,0.0,SD,5099900.0,8256900.0,False,0.0,10:02:37
19400.0,100,-550.0,0.0,SD,5099900.0,8255900.0,False,0.0,10:02:37
19400.0,1000,-550.0,0.0,SD,5099900.0,8255800.0,False,0.0,10:02:37
19400.0,100,-550.0,0.0,SD,5099900.0,8254800.0,False,0.0,10:02:37
19400.0,3000,-550.0,0.0,SD,5099900.0,8254700.0,False,0.0,10:02:37
19400.0,200,-550.0,0.0,SD,5099900.0,8251700.0,False,0.0,10:02:37
19400.0,2000,-550.0,0.0,SD,5099900.0,8251500.0,False,0.0,10:02:37
19400.0,400,-550.0,0.0,SD,5099900.0,8249500.0,False,0.0,10:02:37
19400.0,500,-550.0,0.0,SD,5099900.0,8249100.0,False,0.0,10:02:37
19400.0,500,-550.0,0.0,SD,5099900.0,8248600.0,False,0.0,10:02:37
19400.0,500,-550.0,0.0,SD,5099900.0,8248100.0,False,0.0,10:02:37
19400.0,100,-550.0,0.0,SD,5099900.0,8247600.0,False,0.0,10:02:37
19400.0,400,-550.0,0.0,SD,5099900.0,8247500.0,False,0.0,10:02:37
19400.0,100,-550.0,0.0,SD,5099900.0,8247100.0,False,0.0,10:02:37
19400.0,200,-550.0,0.0,SD,5099900.0,8247000.0,False,0.0,10:02:37
19400.0,200,-550.0,0.0,SD,5099900.0,8246800.0,False,0.0,10:02:37
19400.0,100,-550.0,0.0,SD,5099900.0,8246600.0,False,0.0,10:02:37
19400.0,200,-550.0,0.0,SD,5099900.0,8246500.0,False,0.0,10:02:37
19400.0,200,-550.0,0.0,SD,5099900.0,8246300.0,False,0.0,10:02:37
19400.0,100,-550.0,0.0,SD,5099900.0,8246100.0,False,0.0,10:02:37
19400.0,3000,-550.0,0.0,SD,5099900.0,8246000.0,False,0.0,10:02:37
19400.0,2000,-550.0,0.0,SD,5099900.0,8243000.0,False,0.0,10:02:37
19400.0,1000,-550.0,0.0,SD,5099900.0,8241000.0,False,0.0,10:02:37
19400.0,100,-550.0,0.0,SD,5099900.0,8240000.0,False,0.0,10:02:37
19400.0,100,-550.0,0.0,SD,5099900.0,8239900.0,False,0.0,10:02:37
19400.0,300,-550.0,0.0,SD,5099900.0,8239800.0,False,0.0,10:02:37
19400.0,100,-550.0,0.0,SD,5099900.0,8239500.0,False,0.0,10:02:37
19400.0,100,-550.0,0.0,SD,5099900.0,8239400.0,False,0.0,10:02:37
19400.0,100,-550.0,0.0,SD,5099900.0,8239300.0,False,0.0,10:02:37
19400.0,400,-550.0,0.0,SD,5099900.0,8239200.0,False,0.0,10:02:37
19400.0,300,-550.0,0.0,SD,5099900.0,8238800.0,False,0.0,10:02:37
19400.0,100,-550.0,0.0,SD,5099900.0,8238500.0,False,0.0,10:02:37
19400.0,1000,-550.0,0.0,SD,5099900.0,8238400.0,False,0.0,10:02:37
19400.0,100,-550.0,0.0,SD,5099900.0,8237400.0,False,0.0,10:02:37
19400.0,100,-550.0,0.0,SD,5099900.0,8237300.0,False,0.0,10:02:37
19400.0,1000,-550.0,0.0,SD,5099900.0,8237200.0,False,0.0,10:02:37
19400.0,100,-550.0,0.0,SD,5099900.0,8236200.0,False,0.0,10:02:37
19400.0,200,-550.0,0.0,SD,5099900.0,8236100.0,False,0.0,10:02:37
19400.0,100,-550.0,0.0,SD,5099900.0,8235900.0,False,0.0,10:02:37
19400.0,300,-550.0,0.0,SD,5099900.0,8235800.0,False,0.0,10:02:37
19400.0,2000,-550.0,0.0,SD,5099900.0,8235500.0,False,0.0,10:02:37
19400.0,500,-550.0,0.0,SD,5099900.0,8233500.0,False,-50.0,10:02:37
19450.0,200,-500.0,0.0,BU,5099900.0,8233000.0,False,50.0,10:02:35
19400.0,500,-550.0,0.0,SD,5099700.0,8233000.0,False,0.0,10:02:34
19400.0,500,-550.0,0.0,SD,5099700.0,8232500.0,False,0.0,10:02:34
19400.0,200,-550.0,0.0,SD,5099700.0,8232000.0,False,-50.0,10:02:33
19450.0,1000,-500.0,0.0,BU,5099700.0,8231800.0,False,50.0,10:02:31
19400.0,1300,-550.0,0.0,SD,5098700.0,8231800.0,False,0.0,10:02:31
19400.0,1000,-550.0,0.0,SD,5098700.0,8230500.0,False,0.0,10:02:31
19400.0,200,-550.0,0.0,SD,5098700.0,8229500.0,False,0.0,10:02:31
19400.0,200,-550.0,0.0,SD,5098700.0,8229300.0,False,0.0,10:02:31
19400.0,1300,-550.0,0.0,SD,5098700.0,8229100.0,False,0.0,10:02:31
19400.0,300,-550.0,0.0,SD,5098700.0,8227800.0,False,0.0,10:02:26
19400.0,200,-550.0,0.0,SD,5098700.0,8227500.0,False,0.0,10:02:25
19400.0,500,-550.0,0.0,SD,5098700.0,8227300.0,False,0.0,10:02:25
19400.0,100,-550.0,0.0,SD,5098700.0,8226800.0,False,0.0,10:02:25
19400.0,500,-550.0,0.0,SD,5098700.0,8226700.0,False,0.0,10:02:25
19400.0,1700,-550.0,0.0,SD,5098700.0,8226200.0,False,0.0,10:02:25
19400.0,100,-550.0,0.0,SD,5098700.0,8224500.0,False,0.0,10:02:25
19400.0,200,-550.0,0.0,SD,5098700.0,8224400.0,False,0.0,10:02:25
19400.0,300,-550.0,0.0,SD,5098700.0,8224200.0,False,-50.0,10:02:25
19450.0,500,-500.0,0.0,BU,5098700.0,8223900.0,False,50.0,10:02:24
19400.0,600,-550.0,0.0,SD,5098200.0,8223900.0,False,0.0,10:02:24
19400.0,1100,-550.0,0.0,SD,5098200.0,8223300.0,False,0.0,10:02:24
19400.0,1000,-550.0,0.0,SD,5098200.0,8222200.0,False,0.0,10:02:24
19400.0,500,-550.0,0.0,SD,5098200.0,8221200.0,False,0.0,10:02:24
19400.0,500,-550.0,0.0,SD,5098200.0,8220700.0,False,0.0,10:02:24
19400.0,800,-550.0,0.0,SD,5098200.0,8220200.0,False,-50.0,10:02:24
19450.0,1000,-500.0,0.0,BU,5098200.0,8219400.0,False,50.0,10:02:22
19400.0,200,-550.0,0.0,SD,5097200.0,8219400.0,False,0.0,10:02:21
19400.0,900,-550.0,0.0,SD,5097200.0,8219200.0,False,0.0,10:02:21
19400.0,100,-550.0,0.0,SD,5097200.0,8218300.0,False,0.0,10:02:21
19400.0,200,-550.0,0.0,SD,5097200.0,8218200.0,False,0.0,10:02:21
19400.0,500,-550.0,0.0,SD,5097200.0,8218000.0,False,0.0,10:02:21
19400.0,200,-550.0,0.0,SD,5097200.0,8217500.0,False,0.0,10:02:21
19400.0,1800,-550.0,0.0,SD,5097200.0,8217300.0,False,0.0,10:02:20
19400.0,100,-550.0,0.0,SD,5097200.0,8215500.0,False,0.0,10:02:20
19400.0,800,-550.0,0.0,SD,5097200.0,8215400.0,False,0.0,10:02:20
19400.0,200,-550.0,0.0,SD,5097200.0,8214600.0,False,-50.0,10:02:17
19450.0,100,-500.0,0.0,BU,5097200.0,8214400.0,False,50.0,10:02:17
19400.0,100,-550.0,0.0,SD,5097100.0,8214400.0,False,0.0,10:02:15
19400.0,500,-550.0,0.0,SD,5097100.0,8214300.0,False,0.0,10:02:15
19400.0,100,-550.0,0.0,SD,5097100.0,8213800.0,False,0.0,10:02:14
19400.0,500,-550.0,0.0,SD,5097100.0,8213700.0,False,0.0,10:02:14
19400.0,2400,-550.0,0.0,SD,5097100.0,8213200.0,False,0.0,10:02:14
19400.0,200,-550.0,0.0,SD,5097100.0,8210800.0,False,0.0,10:02:11
19400.0,1000,-550.0,0.0,SD,5097100.0,8210600.0,False,0.0,10:02:11
19400.0,100,-550.0,0.0,SD,5097100.0,8209600.0,False,0.0,10:02:11
19400.0,600,-550.0,0.0,SD,5097100.0,8209500.0,False,0.0,10:02:11
19400.0,100,-550.0,0.0,SD,5097100.0,8208900.0,False,0.0,10:02:11
19400.0,100,-550.0,0.0,SD,5097100.0,8208800.0,False,0.0,10:02:11
19400.0,3000,-550.0,0.0,SD,5097100.0,8208700.0,False,0.0,10:02:11
19400.0,300,-550.0,0.0,SD,5097100.0,8205700.0,False,0.0,10:02:11
19400.0,100,-550.0,0.0,SD,5097100.0,8205400.0,False,0.0,10:02:11
19400.0,200,-550.0,0.0,SD,5097100.0,8205300.0,False,0.0,10:02:11
19400.0,600,-550.0,0.0,SD,5097100.0,8205100.0,False,0.0,10:02:11
19400.0,3700,-550.0,0.0,SD,5097100.0,8204500.0,False,-50.0,10:02:11
19450.0,100,-500.0,0.0,BU,5097100.0,8200800.0,False,50.0,10:02:09
19400.0,1300,-550.0,0.0,SD,5097000.0,8200800.0,False,0.0,10:02:08
19400.0,2000,-550.0,0.0,SD,5097000.0,8199500.0,False,0.0,10:02:08
19400.0,1700,-550.0,0.0,SD,5097000.0,8197500.0,False,-50.0,10:02:08
19450.0,1000,-500.0,0.0,BU,5097000.0,8195800.0,False,0.0,10:02:03
19450.0,500,-500.0,0.0,BU,5096000.0,8195800.0,False,50.0,10:02:03
19400.0,300,-550.0,0.0,SD,5095500.0,8195800.0,False,0.0,10:02:02
19400.0,200,-550.0,0.0,SD,5095500.0,8195500.0,False,0.0,10:02:02
19400.0,300,-550.0,0.0,SD,5095500.0,8195300.0,False,0.0,10:01:57
19400.0,700,-550.0,0.0,SD,5095500.0,8195000.0,False,0.0,10:01:57
19400.0,5000,-550.0,0.0,SD,5095500.0,8194300.0,False,0.0,10:01:57
19400.0,2000,-550.0,0.0,SD,5095500.0,8189300.0,False,0.0,10:01:57
19400.0,300,-550.0,0.0,SD,5095500.0,8187300.0,False,0.0,10:01:57
19400.0,1500,-550.0,0.0,SD,5095500.0,8187000.0,False,0.0,10:01:57
19400.0,10200,-550.0,0.0,SD,5095500.0,8185500.0,False,-50.0,10:01:57
19450.0,100,-500.0,0.0,BU,5095500.0,8175300.0,False,0.0,10:01:56
19450.0,1000,-500.0,0.0,BU,5095400.0,8175300.0,False,50.0,10:01:56
19400.0,100,-550.0,0.0,SD,5094400.0,8175300.0,False,0.0,10:01:55
19400.0,8500,-550.0,0.0,SD,5094400.0,8175200.0,False,-50.0,10:01:55
19450.0,100,-500.0,0.0,BU,5094400.0,8166700.0,False,0.0,10:01:53
19450.0,400,-500.0,0.0,BU,5094300.0,8166700.0,False,0.0,10:01:51
19450.0,200,-500.0,0.0,BU,5093900.0,8166700.0,False,0.0,10:01:51
19450.0,1000,-500.0,0.0,BU,5093700.0,8166700.0,False,0.0,10:01:51
19450.0,100,-500.0,0.0,BU,5092700.0,8166700.0,False,0.0,10:01:50
19450.0,5600,-500.0,0.0,BU,5092600.0,8166700.0,False,0.0,10:01:50
19450.0,100,-500.0,0.0,BU,5087000.0,8166700.0,False,0.0,10:01:50
19450.0,100,-500.0,0.0,BU,5086900.0,8166700.0,False,0.0,10:01:47
19450.0,100,-500.0,0.0,BU,5086800.0,8166700.0,False,0.0,10:01:47
19450.0,1000,-500.0,0.0,BU,5086700.0,8166700.0,False,0.0,10:01:46
19450.0,4300,-500.0,0.0,BU,5085700.0,8166700.0,False,0.0,10:01:45
19450.0,6700,-500.0,0.0,BU,5081400.0,8166700.0,False,0.0,10:01:45
19450.0,5000,-500.0,0.0,BU,5074700.0,8166700.0,False,0.0,10:01:42
19450.0,600,-500.0,0.0,BU,5069700.0,8166700.0,False,0.0,10:01:42
19450.0,100,-500.0,0.0,BU,5069100.0,8166700.0,False,0.0,10:01:42
19450.0,100,-500.0,0.0,BU,5069000.0,8166700.0,False,0.0,10:01:41
19450.0,600,-500.0,0.0,BU,5068900.0,8166700.0,False,0.0,10:01:41
19450.0,100,-500.0,0.0,BU,5068300.0,8166700.0,False,0.0,10:01:41
19450.0,100,-500.0,0.0,BU,5068200.0,8166700.0,False,0.0,10:01:40
19450.0,2000,-500.0,0.0,SD,5068100.0,8166700.0,False,0.0,10:01:38
19450.0,800,-500.0,0.0,SD,5068100.0,8164700.0,False,0.0,10:01:38
19450.0,200,-500.0,0.0,SD,5068100.0,8163900.0,False,0.0,10:01:38
19450.0,600,-500.0,0.0,SD,5068100.0,8163700.0,False,0.0,10:01:38
19450.0,2200,-500.0,0.0,SD,5068100.0,8163100.0,False,0.0,10:01:38
19450.0,500,-500.0,0.0,SD,5068100.0,8160900.0,False,0.0,10:01:38
19450.0,500,-500.0,0.0,SD,5068100.0,8160400.0,False,0.0,10:01:38
19450.0,100,-500.0,0.0,SD,5068100.0,8159900.0,False,0.0,10:01:38
19450.0,200,-500.0,0.0,SD,5068100.0,8159800.0,False,0.0,10:01:38
19450.0,900,-500.0,0.0,SD,5068100.0,8159600.0,False,0.0,10:01:38
19450.0,300,-500.0,0.0,SD,5068100.0,8158700.0,False,0.0,10:01:37
19450.0,900,-500.0,0.0,SD,5068100.0,8158400.0,False,0.0,10:01:37
19450.0,100,-500.0,0.0,SD,5068100.0,8157500.0,False,0.0,10:01:37
19450.0,2700,-500.0,0.0,SD,5068100.0,8157400.0,False,0.0,10:01:37
19450.0,100,-500.0,0.0,SD,5068100.0,8154700.0,False,-50.0,10:01:37
19500.0,100,-450.0,0.0,BU,5068100.0,8154600.0,False,50.0,10:01:36
19450.0,400,-500.0,0.0,SD,5068000.0,8154600.0,False,0.0,10:01:36
19450.0,500,-500.0,0.0,SD,5068000.0,8154200.0,False,0.0,10:01:36
19450.0,300,-500.0,0.0,SD,5068000.0,8153700.0,False,0.0,10:01:36
19450.0,100,-500.0,0.0,SD,5068000.0,8153400.0,False,0.0,10:01:36
19450.0,100,-500.0,0.0,SD,5068000.0,8153300.0,False,0.0,10:01:36
19450.0,500,-500.0,0.0,SD,5068000.0,8153200.0,False,0.0,10:01:36
19450.0,500,-500.0,0.0,SD,5068000.0,8152700.0,False,0.0,10:01:36
19450.0,800,-500.0,0.0,SD,5068000.0,8152200.0,False,0.0,10:01:36
19450.0,500,-500.0,0.0,SD,5068000.0,8151400.0,False,0.0,10:01:36
19450.0,1000,-500.0,0.0,SD,5068000.0,8150900.0,False,0.0,10:01:36
19450.0,5000,-500.0,0.0,SD,5068000.0,8149900.0,False,0.0,10:01:36
19450.0,100,-500.0,0.0,SD,5068000.0,8144900.0,False,0.0,10:01:36
19450.0,100,-500.0,0.0,SD,5068000.0,8144800.0,False,0.0,10:01:36
19450.0,400,-500.0,0.0,SD,5068000.0,8144700.0,False,0.0,10:01:36
19450.0,500,-500.0,0.0,SD,5068000.0,8144300.0,False,0.0,10:01:36
19450.0,500,-500.0,0.0,SD,5068000.0,8143800.0,False,0.0,10:01:36
19450.0,8000,-500.0,0.0,SD,5068000.0,8143300.0,False,0.0,10:01:36
19450.0,1100,-500.0,0.0,SD,5068000.0,8135300.0,False,0.0,10:01:36
19450.0,100,-500.0,0.0,SD,5068000.0,8134200.0,False,0.0,10:01:36
19450.0,100,-500.0,0.0,SD,5068000.0,8134100.0,False,0.0,10:01:36
19450.0,2600,-500.0,0.0,SD,5068000.0,8134000.0,False,0.0,10:01:36
19450.0,100,-500.0,0.0,SD,5068000.0,8131400.0,False,0.0,10:01:36
19450.0,500,-500.0,0.0,SD,5068000.0,8131300.0,False,0.0,10:01:36
19450.0,5000,-500.0,0.0,SD,5068000.0,8130800.0,False,0.0,10:01:36
19450.0,100,-500.0,0.0,SD,5068000.0,8125800.0,False,0.0,10:01:36
19450.0,200,-500.0,0.0,SD,5068000.0,8125700.0,False,0.0,10:01:36
19450.0,100,-500.0,0.0,SD,5068000.0,8125500.0,False,0.0,10:01:36
19450.0,100,-500.0,0.0,SD,5068000.0,8125400.0,False,0.0,10:01:36
19450.0,100,-500.0,0.0,SD,5068000.0,8125300.0,False,0.0,10:01:36
19450.0,3000,-500.0,0.0,SD,5068000.0,8125200.0,False,0.0,10:01:36
19450.0,100,-500.0,0.0,SD,5068000.0,8122200.0,False,0.0,10:01:36
19450.0,200,-500.0,0.0,SD,5068000.0,8122100.0,False,0.0,10:01:36
19450.0,500,-500.0,0.0,SD,5068000.0,8121900.0,False,0.0,10:01:36
19450.0,2600,-500.0,0.0,SD,5068000.0,8121400.0,False,0.0,10:01:36
19450.0,100,-500.0,0.0,SD,5068000.0,8118800.0,False,0.0,10:01:36
19450.0,200,-500.0,0.0,SD,5068000.0,8118700.0,False,0.0,10:01:36
19450.0,100,-500.0,0.0,SD,5068000.0,8118500.0,False,0.0,10:01:36
19450.0,100,-500.0,0.0,SD,5068000.0,8118400.0,False,0.0,10:01:36
19450.0,200,-500.0,0.0,SD,5068000.0,8118300.0,False,0.0,10:01:36
19450.0,500,-500.0,0.0,SD,5068000.0,8118100.0,False,0.0,10:01:36
19450.0,500,-500.0,0.0,SD,5068000.0,8117600.0,False,0.0,10:01:36
19450.0,1000,-500.0,0.0,SD,5068000.0,8117100.0,False,0.0,10:01:36
19450.0,2000,-500.0,0.0,SD,5068000.0,8116100.0,False,0.0,10:01:36
19450.0,500,-500.0,0.0,SD,5068000.0,8114100.0,False,0.0,10:01:36
19450.0,500,-500.0,0.0,SD,5068000.0,8113600.0,False,0.0,10:01:36
19450.0,100,-500.0,0.0,SD,5068000.0,8113100.0,False,0.0,10:01:36
19450.0,5000,-500.0,0.0,SD,5068000.0,8113000.0,False,0.0,10:01:36
19450.0,200,-500.0,0.0,SD,5068000.0,8108000.0,False,0.0,10:01:36
19450.0,200,-500.0,0.0,SD,5068000.0,8107800.0,False,0.0,10:01:36
19450.0,1000,-500.0,0.0,SD,5068000.0,8107600.0,False,0.0,10:01:36
19450.0,1000,-500.0,0.0,SD,5068000.0,8106600.0,False,0.0,10:01:36
19450.0,5000,-500.0,0.0,SD,5068000.0,8105600.0,False,0.0,10:01:36
19450.0,300,-500.0,0.0,SD,5068000.0,8100600.0,False,0.0,10:01:36
19450.0,4700,-500.0,0.0,SD,5068000.0,8100300.0,False,0.0,10:01:36
19450.0,35000,-500.0,0.0,SD,5068000.0,8095600.0,True,0.0,10:01:35
19450.0,10000,-500.0,0.0,SD,5068000.0,8060600.0,False,0.0,10:01:35
19450.0,300,-500.0,0.0,SD,5068000.0,8050600.0,False,0.0,10:01:32
19450.0,700,-500.0,0.0,SD,5068000.0,8050300.0,False,0.0,10:01:32
19450.0,300,-500.0,0.0,SD,5068000.0,8049600.0,False,0.0,10:01:32
19450.0,500,-500.0,0.0,SD,5068000.0,8049300.0,False,0.0,10:01:29
19450.0,100,-500.0,0.0,SD,5068000.0,8048800.0,False,0.0,10:01:28
19450.0,100,-500.0,0.0,SD,5068000.0,8048700.0,False,0.0,10:01:28
19450.0,300,-500.0,0.0,SD,5068000.0,8048600.0,False,0.0,10:01:28
19450.0,1000,-500.0,0.0,SD,5068000.0,8048300.0,False,0.0,10:01:28
19450.0,100,-500.0,0.0,SD,5068000.0,8047300.0,False,0.0,10:01:27
19450.0,100,-500.0,0.0,SD,5068000.0,8047200.0,False,0.0,10:01:27
19450.0,800,-500.0,0.0,SD,5068000.0,8047100.0,False,0.0,10:01:27
19450.0,200,-500.0,0.0,SD,5068000.0,8046300.0,False,0.0,10:01:26
19450.0,200,-500.0,0.0,SD,5068000.0,8046100.0,False,0.0,10:01:26
19450.0,600,-500.0,0.0,SD,5068000.0,8045900.0,False,0.0,10:01:26
19450.0,1000,-500.0,0.0,SD,5068000.0,8045300.0,False,0.0,10:01:25
19450.0,1000,-500.0,0.0,SD,5068000.0,8044300.0,False,0.0,10:01:23
19450.0,600,-500.0,0.0,SD,5068000.0,8043300.0,False,0.0,10:01:23
19450.0,200,-500.0,0.0,SD,5068000.0,8042700.0,False,0.0,10:01:23
19450.0,100,-500.0,0.0,SD,5068000.0,8042500.0,False,0.0,10:01:22
19450.0,100,-500.0,0.0,SD,5068000.0,8042400.0,False,0.0,10:01:21
19450.0,300,-500.0,0.0,SD,5068000.0,8042300.0,False,0.0,10:01:21
19450.0,200,-500.0,0.0,SD,5068000.0,8042000.0,False,0.0,10:01:21
19450.0,2000,-500.0,0.0,SD,5068000.0,8041800.0,False,0.0,10:01:21
19450.0,500,-500.0,0.0,SD,5068000.0,8039800.0,False,0.0,10:01:21
19450.0,3400,-500.0,0.0,SD,5068000.0,8039300.0,False,0.0,10:01:21
19450.0,1200,-500.0,0.0,SD,5068000.0,8035900.0,False,0.0,10:01:21
19450.0,700,-500.0,0.0,SD,5068000.0,8034700.0,False,0.0,10:01:21
19450.0,100,-500.0,0.0,SD,5068000.0,8034000.0,False,0.0,10:01:21
19450.0,3000,-500.0,0.0,SD,5068000.0,8033900.0,False,0.0,10:01:21
19450.0,1000,-500.0,0.0,SD,5068000.0,8030900.0,False,0.0,10:01:21
19450.0,2900,-500.0,0.0,SD,5068000.0,8029900.0,False,0.0,10:01:21
19450.0,4000,-500.0,0.0,SD,5068000.0,8027000.0,False,0.0,10:01:21
19450.0,100,-500.0,0.0,SD,5068000.0,8023000.0,False,0.0,10:01:21
19450.0,100,-500.0,0.0,SD,5068000.0,8022900.0,False,0.0,10:01:21
19450.0,500,-500.0,0.0,SD,5068000.0,8022800.0,False,0.0,10:01:21
19450.0,1000,-500.0,0.0,SD,5068000.0,8022300.0,False,0.0,10:01:21
19450.0,100,-500.0,0.0,SD,5068000.0,8021300.0,False,0.0,10:01:21
19450.0,1000,-500.0,0.0,SD,5068000.0,8021200.0,False,0.0,10:01:21
19450.0,500,-500.0,0.0,SD,5068000.0,8020200.0,False,0.0,10:01:21
19450.0,1000,-500.0,0.0,SD,5068000.0,8019700.0,False,0.0,10:01:21
19450.0,500,-500.0,0.0,SD,5068000.0,8018700.0,False,0.0,10:01:21
19450.0,100,-500.0,0.0,SD,5068000.0,8018200.0,False,0.0,10:01:21
19450.0,100,-500.0,0.0,SD,5068000.0,8018100.0,False,0.0,10:01:21
19450.0,100,-500.0,0.0,SD,5068000.0,8018000.0,False,0.0,10:01:21
19450.0,10000,-500.0,0.0,SD,5068000.0,8017900.0,False,0.0,10:01:21
19450.0,1000,-500.0,0.0,SD,5068000.0,8007900.0,False,0.0,10:01:21
19450.0,200,-500.0,0.0,SD,5068000.0,8006900.0,False,0.0,10:01:21
19450.0,100,-500.0,0.0,SD,5068000.0,8006700.0,False,0.0,10:01:21
19450.0,700,-500.0,0.0,SD,5068000.0,8006600.0,False,0.0,10:01:21
19450.0,500,-500.0,0.0,SD,5068000.0,8005900.0,False,0.0,10:01:21
19450.0,500,-500.0,0.0,SD,5068000.0,8005400.0,False,0.0,10:01:21
19450.0,300,-500.0,0.0,SD,5068000.0,8004900.0,False,0.0,10:01:21
19450.0,1500,-500.0,0.0,SD,5068000.0,8004600.0,False,0.0,10:01:21
19450.0,1000,-500.0,0.0,SD,5068000.0,8003100.0,False,0.0,10:01:21
19450.0,3000,-500.0,0.0,SD,5068000.0,8002100.0,False,0.0,10:01:21
19450.0,100,-500.0,0.0,SD,5068000.0,7999100.0,False,0.0,10:01:21
19450.0,300,-500.0,0.0,SD,5068000.0,7999000.0,False,0.0,10:01:21
19450.0,2000,-500.0,0.0,SD,5068000.0,7998700.0,False,0.0,10:01:21
19450.0,200,-500.0,0.0,SD,5068000.0,7996700.0,False,0.0,10:01:21
19450.0,500,-500.0,0.0,SD,5068000.0,7996500.0,False,0.0,10:01:21
19450.0,900,-500.0,0.0,SD,5068000.0,7996000.0,False,0.0,10:01:21
19450.0,5000,-500.0,0.0,SD,5068000.0,7995100.0,False,0.0,10:01:21
19450.0,500,-500.0,0.0,SD,5068000.0,7990100.0,False,0.0,10:01:21
19450.0,100,-500.0,0.0,SD,5068000.0,7989600.0,False,0.0,10:01:21
19450.0,200,-500.0,0.0,SD,5068000.0,7989500.0,False,0.0,10:01:21
19450.0,300,-500.0,0.0,SD,5068000.0,7989300.0,False,0.0,10:01:21
19450.0,100,-500.0,0.0,SD,5068000.0,7989000.0,False,0.0,10:01:21
19450.0,400,-500.0,0.0,SD,5068000.0,7988900.0,False,0.0,10:01:21
19450.0,700,-500.0,0.0,SD,5068000.0,7988500.0,False,0.0,10:01:21
19450.0,1000,-500.0,0.0,SD,5068000.0,7987800.0,False,0.0,10:01:21
19450.0,1000,-500.0,0.0,SD,5068000.0,7986800.0,False,0.0,10:01:21
19450.0,600,-500.0,0.0,SD,5068000.0,7985800.0,False,0.0,10:01:21
19450.0,500,-500.0,0.0,SD,5068000.0,7985200.0,False,0.0,10:01:21
19450.0,100,-500.0,0.0,SD,5068000.0,7984700.0,False,0.0,10:01:21
19450.0,200,-500.0,0.0,SD,5068000.0,7984600.0,False,0.0,10:01:21
19450.0,100,-500.0,0.0,SD,5068000.0,7984400.0,False,0.0,10:01:21
19450.0,200,-500.0,0.0,SD,5068000.0,7984300.0,False,0.0,10:01:21
19450.0,1400,-500.0,0.0,SD,5068000.0,7984100.0,False,0.0,10:01:21
19450.0,500,-500.0,0.0,SD,5068000.0,7982700.0,False,0.0,10:01:21
19450.0,500,-500.0,0.0,SD,5068000.0,7982200.0,False,0.0,10:01:21
19450.0,1000,-500.0,0.0,SD,5068000.0,7981700.0,False,0.0,10:01:21
19450.0,1000,-500.0,0.0,SD,5068000.0,7980700.0,False,0.0,10:01:21
19450.0,2000,-500.0,0.0,SD,5068000.0,7979700.0,False,0.0,10:01:21
19450.0,500,-500.0,0.0,SD,5068000.0,7977700.0,False,0.0,10:01:21
19450.0,100,-500.0,0.0,SD,5068000.0,7977200.0,False,0.0,10:01:21
19450.0,3000,-500.0,0.0,SD,5068000.0,7977100.0,False,0.0,10:01:21
19450.0,100,-500.0,0.0,SD,5068000.0,7974100.0,False,0.0,10:01:21
19450.0,900,-500.0,0.0,SD,5068000.0,7974000.0,False,0.0,10:01:21
19450.0,100,-500.0,0.0,SD,5068000.0,7973100.0,False,0.0,10:01:19
19450.0,3900,-500.0,0.0,SD,5068000.0,7973000.0,False,0.0,10:01:19
19450.0,6000,-500.0,0.0,SD,5068000.0,7969100.0,False,0.0,10:01:17
19450.0,200,-500.0,0.0,SD,5068000.0,7963100.0,False,0.0,10:01:15
19450.0,1000,-500.0,0.0,SD,5068000.0,7962900.0,False,-50.0,10:01:15
19500.0,100,-450.0,0.0,BU,5068000.0,7961900.0,False,50.0,10:01:13
19450.0,100,-500.0,0.0,SD,5067900.0,7961900.0,False,0.0,10:01:13
19450.0,4000,-500.0,0.0,SD,5067900.0,7961800.0,False,-50.0,10:01:11
19500.0,100,-450.0,0.0,BU,5067900.0,7957800.0,False,50.0,10:01:11
19450.0,4800,-500.0,0.0,SD,5067800.0,7957800.0,False,0.0,10:01:06
19450.0,100,-500.0,0.0,SD,5067800.0,7953000.0,False,0.0,10:01:06
19450.0,200,-500.0,0.0,SD,5067800.0,7952900.0,False,0.0,10:01:06
19450.0,100,-500.0,0.0,SD,5067800.0,7952700.0,False,0.0,10:01:06
19450.0,100,-500.0,0.0,SD,5067800.0,7952600.0,False,0.0,10:01:06
19450.0,100,-500.0,0.0,SD,5067800.0,7952500.0,False,0.0,10:01:06
19450.0,100,-500.0,0.0,SD,5067800.0,7952400.0,False,0.0,10:01:06
19450.0,1000,-500.0,0.0,SD,5067800.0,7952300.0,False,0.0,10:01:06
19450.0,2100,-500.0,0.0,SD,5067800.0,7951300.0,False,0.0,10:01:06
19450.0,2000,-500.0,0.0,SD,5067800.0,7949200.0,False,0.0,10:01:06
19450.0,100,-500.0,0.0,SD,5067800.0,7947200.0,False,0.0,10:01:06
19450.0,100,-500.0,0.0,SD,5067800.0,7947100.0,False,0.0,10:01:06
19450.0,400,-500.0,0.0,SD,5067800.0,7947000.0,False,0.0,10:01:06
19450.0,100,-500.0,0.0,SD,5067800.0,7946600.0,False,0.0,10:01:06
19450.0,1000,-500.0,0.0,SD,5067800.0,7946500.0,False,0.0,10:01:06
19450.0,300,-500.0,0.0,SD,5067800.0,7945500.0,False,0.0,10:01:06
19450.0,100,-500.0,0.0,SD,5067800.0,7945200.0,False,0.0,10:01:06
19450.0,7300,-500.0,0.0,SD,5067800.0,7945100.0,False,0.0,10:01:06
19450.0,300,-500.0,0.0,SD,5067800.0,7937800.0,False,0.0,10:01:04
19450.0,6300,-500.0,0.0,SD,5067800.0,7937500.0,False,-50.0,10:00:56
19500.0,500,-450.0,0.0,BU,5067800.0,7931200.0,False,50.0,10:00:55
19450.0,7100,-500.0,0.0,SD,5067300.0,7931200.0,False,0.0,10:00:54
19450.0,1000,-500.0,0.0,SD,5067300.0,7924100.0,False,0.0,10:00:53
19450.0,1000,-500.0,0.0,SD,5067300.0,7923100.0,False,-50.0,10:00:49
19500.0,2800,-450.0,0.0,BU,5067300.0,7922100.0,False,0.0,10:00:49
19500.0,100,-450.0,0.0,BU,5064500.0,7922100.0,False,0.0,10:00:49
19500.0,2100,-450.0,0.0,BU,5064400.0,7922100.0,False,50.0,10:00:49
19450.0,2000,-500.0,0.0,SD,5062300.0,7922100.0,False,0.0,10:00:48
19450.0,10000,-500.0,0.0,SD,5062300.0,7920100.0,False,0.0,10:00:44
19450.0,2000,-500.0,0.0,SD,5062300.0,7910100.0,False,0.0,10:00:41
19450.0,5000,-500.0,0.0,SD,5062300.0,7908100.0,False,0.0,10:00:33
19450.0,700,-500.0,0.0,SD,5062300.0,7903100.0,False,-50.0,10:00:32
19500.0,3000,-450.0,0.0,BU,5062300.0,7902400.0,False,50.0,10:00:31
19450.0,1000,-500.0,0.0,SD,5059300.0,7902400.0,False,-50.0,10:00:29
19500.0,1000,-450.0,0.0,BU,5059300.0,7901400.0,False,0.0,10:00:28
19500.0,200,-450.0,0.0,BU,5058300.0,7901400.0,False,0.0,10:00:27
19500.0,100,-450.0,0.0,BU,5058100.0,7901400.0,False,50.0,10:00:27
19450.0,2000,-500.0,0.0,SD,5058000.0,7901400.0,False,-50.0,10:00:19
19500.0,100,-450.0,0.0,BU,5058000.0,7899400.0,False,0.0,10:00:19
19500.0,500,-450.0,0.0,BU,5057900.0,7899400.0,False,0.0,10:00:14
19500.0,200,-450.0,0.0,BU,5057400.0,7899400.0,False,50.0,10:00:13
19450.0,2900,-500.0,0.0,SD,5057200.0,7899400.0,False,-50.0,10:00:13
19500.0,800,-450.0,0.0,BU,5057200.0,7896500.0,False,0.0,10:00:13
19500.0,200,-450.0,0.0,BU,5056400.0,7896500.0,False,0.0,10:00:13
19500.0,1500,-450.0,0.0,BU,5056200.0,7896500.0,False,0.0,10:00:13
19500.0,700,-450.0,0.0,BU,5054700.0,7896500.0,False,0.0,10:00:13
19500.0,100,-450.0,0.0,BU,5054000.0,7896500.0,False,0.0,10:00:11
19500.0,100,-450.0,0.0,BU,5053900.0,7896500.0,False,0.0,10:00:11
19500.0,2200,-450.0,0.0,BU,5053800.0,7896500.0,False,0.0,10:00:11
19500.0,400,-450.0,0.0,BU,5051600.0,7896500.0,False,0.0,10:00:11
19500.0,200,-450.0,0.0,BU,5051200.0,7896500.0,False,0.0,10:00:10
19500.0,1000,-450.0,0.0,BU,5051000.0,7896500.0,False,0.0,10:00:09
19500.0,400,-450.0,0.0,BU,5050000.0,7896500.0,False,0.0,10:00:05
19500.0,500,-450.0,0.0,BU,5049600.0,7896500.0,False,0.0,10:00:05
19500.0,200,-450.0,0.0,BU,5049100.0,7896500.0,False,0.0,10:00:05
19500.0,200,-450.0,0.0,BU,5048900.0,7896500.0,False,0.0,10:00:04
19500.0,500,-450.0,0.0,BU,5048700.0,7896500.0,False,0.0,10:00:04
19500.0,200,-450.0,0.0,BU,5048200.0,7896500.0,False,0.0,09:59:58
19500.0,1000,-450.0,0.0,BU,5048000.0,7896500.0,False,0.0,09:59:57
19500.0,400,-450.0,0.0,BU,5047000.0,7896500.0,False,0.0,09:59:54
19500.0,2200,-450.0,0.0,BU,5046600.0,7896500.0,False,0.0,09:59:53
19500.0,1500,-450.0,0.0,BU,5044400.0,7896500.0,False,0.0,09:59:53
19500.0,400,-450.0,0.0,SD,5042900.0,7896500.0,False,0.0,09:59:53
19500.0,500,-450.0,0.0,SD,5042900.0,7896100.0,False,0.0,09:59:53
19500.0,1000,-450.0,0.0,SD,5042900.0,7895600.0,False,0.0,09:59:53
19500.0,200,-450.0,0.0,SD,5042900.0,7894600.0,False,0.0,09:59:53
19500.0,3000,-450.0,0.0,SD,5042900.0,7894400.0,False,0.0,09:59:53
19500.0,1000,-450.0,0.0,SD,5042900.0,7891400.0,False,0.0,09:59:53
19500.0,100,-450.0,0.0,SD,5042900.0,7890400.0,False,0.0,09:59:53
19500.0,300,-450.0,0.0,SD,5042900.0,7890300.0,False,0.0,09:59:53
19500.0,1000,-450.0,0.0,SD,5042900.0,7890000.0,False,0.0,09:59:53
19500.0,200,-450.0,0.0,SD,5042900.0,7889000.0,False,0.0,09:59:53
19500.0,100,-450.0,0.0,SD,5042900.0,7888800.0,False,0.0,09:59:53
19500.0,100,-450.0,0.0,SD,5042900.0,7888700.0,False,0.0,09:59:53
19500.0,200,-450.0,0.0,SD,5042900.0,7888600.0,False,0.0,09:59:53
19500.0,1000,-450.0,0.0,SD,5042900.0,7888400.0,False,0.0,09:59:53
19500.0,400,-450.0,0.0,SD,5042900.0,7887400.0,False,0.0,09:59:53
19500.0,900,-450.0,0.0,SD,5042900.0,7887000.0,False,0.0,09:59:53
19500.0,100,-450.0,0.0,SD,5042900.0,7886100.0,False,0.0,09:59:53
19500.0,300,-450.0,0.0,SD,5042900.0,7886000.0,False,-50.0,09:59:53
19550.0,300,-400.0,0.0,BU,5042900.0,7885700.0,False,50.0,09:59:53
19500.0,200,-450.0,0.0,SD,5042600.0,7885700.0,False,0.0,09:59:52
19500.0,1000,-450.0,0.0,SD,5042600.0,7885500.0,False,0.0,09:59:51
19500.0,100,-450.0,0.0,SD,5042600.0,7884500.0,False,0.0,09:59:51
19500.0,200,-450.0,0.0,SD,5042600.0,7884400.0,False,0.0,09:59:50
19500.0,100,-450.0,0.0,SD,5042600.0,7884200.0,False,0.0,09:59:50
19500.0,3100,-450.0,0.0,SD,5042600.0,7884100.0,False,0.0,09:59:49
19500.0,900,-450.0,0.0,SD,5042600.0,7881000.0,False,0.0,09:59:49
19500.0,200,-450.0,0.0,SD,5042600.0,7880100.0,False,0.0,09:59:49
19500.0,100,-450.0,0.0,SD,5042600.0,7879900.0,False,0.0,09:59:49
19500.0,1000,-450.0,0.0,SD,5042600.0,7879800.0,False,0.0,09:59:49
19500.0,700,-450.0,0.0,SD,5042600.0,7878800.0,False,0.0,09:59:49
19500.0,1000,-450.0,0.0,SD,5042600.0,7878100.0,False,0.0,09:59:49
19500.0,1000,-450.0,0.0,SD,5042600.0,7877100.0,False,0.0,09:59:47
19500.0,500,-450.0,0.0,SD,5042600.0,7876100.0,False,0.0,09:59:46
19500.0,1000,-450.0,0.0,SD,5042600.0,7875600.0,False,0.0,09:59:46
19500.0,6000,-450.0,0.0,SD,5042600.0,7874600.0,False,0.0,09:59:46
19500.0,4000,-450.0,0.0,SD,5042600.0,7868600.0,False,0.0,09:59:46
19500.0,1000,-450.0,0.0,SD,5042600.0,7864600.0,False,0.0,09:59:45
19500.0,1000,-450.0,0.0,SD,5042600.0,7863600.0,False,0.0,09:59:45
19500.0,11800,-450.0,0.0,SD,5042600.0,7862600.0,True,0.0,09:59:45
19500.0,500,-450.0,0.0,SD,5042600.0,7850800.0,False,0.0,09:59:44
19500.0,3000,-450.0,0.0,SD,5042600.0,7850300.0,False,0.0,09:59:44
19500.0,2000,-450.0,0.0,SD,5042600.0,7847300.0,False,0.0,09:59:44
19500.0,300,-450.0,0.0,SD,5042600.0,7845300.0,False,0.0,09:59:43
19500.0,3700,-450.0,0.0,SD,5042600.0,7845000.0,False,0.0,09:59:43
19500.0,100,-450.0,0.0,SD,5042600.0,7841300.0,False,0.0,09:59:43
19500.0,200,-450.0,0.0,SD,5042600.0,7841200.0,False,0.0,09:59:43
19500.0,100,-450.0,0.0,SD,5042600.0,7841000.0,False,0.0,09:59:43
19500.0,8000,-450.0,0.0,SD,5042600.0,7840900.0,False,0.0,09:59:43
19500.0,300,-450.0,0.0,SD,5042600.0,7832900.0,False,0.0,09:59:42
19500.0,1000,-450.0,0.0,SD,5042600.0,7832600.0,False,0.0,09:59:42
19500.0,2000,-450.0,0.0,SD,5042600.0,7831600.0,False,0.0,09:59:42
19500.0,1000,-450.0,0.0,SD,5042600.0,7829600.0,False,0.0,09:59:41
19500.0,3000,-450.0,0.0,SD,5042600.0,7828600.0,False,0.0,09:59:40
19500.0,500,-450.0,0.0,SD,5042600.0,7825600.0,False,0.0,09:59:40
19500.0,1800,-450.0,0.0,SD,5042600.0,7825100.0,False,0.0,09:59:39
19500.0,500,-450.0,0.0,SD,5042600.0,7823300.0,False,0.0,09:59:39
19500.0,2000,-450.0,0.0,SD,5042600.0,7822800.0,False,0.0,09:59:39
19500.0,3000,-450.0,0.0,SD,5042600.0,7820800.0,False,-50.0,09:59:38
19550.0,500,-400.0,0.0,BU,5042600.0,7817800.0,False,50.0,09:59:38
19500.0,500,-450.0,0.0,SD,5042100.0,7817800.0,False,0.0,09:59:38
19500.0,14100,-450.0,0.0,SD,5042100.0,7817300.0,True,0.0,09:59:38
19500.0,11000,-450.0,0.0,SD,5042100.0,7803200.0,True,0.0,09:59:37
19500.0,2000,-450.0,0.0,SD,5042100.0,7792200.0,False,0.0,09:59:36
19500.0,6500,-450.0,0.0,SD,5042100.0,7790200.0,False,0.0,09:59:35
19500.0,300,-450.0,0.0,SD,5042100.0,7783700.0,False,0.0,09:59:35
19500.0,100,-450.0,0.0,SD,5042100.0,7783400.0,False,0.0,09:59:35
19500.0,200,-450.0,0.0,SD,5042100.0,7783300.0,False,0.0,09:59:35
19500.0,2900,-450.0,0.0,SD,5042100.0,7783100.0,False,0.0,09:59:35
19500.0,1000,-450.0,0.0,SD,5042100.0,7780200.0,False,0.0,09:59:35
19500.0,300,-450.0,0.0,SD,5042100.0,7779200.0,False,0.0,09:59:35
19500.0,400,-450.0,0.0,SD,5042100.0,7778900.0,False,0.0,09:59:35
19500.0,300,-450.0,0.0,SD,5042100.0,7778500.0,False,0.0,09:59:35
19500.0,1000,-450.0,0.0,SD,5042100.0,7778200.0,False,0.0,09:59:35
19500.0,100,-450.0,0.0,SD,5042100.0,7777200.0,False,0.0,09:59:35
19500.0,100,-450.0,0.0,SD,5042100.0,7777100.0,False,0.0,09:59:35
19500.0,1000,-450.0,0.0,SD,5042100.0,7777000.0,False,0.0,09:59:35
19500.0,200,-450.0,0.0,SD,5042100.0,7776000.0,False,0.0,09:59:35
19500.0,100,-450.0,0.0,SD,5042100.0,7775800.0,False,0.0,09:59:35
19500.0,200,-450.0,0.0,SD,5042100.0,7775700.0,False,0.0,09:59:35
19500.0,500,-450.0,0.0,SD,5042100.0,7775500.0,False,0.0,09:59:35
19500.0,1000,-450.0,0.0,SD,5042100.0,7775000.0,False,0.0,09:59:34
19500.0,100,-450.0,0.0,SD,5042100.0,7774000.0,False,0.0,09:59:34
19500.0,2000,-450.0,0.0,SD,5042100.0,7773900.0,False,0.0,09:59:34
19500.0,1000,-450.0,0.0,SD,5042100.0,7771900.0,False,0.0,09:59:34
19500.0,1000,-450.0,0.0,SD,5042100.0,7770900.0,False,0.0,09:59:34
19500.0,600,-450.0,0.0,SD,5042100.0,7769900.0,False,0.0,09:59:34
19500.0,300,-450.0,0.0,SD,5042100.0,7769300.0,False,0.0,09:59:34
19500.0,200,-450.0,0.0,SD,5042100.0,7769000.0,False,0.0,09:59:34
19500.0,2000,-450.0,0.0,SD,5042100.0,7768800.0,False,0.0,09:59:34
19500.0,1900,-450.0,0.0,SD,5042100.0,7766800.0,False,0.0,09:59:34
19500.0,100,-450.0,0.0,SD,5042100.0,7764900.0,False,0.0,09:59:34
19500.0,200,-450.0,0.0,SD,5042100.0,7764800.0,False,0.0,09:59:34
19500.0,100,-450.0,0.0,SD,5042100.0,7764600.0,False,0.0,09:59:34
19500.0,500,-450.0,0.0,SD,5042100.0,7764500.0,False,0.0,09:59:34
19500.0,300,-450.0,0.0,SD,5042100.0,7764000.0,False,0.0,09:59:34
19500.0,200,-450.0,0.0,SD,5042100.0,7763700.0,False,0.0,09:59:34
19500.0,200,-450.0,0.0,SD,5042100.0,7763500.0,False,0.0,09:59:34
19500.0,1000,-450.0,0.0,SD,5042100.0,7763300.0,False,0.0,09:59:34
19500.0,100,-450.0,0.0,SD,5042100.0,7762300.0,False,0.0,09:59:34
19500.0,200,-450.0,0.0,SD,5042100.0,7762200.0,False,0.0,09:59:34
19500.0,5000,-450.0,0.0,SD,5042100.0,7762000.0,False,0.0,09:59:34
19500.0,100,-450.0,0.0,SD,5042100.0,7757000.0,False,0.0,09:59:34
19500.0,2000,-450.0,0.0,SD,5042100.0,7756900.0,False,0.0,09:59:34
19500.0,100,-450.0,0.0,SD,5042100.0,7754900.0,False,0.0,09:59:34
19500.0,200,-450.0,0.0,SD,5042100.0,7754800.0,False,0.0,09:59:34
19500.0,3000,-450.0,0.0,SD,5042100.0,7754600.0,False,0.0,09:59:34
19500.0,4400,-450.0,0.0,SD,5042100.0,7751600.0,False,0.0,09:59:34
19500.0,500,-450.0,0.0,SD,5042100.0,7747200.0,False,0.0,09:59:30
19500.0,100,-450.0,0.0,SD,5042100.0,7746700.0,False,0.0,09:59:30
19500.0,600,-450.0,0.0,SD,5042100.0,7746600.0,False,0.0,09:59:30
19500.0,500,-450.0,0.0,SD,5042100.0,7746000.0,False,0.0,09:59:30
19500.0,200,-450.0,0.0,SD,5042100.0,7745500.0,False,0.0,09:59:30
19500.0,200,-450.0,0.0,SD,5042100.0,7745300.0,False,0.0,09:59:30
19500.0,300,-450.0,0.0,SD,5042100.0,7745100.0,False,0.0,09:59:30
19500.0,100,-450.0,0.0,SD,5042100.0,7744800.0,False,0.0,09:59:30
19500.0,100,-450.0,0.0,SD,5042100.0,7744700.0,False,0.0,09:59:30
19500.0,500,-450.0,0.0,SD,5042100.0,7744600.0,False,0.0,09:59:30
19500.0,400,-450.0,0.0,SD,5042100.0,7744100.0,False,0.0,09:59:30
19500.0,300,-450.0,0.0,SD,5042100.0,7743700.0,False,0.0,09:59:30
19500.0,1000,-450.0,0.0,SD,5042100.0,7743400.0,False,0.0,09:59:30
19500.0,3000,-450.0,0.0,SD,5042100.0,7742400.0,False,0.0,09:59:30
19500.0,100,-450.0,0.0,SD,5042100.0,7739400.0,False,0.0,09:59:30
19500.0,1000,-450.0,0.0,SD,5042100.0,7739300.0,False,0.0,09:59:30
19500.0,200,-450.0,0.0,SD,5042100.0,7738300.0,False,0.0,09:59:30
19500.0,900,-450.0,0.0,SD,5042100.0,7738100.0,False,-50.0,09:59:30
19550.0,200,-400.0,0.0,BU,5042100.0,7737200.0,False,50.0,09:59:29
19500.0,800,-450.0,0.0,SD,5041900.0,7737200.0,False,0.0,09:59:29
19500.0,1000,-450.0,0.0,SD,5041900.0,7736400.0,False,0.0,09:59:29
19500.0,100,-450.0,0.0,SD,5041900.0,7735400.0,False,0.0,09:59:29
19500.0,100,-450.0,0.0,SD,5041900.0,7735300.0,False,0.0,09:59:29
19500.0,100,-450.0,0.0,SD,5041900.0,7735200.0,False,0.0,09:59:29
19500.0,100,-450.0,0.0,SD,5041900.0,7735100.0,False,0.0,09:59:29
19500.0,100,-450.0,0.0,SD,5041900.0,7735000.0,False,0.0,09:59:29
19500.0,100,-450.0,0.0,SD,5041900.0,7734900.0,False,0.0,09:59:29
19500.0,100,-450.0,0.0,SD,5041900.0,7734800.0,False,0.0,09:59:29
19500.0,800,-450.0,0.0,SD,5041900.0,7734700.0,False,0.0,09:59:29
19500.0,1700,-450.0,0.0,SD,5041900.0,7733900.0,False,0.0,09:59:29
19500.0,3500,-450.0,0.0,SD,5041900.0,7732200.0,False,0.0,09:59:24
19500.0,100,-450.0,0.0,SD,5041900.0,7728700.0,False,0.0,09:59:24
19500.0,100,-450.0,0.0,SD,5041900.0,7728600.0,False,0.0,09:59:24
19500.0,700,-450.0,0.0,SD,5041900.0,7728500.0,False,0.0,09:59:24
19500.0,200,-450.0,0.0,SD,5041900.0,7727800.0,False,0.0,09:59:21
19500.0,3700,-450.0,0.0,SD,5041900.0,7727600.0,False,0.0,09:59:21
19500.0,3000,-450.0,0.0,SD,5041900.0,7723900.0,False,0.0,09:59:21
19500.0,6000,-450.0,0.0,SD,5041900.0,7720900.0,False,0.0,09:59:21
19500.0,2000,-450.0,0.0,SD,5041900.0,7714900.0,False,0.0,09:59:21
19500.0,400,-450.0,0.0,SD,5041900.0,7712900.0,False,0.0,09:59:21
19500.0,1000,-450.0,0.0,SD,5041900.0,7712500.0,False,0.0,09:59:21
19500.0,100,-450.0,0.0,SD,5041900.0,7711500.0,False,0.0,09:59:21
19500.0,100,-450.0,0.0,SD,5041900.0,7711400.0,False,0.0,09:59:21
19500.0,100,-450.0,0.0,SD,5041900.0,7711300.0,False,0.0,09:59:21
19500.0,2500,-450.0,0.0,SD,5041900.0,7711200.0,False,0.0,09:59:21
19500.0,100,-450.0,0.0,SD,5041900.0,7708700.0,False,0.0,09:59:21
19500.0,500,-450.0,0.0,SD,5041900.0,7708600.0,False,0.0,09:59:21
19500.0,500,-450.0,0.0,SD,5041900.0,7708100.0,False,0.0,09:59:21
19500.0,500,-450.0,0.0,SD,5041900.0,7707600.0,False,0.0,09:59:21
19500.0,100,-450.0,0.0,SD,5041900.0,7707100.0,False,0.0,09:59:21
19500.0,300,-450.0,0.0,SD,5041900.0,7707000.0,False,0.0,09:59:21
19500.0,100,-450.0,0.0,SD,5041900.0,7706700.0,False,0.0,09:59:21
19500.0,100,-450.0,0.0,SD,5041900.0,7706600.0,False,0.0,09:59:21
19500.0,1000,-450.0,0.0,SD,5041900.0,7706500.0,False,0.0,09:59:21
19500.0,500,-450.0,0.0,SD,5041900.0,7705500.0,False,0.0,09:59:21
19500.0,1100,-450.0,0.0,SD,5041900.0,7705000.0,False,0.0,09:59:21
19500.0,200,-450.0,0.0,SD,5041900.0,7703900.0,False,0.0,09:59:21
19500.0,100,-450.0,0.0,SD,5041900.0,7703700.0,False,0.0,09:59:21
19500.0,500,-450.0,0.0,SD,5041900.0,7703600.0,False,0.0,09:59:21
19500.0,1000,-450.0,0.0,SD,5041900.0,7703100.0,False,0.0,09:59:21
19500.0,1300,-450.0,0.0,SD,5041900.0,7702100.0,False,0.0,09:59:21
19500.0,2000,-450.0,0.0,SD,5041900.0,7700800.0,False,0.0,09:59:21
19500.0,300,-450.0,0.0,SD,5041900.0,7698800.0,False,0.0,09:59:21
19500.0,100,-450.0,0.0,SD,5041900.0,7698500.0,False,0.0,09:59:21
19500.0,1000,-450.0,0.0,SD,5041900.0,7698400.0,False,0.0,09:59:21
19500.0,3000,-450.0,0.0,SD,5041900.0,7697400.0,False,0.0,09:59:21
19500.0,2000,-450.0,0.0,SD,5041900.0,7694400.0,False,0.0,09:59:21
19500.0,1000,-450.0,0.0,SD,5041900.0,7692400.0,False,0.0,09:59:21
19500.0,5000,-450.0,0.0,SD,5041900.0,7691400.0,False,0.0,09:59:21
19500.0,1000,-450.0,0.0,SD,5041900.0,7686400.0,False,0.0,09:59:21
19500.0,500,-450.0,0.0,SD,5041900.0,7685400.0,False,0.0,09:59:21
19500.0,300,-450.0,0.0,SD,5041900.0,7684900.0,False,0.0,09:59:21
19500.0,5000,-450.0,0.0,SD,5041900.0,7684600.0,False,0.0,09:59:21
19500.0,500,-450.0,0.0,SD,5041900.0,7679600.0,False,0.0,09:59:21
19500.0,300,-450.0,0.0,SD,5041900.0,7679100.0,False,0.0,09:59:21
19500.0,1000,-450.0,0.0,SD,5041900.0,7678800.0,False,0.0,09:59:21
19500.0,200,-450.0,0.0,SD,5041900.0,7677800.0,False,0.0,09:59:21
19500.0,200,-450.0,0.0,SD,5041900.0,7677600.0,False,0.0,09:59:21
19500.0,100,-450.0,0.0,SD,5041900.0,7677400.0,False,0.0,09:59:21
19500.0,300,-450.0,0.0,SD,5041900.0,7677300.0,False,0.0,09:59:21
19500.0,100,-450.0,0.0,SD,5041900.0,7677000.0,False,0.0,09:59:21
19500.0,1000,-450.0,0.0,SD,5041900.0,7676900.0,False,0.0,09:59:21
19500.0,500,-450.0,0.0,SD,5041900.0,7675900.0,False,0.0,09:59:21
19500.0,100,-450.0,0.0,SD,5041900.0,7675400.0,False,0.0,09:59:21
19500.0,2000,-450.0,0.0,SD,5041900.0,7675300.0,False,0.0,09:59:21
19500.0,200,-450.0,0.0,SD,5041900.0,7673300.0,False,0.0,09:59:21
19500.0,1000,-450.0,0.0,SD,5041900.0,7673100.0,False,0.0,09:59:21
19500.0,500,-450.0,0.0,SD,5041900.0,7672100.0,False,0.0,09:59:21
19500.0,100,-450.0,0.0,SD,5041900.0,7671600.0,False,0.0,09:59:21
19500.0,5000,-450.0,0.0,SD,5041900.0,7671500.0,False,0.0,09:59:21
19500.0,100,-450.0,0.0,SD,5041900.0,7666500.0,False,0.0,09:59:21
19500.0,100,-450.0,0.0,SD,5041900.0,7666400.0,False,0.0,09:59:21
19500.0,2000,-450.0,0.0,SD,5041900.0,7666300.0,False,0.0,09:59:21
19500.0,6500,-450.0,0.0,SD,5041900.0,7664300.0,False,0.0,09:59:21
19500.0,200,-450.0,0.0,SD,5041900.0,7657800.0,False,0.0,09:59:21
19500.0,100,-450.0,0.0,SD,5041900.0,7657600.0,False,0.0,09:59:21
19500.0,100,-450.0,0.0,SD,5041900.0,7657500.0,False,0.0,09:59:21
19500.0,200,-450.0,0.0,SD,5041900.0,7657400.0,False,0.0,09:59:21
19500.0,1000,-450.0,0.0,SD,5041900.0,7657200.0,False,0.0,09:59:21
19500.0,400,-450.0,0.0,SD,5041900.0,7656200.0,False,0.0,09:59:21
19500.0,2500,-450.0,0.0,SD,5041900.0,7655800.0,False,0.0,09:59:21
19500.0,100,-450.0,0.0,SD,5041900.0,7653300.0,False,0.0,09:59:21
19500.0,100,-450.0,0.0,SD,5041900.0,7653200.0,False,0.0,09:59:21
19500.0,1100,-450.0,0.0,SD,5041900.0,7653100.0,False,0.0,09:59:21
19500.0,5000,-450.0,0.0,SD,5041900.0,7652000.0,False,0.0,09:59:21
19500.0,500,-450.0,0.0,SD,5041900.0,7647000.0,False,0.0,09:59:21
19500.0,100,-450.0,0.0,SD,5041900.0,7646500.0,False,0.0,09:59:21
19500.0,500,-450.0,0.0,SD,5041900.0,7646400.0,False,0.0,09:59:21
19500.0,100,-450.0,0.0,SD,5041900.0,7645900.0,False,0.0,09:59:21
19500.0,900,-450.0,0.0,SD,5041900.0,7645800.0,False,0.0,09:59:21
19500.0,100,-450.0,0.0,SD,5041900.0,7644900.0,False,0.0,09:59:21
19500.0,900,-450.0,0.0,SD,5041900.0,7644800.0,False,0.0,09:59:21
19500.0,5000,-450.0,0.0,SD,5041900.0,7643900.0,False,0.0,09:59:21
19500.0,100,-450.0,0.0,SD,5041900.0,7638900.0,False,0.0,09:59:21
19500.0,500,-450.0,0.0,SD,5041900.0,7638800.0,False,0.0,09:59:21
19500.0,2000,-450.0,0.0,SD,5041900.0,7638300.0,False,0.0,09:59:21
19500.0,6000,-450.0,0.0,SD,5041900.0,7636300.0,False,0.0,09:59:21
19500.0,1000,-450.0,0.0,SD,5041900.0,7630300.0,False,0.0,09:59:21
19500.0,100,-450.0,0.0,SD,5041900.0,7629300.0,False,0.0,09:59:21
19500.0,1000,-450.0,0.0,SD,5041900.0,7629200.0,False,0.0,09:59:21
19500.0,900,-450.0,0.0,SD,5041900.0,7628200.0,False,0.0,09:59:21
19500.0,100,-450.0,0.0,SD,5041900.0,7627300.0,False,0.0,09:59:21
19500.0,500,-450.0,0.0,SD,5041900.0,7627200.0,False,0.0,09:59:21
19500.0,500,-450.0,0.0,SD,5041900.0,7626700.0,False,0.0,09:59:21
19500.0,100,-450.0,0.0,SD,5041900.0,7626200.0,False,0.0,09:59:21
19500.0,1300,-450.0,0.0,SD,5041900.0,7626100.0,False,0.0,09:59:21
19500.0,1000,-450.0,0.0,SD,5041900.0,7624800.0,False,0.0,09:59:21
19500.0,1200,-450.0,0.0,SD,5041900.0,7623800.0,False,0.0,09:59:21
19500.0,5000,-450.0,0.0,SD,5041900.0,7622600.0,False,0.0,09:59:21
19500.0,500,-450.0,0.0,SD,5041900.0,7617600.0,False,0.0,09:59:21
19500.0,200,-450.0,0.0,SD,5041900.0,7617100.0,False,0.0,09:59:21
19500.0,500,-450.0,0.0,SD,5041900.0,7616900.0,False,0.0,09:59:21
19500.0,100,-450.0,0.0,SD,5041900.0,7616400.0,False,0.0,09:59:21
19500.0,100,-450.0,0.0,SD,5041900.0,7616300.0,False,0.0,09:59:21
19500.0,100,-450.0,0.0,SD,5041900.0,7616200.0,False,0.0,09:59:21
19500.0,100,-450.0,0.0,SD,5041900.0,7616100.0,False,0.0,09:59:21
19500.0,100,-450.0,0.0,SD,5041900.0,7616000.0,False,0.0,09:59:21
19500.0,200,-450.0,0.0,SD,5041900.0,7615900.0,False,0.0,09:59:21
19500.0,300,-450.0,0.0,SD,5041900.0,7615700.0,False,0.0,09:59:21
19500.0,100,-450.0,0.0,SD,5041900.0,7615400.0,False,0.0,09:59:21
19500.0,1000,-450.0,0.0,SD,5041900.0,7615300.0,False,0.0,09:59:21
19500.0,6000,-450.0,0.0,SD,5041900.0,7614300.0,False,0.0,09:59:21
19500.0,500,-450.0,0.0,SD,5041900.0,7608300.0,False,0.0,09:59:21
19500.0,100,-450.0,0.0,SD,5041900.0,7607800.0,False,0.0,09:59:21
19500.0,500,-450.0,0.0,SD,5041900.0,7607700.0,False,0.0,09:59:21
19500.0,1800,-450.0,0.0,SD,5041900.0,7607200.0,False,0.0,09:59:21
19500.0,1000,-450.0,0.0,SD,5041900.0,7605400.0,False,0.0,09:59:21
19500.0,700,-450.0,0.0,SD,5041900.0,7604400.0,False,0.0,09:59:21
19500.0,500,-450.0,0.0,SD,5041900.0,7603700.0,False,0.0,09:59:21
19500.0,200,-450.0,0.0,SD,5041900.0,7603200.0,False,0.0,09:59:21
19500.0,1000,-450.0,0.0,SD,5041900.0,7603000.0,False,0.0,09:59:21
19500.0,200,-450.0,0.0,SD,5041900.0,7602000.0,False,0.0,09:59:21
19500.0,100,-450.0,0.0,SD,5041900.0,7601800.0,False,0.0,09:59:21
19500.0,500,-450.0,0.0,SD,5041900.0,7601700.0,False,0.0,09:59:21
19500.0,100,-450.0,0.0,SD,5041900.0,7601200.0,False,0.0,09:59:21
19500.0,2000,-450.0,0.0,SD,5041900.0,7601100.0,False,0.0,09:59:21
19500.0,500,-450.0,0.0,SD,5041900.0,7599100.0,False,0.0,09:59:21
19500.0,2000,-450.0,0.0,SD,5041900.0,7598600.0,False,0.0,09:59:21
19500.0,400,-450.0,0.0,SD,5041900.0,7596600.0,False,0.0,09:59:21
19500.0,100,-450.0,0.0,SD,5041900.0,7596200.0,False,0.0,09:59:21
19500.0,500,-450.0,0.0,SD,5041900.0,7596100.0,False,0.0,09:59:21
19500.0,400,-450.0,0.0,SD,5041900.0,7595600.0,False,0.0,09:59:21
19500.0,200,-450.0,0.0,SD,5041900.0,7595200.0,False,0.0,09:59:21
19500.0,300,-450.0,0.0,SD,5041900.0,7595000.0,False,0.0,09:59:21
19500.0,2600,-450.0,0.0,SD,5041900.0,7594700.0,False,-50.0,09:59:21
19550.0,200,-400.0,0.0,BU,5041900.0,7592100.0,False,0.0,09:59:19
19550.0,100,-400.0,0.0,BU,5041700.0,7592100.0,False,50.0,09:59:17
19500.0,1400,-450.0,0.0,SD,5041600.0,7592100.0,False,0.0,09:59:16
19500.0,100,-450.0,0.0,SD,5041600.0,7590700.0,False,0.0,09:59:16
19500.0,500,-450.0,0.0,SD,5041600.0,7590600.0,False,0.0,09:59:16
19500.0,200,-450.0,0.0,SD,5041600.0,7590100.0,False,0.0,09:59:16
19500.0,300,-450.0,0.0,SD,5041600.0,7589900.0,False,0.0,09:59:15
19500.0,200,-450.0,0.0,SD,5041600.0,7589600.0,False,0.0,09:59:15
19500.0,200,-450.0,0.0,SD,5041600.0,7589400.0,False,0.0,09:59:15
19500.0,300,-450.0,0.0,SD,5041600.0,7589200.0,False,0.0,09:59:15
19500.0,200,-450.0,0.0,SD,5041600.0,7588900.0,False,0.0,09:59:15
19500.0,500,-450.0,0.0,SD,5041600.0,7588700.0,False,0.0,09:59:14
19500.0,300,-450.0,0.0,SD,5041600.0,7588200.0,False,0.0,09:59:14
19500.0,100,-450.0,0.0,SD,5041600.0,7587900.0,False,0.0,09:59:14
19500.0,100,-450.0,0.0,SD,5041600.0,7587800.0,False,0.0,09:59:14
19500.0,400,-450.0,0.0,SD,5041600.0,7587700.0,False,0.0,09:59:13
19500.0,100,-450.0,0.0,SD,5041600.0,7587300.0,False,0.0,09:59:13
19500.0,500,-450.0,0.0,SD,5041600.0,7587200.0,False,0.0,09:59:13
19500.0,200,-450.0,0.0,SD,5041600.0,7586700.0,False,0.0,09:59:13
19500.0,100,-450.0,0.0,SD,5041600.0,7586500.0,False,0.0,09:59:13
19500.0,13700,-450.0,0.0,SD,5041600.0,7586400.0,True,0.0,09:59:13
19500.0,1000,-450.0,0.0,SD,5041600.0,7572700.0,False,0.0,09:59:11
19500.0,5000,-450.0,0.0,SD,5041600.0,7571700.0,False,0.0,09:59:11
19500.0,1000,-450.0,0.0,SD,5041600.0,7566700.0,False,0.0,09:59:10
19500.0,100,-450.0,0.0,SD,5041600.0,7565700.0,False,0.0,09:59:09
19500.0,200,-450.0,0.0,SD,5041600.0,7565600.0,False,0.0,09:59:09
19500.0,4700,-450.0,0.0,SD,5041600.0,7565400.0,False,0.0,09:59:09
19500.0,500,-450.0,0.0,SD,5041600.0,7560700.0,False,0.0,09:59:08
19500.0,800,-450.0,0.0,SD,5041600.0,7560200.0,False,0.0,09:59:06
19500.0,500,-450.0,0.0,SD,5041600.0,7559400.0,False,0.0,09:59:06
19500.0,100,-450.0,0.0,SD,5041600.0,7558900.0,False,0.0,09:59:06
19500.0,2000,-450.0,0.0,SD,5041600.0,7558800.0,False,0.0,09:59:06
19500.0,1000,-450.0,0.0,SD,5041600.0,7556800.0,False,0.0,09:59:06
19500.0,500,-450.0,0.0,SD,5041600.0,7555800.0,False,0.0,09:59:06
19500.0,900,-450.0,0.0,SD,5041600.0,7555300.0,False,0.0,09:59:06
19500.0,200,-450.0,0.0,SD,5041600.0,7554400.0,False,0.0,09:59:06
19500.0,200,-450.0,0.0,SD,5041600.0,7554200.0,False,0.0,09:59:06
19500.0,500,-450.0,0.0,SD,5041600.0,7554000.0,False,0.0,09:59:06
19500.0,200,-450.0,0.0,SD,5041600.0,7553500.0,False,0.0,09:59:06
19500.0,100,-450.0,0.0,SD,5041600.0,7553300.0,False,0.0,09:59:06
19500.0,200,-450.0,0.0,SD,5041600.0,7553200.0,False,0.0,09:59:06
19500.0,1000,-450.0,0.0,SD,5041600.0,7553000.0,False,0.0,09:59:06
19500.0,100,-450.0,0.0,SD,5041600.0,7552000.0,False,0.0,09:59:06
19500.0,700,-450.0,0.0,SD,5041600.0,7551900.0,False,0.0,09:59:06
19500.0,1000,-450.0,0.0,SD,5041600.0,7551200.0,False,0.0,09:59:06
19500.0,1500,-450.0,0.0,SD,5041600.0,7550200.0,False,0.0,09:59:05
19500.0,300,-450.0,0.0,SD,5041600.0,7548700.0,False,0.0,09:59:05
19500.0,200,-450.0,0.0,SD,5041600.0,7548400.0,False,0.0,09:59:05
19500.0,100,-450.0,0.0,SD,5041600.0,7548200.0,False,0.0,09:59:05
19500.0,100,-450.0,0.0,SD,5041600.0,7548100.0,False,0.0,09:59:05
19500.0,800,-450.0,0.0,SD,5041600.0,7548000.0,False,0.0,09:59:05
19500.0,500,-450.0,0.0,SD,5041600.0,7547200.0,False,0.0,09:59:05
19500.0,500,-450.0,0.0,SD,5041600.0,7546700.0,False,0.0,09:59:05
19500.0,2000,-450.0,0.0,SD,5041600.0,7546200.0,False,-50.0,09:59:04
19550.0,100,-400.0,0.0,BU,5041600.0,7544200.0,False,50.0,09:59:04
19500.0,2000,-450.0,0.0,SD,5041500.0,7544200.0,False,0.0,09:59:04
19500.0,500,-450.0,0.0,SD,5041500.0,7542200.0,False,0.0,09:59:04
19500.0,5000,-450.0,0.0,SD,5041500.0,7541700.0,False,0.0,09:59:04
19500.0,100,-450.0,0.0,SD,5041500.0,7536700.0,False,0.0,09:59:04
19500.0,1500,-450.0,0.0,SD,5041500.0,7536600.0,False,0.0,09:59:04
19500.0,500,-450.0,0.0,SD,5041500.0,7535100.0,False,0.0,09:59:04
19500.0,900,-450.0,0.0,SD,5041500.0,7534600.0,False,0.0,09:59:04
19500.0,400,-450.0,0.0,SD,5041500.0,7533700.0,False,0.0,09:59:04
19500.0,2000,-450.0,0.0,SD,5041500.0,7533300.0,False,0.0,09:59:04
19500.0,100,-450.0,0.0,SD,5041500.0,7531300.0,False,0.0,09:59:04
19500.0,100,-450.0,0.0,SD,5041500.0,7531200.0,False,0.0,09:59:04
19500.0,200,-450.0,0.0,SD,5041500.0,7531100.0,False,0.0,09:59:04
19500.0,1000,-450.0,0.0,SD,5041500.0,7530900.0,False,0.0,09:59:04
19500.0,700,-450.0,0.0,SD,5041500.0,7529900.0,False,0.0,09:59:04
19500.0,300,-450.0,0.0,SD,5041500.0,7529200.0,False,0.0,09:59:02
19500.0,1100,-450.0,0.0,SD,5041500.0,7528900.0,False,0.0,09:59:02
19500.0,3000,-450.0,0.0,SD,5041500.0,7527800.0,False,0.0,09:59:02
19500.0,300,-450.0,0.0,SD,5041500.0,7524800.0,False,0.0,09:59:02
19500.0,1000,-450.0,0.0,SD,5041500.0,7524500.0,False,0.0,09:59:02
19500.0,1000,-450.0,0.0,SD,5041500.0,7523500.0,False,0.0,09:59:02
19500.0,2000,-450.0,0.0,SD,5041500.0,7522500.0,False,0.0,09:59:02
19500.0,500,-450.0,0.0,SD,5041500.0,7520500.0,False,0.0,09:59:02
19500.0,3000,-450.0,0.0,SD,5041500.0,7520000.0,False,0.0,09:59:02
19500.0,300,-450.0,0.0,SD,5041500.0,7517000.0,False,0.0,09:59:02
19500.0,2000,-450.0,0.0,SD,5041500.0,7516700.0,False,-50.0,09:59:01
19550.0,100,-400.0,0.0,BU,5041500.0,7514700.0,False,50.0,09:59:00
19500.0,2700,-450.0,0.0,SD,5041400.0,7514700.0,False,0.0,09:58:59
19500.0,300,-450.0,0.0,SD,5041400.0,7512000.0,False,0.0,09:58:59
19500.0,700,-450.0,0.0,SD,5041400.0,7511700.0,False,0.0,09:58:56
19500.0,100,-450.0,0.0,SD,5041400.0,7511000.0,False,0.0,09:58:56
19500.0,1000,-450.0,0.0,SD,5041400.0,7510900.0,False,0.0,09:58:56
19500.0,400,-450.0,0.0,SD,5041400.0,7509900.0,False,0.0,09:58:56
19500.0,300,-450.0,0.0,SD,5041400.0,7509500.0,False,0.0,09:58:56
19500.0,2000,-450.0,0.0,SD,5041400.0,7509200.0,False,0.0,09:58:56
19500.0,200,-450.0,0.0,SD,5041400.0,7507200.0,False,0.0,09:58:56
19500.0,100,-450.0,0.0,SD,5041400.0,7507000.0,False,0.0,09:58:56
19500.0,200,-450.0,0.0,SD,5041400.0,7506900.0,False,0.0,09:58:56
19500.0,1000,-450.0,0.0,SD,5041400.0,7506700.0,False,0.0,09:58:56
19500.0,5000,-450.0,0.0,SD,5041400.0,7505700.0,False,0.0,09:58:56
19500.0,100,-450.0,0.0,SD,5041400.0,7500700.0,False,0.0,09:58:56
19500.0,1900,-450.0,0.0,SD,5041400.0,7500600.0,False,-50.0,09:58:56
19550.0,4500,-400.0,0.0,BU,5041400.0,7498700.0,False,50.0,09:58:56
19500.0,200,-450.0,0.0,SD,5036900.0,7498700.0,False,0.0,09:58:54
19500.0,800,-450.0,0.0,SD,5036900.0,7498500.0,False,0.0,09:58:54
19500.0,100,-450.0,0.0,SD,5036900.0,7497700.0,False,0.0,09:58:54
19500.0,200,-450.0,0.0,SD,5036900.0,7497600.0,False,0.0,09:58:54
19500.0,200,-450.0,0.0,SD,5036900.0,7497400.0,False,0.0,09:58:54
19500.0,100,-450.0,0.0,SD,5036900.0,7497200.0,False,0.0,09:58:54
19500.0,100,-450.0,0.0,SD,5036900.0,7497100.0,False,0.0,09:58:54
19500.0,100,-450.0,0.0,SD,5036900.0,7497000.0,False,0.0,09:58:54
19500.0,500,-450.0,0.0,SD,5036900.0,7496900.0,False,0.0,09:58:54
19500.0,500,-450.0,0.0,SD,5036900.0,7496400.0,False,0.0,09:58:54
19500.0,400,-450.0,0.0,SD,5036900.0,7495900.0,False,0.0,09:58:54
19500.0,400,-450.0,0.0,SD,5036900.0,7495500.0,False,0.0,09:58:54
19500.0,500,-450.0,0.0,SD,5036900.0,7495100.0,False,0.0,09:58:54
19500.0,100,-450.0,0.0,SD,5036900.0,7494600.0,False,0.0,09:58:54
19500.0,100,-450.0,0.0,SD,5036900.0,7494500.0,False,0.0,09:58:54
19500.0,1000,-450.0,0.0,SD,5036900.0,7494400.0,False,0.0,09:58:54
19500.0,3000,-450.0,0.0,SD,5036900.0,7493400.0,False,0.0,09:58:54
19500.0,200,-450.0,0.0,SD,5036900.0,7490400.0,False,0.0,09:58:54
19500.0,500,-450.0,0.0,SD,5036900.0,7490200.0,False,0.0,09:58:54
19500.0,1000,-450.0,0.0,SD,5036900.0,7489700.0,False,0.0,09:58:54
19500.0,100,-450.0,0.0,SD,5036900.0,7488700.0,False,0.0,09:58:54
19500.0,100,-450.0,0.0,SD,5036900.0,7488600.0,False,0.0,09:58:52
19500.0,400,-450.0,0.0,SD,5036900.0,7488500.0,False,0.0,09:58:52
19500.0,900,-450.0,0.0,SD,5036900.0,7488100.0,False,0.0,09:58:51
19500.0,600,-450.0,0.0,SD,5036900.0,7487200.0,False,0.0,09:58:48
19500.0,200,-450.0,0.0,SD,5036900.0,7486600.0,False,0.0,09:58:48
19500.0,400,-450.0,0.0,SD,5036900.0,7486400.0,False,0.0,09:58:47
19500.0,1600,-450.0,0.0,SD,5036900.0,7486000.0,False,0.0,09:58:47
19500.0,1200,-450.0,0.0,SD,5036900.0,7484400.0,False,0.0,09:58:44
19500.0,400,-450.0,0.0,SD,5036900.0,7483200.0,False,0.0,09:58:40
19500.0,1000,-450.0,0.0,SD,5036900.0,7482800.0,False,0.0,09:58:40
19500.0,100,-450.0,0.0,SD,5036900.0,7481800.0,False,0.0,09:58:39
19500.0,3000,-450.0,0.0,SD,5036900.0,7481700.0,False,0.0,09:58:38
19500.0,100,-450.0,0.0,SD,5036900.0,7478700.0,False,0.0,09:58:37
19500.0,1000,-450.0,0.0,SD,5036900.0,7478600.0,False,0.0,09:58:37
19500.0,1000,-450.0,0.0,SD,5036900.0,7477600.0,False,0.0,09:58:37
19500.0,100,-450.0,0.0,SD,5036900.0,7476600.0,False,0.0,09:58:37
19500.0,100,-450.0,0.0,SD,5036900.0,7476500.0,False,0.0,09:58:37
19500.0,800,-450.0,0.0,SD,5036900.0,7476400.0,False,0.0,09:58:37
19500.0,2000,-450.0,0.0,SD,5036900.0,7475600.0,False,0.0,09:58:31
19500.0,200,-450.0,0.0,SD,5036900.0,7473600.0,False,0.0,09:58:31
19500.0,400,-450.0,0.0,SD,5036900.0,7473400.0,False,0.0,09:58:29
19500.0,600,-450.0,0.0,SD,5036900.0,7473000.0,False,0.0,09:58:27
19500.0,100,-450.0,0.0,SD,5036900.0,7472400.0,False,0.0,09:58:27
19500.0,200,-450.0,0.0,SD,5036900.0,7472300.0,False,0.0,09:58:27
19500.0,2000,-450.0,0.0,SD,5036900.0,7472100.0,False,0.0,09:58:27
19500.0,600,-450.0,0.0,SD,5036900.0,7470100.0,False,0.0,09:58:27
19500.0,500,-450.0,0.0,SD,5036900.0,7469500.0,False,0.0,09:58:27
19500.0,100,-450.0,0.0,SD,5036900.0,7469000.0,False,0.0,09:58:27
19500.0,1600,-450.0,0.0,SD,5036900.0,7468900.0,False,0.0,09:58:27
19500.0,1000,-450.0,0.0,SD,5036900.0,7467300.0,False,0.0,09:58:27
19500.0,1300,-450.0,0.0,SD,5036900.0,7466300.0,False,0.0,09:58:22
19500.0,100,-450.0,0.0,SD,5036900.0,7465000.0,False,0.0,09:58:20
19500.0,400,-450.0,0.0,SD,5036900.0,7464900.0,False,0.0,09:58:20
19500.0,500,-450.0,0.0,SD,5036900.0,7464500.0,False,0.0,09:58:18
19500.0,100,-450.0,0.0,SD,5036900.0,7464000.0,False,0.0,09:58:18
19500.0,200,-450.0,0.0,SD,5036900.0,7463900.0,False,0.0,09:58:18
19500.0,200,-450.0,0.0,SD,5036900.0,7463700.0,False,-50.0,09:58:16
19550.0,100,-400.0,0.0,BU,5036900.0,7463500.0,False,0.0,09:58:16
19550.0,100,-400.0,0.0,BU,5036800.0,7463500.0,False,50.0,09:58:16
19500.0,400,-450.0,0.0,SD,5036700.0,7463500.0,False,0.0,09:58:16
19500.0,100,-450.0,0.0,SD,5036700.0,7463100.0,False,0.0,09:58:16
19500.0,300,-450.0,0.0,SD,5036700.0,7463000.0,False,0.0,09:58:16
19500.0,1000,-450.0,0.0,SD,5036700.0,7462700.0,False,0.0,09:58:16
19500.0,200,-450.0,0.0,SD,5036700.0,7461700.0,False,0.0,09:58:16
19500.0,400,-450.0,0.0,SD,5036700.0,7461500.0,False,0.0,09:58:14
19500.0,1000,-450.0,0.0,SD,5036700.0,7461100.0,False,0.0,09:58:14
19500.0,500,-450.0,0.0,SD,5036700.0,7460100.0,False,0.0,09:58:10
19500.0,400,-450.0,0.0,SD,5036700.0,7459600.0,False,0.0,09:58:10
19500.0,200,-450.0,0.0,SD,5036700.0,7459200.0,False,0.0,09:58:10
19500.0,200,-450.0,0.0,SD,5036700.0,7459000.0,False,0.0,09:58:10
19500.0,400,-450.0,0.0,SD,5036700.0,7458800.0,False,0.0,09:58:10
19500.0,300,-450.0,0.0,SD,5036700.0,7458400.0,False,0.0,09:58:10
19500.0,200,-450.0,0.0,SD,5036700.0,7458100.0,False,0.0,09:58:10
19500.0,100,-450.0,0.0,SD,5036700.0,7457900.0,False,0.0,09:58:10
19500.0,500,-450.0,0.0,SD,5036700.0,7457800.0,False,0.0,09:58:10
19500.0,200,-450.0,0.0,SD,5036700.0,7457300.0,False,0.0,09:58:10
19500.0,2000,-450.0,0.0,SD,5036700.0,7457100.0,False,0.0,09:58:09
19500.0,4000,-450.0,0.0,SD,5036700.0,7455100.0,False,0.0,09:58:03
19500.0,1000,-450.0,0.0,SD,5036700.0,7451100.0,False,0.0,09:58:02
19500.0,5000,-450.0,0.0,SD,5036700.0,7450100.0,False,0.0,09:58:00
19500.0,500,-450.0,0.0,SD,5036700.0,7445100.0,False,0.0,09:57:59
19500.0,200,-450.0,0.0,SD,5036700.0,7444600.0,False,-50.0,09:57:58
19550.0,200,-400.0,0.0,BU,5036700.0,7444400.0,False,50.0,09:57:58
19500.0,2500,-450.0,0.0,SD,5036500.0,7444400.0,False,-50.0,09:57:58
19550.0,1000,-400.0,0.0,BU,5036500.0,7441900.0,False,50.0,09:57:56
19500.0,2000,-450.0,0.0,SD,5035500.0,7441900.0,False,-50.0,09:57:54
19550.0,100,-400.0,0.0,BU,5035500.0,7439900.0,False,50.0,09:57:53
19500.0,3000,-450.0,0.0,SD,5035400.0,7439900.0,False,0.0,09:57:52
19500.0,200,-450.0,0.0,SD,5035400.0,7436900.0,False,0.0,09:57:52
19500.0,10000,-450.0,0.0,SD,5035400.0,7436700.0,False,0.0,09:57:49
19500.0,3000,-450.0,0.0,SD,5035400.0,7426700.0,False,0.0,09:57:45
19500.0,5000,-450.0,0.0,SD,5035400.0,7423700.0,False,-50.0,09:57:45
19550.0,100,-400.0,0.0,BU,5035400.0,7418700.0,False,50.0,09:57:36
19500.0,10000,-450.0,0.0,SD,5035300.0,7418700.0,False,-50.0,09:57:33
19550.0,400,-400.0,0.0,BU,5035300.0,7408700.0,False,50.0,09:57:30
19500.0,500,-450.0,0.0,SD,5034900.0,7408700.0,False,-50.0,09:57:30
19550.0,200,-400.0,0.0,BU,5034900.0,7408200.0,False,0.0,09:57:28
19550.0,100,-400.0,0.0,BU,5034700.0,7408200.0,False,0.0,09:57:28
19550.0,500,-400.0,0.0,BU,5034600.0,7408200.0,False,50.0,09:57:20
19500.0,6000,-450.0,0.0,SD,5034100.0,7408200.0,False,0.0,09:57:18
19500.0,500,-450.0,0.0,SD,5034100.0,7402200.0,False,0.0,09:57:16
19500.0,100,-450.0,0.0,SD,5034100.0,7401700.0,False,-50.0,09:57:16
19550.0,100,-400.0,0.0,BU,5034100.0,7401600.0,False,50.0,09:57:16
19500.0,5000,-450.0,0.0,SD,5034000.0,7401600.0,False,0.0,09:57:11
19500.0,1000,-450.0,0.0,SD,5034000.0,7396600.0,False,0.0,09:57:10
19500.0,1200,-450.0,0.0,SD,5034000.0,7395600.0,False,0.0,09:57:09
19500.0,200,-450.0,0.0,SD,5034000.0,7394400.0,False,-50.0,09:57:08
19550.0,100,-400.0,0.0,BU,5034000.0,7394200.0,False,50.0,09:57:08
19500.0,1100,-450.0,0.0,SD,5033900.0,7394200.0,False,0.0,09:57:06
19500.0,600,-450.0,0.0,SD,5033900.0,7393100.0,False,0.0,09:57:04
19500.0,200,-450.0,0.0,SD,5033900.0,7392500.0,False,0.0,09:57:03
19500.0,2500,-450.0,0.0,SD,5033900.0,7392300.0,False,-50.0,09:57:01
19550.0,100,-400.0,0.0,BU,5033900.0,7389800.0,False,0.0,09:57:00
19550.0,100,-400.0,0.0,BU,5033800.0,7389800.0,False,50.0,09:56:59
19500.0,1000,-450.0,0.0,SD,5033700.0,7389800.0,False,0.0,09:56:56
19500.0,1000,-450.0,0.0,SD,5033700.0,7388800.0,False,0.0,09:56:54
19500.0,100,-450.0,0.0,SD,5033700.0,7387800.0,False,0.0,09:56:53
19500.0,500,-450.0,0.0,SD,5033700.0,7387700.0,False,0.0,09:56:50
19500.0,15000,-450.0,0.0,SD,5033700.0,7387200.0,True,0.0,09:56:47
19500.0,1500,-450.0,0.0,SD,5033700.0,7372200.0,False,0.0,09:56:47
19500.0,8000,-450.0,0.0,SD,5033700.0,7370700.0,False,0.0,09:56:47
19500.0,2000,-450.0,0.0,SD,5033700.0,7362700.0,False,0.0,09:56:39
19500.0,300,-450.0,0.0,SD,5033700.0,7360700.0,False,0.0,09:56:37
19500.0,900,-450.0,0.0,SD,5033700.0,7360400.0,False,0.0,09:56:36
19500.0,1000,-450.0,0.0,SD,5033700.0,7359500.0,False,-50.0,09:56:35
19550.0,100,-400.0,0.0,BU,5033700.0,7358500.0,False,50.0,09:56:35
19500.0,1200,-450.0,0.0,SD,5033600.0,7358500.0,False,0.0,09:56:31
19500.0,4000,-450.0,0.0,SD,5033600.0,7357300.0,False,0.0,09:56:31
19500.0,500,-450.0,0.0,SD,5033600.0,7353300.0,False,0.0,09:56:31
19500.0,4300,-450.0,0.0,SD,5033600.0,7352800.0,False,0.0,09:56:31
19500.0,900,-450.0,0.0,SD,5033600.0,7348500.0,False,-50.0,09:56:26
19550.0,700,-400.0,0.0,BU,5033600.0,7347600.0,False,50.0,09:56:23
19500.0,100,-450.0,0.0,SD,5032900.0,7347600.0,False,0.0,09:56:22
19500.0,500,-450.0,0.0,SD,5032900.0,7347500.0,False,0.0,09:56:21
19500.0,100,-450.0,0.0,SD,5032900.0,7347000.0,False,0.0,09:56:20
19500.0,300,-450.0,0.0,SD,5032900.0,7346900.0,False,-50.0,09:56:16
19550.0,100,-400.0,0.0,BU,5032900.0,7346600.0,False,0.0,09:56:16
19550.0,300,-400.0,0.0,BU,5032800.0,7346600.0,False,50.0,09:56:16
19500.0,4000,-450.0,0.0,SD,5032500.0,7346600.0,False,-50.0,09:56:15
19550.0,200,-400.0,0.0,BU,5032500.0,7342600.0,False,50.0,09:56:14
19500.0,100,-450.0,0.0,SD,5032300.0,7342600.0,False,-50.0,09:56:14
19550.0,400,-400.0,0.0,BU,5032300.0,7342500.0,False,0.0,09:56:12
19550.0,400,-400.0,0.0,BU,5031900.0,7342500.0,False,0.0,09:56:12
19550.0,600,-400.0,0.0,BU,5031500.0,7342500.0,False,0.0,09:56:12
19550.0,600,-400.0,0.0,BU,5030900.0,7342500.0,False,0.0,09:56:08
19550.0,9400,-400.0,0.0,BU,5030300.0,7342500.0,False,50.0,09:56:08
19500.0,500,-450.0,0.0,SD,5020900.0,7342500.0,False,-50.0,09:56:05
19550.0,100,-400.0,0.0,BU,5020900.0,7342000.0,False,50.0,09:56:03
19500.0,1000,-450.0,0.0,SD,5020800.0,7342000.0,False,0.0,09:56:02
19500.0,400,-450.0,0.0,SD,5020800.0,7341000.0,False,0.0,09:55:53
19500.0,3000,-450.0,0.0,SD,5020800.0,7340600.0,False,0.0,09:55:53
19500.0,1000,-450.0,0.0,SD,5020800.0,7337600.0,False,0.0,09:55:53
19500.0,200,-450.0,0.0,SD,5020800.0,7336600.0,False,0.0,09:55:51
19500.0,800,-450.0,0.0,SD,5020800.0,7336400.0,False,0.0,09:55:51
19500.0,2000,-450.0,0.0,SD,5020800.0,7335600.0,False,0.0,09:55:46
19500.0,300,-450.0,0.0,SD,5020800.0,7333600.0,False,0.0,09:55:46
19500.0,1000,-450.0,0.0,SD,5020800.0,7333300.0,False,0.0,09:55:46
19500.0,100,-450.0,0.0,SD,5020800.0,7332300.0,False,0.0,09:55:46
19500.0,2000,-450.0,0.0,SD,5020800.0,7332200.0,False,0.0,09:55:46
19500.0,100,-450.0,0.0,SD,5020800.0,7330200.0,False,0.0,09:55:46
19500.0,500,-450.0,0.0,SD,5020800.0,7330100.0,False,0.0,09:55:46
19500.0,2000,-450.0,0.0,SD,5020800.0,7329600.0,False,0.0,09:55:46
19500.0,200,-450.0,0.0,SD,5020800.0,7327600.0,False,-50.0,09:55:46
19550.0,100,-400.0,0.0,BU,5020800.0,7327400.0,False,0.0,09:55:45
19550.0,200,-400.0,0.0,BU,5020700.0,7327400.0,False,50.0,09:55:42
19500.0,2000,-450.0,0.0,SD,5020500.0,7327400.0,False,-50.0,09:55:40
19550.0,400,-400.0,0.0,BU,5020500.0,7325400.0,False,50.0,09:55:39
19500.0,100,-450.0,0.0,SD,5020100.0,7325400.0,False,0.0,09:55:37
19500.0,4000,-450.0,0.0,SD,5020100.0,7325300.0,False,0.0,09:55:37
19500.0,1700,-450.0,0.0,SD,5020100.0,7321300.0,False,0.0,09:55:36
19500.0,500,-450.0,0.0,SD,5020100.0,7319600.0,False,0.0,09:55:36
19500.0,2000,-450.0,0.0,SD,5020100.0,7319100.0,False,0.0,09:55:36
19500.0,1000,-450.0,0.0,SD,5020100.0,7317100.0,False,0.0,09:55:36
19500.0,300,-450.0,0.0,SD,5020100.0,7316100.0,False,0.0,09:55:35
19500.0,600,-450.0,0.0,SD,5020100.0,7315800.0,False,0.0,09:55:35
19500.0,200,-450.0,0.0,SD,5020100.0,7315200.0,False,0.0,09:55:35
19500.0,100,-450.0,0.0,SD,5020100.0,7315000.0,False,0.0,09:55:35
19500.0,200,-450.0,0.0,SD,5020100.0,7314900.0,False,0.0,09:55:35
19500.0,100,-450.0,0.0,SD,5020100.0,7314700.0,False,0.0,09:55:35
19500.0,100,-450.0,0.0,SD,5020100.0,7314600.0,False,0.0,09:55:35
19500.0,200,-450.0,0.0,SD,5020100.0,7314500.0,False,-50.0,09:55:35
19550.0,100,-400.0,0.0,BU,5020100.0,7314300.0,False,0.0,09:55:33
19550.0,100,-400.0,0.0,BU,5020000.0,7314300.0,False,50.0,09:55:31
19500.0,9800,-450.0,0.0,SD,5019900.0,7314300.0,False,0.0,09:55:31
19500.0,600,-450.0,0.0,SD,5019900.0,7304500.0,False,0.0,09:55:31
19500.0,200,-450.0,0.0,SD,5019900.0,7303900.0,False,0.0,09:55:31
19500.0,300,-450.0,0.0,SD,5019900.0,7303700.0,False,0.0,09:55:31
19500.0,500,-450.0,0.0,SD,5019900.0,7303400.0,False,0.0,09:55:31
19500.0,100,-450.0,0.0,SD,5019900.0,7302900.0,False,0.0,09:55:31
19500.0,400,-450.0,0.0,SD,5019900.0,7302800.0,False,0.0,09:55:31
19500.0,100,-450.0,0.0,SD,5019900.0,7302400.0,False,0.0,09:55:31
19500.0,100,-450.0,0.0,SD,5019900.0,7302300.0,False,0.0,09:55:31
19500.0,500,-450.0,0.0,SD,5019900.0,7302200.0,False,0.0,09:55:31
19500.0,300,-450.0,0.0,SD,5019900.0,7301700.0,False,0.0,09:55:31
19500.0,100,-450.0,0.0,SD,5019900.0,7301400.0,False,0.0,09:55:31
19500.0,100,-450.0,0.0,SD,5019900.0,7301300.0,False,0.0,09:55:31
19500.0,500,-450.0,0.0,SD,5019900.0,7301200.0,False,0.0,09:55:31
19500.0,500,-450.0,0.0,SD,5019900.0,7300700.0,False,0.0,09:55:30
19500.0,5400,-450.0,0.0,SD,5019900.0,7300200.0,False,0.0,09:55:30
19500.0,400,-450.0,0.0,SD,5019900.0,7294800.0,False,-50.0,09:55:30
19550.0,400,-400.0,0.0,BU,5019900.0,7294400.0,False,0.0,09:55:22
19550.0,1600,-400.0,0.0,BU,5019500.0,7294400.0,False,50.0,09:55:22
19500.0,500,-450.0,0.0,SD,5017900.0,7294400.0,False,-50.0,09:55:20
19550.0,1000,-400.0,0.0,BU,5017900.0,7293900.0,False,50.0,09:55:18
19500.0,200,-450.0,0.0,SD,5016900.0,7293900.0,False,-50.0,09:55:17
19550.0,100,-400.0,0.0,BU,5016900.0,7293700.0,False,50.0,09:55:16
19500.0,1100,-450.0,0.0,SD,5016800.0,7293700.0,False,0.0,09:55:16
19500.0,300,-450.0,0.0,SD,5016800.0,7292600.0,False,-50.0,09:55:10
19550.0,1000,-400.0,0.0,BU,5016800.0,7292300.0,False,0.0,09:55:08
19550.0,500,-400.0,0.0,BU,5015800.0,7292300.0,False,0.0,09:55:06
19550.0,100,-400.0,0.0,BU,5015300.0,7292300.0,False,0.0,09:55:04
19550.0,1000,-400.0,0.0,BU,5015200.0,7292300.0,False,0.0,09:55:04
19550.0,100,-400.0,0.0,BU,5014200.0,7292300.0,False,50.0,09:55:00
19500.0,2000,-450.0,0.0,SD,5014100.0,7292300.0,False,-50.0,09:54:57
19550.0,100,-400.0,0.0,BU,5014100.0,7290300.0,False,0.0,09:54:56
19550.0,100,-400.0,0.0,BU,5014000.0,7290300.0,False,0.0,09:54:50
19550.0,3000,-400.0,0.0,BU,5013900.0,7290300.0,False,50.0,09:54:48
19500.0,500,-450.0,0.0,SD,5010900.0,7290300.0,False,-50.0,09:54:48
19550.0,100,-400.0,0.0,BU,5010900.0,7289800.0,False,50.0,09:54:40
19500.0,200,-450.0,0.0,SD,5010800.0,7289800.0,False,0.0,09:54:40
19500.0,1000,-450.0,0.0,SD,5010800.0,7289600.0,False,-50.0,09:54:39
19550.0,100,-400.0,0.0,BU,5010800.0,7288600.0,False,50.0,09:54:37
19500.0,200,-450.0,0.0,SD,5010700.0,7288600.0,False,-50.0,09:54:30
19550.0,500,-400.0,0.0,BU,5010700.0,7288400.0,False,50.0,09:54:27
19500.0,400,-450.0,0.0,SD,5010200.0,7288400.0,False,0.0,09:54:26
19500.0,1200,-450.0,0.0,SD,5010200.0,7288000.0,False,0.0,09:54:22
19500.0,100,-450.0,0.0,SD,5010200.0,7286800.0,False,0.0,09:54:22
19500.0,100,-450.0,0.0,SD,5010200.0,7286700.0,False,0.0,09:54:22
19500.0,100,-450.0,0.0,SD,5010200.0,7286600.0,False,-50.0,09:54:20
19550.0,2500,-400.0,0.0,BU,5010200.0,7286500.0,False,0.0,09:54:20
19550.0,2000,-400.0,0.0,BU,5007700.0,7286500.0,False,0.0,09:54:20
19550.0,6700,-400.0,0.0,BU,5005700.0,7286500.0,False,0.0,09:54:20
19550.0,100,-400.0,0.0,BU,4999000.0,7286500.0,False,0.0,09:54:20
19550.0,100,-400.0,0.0,BU,4998900.0,7286500.0,False,0.0,09:54:20
19550.0,19100,-400.0,0.0,BU,4998800.0,7286500.0,True,0.0,09:54:20
19550.0,500,-400.0,0.0,BU,4979700.0,7286500.0,False,0.0,09:54:20
19550.0,1000,-400.0,0.0,BU,4979200.0,7286500.0,False,0.0,09:54:20
19550.0,2700,-400.0,0.0,BU,4978200.0,7286500.0,False,0.0,09:54:20
19550.0,300,-400.0,0.0,BU,4975500.0,7286500.0,False,0.0,09:54:20
19550.0,4000,-400.0,0.0,BU,4975200.0,7286500.0,False,0.0,09:54:20
19550.0,100,-400.0,0.0,BU,4971200.0,7286500.0,False,0.0,09:54:20
19550.0,1000,-400.0,0.0,BU,4971100.0,7286500.0,False,0.0,09:54:20
19550.0,4000,-400.0,0.0,BU,4970100.0,7286500.0,False,0.0,09:54:20
19550.0,500,-400.0,0.0,BU,4966100.0,7286500.0,False,0.0,09:54:20
19550.0,2000,-400.0,0.0,BU,4965600.0,7286500.0,False,0.0,09:54:20
19550.0,2000,-400.0,0.0,BU,4963600.0,7286500.0,False,0.0,09:54:20
19550.0,1000,-400.0,0.0,BU,4961600.0,7286500.0,False,0.0,09:54:20
19550.0,300,-400.0,0.0,BU,4960600.0,7286500.0,False,0.0,09:54:20
19550.0,100,-400.0,0.0,BU,4960300.0,7286500.0,False,0.0,09:54:20
19550.0,3000,-400.0,0.0,BU,4960200.0,7286500.0,False,0.0,09:54:17
19550.0,500,-400.0,0.0,BU,4957200.0,7286500.0,False,50.0,09:54:17
19500.0,800,-450.0,0.0,SD,4956700.0,7286500.0,False,-50.0,09:54:15
19550.0,1000,-400.0,0.0,BU,4956700.0,7285700.0,False,50.0,09:54:13
19500.0,1000,-450.0,0.0,SD,4955700.0,7285700.0,False,-50.0,09:54:10
19550.0,100,-400.0,0.0,BU,4955700.0,7284700.0,False,0.0,09:54:10
19550.0,200,-400.0,0.0,BU,4955600.0,7284700.0,False,0.0,09:54:10
19550.0,100,-400.0,0.0,BU,4955400.0,7284700.0,False,0.0,09:54:10
19550.0,500,-400.0,0.0,BU,4955300.0,7284700.0,False,50.0,09:54:08
19500.0,1500,-450.0,0.0,SD,4954800.0,7284700.0,False,-50.0,09:54:08
19550.0,100,-400.0,0.0,BU,4954800.0,7283200.0,False,0.0,09:54:05
19550.0,300,-400.0,0.0,BU,4954700.0,7283200.0,False,0.0,09:54:05
19550.0,100,-400.0,0.0,BU,4954400.0,7283200.0,False,0.0,09:54:03
19550.0,100,-400.0,0.0,BU,4954300.0,7283200.0,False,50.0,09:54:03
19500.0,1200,-450.0,0.0,SD,4954200.0,7283200.0,False,0.0,09:54:02
19500.0,1000,-450.0,0.0,SD,4954200.0,7282000.0,False,-50.0,09:54:00
19550.0,100,-400.0,0.0,BU,4954200.0,7281000.0,False,0.0,09:53:45
19550.0,1500,-400.0,0.0,BU,4954100.0,7281000.0,False,0.0,09:53:36
19550.0,2900,-400.0,0.0,BU,4952600.0,7281000.0,False,50.0,09:53:36
19500.0,100,-450.0,0.0,SD,4949700.0,7281000.0,False,0.0,09:53:36
19500.0,1000,-450.0,0.0,SD,4949700.0,7280900.0,False,-50.0,09:53:36
19550.0,2100,-400.0,0.0,BU,4949700.0,7279900.0,False,0.0,09:53:34
19550.0,6400,-400.0,0.0,BU,4947600.0,7279900.0,False,50.0,09:53:34
19500.0,100,-450.0,0.0,SD,4941200.0,7279900.0,False,0.0,09:53:31
19500.0,100,-450.0,0.0,SD,4941200.0,7279800.0,False,-50.0,09:53:29
19550.0,400,-400.0,0.0,BU,4941200.0,7279700.0,False,50.0,09:53:28
19500.0,10000,-450.0,0.0,SD,4940800.0,7279700.0,False,0.0,09:53:27
19500.0,200,-450.0,0.0,SD,4940800.0,7269700.0,False,-50.0,09:53:27
19550.0,800,-400.0,0.0,BU,4940800.0,7269500.0,False,50.0,09:53:25
19500.0,5000,-450.0,0.0,SD,4940000.0,7269500.0,False,0.0,09:53:25
19500.0,600,-450.0,0.0,SD,4940000.0,7264500.0,False,0.0,09:53:24
19500.0,900,-450.0,0.0,SD,4940000.0,7263900.0,False,-50.0,09:53:21
19550.0,2000,-400.0,0.0,BU,4940000.0,7263000.0,False,50.0,09:53:21
19500.0,3200,-450.0,0.0,SD,4938000.0,7263000.0,False,-50.0,09:53:18
19550.0,100,-400.0,0.0,BU,4938000.0,7259800.0,False,50.0,09:53:16
19500.0,6800,-450.0,0.0,SD,4937900.0,7259800.0,False,0.0,09:53:14
19500.0,100,-450.0,0.0,SD,4937900.0,7253000.0,False,-50.0,09:53:10
19550.0,700,-400.0,0.0,BU,4937900.0,7252900.0,False,50.0,09:53:09
19500.0,1000,-450.0,0.0,SD,4937200.0,7252900.0,False,-50.0,09:53:08
19550.0,400,-400.0,0.0,BU,4937200.0,7251900.0,False,0.0,09:53:07
19550.0,100,-400.0,0.0,BU,4936800.0,7251900.0,False,50.0,09:53:04
19500.0,1000,-450.0,0.0,SD,4936700.0,7251900.0,False,-50.0,09:53:03
19550.0,500,-400.0,0.0,BU,4936700.0,7250900.0,False,0.0,09:53:02
19550.0,200,-400.0,0.0,BU,4936200.0,7250900.0,False,0.0,09:53:01
19550.0,1000,-400.0,0.0,BU,4936000.0,7250900.0,False,0.0,09:52:57
19550.0,100,-400.0,0.0,BU,4935000.0,7250900.0,False,0.0,09:52:54
19550.0,100,-400.0,0.0,BU,4934900.0,7250900.0,False,50.0,09:52:47
19500.0,800,-450.0,0.0,SD,4934800.0,7250900.0,False,0.0,09:52:45
19500.0,1200,-450.0,0.0,SD,4934800.0,7250100.0,False,0.0,09:52:45
19500.0,200,-450.0,0.0,SD,4934800.0,7248900.0,False,-50.0,09:52:43
19550.0,1200,-400.0,0.0,BU,4934800.0,7248700.0,False,0.0,09:52:42
19550.0,1000,-400.0,0.0,BU,4933600.0,7248700.0,False,50.0,09:52:42
19500.0,2000,-450.0,0.0,SD,4932600.0,7248700.0,False,0.0,09:52:40
19500.0,1000,-450.0,0.0,SD,4932600.0,7246700.0,False,-50.0,09:52:40
19550.0,1000,-400.0,0.0,BU,4932600.0,7245700.0,False,0.0,09:52:38
19550.0,100,-400.0,0.0,BU,4931600.0,7245700.0,False,0.0,09:52:37
19550.0,3000,-400.0,0.0,BU,4931500.0,7245700.0,False,50.0,09:52:34
19500.0,100,-450.0,0.0,SD,4928500.0,7245700.0,False,-50.0,09:52:31
19550.0,900,-400.0,0.0,BU,4928500.0,7245600.0,False,0.0,09:52:31
19550.0,1100,-400.0,0.0,BU,4927600.0,7245600.0,False,0.0,09:52:31
19550.0,100,-400.0,0.0,BU,4926500.0,7245600.0,False,0.0,09:52:31
19550.0,100,-400.0,0.0,BU,4926400.0,7245600.0,False,0.0,09:52:29
19550.0,700,-400.0,0.0,BU,4926300.0,7245600.0,False,0.0,09:52:29
19550.0,800,-400.0,0.0,BU,4925600.0,7245600.0,False,0.0,09:52:29
19550.0,200,-400.0,0.0,BU,4924800.0,7245600.0,False,0.0,09:52:29
19550.0,3000,-400.0,0.0,BU,4924600.0,7245600.0,False,0.0,09:52:29
19550.0,300,-400.0,0.0,BU,4921600.0,7245600.0,False,50.0,09:52:29
19500.0,700,-450.0,0.0,SD,4921300.0,7245600.0,False,0.0,09:52:28
19500.0,5000,-450.0,0.0,SD,4921300.0,7244900.0,False,0.0,09:52:27
19500.0,1200,-450.0,0.0,SD,4921300.0,7239900.0,False,0.0,09:52:27
19500.0,200,-450.0,0.0,SD,4921300.0,7238700.0,False,0.0,09:52:27
19500.0,300,-450.0,0.0,SD,4921300.0,7238500.0,False,0.0,09:52:27
19500.0,200,-450.0,0.0,SD,4921300.0,7238200.0,False,0.0,09:52:27
19500.0,500,-450.0,0.0,SD,4921300.0,7238000.0,False,0.0,09:52:27
19500.0,100,-450.0,0.0,SD,4921300.0,7237500.0,False,0.0,09:52:27
19500.0,600,-450.0,0.0,SD,4921300.0,7237400.0,False,0.0,09:52:27
19500.0,1000,-450.0,0.0,SD,4921300.0,7236800.0,False,0.0,09:52:27
19500.0,100,-450.0,0.0,SD,4921300.0,7235800.0,False,0.0,09:52:27
19500.0,300,-450.0,0.0,SD,4921300.0,7235700.0,False,0.0,09:52:27
19500.0,100,-450.0,0.0,SD,4921300.0,7235400.0,False,0.0,09:52:27
19500.0,2500,-450.0,0.0,SD,4921300.0,7235300.0,False,0.0,09:52:27
19500.0,7000,-450.0,0.0,SD,4921300.0,7232800.0,False,0.0,09:52:27
19500.0,500,-450.0,0.0,SD,4921300.0,7225800.0,False,0.0,09:52:27
19500.0,400,-450.0,0.0,SD,4921300.0,7225300.0,False,-50.0,09:52:27
19550.0,900,-400.0,0.0,BU,4921300.0,7224900.0,False,0.0,09:52:26
19550.0,200,-400.0,0.0,BU,4920400.0,7224900.0,False,0.0,09:52:26
19550.0,900,-400.0,0.0,BU,4920200.0,7224900.0,False,0.0,09:52:26
19550.0,900,-400.0,0.0,BU,4919300.0,7224900.0,False,0.0,09:52:16
19550.0,200,-400.0,0.0,BU,4918400.0,7224900.0,False,0.0,09:52:15
19550.0,2800,-400.0,0.0,BU,4918200.0,7224900.0,False,0.0,09:52:15
19550.0,100,-400.0,0.0,BU,4915400.0,7224900.0,False,0.0,09:52:13
19550.0,3000,-400.0,0.0,BU,4915300.0,7224900.0,False,0.0,09:52:08
19550.0,500,-400.0,0.0,SD,4912300.0,7224900.0,False,0.0,09:52:08
19550.0,1300,-400.0,0.0,SD,4912300.0,7224400.0,False,0.0,09:52:08
19550.0,100,-400.0,0.0,SD,4912300.0,7223100.0,False,0.0,09:52:08
19550.0,800,-400.0,0.0,SD,4912300.0,7223000.0,False,0.0,09:52:08
19550.0,2200,-400.0,0.0,SD,4912300.0,7222200.0,False,0.0,09:52:08
19550.0,300,-400.0,0.0,SD,4912300.0,7220000.0,False,0.0,09:52:08
19550.0,1500,-400.0,0.0,SD,4912300.0,7219700.0,False,0.0,09:52:08
19550.0,100,-400.0,0.0,SD,4912300.0,7218200.0,False,0.0,09:52:06
19550.0,1200,-400.0,0.0,SD,4912300.0,7218100.0,False,0.0,09:52:02
19550.0,5000,-400.0,0.0,SD,4912300.0,7216900.0,False,0.0,09:52:02
19550.0,300,-400.0,0.0,SD,4912300.0,7211900.0,False,0.0,09:52:02
19550.0,200,-400.0,0.0,SD,4912300.0,7211600.0,False,0.0,09:52:02
19550.0,300,-400.0,0.0,SD,4912300.0,7211400.0,False,0.0,09:52:02
19550.0,2000,-400.0,0.0,SD,4912300.0,7211100.0,False,0.0,09:52:02
19550.0,1500,-400.0,0.0,SD,4912300.0,7209100.0,False,0.0,09:51:59
19550.0,500,-400.0,0.0,SD,4912300.0,7207600.0,False,0.0,09:51:59
19550.0,600,-400.0,0.0,SD,4912300.0,7207100.0,False,0.0,09:51:58
19550.0,2100,-400.0,0.0,SD,4912300.0,7206500.0,False,0.0,09:51:58
19550.0,500,-400.0,0.0,SD,4912300.0,7204400.0,False,0.0,09:51:58
19550.0,1000,-400.0,0.0,SD,4912300.0,7203900.0,False,0.0,09:51:58
19550.0,300,-400.0,0.0,SD,4912300.0,7202900.0,False,0.0,09:51:58
19550.0,300,-400.0,0.0,SD,4912300.0,7202600.0,False,0.0,09:51:58
19550.0,100,-400.0,0.0,SD,4912300.0,7202300.0,False,0.0,09:51:58
19550.0,100,-400.0,0.0,SD,4912300.0,7202200.0,False,0.0,09:51:58
19550.0,100,-400.0,0.0,SD,4912300.0,7202100.0,False,0.0,09:51:57
19550.0,300,-400.0,0.0,SD,4912300.0,7202000.0,False,0.0,09:51:55
19550.0,1000,-400.0,0.0,SD,4912300.0,7201700.0,False,0.0,09:51:55
19550.0,400,-400.0,0.0,SD,4912300.0,7200700.0,False,0.0,09:51:55
19550.0,100,-400.0,0.0,SD,4912300.0,7200300.0,False,0.0,09:51:55
19550.0,1000,-400.0,0.0,SD,4912300.0,7200200.0,False,0.0,09:51:55
19550.0,400,-400.0,0.0,SD,4912300.0,7199200.0,False,0.0,09:51:55
19550.0,3000,-400.0,0.0,SD,4912300.0,7198800.0,False,0.0,09:51:55
19550.0,2500,-400.0,0.0,SD,4912300.0,7195800.0,False,0.0,09:51:55
19550.0,500,-400.0,0.0,SD,4912300.0,7193300.0,False,0.0,09:51:55
19550.0,200,-400.0,0.0,SD,4912300.0,7192800.0,False,0.0,09:51:55
19550.0,100,-400.0,0.0,SD,4912300.0,7192600.0,False,0.0,09:51:55
19550.0,200,-400.0,0.0,SD,4912300.0,7192500.0,False,0.0,09:51:55
19550.0,100,-400.0,0.0,SD,4912300.0,7192300.0,False,0.0,09:51:55
19550.0,100,-400.0,0.0,SD,4912300.0,7192200.0,False,0.0,09:51:55
19550.0,10000,-400.0,0.0,SD,4912300.0,7192100.0,False,0.0,09:51:55
19550.0,100,-400.0,0.0,SD,4912300.0,7182100.0,False,0.0,09:51:55
19550.0,100,-400.0,0.0,SD,4912300.0,7182000.0,False,0.0,09:51:54
19550.0,200,-400.0,0.0,SD,4912300.0,7181900.0,False,0.0,09:51:54
19550.0,3700,-400.0,0.0,SD,4912300.0,7181700.0,False,0.0,09:51:54
19550.0,500,-400.0,0.0,SD,4912300.0,7178000.0,False,0.0,09:51:52
19550.0,1000,-400.0,0.0,SD,4912300.0,7177500.0,False,0.0,09:51:52
19550.0,1000,-400.0,0.0,SD,4912300.0,7176500.0,False,-50.0,09:51:51
19600.0,500,-350.0,0.0,BU,4912300.0,7175500.0,False,50.0,09:51:51
19550.0,700,-400.0,0.0,SD,4911800.0,7175500.0,False,0.0,09:51:50
19550.0,200,-400.0,0.0,SD,4911800.0,7174800.0,False,0.0,09:51:50
19550.0,100,-400.0,0.0,SD,4911800.0,7174600.0,False,0.0,09:51:49
19550.0,300,-400.0,0.0,SD,4911800.0,7174500.0,False,0.0,09:51:49
19550.0,500,-400.0,0.0,SD,4911800.0,7174200.0,False,0.0,09:51:49
19550.0,100,-400.0,0.0,SD,4911800.0,7173700.0,False,0.0,09:51:47
19550.0,1900,-400.0,0.0,SD,4911800.0,7173600.0,False,0.0,09:51:46
19550.0,200,-400.0,0.0,SD,4911800.0,7171700.0,False,0.0,09:51:46
19550.0,100,-400.0,0.0,SD,4911800.0,7171500.0,False,0.0,09:51:46
19550.0,800,-400.0,0.0,SD,4911800.0,7171400.0,False,0.0,09:51:46
19550.0,100,-400.0,0.0,SD,4911800.0,7170600.0,False,0.0,09:51:45
19550.0,400,-400.0,0.0,SD,4911800.0,7170500.0,False,0.0,09:51:42
19550.0,1600,-400.0,0.0,SD,4911800.0,7170100.0,False,0.0,09:51:42
19550.0,600,-400.0,0.0,SD,4911800.0,7168500.0,False,0.0,09:51:42
19550.0,800,-400.0,0.0,SD,4911800.0,7167900.0,False,0.0,09:51:40
19550.0,400,-400.0,0.0,SD,4911800.0,7167100.0,False,0.0,09:51:40
19550.0,500,-400.0,0.0,SD,4911800.0,7166700.0,False,0.0,09:51:40
19550.0,300,-400.0,0.0,SD,4911800.0,7166200.0,False,-50.0,09:51:40
19600.0,100,-350.0,0.0,BU,4911800.0,7165900.0,False,50.0,09:51:37
19550.0,1000,-400.0,0.0,SD,4911700.0,7165900.0,False,0.0,09:51:36
19550.0,4200,-400.0,0.0,SD,4911700.0,7164900.0,False,0.0,09:51:35
19550.0,300,-400.0,0.0,SD,4911700.0,7160700.0,False,0.0,09:51:35
19550.0,300,-400.0,0.0,SD,4911700.0,7160400.0,False,0.0,09:51:35
19550.0,1100,-400.0,0.0,SD,4911700.0,7160100.0,False,0.0,09:51:35
19550.0,100,-400.0,0.0,SD,4911700.0,7159000.0,False,0.0,09:51:35
19550.0,600,-400.0,0.0,SD,4911700.0,7158900.0,False,0.0,09:51:35
19550.0,500,-400.0,0.0,SD,4911700.0,7158300.0,False,0.0,09:51:35
19550.0,500,-400.0,0.0,SD,4911700.0,7157800.0,False,0.0,09:51:35
19550.0,200,-400.0,0.0,SD,4911700.0,7157300.0,False,0.0,09:51:35
19550.0,2200,-400.0,0.0,SD,4911700.0,7157100.0,False,-50.0,09:51:35
19600.0,5000,-350.0,0.0,BU,4911700.0,7154900.0,False,50.0,09:51:34
19550.0,300,-400.0,0.0,SD,4906700.0,7154900.0,False,0.0,09:51:32
19550.0,1500,-400.0,0.0,SD,4906700.0,7154600.0,False,0.0,09:51:31
19550.0,300,-400.0,0.0,SD,4906700.0,7153100.0,False,0.0,09:51:31
19550.0,500,-400.0,0.0,SD,4906700.0,7152800.0,False,0.0,09:51:31
19550.0,700,-400.0,0.0,SD,4906700.0,7152300.0,False,0.0,09:51:31
19550.0,500,-400.0,0.0,SD,4906700.0,7151600.0,False,0.0,09:51:31
19550.0,400,-400.0,0.0,SD,4906700.0,7151100.0,False,0.0,09:51:30
19550.0,9700,-400.0,0.0,SD,4906700.0,7150700.0,False,0.0,09:51:29
19550.0,1000,-400.0,0.0,SD,4906700.0,7141000.0,False,0.0,09:51:29
19550.0,2800,-400.0,0.0,SD,4906700.0,7140000.0,False,0.0,09:51:29
19550.0,2000,-400.0,0.0,SD,4906700.0,7137200.0,False,0.0,09:51:27
19550.0,8900,-400.0,0.0,SD,4906700.0,7135200.0,False,0.0,09:51:26
19550.0,1000,-400.0,0.0,SD,4906700.0,7126300.0,False,0.0,09:51:26
19550.0,200,-400.0,0.0,SD,4906700.0,7125300.0,False,0.0,09:51:26
19550.0,1000,-400.0,0.0,SD,4906700.0,7125100.0,False,0.0,09:51:26
19550.0,2600,-400.0,0.0,SD,4906700.0,7124100.0,False,0.0,09:51:26
19550.0,3000,-400.0,0.0,SD,4906700.0,7121500.0,False,0.0,09:51:26
19550.0,2000,-400.0,0.0,SD,4906700.0,7118500.0,False,0.0,09:51:26
19550.0,100,-400.0,0.0,SD,4906700.0,7116500.0,False,0.0,09:51:26
19550.0,1000,-400.0,0.0,SD,4906700.0,7116400.0,False,0.0,09:51:26
19550.0,100,-400.0,0.0,SD,4906700.0,7115400.0,False,0.0,09:51:26
19550.0,10100,-400.0,0.0,SD,4906700.0,7115300.0,False,0.0,09:51:26
19550.0,9900,-400.0,0.0,SD,4906700.0,7105200.0,False,0.0,09:51:25
19550.0,100,-400.0,0.0,SD,4906700.0,7095300.0,False,0.0,09:51:25
19550.0,500,-400.0,0.0,SD,4906700.0,7095200.0,False,0.0,09:51:25
19550.0,1800,-400.0,0.0,SD,4906700.0,7094700.0,False,0.0,09:51:25
19550.0,7700,-400.0,0.0,SD,4906700.0,7092900.0,False,0.0,09:51:25
19550.0,1500,-400.0,0.0,SD,4906700.0,7085200.0,False,-50.0,09:51:21
19600.0,200,-350.0,0.0,BU,4906700.0,7083700.0,False,50.0,09:51:18
19550.0,800,-400.0,0.0,SD,4906500.0,7083700.0,False,0.0,09:51:17
19550.0,100,-400.0,0.0,SD,4906500.0,7082900.0,False,0.0,09:51:17
19550.0,300,-400.0,0.0,SD,4906500.0,7082800.0,False,0.0,09:51:17
19550.0,200,-400.0,0.0,SD,4906500.0,7082500.0,False,0.0,09:51:17
19550.0,1900,-400.0,0.0,SD,4906500.0,7082300.0,False,0.0,09:51:17
19550.0,900,-400.0,0.0,SD,4906500.0,7080400.0,False,0.0,09:51:17
19550.0,100,-400.0,0.0,SD,4906500.0,7079500.0,False,0.0,09:51:17
19550.0,2000,-400.0,0.0,SD,4906500.0,7079400.0,False,0.0,09:51:17
19550.0,100,-400.0,0.0,SD,4906500.0,7077400.0,False,0.0,09:51:17
19550.0,200,-400.0,0.0,SD,4906500.0,7077300.0,False,0.0,09:51:17
19550.0,100,-400.0,0.0,SD,4906500.0,7077100.0,False,0.0,09:51:17
19550.0,500,-400.0,0.0,SD,4906500.0,7077000.0,False,0.0,09:51:17
19550.0,100,-400.0,0.0,SD,4906500.0,7076500.0,False,0.0,09:51:17
19550.0,300,-400.0,0.0,SD,4906500.0,7076400.0,False,0.0,09:51:17
19550.0,1000,-400.0,0.0,SD,4906500.0,7076100.0,False,0.0,09:51:17
19550.0,1000,-400.0,0.0,SD,4906500.0,7075100.0,False,0.0,09:51:17
19550.0,900,-400.0,0.0,SD,4906500.0,7074100.0,False,0.0,09:51:17
19550.0,100,-400.0,0.0,SD,4906500.0,7073200.0,False,0.0,09:51:17
19550.0,100,-400.0,0.0,SD,4906500.0,7073100.0,False,0.0,09:51:17
19550.0,100,-400.0,0.0,SD,4906500.0,7073000.0,False,0.0,09:51:17
19550.0,300,-400.0,0.0,SD,4906500.0,7072900.0,False,0.0,09:51:17
19550.0,3000,-400.0,0.0,SD,4906500.0,7072600.0,False,0.0,09:51:17
19550.0,200,-400.0,0.0,SD,4906500.0,7069600.0,False,0.0,09:51:17
19550.0,500,-400.0,0.0,SD,4906500.0,7069400.0,False,0.0,09:51:17
19550.0,500,-400.0,0.0,SD,4906500.0,7068900.0,False,0.0,09:51:17
19550.0,3000,-400.0,0.0,SD,4906500.0,7068400.0,False,0.0,09:51:17
19550.0,100,-400.0,0.0,SD,4906500.0,7065400.0,False,0.0,09:51:17
19550.0,900,-400.0,0.0,SD,4906500.0,7065300.0,False,0.0,09:51:17
19550.0,1000,-400.0,0.0,SD,4906500.0,7064400.0,False,0.0,09:51:17
19550.0,1000,-400.0,0.0,SD,4906500.0,7063400.0,False,0.0,09:51:17
19550.0,1000,-400.0,0.0,SD,4906500.0,7062400.0,False,0.0,09:51:17
19550.0,500,-400.0,0.0,SD,4906500.0,7061400.0,False,0.0,09:51:17
19550.0,100,-400.0,0.0,SD,4906500.0,7060900.0,False,0.0,09:51:17
19550.0,100,-400.0,0.0,SD,4906500.0,7060800.0,False,0.0,09:51:17
19550.0,200,-400.0,0.0,SD,4906500.0,7060700.0,False,0.0,09:51:17
19550.0,1400,-400.0,0.0,SD,4906500.0,7060500.0,False,0.0,09:51:17
19550.0,5400,-400.0,0.0,SD,4906500.0,7059100.0,False,-50.0,09:51:17
19600.0,100,-350.0,0.0,BU,4906500.0,7053700.0,False,50.0,09:51:16
19550.0,300,-400.0,0.0,SD,4906400.0,7053700.0,False,0.0,09:51:15
19550.0,2500,-400.0,0.0,SD,4906400.0,7053400.0,False,-50.0,09:51:14
19600.0,100,-350.0,0.0,BU,4906400.0,7050900.0,False,0.0,09:51:12
19600.0,100,-350.0,0.0,BU,4906300.0,7050900.0,False,0.0,09:51:10
19600.0,200,-350.0,0.0,BU,4906200.0,7050900.0,False,50.0,09:51:10
19550.0,10000,-400.0,0.0,SD,4906000.0,7050900.0,False,-50.0,09:51:10
19600.0,1000,-350.0,0.0,BU,4906000.0,7040900.0,False,0.0,09:51:09
19600.0,100,-350.0,0.0,BU,4905000.0,7040900.0,False,0.0,09:51:09
19600.0,600,-350.0,0.0,BU,4904900.0,7040900.0,False,0.0,09:51:07
19600.0,300,-350.0,0.0,BU,4904300.0,7040900.0,False,0.0,09:51:07
19600.0,900,-350.0,0.0,BU,4904000.0,7040900.0,False,0.0,09:51:07
19600.0,100,-350.0,0.0,BU,4903100.0,7040900.0,False,0.0,09:51:03
19600.0,100,-350.0,0.0,BU,4903000.0,7040900.0,False,50.0,09:51:03
19550.0,6800,-400.0,0.0,SD,4902900.0,7040900.0,False,0.0,09:51:01
19550.0,500,-400.0,0.0,SD,4902900.0,7034100.0,False,0.0,09:51:01
19550.0,2800,-400.0,0.0,SD,4902900.0,7033600.0,False,0.0,09:51:01
19550.0,500,-400.0,0.0,SD,4902900.0,7030800.0,False,0.0,09:51:01
19550.0,1000,-400.0,0.0,SD,4902900.0,7030300.0,False,0.0,09:51:01
19550.0,100,-400.0,0.0,SD,4902900.0,7029300.0,False,0.0,09:51:01
19550.0,9000,-400.0,0.0,SD,4902900.0,7029200.0,False,0.0,09:51:01
19550.0,1000,-400.0,0.0,SD,4902900.0,7020200.0,False,0.0,09:51:01
19550.0,30000,-400.0,0.0,SD,4902900.0,7019200.0,True,0.0,09:51:01
19550.0,1000,-400.0,0.0,SD,4902900.0,6989200.0,False,0.0,09:51:01
19550.0,4600,-400.0,0.0,SD,4902900.0,6988200.0,False,0.0,09:51:01
19550.0,500,-400.0,0.0,SD,4902900.0,6983600.0,False,0.0,09:51:01
19550.0,200,-400.0,0.0,SD,4902900.0,6983100.0,False,0.0,09:51:01
19550.0,100,-400.0,0.0,SD,4902900.0,6982900.0,False,0.0,09:51:01
19550.0,100,-400.0,0.0,SD,4902900.0,6982800.0,False,0.0,09:51:01
19550.0,1000,-400.0,0.0,SD,4902900.0,6982700.0,False,0.0,09:51:01
19550.0,500,-400.0,0.0,SD,4902900.0,6981700.0,False,0.0,09:51:01
19550.0,200,-400.0,0.0,SD,4902900.0,6981200.0,False,0.0,09:51:01
19550.0,600,-400.0,0.0,SD,4902900.0,6981000.0,False,0.0,09:51:01
19550.0,3000,-400.0,0.0,SD,4902900.0,6980400.0,False,0.0,09:51:01
19550.0,200,-400.0,0.0,SD,4902900.0,6977400.0,False,0.0,09:51:01
19550.0,500,-400.0,0.0,SD,4902900.0,6977200.0,False,0.0,09:51:01
19550.0,3600,-400.0,0.0,SD,4902900.0,6976700.0,False,0.0,09:51:01
19550.0,2000,-400.0,0.0,SD,4902900.0,6973100.0,False,0.0,09:51:01
19550.0,100,-400.0,0.0,SD,4902900.0,6971100.0,False,0.0,09:51:01
19550.0,100,-400.0,0.0,SD,4902900.0,6971000.0,False,-50.0,09:51:01
19600.0,100,-350.0,0.0,BU,4902900.0,6970900.0,False,0.0,09:50:58
19600.0,1400,-350.0,0.0,BU,4902800.0,6970900.0,False,0.0,09:50:53
19600.0,1000,-350.0,0.0,BU,4901400.0,6970900.0,False,0.0,09:50:53
19600.0,600,-350.0,0.0,BU,4900400.0,6970900.0,False,0.0,09:50:53
19600.0,1000,-350.0,0.0,BU,4899800.0,6970900.0,False,0.0,09:50:53
19600.0,100,-350.0,0.0,BU,4898800.0,6970900.0,False,0.0,09:50:53
19600.0,500,-350.0,0.0,BU,4898700.0,6970900.0,False,0.0,09:50:53
19600.0,400,-350.0,0.0,BU,4898200.0,6970900.0,False,50.0,09:50:53
19550.0,100,-400.0,0.0,SD,4897800.0,6970900.0,False,0.0,09:50:53
19550.0,100,-400.0,0.0,SD,4897800.0,6970800.0,False,-50.0,09:50:51
19600.0,500,-350.0,0.0,BU,4897800.0,6970700.0,False,50.0,09:50:49
19550.0,100,-400.0,0.0,SD,4897300.0,6970700.0,False,0.0,09:50:43
19550.0,100,-400.0,0.0,SD,4897300.0,6970600.0,False,0.0,09:50:43
19550.0,200,-400.0,0.0,SD,4897300.0,6970500.0,False,0.0,09:50:43
19550.0,100,-400.0,0.0,SD,4897300.0,6970300.0,False,-50.0,09:50:43
19600.0,100,-350.0,0.0,BU,4897300.0,6970200.0,False,0.0,09:50:42
19600.0,1000,-350.0,0.0,BU,4897200.0,6970200.0,False,0.0,09:50:42
19600.0,800,-350.0,0.0,BU,4896200.0,6970200.0,False,0.0,09:50:42
19600.0,100,-350.0,0.0,BU,4895400.0,6970200.0,False,50.0,09:50:42
19550.0,300,-400.0,0.0,SD,4895300.0,6970200.0,False,0.0,09:50:42
19550.0,700,-400.0,0.0,SD,4895300.0,6969900.0,False,0.0,09:50:42
19550.0,100,-400.0,0.0,SD,4895300.0,6969200.0,False,0.0,09:50:42
19550.0,2700,-400.0,0.0,SD,4895300.0,6969100.0,False,0.0,09:50:42
19550.0,500,-400.0,0.0,SD,4895300.0,6966400.0,False,0.0,09:50:42
19550.0,500,-400.0,0.0,SD,4895300.0,6965900.0,False,0.0,09:50:39
19550.0,300,-400.0,0.0,SD,4895300.0,6965400.0,False,0.0,09:50:39
19550.0,100,-400.0,0.0,SD,4895300.0,6965100.0,False,0.0,09:50:39
19550.0,1800,-400.0,0.0,SD,4895300.0,6965000.0,False,0.0,09:50:39
19550.0,100,-400.0,0.0,SD,4895300.0,6963200.0,False,0.0,09:50:39
19550.0,700,-400.0,0.0,SD,4895300.0,6963100.0,False,-50.0,09:50:39
19600.0,200,-350.0,0.0,BU,4895300.0,6962400.0,False,0.0,09:50:37
19600.0,200,-350.0,0.0,BU,4895100.0,6962400.0,False,0.0,09:50:35
19600.0,9800,-350.0,0.0,BU,4894900.0,6962400.0,False,0.0,09:50:35
19600.0,200,-350.0,0.0,BU,4885100.0,6962400.0,False,0.0,09:50:33
19600.0,800,-350.0,0.0,BU,4884900.0,6962400.0,False,0.0,09:50:33
19600.0,200,-350.0,0.0,BU,4884100.0,6962400.0,False,0.0,09:50:32
19600.0,500,-350.0,0.0,BU,4883900.0,6962400.0,False,0.0,09:50:30
19600.0,100,-350.0,0.0,BU,4883400.0,6962400.0,False,0.0,09:50:30
19600.0,200,-350.0,0.0,BU,4883300.0,6962400.0,False,0.0,09:50:28
19600.0,500,-350.0,0.0,BU,4883100.0,6962400.0,False,50.0,09:50:26
19550.0,1000,-400.0,0.0,SD,4882600.0,6962400.0,False,-50.0,09:50:25
19600.0,500,-350.0,0.0,BU,4882600.0,6961400.0,False,0.0,09:50:22
19600.0,300,-350.0,0.0,BU,4882100.0,6961400.0,False,0.0,09:50:21
19600.0,500,-350.0,0.0,BU,4881800.0,6961400.0,False,0.0,09:50:19
19600.0,400,-350.0,0.0,BU,4881300.0,6961400.0,False,0.0,09:50:17
19600.0,200,-350.0,0.0,BU,4880900.0,6961400.0,False,0.0,09:50:17
19600.0,800,-350.0,0.0,BU,4880700.0,6961400.0,False,0.0,09:50:15
19600.0,5000,-350.0,0.0,BU,4879900.0,6961400.0,False,0.0,09:50:15
19600.0,500,-350.0,0.0,BU,4874900.0,6961400.0,False,0.0,09:50:15
19600.0,300,-350.0,0.0,BU,4874400.0,6961400.0,False,0.0,09:50:15
19600.0,500,-350.0,0.0,BU,4874100.0,6961400.0,False,0.0,09:50:15
19600.0,1000,-350.0,0.0,BU,4873600.0,6961400.0,False,0.0,09:50:15
19600.0,1000,-350.0,0.0,BU,4872600.0,6961400.0,False,0.0,09:50:15
19600.0,900,-350.0,0.0,BU,4871600.0,6961400.0,False,0.0,09:50:15
19600.0,100,-350.0,0.0,BU,4870700.0,6961400.0,False,0.0,09:50:15
19600.0,3400,-350.0,0.0,BU,4870600.0,6961400.0,False,50.0,09:50:15
19550.0,300,-400.0,0.0,SD,4867200.0,6961400.0,False,0.0,09:50:13
19550.0,2500,-400.0,0.0,SD,4867200.0,6961100.0,False,0.0,09:50:13
19550.0,200,-400.0,0.0,SD,4867200.0,6958600.0,False,-50.0,09:50:13
19600.0,100,-350.0,0.0,BU,4867200.0,6958400.0,False,0.0,09:50:12
19600.0,100,-350.0,0.0,BU,4867100.0,6958400.0,False,50.0,09:50:11
19550.0,800,-400.0,0.0,SD,4867000.0,6958400.0,False,0.0,09:50:09
19550.0,2200,-400.0,0.0,SD,4867000.0,6957600.0,False,-50.0,09:50:09
19600.0,100,-350.0,0.0,BU,4867000.0,6955400.0,False,0.0,09:50:09
19600.0,100,-350.0,0.0,BU,4866900.0,6955400.0,False,0.0,09:50:08
19600.0,700,-350.0,0.0,BU,4866800.0,6955400.0,False,0.0,09:50:06
19600.0,300,-350.0,0.0,BU,4866100.0,6955400.0,False,0.0,09:50:03
19600.0,500,-350.0,0.0,BU,4865800.0,6955400.0,False,0.0,09:50:03
19600.0,700,-350.0,0.0,BU,4865300.0,6955400.0,False,0.0,09:50:03
19600.0,100,-350.0,0.0,BU,4864600.0,6955400.0,False,0.0,09:49:56
19600.0,200,-350.0,0.0,BU,4864500.0,6955400.0,False,0.0,09:49:56
19600.0,200,-350.0,0.0,BU,4864300.0,6955400.0,False,0.0,09:49:56
19600.0,3600,-350.0,0.0,BU,4864100.0,6955400.0,False,0.0,09:49:56
19600.0,100,-350.0,0.0,BU,4860500.0,6955400.0,False,0.0,09:49:50
19600.0,200,-350.0,0.0,BU,4860400.0,6955400.0,False,0.0,09:49:50
19600.0,2000,-350.0,0.0,BU,4860200.0,6955400.0,False,0.0,09:49:48
19600.0,1000,-350.0,0.0,BU,4858200.0,6955400.0,False,0.0,09:49:48
19600.0,1000,-350.0,0.0,BU,4857200.0,6955400.0,False,0.0,09:49:46
19600.0,200,-350.0,0.0,BU,4856200.0,6955400.0,False,50.0,09:49:33
19550.0,800,-400.0,0.0,SD,4856000.0,6955400.0,False,0.0,09:49:32
19550.0,600,-400.0,0.0,SD,4856000.0,6954600.0,False,0.0,09:49:32
19550.0,3600,-400.0,0.0,SD,4856000.0,6954000.0,False,0.0,09:49:32
19550.0,200,-400.0,0.0,SD,4856000.0,6950400.0,False,-50.0,09:49:29
19600.0,100,-350.0,0.0,BU,4856000.0,6950200.0,False,50.0,09:49:29
19550.0,100,-400.0,0.0,SD,4855900.0,6950200.0,False,0.0,09:49:25
19550.0,800,-400.0,0.0,SD,4855900.0,6950100.0,False,0.0,09:49:25
19550.0,100,-400.0,0.0,SD,4855900.0,6949300.0,False,-50.0,09:49:25
19600.0,1100,-350.0,0.0,BU,4855900.0,6949200.0,False,50.0,09:49:24
19550.0,900,-400.0,0.0,SD,4854800.0,6949200.0,False,0.0,09:49:24
19550.0,100,-400.0,0.0,SD,4854800.0,6948300.0,False,-50.0,09:49:24
19600.0,700,-350.0,0.0,BU,4854800.0,6948200.0,False,0.0,09:49:18
19600.0,300,-350.0,0.0,BU,4854100.0,6948200.0,False,50.0,09:49:18
19550.0,100,-400.0,0.0,SD,4853800.0,6948200.0,False,0.0,09:49:09
19550.0,100,-400.0,0.0,SD,4853800.0,6948100.0,False,0.0,09:49:08
19550.0,1000,-400.0,0.0,SD,4853800.0,6948000.0,False,0.0,09:49:08
19550.0,300,-400.0,0.0,SD,4853800.0,6947000.0,False,0.0,09:49:08
19550.0,100,-400.0,0.0,SD,4853800.0,6946700.0,False,0.0,09:49:08
19550.0,500,-400.0,0.0,SD,4853800.0,6946600.0,False,0.0,09:49:08
19550.0,400,-400.0,0.0,SD,4853800.0,6946100.0,False,0.0,09:49:07
19550.0,100,-400.0,0.0,SD,4853800.0,6945700.0,False,0.0,09:49:03
19550.0,2900,-400.0,0.0,SD,4853800.0,6945600.0,False,0.0,09:49:03
19550.0,1000,-400.0,0.0,SD,4853800.0,6942700.0,False,0.0,09:49:01
19550.0,900,-400.0,0.0,SD,4853800.0,6941700.0,False,0.0,09:49:01
19550.0,200,-400.0,0.0,SD,4853800.0,6940800.0,False,0.0,09:49:01
19550.0,100,-400.0,0.0,SD,4853800.0,6940600.0,False,0.0,09:48:58
19550.0,100,-400.0,0.0,BU,4853800.0,6940500.0,False,0.0,09:48:46
19550.0,300,-400.0,0.0,BU,4853700.0,6940500.0,False,0.0,09:48:46
19550.0,1000,-400.0,0.0,BU,4853400.0,6940500.0,False,0.0,09:48:46
19550.0,700,-400.0,0.0,BU,4852400.0,6940500.0,False,0.0,09:48:46
19550.0,1800,-400.0,0.0,BU,4851700.0,6940500.0,False,0.0,09:48:46
19550.0,100,-400.0,0.0,BU,4849900.0,6940500.0,False,0.0,09:48:45
19550.0,300,-400.0,0.0,BU,4849800.0,6940500.0,False,0.0,09:48:44
19550.0,100,-400.0,0.0,BU,4849500.0,6940500.0,False,0.0,09:48:44
19550.0,100,-400.0,0.0,BU,4849400.0,6940500.0,False,0.0,09:48:43
19550.0,500,-400.0,0.0,BU,4849300.0,6940500.0,False,0.0,09:48:43
19550.0,100,-400.0,0.0,BU,4848800.0,6940500.0,False,0.0,09:48:43
19550.0,2200,-400.0,0.0,BU,4848700.0,6940500.0,False,0.0,09:48:43
19550.0,100,-400.0,0.0,BU,4846500.0,6940500.0,False,0.0,09:48:42
19550.0,300,-400.0,0.0,BU,4846400.0,6940500.0,False,0.0,09:48:42
19550.0,2500,-400.0,0.0,BU,4846100.0,6940500.0,False,0.0,09:48:39
19550.0,500,-400.0,0.0,BU,4843600.0,6940500.0,False,0.0,09:48:38
19550.0,1000,-400.0,0.0,BU,4843100.0,6940500.0,False,0.0,09:48:38
19550.0,300,-400.0,0.0,BU,4842100.0,6940500.0,False,0.0,09:48:37
19550.0,300,-400.0,0.0,BU,4841800.0,6940500.0,False,0.0,09:48:35
19550.0,1000,-400.0,0.0,BU,4841500.0,6940500.0,False,0.0,09:48:35
19550.0,500,-400.0,0.0,BU,4840500.0,6940500.0,False,0.0,09:48:34
19550.0,2000,-400.0,0.0,BU,4840000.0,6940500.0,False,0.0,09:48:34
19550.0,400,-400.0,0.0,SD,4838000.0,6940500.0,False,0.0,09:48:33
19550.0,100,-400.0,0.0,SD,4838000.0,6940100.0,False,0.0,09:48:33
19550.0,5000,-400.0,0.0,SD,4838000.0,6940000.0,False,0.0,09:48:33
19550.0,200,-400.0,0.0,SD,4838000.0,6935000.0,False,0.0,09:48:33
19550.0,500,-400.0,0.0,SD,4838000.0,6934800.0,False,0.0,09:48:33
19550.0,100,-400.0,0.0,SD,4838000.0,6934300.0,False,0.0,09:48:33
19550.0,100,-400.0,0.0,SD,4838000.0,6934200.0,False,0.0,09:48:33
19550.0,100,-400.0,0.0,SD,4838000.0,6934100.0,False,0.0,09:48:32
19550.0,100,-400.0,0.0,SD,4838000.0,6934000.0,False,0.0,09:48:32
19550.0,100,-400.0,0.0,SD,4838000.0,6933900.0,False,0.0,09:48:28
19550.0,1000,-400.0,0.0,BU,4838000.0,6933800.0,False,0.0,09:48:25
19550.0,500,-400.0,0.0,BU,4837000.0,6933800.0,False,0.0,09:48:25
19550.0,1000,-400.0,0.0,SD,4836500.0,6933800.0,False,0.0,09:48:24
19550.0,100,-400.0,0.0,SD,4836500.0,6932800.0,False,0.0,09:48:24
19550.0,200,-400.0,0.0,SD,4836500.0,6932700.0,False,0.0,09:48:24
19550.0,100,-400.0,0.0,SD,4836500.0,6932500.0,False,0.0,09:48:24
19550.0,200,-400.0,0.0,SD,4836500.0,6932400.0,False,0.0,09:48:24
19550.0,100,-400.0,0.0,BU,4836500.0,6932200.0,False,0.0,09:48:23
19550.0,200,-400.0,0.0,BU,4836400.0,6932200.0,False,0.0,09:48:23
19550.0,500,-400.0,0.0,BU,4836200.0,6932200.0,False,0.0,09:48:23
19550.0,1000,-400.0,0.0,BU,4835700.0,6932200.0,False,0.0,09:48:21
19550.0,800,-400.0,0.0,BU,4834700.0,6932200.0,False,0.0,09:48:21
19550.0,2200,-400.0,0.0,BU,4833900.0,6932200.0,False,0.0,09:48:21
19550.0,500,-400.0,0.0,BU,4831700.0,6932200.0,False,0.0,09:48:21
19550.0,100,-400.0,0.0,BU,4831200.0,6932200.0,False,0.0,09:48:21
19550.0,4000,-400.0,0.0,BU,4831100.0,6932200.0,False,0.0,09:48:21
19550.0,800,-400.0,0.0,BU,4827100.0,6932200.0,False,0.0,09:48:21
19550.0,600,-400.0,0.0,BU,4826300.0,6932200.0,False,0.0,09:48:21
19550.0,100,-400.0,0.0,BU,4825700.0,6932200.0,False,0.0,09:48:19
19550.0,300,-400.0,0.0,BU,4825600.0,6932200.0,False,0.0,09:48:19
19550.0,200,-400.0,0.0,BU,4825300.0,6932200.0,False,0.0,09:48:19
19550.0,1000,-400.0,0.0,BU,4825100.0,6932200.0,False,0.0,09:48:18
19550.0,100,-400.0,0.0,BU,4824100.0,6932200.0,False,0.0,09:48:18
19550.0,1700,-400.0,0.0,BU,4824000.0,6932200.0,False,0.0,09:48:18
19550.0,300,-400.0,0.0,BU,4822300.0,6932200.0,False,0.0,09:48:18
19550.0,700,-400.0,0.0,BU,4822000.0,6932200.0,False,0.0,09:48:17
19550.0,300,-400.0,0.0,BU,4821300.0,6932200.0,False,0.0,09:48:17
19550.0,500,-400.0,0.0,BU,4821000.0,6932200.0,False,0.0,09:48:17
19550.0,1000,-400.0,0.0,BU,4820500.0,6932200.0,False,0.0,09:48:17
19550.0,300,-400.0,0.0,BU,4819500.0,6932200.0,False,0.0,09:48:17
19550.0,1000,-400.0,0.0,BU,4819200.0,6932200.0,False,0.0,09:48:17
19550.0,200,-400.0,0.0,BU,4818200.0,6932200.0,False,0.0,09:48:16
19550.0,100,-400.0,0.0,BU,4818000.0,6932200.0,False,0.0,09:48:16
19550.0,200,-400.0,0.0,BU,4817900.0,6932200.0,False,0.0,09:48:16
19550.0,2000,-400.0,0.0,BU,4817700.0,6932200.0,False,0.0,09:48:16
19550.0,100,-400.0,0.0,BU,4815700.0,6932200.0,False,0.0,09:48:16
19550.0,100,-400.0,0.0,BU,4815600.0,6932200.0,False,0.0,09:48:16
19550.0,200,-400.0,0.0,BU,4815500.0,6932200.0,False,0.0,09:48:15
19550.0,1000,-400.0,0.0,BU,4815300.0,6932200.0,False,0.0,09:48:15
19550.0,100,-400.0,0.0,BU,4814300.0,6932200.0,False,0.0,09:48:14
19550.0,100,-400.0,0.0,BU,4814200.0,6932200.0,False,0.0,09:48:13
19550.0,300,-400.0,0.0,BU,4814100.0,6932200.0,False,0.0,09:48:13
19550.0,500,-400.0,0.0,BU,4813800.0,6932200.0,False,0.0,09:48:12
19550.0,300,-400.0,0.0,BU,4813300.0,6932200.0,False,0.0,09:48:12
19550.0,1000,-400.0,0.0,BU,4813000.0,6932200.0,False,0.0,09:48:12
19550.0,7100,-400.0,0.0,BU,4812000.0,6932200.0,False,0.0,09:48:11
19550.0,1500,-400.0,0.0,BU,4804900.0,6932200.0,False,0.0,09:48:11
19550.0,3000,-400.0,0.0,BU,4803400.0,6932200.0,False,0.0,09:48:11
19550.0,500,-400.0,0.0,BU,4800400.0,6932200.0,False,0.0,09:48:10
19550.0,600,-400.0,0.0,BU,4799900.0,6932200.0,False,0.0,09:48:10
19550.0,10000,-400.0,0.0,BU,4799300.0,6932200.0,False,0.0,09:48:10
19550.0,1000,-400.0,0.0,BU,4789300.0,6932200.0,False,0.0,09:48:10
19550.0,100,-400.0,0.0,BU,4788300.0,6932200.0,False,0.0,09:48:09
19550.0,700,-400.0,0.0,BU,4788200.0,6932200.0,False,50.0,09:48:09
19500.0,2000,-450.0,0.0,SD,4787500.0,6932200.0,False,-50.0,09:48:09
19550.0,300,-400.0,0.0,BU,4787500.0,6930200.0,False,0.0,09:48:09
19550.0,100,-400.0,0.0,BU,4787200.0,6930200.0,False,0.0,09:48:07
19550.0,400,-400.0,0.0,BU,4787100.0,6930200.0,False,0.0,09:48:06
19550.0,2000,-400.0,0.0,BU,4786700.0,6930200.0,False,0.0,09:48:05
19550.0,2000,-400.0,0.0,BU,4784700.0,6930200.0,False,0.0,09:48:04
19550.0,2300,-400.0,0.0,BU,4782700.0,6930200.0,False,0.0,09:48:04
19550.0,1000,-400.0,0.0,BU,4780400.0,6930200.0,False,0.0,09:48:04
19550.0,600,-400.0,0.0,BU,4779400.0,6930200.0,False,50.0,09:48:03
19500.0,1700,-450.0,0.0,SD,4778800.0,6930200.0,False,-50.0,09:48:03
19550.0,100,-400.0,0.0,BU,4778800.0,6928500.0,False,0.0,09:48:03
19550.0,1000,-400.0,0.0,BU,4778700.0,6928500.0,False,0.0,09:48:02
19550.0,2000,-400.0,0.0,BU,4777700.0,6928500.0,False,0.0,09:48:02
19550.0,1000,-400.0,0.0,BU,4775700.0,6928500.0,False,0.0,09:48:02
19550.0,900,-400.0,0.0,BU,4774700.0,6928500.0,False,0.0,09:48:02
19550.0,200,-400.0,0.0,BU,4773800.0,6928500.0,False,0.0,09:48:02
19550.0,1800,-400.0,0.0,BU,4773600.0,6928500.0,False,0.0,09:48:02
19550.0,300,-400.0,0.0,BU,4771800.0,6928500.0,False,0.0,09:48:02
19550.0,200,-400.0,0.0,BU,4771500.0,6928500.0,False,0.0,09:48:02
19550.0,400,-400.0,0.0,BU,4771300.0,6928500.0,False,0.0,09:48:02
19550.0,100,-400.0,0.0,BU,4770900.0,6928500.0,False,0.0,09:48:02
19550.0,900,-400.0,0.0,BU,4770800.0,6928500.0,False,0.0,09:47:59
19550.0,500,-400.0,0.0,BU,4769900.0,6928500.0,False,0.0,09:47:59
19550.0,500,-400.0,0.0,BU,4769400.0,6928500.0,False,0.0,09:47:59
19550.0,100,-400.0,0.0,BU,4768900.0,6928500.0,False,0.0,09:47:59
19550.0,3200,-400.0,0.0,BU,4768800.0,6928500.0,False,0.0,09:47:59
19550.0,2000,-400.0,0.0,BU,4765600.0,6928500.0,False,0.0,09:47:59
19550.0,1000,-400.0,0.0,BU,4763600.0,6928500.0,False,0.0,09:47:59
19550.0,1800,-400.0,0.0,BU,4762600.0,6928500.0,False,0.0,09:47:59
19550.0,100,-400.0,0.0,BU,4760800.0,6928500.0,False,0.0,09:47:58
19550.0,2000,-400.0,0.0,BU,4760700.0,6928500.0,False,0.0,09:47:58
19550.0,100,-400.0,0.0,BU,4758700.0,6928500.0,False,0.0,09:47:58
19550.0,100,-400.0,0.0,BU,4758600.0,6928500.0,False,0.0,09:47:58
19550.0,100,-400.0,0.0,BU,4758500.0,6928500.0,False,50.0,09:47:57
19500.0,3000,-450.0,0.0,SD,4758400.0,6928500.0,False,-50.0,09:47:57
19550.0,1000,-400.0,0.0,BU,4758400.0,6925500.0,False,0.0,09:47:57
19550.0,3000,-400.0,0.0,BU,4757400.0,6925500.0,False,0.0,09:47:57
19550.0,900,-400.0,0.0,BU,4754400.0,6925500.0,False,0.0,09:47:55
19550.0,500,-400.0,0.0,BU,4753500.0,6925500.0,False,0.0,09:47:55
19550.0,400,-400.0,0.0,BU,4753000.0,6925500.0,False,0.0,09:47:51
19550.0,200,-400.0,0.0,BU,4752600.0,6925500.0,False,0.0,09:47:50
19550.0,200,-400.0,0.0,BU,4752400.0,6925500.0,False,0.0,09:47:50
19550.0,100,-400.0,0.0,BU,4752200.0,6925500.0,False,0.0,09:47:50
19550.0,300,-400.0,0.0,BU,4752100.0,6925500.0,False,0.0,09:47:48
19550.0,400,-400.0,0.0,BU,4751800.0,6925500.0,False,0.0,09:47:48
19550.0,100,-400.0,0.0,BU,4751400.0,6925500.0,False,0.0,09:47:47
19550.0,200,-400.0,0.0,BU,4751300.0,6925500.0,False,50.0,09:47:44
19500.0,400,-450.0,0.0,SD,4751100.0,6925500.0,False,-50.0,09:47:41
19550.0,1400,-400.0,0.0,BU,4751100.0,6925100.0,False,0.0,09:47:41
19550.0,1000,-400.0,0.0,BU,4749700.0,6925100.0,False,0.0,09:47:41
19550.0,100,-400.0,0.0,BU,4748700.0,6925100.0,False,0.0,09:47:41
19550.0,1000,-400.0,0.0,BU,4748600.0,6925100.0,False,0.0,09:47:41
19550.0,500,-400.0,0.0,BU,4747600.0,6925100.0,False,50.0,09:47:41
19500.0,100,-450.0,0.0,SD,4747100.0,6925100.0,False,0.0,09:47:39
19500.0,900,-450.0,0.0,SD,4747100.0,6925000.0,False,0.0,09:47:39
19500.0,1500,-450.0,0.0,SD,4747100.0,6924100.0,False,0.0,09:47:35
19500.0,2000,-450.0,0.0,SD,4747100.0,6922600.0,False,0.0,09:47:35
19500.0,100,-450.0,0.0,SD,4747100.0,6920600.0,False,0.0,09:47:35
19500.0,100,-450.0,0.0,SD,4747100.0,6920500.0,False,0.0,09:47:35
19500.0,6300,-450.0,0.0,SD,4747100.0,6920400.0,False,-50.0,09:47:35
19550.0,500,-400.0,0.0,BU,4747100.0,6914100.0,False,50.0,09:47:32
19500.0,5900,-450.0,0.0,SD,4746600.0,6914100.0,False,0.0,09:47:30
19500.0,1000,-450.0,0.0,SD,4746600.0,6908200.0,False,0.0,09:47:28
19500.0,500,-450.0,0.0,SD,4746600.0,6907200.0,False,0.0,09:47:27
19500.0,2000,-450.0,0.0,SD,4746600.0,6906700.0,False,0.0,09:47:27
19500.0,200,-450.0,0.0,BU,4746600.0,6904700.0,False,0.0,09:47:26
19500.0,1000,-450.0,0.0,BU,4746400.0,6904700.0,False,0.0,09:47:26
19500.0,200,-450.0,0.0,BU,4745400.0,6904700.0,False,0.0,09:47:26
19500.0,1000,-450.0,0.0,BU,4745200.0,6904700.0,False,0.0,09:47:26
19500.0,1900,-450.0,0.0,BU,4744200.0,6904700.0,False,0.0,09:47:26
19500.0,10000,-450.0,0.0,BU,4742300.0,6904700.0,False,0.0,09:47:26
19500.0,9000,-450.0,0.0,BU,4732300.0,6904700.0,False,0.0,09:47:26
19500.0,9000,-450.0,0.0,BU,4723300.0,6904700.0,False,0.0,09:47:26
19500.0,1000,-450.0,0.0,BU,4714300.0,6904700.0,False,0.0,09:47:26
19500.0,4700,-450.0,0.0,BU,4713300.0,6904700.0,False,0.0,09:47:26
19500.0,200,-450.0,0.0,BU,4708600.0,6904700.0,False,0.0,09:47:26
19500.0,500,-450.0,0.0,BU,4708400.0,6904700.0,False,0.0,09:47:26
19500.0,200,-450.0,0.0,BU,4707900.0,6904700.0,False,0.0,09:47:26
19500.0,200,-450.0,0.0,BU,4707700.0,6904700.0,False,0.0,09:47:26
19500.0,4200,-450.0,0.0,BU,4707500.0,6904700.0,False,0.0,09:47:26
19500.0,1000,-450.0,0.0,BU,4703300.0,6904700.0,False,0.0,09:47:26
19500.0,300,-450.0,0.0,BU,4702300.0,6904700.0,False,0.0,09:47:26
19500.0,2400,-450.0,0.0,BU,4702000.0,6904700.0,False,0.0,09:47:26
19500.0,1700,-450.0,0.0,BU,4699600.0,6904700.0,False,0.0,09:47:25
19500.0,1700,-450.0,0.0,BU,4697900.0,6904700.0,False,0.0,09:47:25
19500.0,100,-450.0,0.0,BU,4696200.0,6904700.0,False,0.0,09:47:25
19500.0,4600,-450.0,0.0,BU,4696100.0,6904700.0,False,0.0,09:47:25
19500.0,300,-450.0,0.0,BU,4691500.0,6904700.0,False,0.0,09:47:25
19500.0,2700,-450.0,0.0,BU,4691200.0,6904700.0,False,0.0,09:47:25
19500.0,1000,-450.0,0.0,BU,4688500.0,6904700.0,False,0.0,09:47:24
19500.0,100,-450.0,0.0,BU,4687500.0,6904700.0,False,0.0,09:47:24
19500.0,200,-450.0,0.0,BU,4687400.0,6904700.0,False,0.0,09:47:23
19500.0,6000,-450.0,0.0,BU,4687200.0,6904700.0,False,0.0,09:47:23
19500.0,500,-450.0,0.0,BU,4681200.0,6904700.0,False,0.0,09:47:23
19500.0,2000,-450.0,0.0,BU,4680700.0,6904700.0,False,0.0,09:47:23
19500.0,600,-450.0,0.0,BU,4678700.0,6904700.0,False,0.0,09:47:23
19500.0,1000,-450.0,0.0,BU,4678100.0,6904700.0,False,0.0,09:47:23
19500.0,500,-450.0,0.0,BU,4677100.0,6904700.0,False,0.0,09:47:23
19500.0,3400,-450.0,0.0,BU,4676600.0,6904700.0,False,0.0,09:47:23
19500.0,1000,-450.0,0.0,BU,4673200.0,6904700.0,False,0.0,09:47:23
19500.0,300,-450.0,0.0,BU,4672200.0,6904700.0,False,0.0,09:47:23
19500.0,3700,-450.0,0.0,BU,4671900.0,6904700.0,False,0.0,09:47:23
19500.0,400,-450.0,0.0,BU,4668200.0,6904700.0,False,0.0,09:47:23
19500.0,15000,-450.0,0.0,BU,4667800.0,6904700.0,True,0.0,09:47:23
19500.0,1000,-450.0,0.0,BU,4652800.0,6904700.0,False,0.0,09:47:23
19500.0,2100,-450.0,0.0,BU,4651800.0,6904700.0,False,0.0,09:47:23
19500.0,300,-450.0,0.0,BU,4649700.0,6904700.0,False,0.0,09:47:23
19500.0,2000,-450.0,0.0,BU,4649400.0,6904700.0,False,0.0,09:47:23
19500.0,1300,-450.0,0.0,BU,4647400.0,6904700.0,False,0.0,09:47:23
19500.0,1000,-450.0,0.0,BU,4646100.0,6904700.0,False,0.0,09:47:23
19500.0,100,-450.0,0.0,BU,4645100.0,6904700.0,False,0.0,09:47:23
19500.0,200,-450.0,0.0,BU,4645000.0,6904700.0,False,0.0,09:47:23
19500.0,1500,-450.0,0.0,BU,4644800.0,6904700.0,False,0.0,09:47:23
19500.0,1400,-450.0,0.0,BU,4643300.0,6904700.0,False,0.0,09:47:23
19500.0,200,-450.0,0.0,BU,4641900.0,6904700.0,False,0.0,09:47:22
19500.0,400,-450.0,0.0,BU,4641700.0,6904700.0,False,0.0,09:47:22
19500.0,1000,-450.0,0.0,BU,4641300.0,6904700.0,False,0.0,09:47:22
19500.0,200,-450.0,0.0,BU,4640300.0,6904700.0,False,0.0,09:47:22
19500.0,600,-450.0,0.0,BU,4640100.0,6904700.0,False,0.0,09:47:22
19500.0,2000,-450.0,0.0,BU,4639500.0,6904700.0,False,0.0,09:47:22
19500.0,400,-450.0,0.0,BU,4637500.0,6904700.0,False,0.0,09:47:22
19500.0,500,-450.0,0.0,BU,4637100.0,6904700.0,False,0.0,09:47:22
19500.0,1000,-450.0,0.0,BU,4636600.0,6904700.0,False,0.0,09:47:22
19500.0,1000,-450.0,0.0,BU,4635600.0,6904700.0,False,0.0,09:47:22
19500.0,100,-450.0,0.0,BU,4634600.0,6904700.0,False,0.0,09:47:22
19500.0,2600,-450.0,0.0,BU,4634500.0,6904700.0,False,0.0,09:47:22
19500.0,1400,-450.0,0.0,BU,4631900.0,6904700.0,False,0.0,09:47:21
19500.0,900,-450.0,0.0,BU,4630500.0,6904700.0,False,0.0,09:47:21
19500.0,2700,-450.0,0.0,BU,4629600.0,6904700.0,False,0.0,09:47:21
19500.0,300,-450.0,0.0,BU,4626900.0,6904700.0,False,0.0,09:47:21
19500.0,200,-450.0,0.0,BU,4626600.0,6904700.0,False,0.0,09:47:21
19500.0,800,-450.0,0.0,BU,4626400.0,6904700.0,False,0.0,09:47:19
19500.0,500,-450.0,0.0,BU,4625600.0,6904700.0,False,0.0,09:47:19
19500.0,100,-450.0,0.0,BU,4625100.0,6904700.0,False,0.0,09:47:19
19500.0,500,-450.0,0.0,BU,4625000.0,6904700.0,False,0.0,09:47:19
19500.0,500,-450.0,0.0,BU,4624500.0,6904700.0,False,0.0,09:47:19
19500.0,1000,-450.0,0.0,BU,4624000.0,6904700.0,False,0.0,09:47:19
19500.0,6600,-450.0,0.0,BU,4623000.0,6904700.0,False,0.0,09:47:19
19500.0,1000,-450.0,0.0,BU,4616400.0,6904700.0,False,0.0,09:47:19
19500.0,500,-450.0,0.0,BU,4615400.0,6904700.0,False,0.0,09:47:18
19500.0,1900,-450.0,0.0,BU,4614900.0,6904700.0,False,0.0,09:47:18
19500.0,100,-450.0,0.0,BU,4613000.0,6904700.0,False,0.0,09:47:18
19500.0,200,-450.0,0.0,BU,4612900.0,6904700.0,False,0.0,09:47:18
19500.0,100,-450.0,0.0,BU,4612700.0,6904700.0,False,0.0,09:47:17
19500.0,100,-450.0,0.0,BU,4612600.0,6904700.0,False,0.0,09:47:17
19500.0,500,-450.0,0.0,BU,4612500.0,6904700.0,False,0.0,09:47:17
19500.0,400,-450.0,0.0,BU,4612000.0,6904700.0,False,0.0,09:47:17
19500.0,600,-450.0,0.0,BU,4611600.0,6904700.0,False,0.0,09:47:16
19500.0,100,-450.0,0.0,BU,4611000.0,6904700.0,False,0.0,09:47:16
19500.0,100,-450.0,0.0,BU,4610900.0,6904700.0,False,0.0,09:47:16
19500.0,200,-450.0,0.0,BU,4610800.0,6904700.0,False,0.0,09:47:16
19500.0,300,-450.0,0.0,BU,4610600.0,6904700.0,False,0.0,09:47:16
19500.0,2000,-450.0,0.0,BU,4610300.0,6904700.0,False,0.0,09:47:16
19500.0,1000,-450.0,0.0,BU,4608300.0,6904700.0,False,0.0,09:47:16
19500.0,3800,-450.0,0.0,BU,4607300.0,6904700.0,False,0.0,09:47:16
19500.0,1000,-450.0,0.0,BU,4603500.0,6904700.0,False,0.0,09:47:16
19500.0,200,-450.0,0.0,BU,4602500.0,6904700.0,False,0.0,09:47:16
19500.0,100,-450.0,0.0,BU,4602300.0,6904700.0,False,0.0,09:47:16
19500.0,500,-450.0,0.0,BU,4602200.0,6904700.0,False,0.0,09:47:15
19500.0,100,-450.0,0.0,BU,4601700.0,6904700.0,False,0.0,09:47:13
19500.0,2000,-450.0,0.0,BU,4601600.0,6904700.0,False,0.0,09:47:13
19500.0,300,-450.0,0.0,BU,4599600.0,6904700.0,False,0.0,09:47:12
19500.0,700,-450.0,0.0,BU,4599300.0,6904700.0,False,0.0,09:47:12
19500.0,900,-450.0,0.0,BU,4598600.0,6904700.0,False,0.0,09:47:12
19500.0,3100,-450.0,0.0,BU,4597700.0,6904700.0,False,0.0,09:47:12
19500.0,4700,-450.0,0.0,BU,4594600.0,6904700.0,False,0.0,09:47:12
19500.0,100,-450.0,0.0,BU,4589900.0,6904700.0,False,0.0,09:47:12
19500.0,100,-450.0,0.0,BU,4589800.0,6904700.0,False,0.0,09:47:11
19500.0,100,-450.0,0.0,BU,4589700.0,6904700.0,False,0.0,09:47:10
19500.0,3000,-450.0,0.0,BU,4589600.0,6904700.0,False,0.0,09:47:10
19500.0,1700,-450.0,0.0,BU,4586600.0,6904700.0,False,0.0,09:47:10
19500.0,300,-450.0,0.0,BU,4584900.0,6904700.0,False,0.0,09:47:10
19500.0,500,-450.0,0.0,BU,4584600.0,6904700.0,False,0.0,09:47:09
19500.0,300,-450.0,0.0,BU,4584100.0,6904700.0,False,0.0,09:47:09
19500.0,1700,-450.0,0.0,BU,4583800.0,6904700.0,False,0.0,09:47:07
19500.0,1300,-450.0,0.0,BU,4582100.0,6904700.0,False,0.0,09:47:07
19500.0,700,-450.0,0.0,BU,4580800.0,6904700.0,False,0.0,09:47:07
19500.0,3000,-450.0,0.0,BU,4580100.0,6904700.0,False,0.0,09:47:07
19500.0,500,-450.0,0.0,BU,4577100.0,6904700.0,False,0.0,09:47:07
19500.0,800,-450.0,0.0,BU,4576600.0,6904700.0,False,0.0,09:47:07
19500.0,100,-450.0,0.0,BU,4575800.0,6904700.0,False,0.0,09:47:06
19500.0,100,-450.0,0.0,BU,4575700.0,6904700.0,False,0.0,09:47:06
19500.0,600,-450.0,0.0,BU,4575600.0,6904700.0,False,0.0,09:47:06
19500.0,3000,-450.0,0.0,BU,4575000.0,6904700.0,False,0.0,09:47:06
19500.0,400,-450.0,0.0,BU,4572000.0,6904700.0,False,0.0,09:47:06
19500.0,200,-450.0,0.0,BU,4571600.0,6904700.0,False,0.0,09:47:06
19500.0,100,-450.0,0.0,BU,4571400.0,6904700.0,False,0.0,09:47:06
19500.0,2000,-450.0,0.0,BU,4571300.0,6904700.0,False,0.0,09:47:06
19500.0,900,-450.0,0.0,BU,4569300.0,6904700.0,False,0.0,09:47:06
19500.0,100,-450.0,0.0,BU,4568400.0,6904700.0,False,0.0,09:47:05
19500.0,900,-450.0,0.0,BU,4568300.0,6904700.0,False,0.0,09:47:05
19500.0,200,-450.0,0.0,BU,4567400.0,6904700.0,False,0.0,09:47:05
19500.0,1000,-450.0,0.0,BU,4567200.0,6904700.0,False,0.0,09:47:05
19500.0,1300,-450.0,0.0,BU,4566200.0,6904700.0,False,0.0,09:47:04
19500.0,300,-450.0,0.0,BU,4564900.0,6904700.0,False,0.0,09:47:04
19500.0,200,-450.0,0.0,BU,4564600.0,6904700.0,False,0.0,09:47:04
19500.0,2300,-450.0,0.0,BU,4564400.0,6904700.0,False,0.0,09:47:04
19500.0,300,-450.0,0.0,BU,4562100.0,6904700.0,False,0.0,09:47:04
19500.0,100,-450.0,0.0,BU,4561800.0,6904700.0,False,0.0,09:47:04
19500.0,200,-450.0,0.0,BU,4561700.0,6904700.0,False,0.0,09:47:02
19500.0,200,-450.0,0.0,BU,4561500.0,6904700.0,False,0.0,09:47:02
19500.0,500,-450.0,0.0,BU,4561300.0,6904700.0,False,0.0,09:47:02
19500.0,5000,-450.0,0.0,BU,4560800.0,6904700.0,False,0.0,09:47:02
19500.0,4300,-450.0,0.0,BU,4555800.0,6904700.0,False,0.0,09:47:02
19500.0,500,-450.0,0.0,BU,4551500.0,6904700.0,False,0.0,09:47:02
19500.0,100,-450.0,0.0,BU,4551000.0,6904700.0,False,0.0,09:47:01
19500.0,100,-450.0,0.0,BU,4550900.0,6904700.0,False,0.0,09:47:01
19500.0,300,-450.0,0.0,BU,4550800.0,6904700.0,False,0.0,09:47:01
19500.0,1000,-450.0,0.0,BU,4550500.0,6904700.0,False,0.0,09:47:01
19500.0,1000,-450.0,0.0,BU,4549500.0,6904700.0,False,0.0,09:47:01
19500.0,100,-450.0,0.0,BU,4548500.0,6904700.0,False,0.0,09:47:01
19500.0,500,-450.0,0.0,BU,4548400.0,6904700.0,False,0.0,09:47:01
19500.0,800,-450.0,0.0,BU,4547900.0,6904700.0,False,0.0,09:47:00
19500.0,500,-450.0,0.0,BU,4547100.0,6904700.0,False,0.0,09:46:59
19500.0,1000,-450.0,0.0,BU,4546600.0,6904700.0,False,0.0,09:46:57
19500.0,700,-450.0,0.0,BU,4545600.0,6904700.0,False,0.0,09:46:56
19500.0,300,-450.0,0.0,BU,4544900.0,6904700.0,False,0.0,09:46:56
19500.0,200,-450.0,0.0,BU,4544600.0,6904700.0,False,0.0,09:46:55
19500.0,100,-450.0,0.0,BU,4544400.0,6904700.0,False,0.0,09:46:55
19500.0,900,-450.0,0.0,BU,4544300.0,6904700.0,False,0.0,09:46:55
19500.0,100,-450.0,0.0,BU,4543400.0,6904700.0,False,50.0,09:46:55
19450.0,1000,-500.0,0.0,SD,4543300.0,6904700.0,False,-50.0,09:46:54
19500.0,400,-450.0,0.0,BU,4543300.0,6903700.0,False,0.0,09:46:52
19500.0,500,-450.0,0.0,BU,4542900.0,6903700.0,False,0.0,09:46:52
19500.0,1400,-450.0,0.0,BU,4542400.0,6903700.0,False,0.0,09:46:52
19500.0,500,-450.0,0.0,BU,4541000.0,6903700.0,False,0.0,09:46:51
19500.0,100,-450.0,0.0,BU,4540500.0,6903700.0,False,0.0,09:46:48
19500.0,1000,-450.0,0.0,BU,4540400.0,6903700.0,False,0.0,09:46:48
19500.0,2000,-450.0,0.0,BU,4539400.0,6903700.0,False,0.0,09:46:47
19500.0,97000,-450.0,0.0,BU,4537400.0,6903700.0,True,0.0,09:46:47
19500.0,1000,-450.0,0.0,BU,4440400.0,6903700.0,False,0.0,09:46:47
19500.0,100,-450.0,0.0,BU,4439400.0,6903700.0,False,0.0,09:46:47
19500.0,500,-450.0,0.0,BU,4439300.0,6903700.0,False,0.0,09:46:46
19500.0,400,-450.0,0.0,BU,4438800.0,6903700.0,False,0.0,09:46:42
19500.0,100,-450.0,0.0,BU,4438400.0,6903700.0,False,0.0,09:46:42
19500.0,10000,-450.0,0.0,BU,4438300.0,6903700.0,False,0.0,09:46:42
19500.0,200,-450.0,0.0,BU,4428300.0,6903700.0,False,0.0,09:46:42
19500.0,200,-450.0,0.0,BU,4428100.0,6903700.0,False,0.0,09:46:42
19500.0,400,-450.0,0.0,BU,4427900.0,6903700.0,False,0.0,09:46:42
19500.0,1000,-450.0,0.0,BU,4427500.0,6903700.0,False,0.0,09:46:42
19500.0,100,-450.0,0.0,BU,4426500.0,6903700.0,False,0.0,09:46:42
19500.0,100,-450.0,0.0,BU,4426400.0,6903700.0,False,50.0,09:46:42
19450.0,400,-500.0,0.0,SD,4426300.0,6903700.0,False,0.0,09:46:39
19450.0,100,-500.0,0.0,SD,4426300.0,6903300.0,False,-50.0,09:46:39
19500.0,1000,-450.0,0.0,BU,4426300.0,6903200.0,False,50.0,09:46:38
19450.0,1000,-500.0,0.0,SD,4425300.0,6903200.0,False,0.0,09:46:35
19450.0,100,-500.0,0.0,SD,4425300.0,6902200.0,False,0.0,09:46:35
19450.0,500,-500.0,0.0,SD,4425300.0,6902100.0,False,-50.0,09:46:34
19500.0,400,-450.0,0.0,BU,4425300.0,6901600.0,False,50.0,09:46:31
19450.0,100,-500.0,0.0,SD,4424900.0,6901600.0,False,0.0,09:46:30
19450.0,200,-500.0,0.0,SD,4424900.0,6901500.0,False,0.0,09:46:29
19450.0,500,-500.0,0.0,SD,4424900.0,6901300.0,False,0.0,09:46:27
19450.0,100,-500.0,0.0,SD,4424900.0,6900800.0,False,0.0,09:46:26
19450.0,300,-500.0,0.0,BU,4424900.0,6900700.0,False,0.0,09:46:25
19450.0,1000,-500.0,0.0,BU,4424600.0,6900700.0,False,0.0,09:46:25
19450.0,1000,-500.0,0.0,BU,4423600.0,6900700.0,False,0.0,09:46:25
19450.0,1500,-500.0,0.0,BU,4422600.0,6900700.0,False,0.0,09:46:25
19450.0,1500,-500.0,0.0,BU,4421100.0,6900700.0,False,0.0,09:46:25
19450.0,400,-500.0,0.0,BU,4419600.0,6900700.0,False,0.0,09:46:24
19450.0,100,-500.0,0.0,BU,4419200.0,6900700.0,False,0.0,09:46:23
19450.0,500,-500.0,0.0,BU,4419100.0,6900700.0,False,0.0,09:46:23
19450.0,100,-500.0,0.0,BU,4418600.0,6900700.0,False,0.0,09:46:22
19450.0,100,-500.0,0.0,BU,4418500.0,6900700.0,False,0.0,09:46:22
19450.0,200,-500.0,0.0,BU,4418400.0,6900700.0,False,50.0,09:46:22
19400.0,4900,-550.0,0.0,SD,4418200.0,6900700.0,False,-50.0,09:46:21
19450.0,400,-500.0,0.0,BU,4418200.0,6895800.0,False,0.0,09:46:21
19450.0,1000,-500.0,0.0,BU,4417800.0,6895800.0,False,0.0,09:46:21
19450.0,1000,-500.0,0.0,BU,4416800.0,6895800.0,False,0.0,09:46:21
19450.0,4700,-500.0,0.0,BU,4415800.0,6895800.0,False,0.0,09:46:20
19450.0,300,-500.0,0.0,BU,4411100.0,6895800.0,False,0.0,09:46:20
19450.0,100,-500.0,0.0,BU,4410800.0,6895800.0,False,0.0,09:46:20
19450.0,300,-500.0,0.0,BU,4410700.0,6895800.0,False,0.0,09:46:20
19450.0,800,-500.0,0.0,BU,4410400.0,6895800.0,False,0.0,09:46:20
19450.0,200,-500.0,0.0,BU,4409600.0,6895800.0,False,0.0,09:46:20
19450.0,100,-500.0,0.0,BU,4409400.0,6895800.0,False,0.0,09:46:19
19450.0,100,-500.0,0.0,BU,4409300.0,6895800.0,False,0.0,09:46:19
19450.0,900,-500.0,0.0,BU,4409200.0,6895800.0,False,0.0,09:46:19
19450.0,500,-500.0,0.0,BU,4408300.0,6895800.0,False,0.0,09:46:19
19450.0,200,-500.0,0.0,BU,4407800.0,6895800.0,False,0.0,09:46:19
19450.0,600,-500.0,0.0,BU,4407600.0,6895800.0,False,0.0,09:46:19
19450.0,500,-500.0,0.0,BU,4407000.0,6895800.0,False,0.0,09:46:18
19450.0,1000,-500.0,0.0,BU,4406500.0,6895800.0,False,0.0,09:46:17
19450.0,400,-500.0,0.0,BU,4405500.0,6895800.0,False,0.0,09:46:17
19450.0,500,-500.0,0.0,BU,4405100.0,6895800.0,False,0.0,09:46:17
19450.0,3000,-500.0,0.0,BU,4404600.0,6895800.0,False,0.0,09:46:17
19450.0,600,-500.0,0.0,BU,4401600.0,6895800.0,False,0.0,09:46:17
19450.0,400,-500.0,0.0,BU,4401000.0,6895800.0,False,0.0,09:46:17
19450.0,500,-500.0,0.0,BU,4400600.0,6895800.0,False,0.0,09:46:16
19450.0,100,-500.0,0.0,BU,4400100.0,6895800.0,False,0.0,09:46:15
19450.0,100,-500.0,0.0,BU,4400000.0,6895800.0,False,0.0,09:46:15
19450.0,800,-500.0,0.0,BU,4399900.0,6895800.0,False,0.0,09:46:15
19450.0,200,-500.0,0.0,BU,4399100.0,6895800.0,False,0.0,09:46:15
19450.0,200,-500.0,0.0,BU,4398900.0,6895800.0,False,0.0,09:46:15
19450.0,400,-500.0,0.0,BU,4398700.0,6895800.0,False,0.0,09:46:15
19450.0,100,-500.0,0.0,BU,4398300.0,6895800.0,False,0.0,09:46:15
19450.0,1000,-500.0,0.0,BU,4398200.0,6895800.0,False,0.0,09:46:15
19450.0,900,-500.0,0.0,BU,4397200.0,6895800.0,False,0.0,09:46:15
19450.0,2000,-500.0,0.0,BU,4396300.0,6895800.0,False,0.0,09:46:14
19450.0,100,-500.0,0.0,BU,4394300.0,6895800.0,False,0.0,09:46:14
19450.0,500,-500.0,0.0,BU,4394200.0,6895800.0,False,0.0,09:46:14
19450.0,300,-500.0,0.0,BU,4393700.0,6895800.0,False,0.0,09:46:14
19450.0,100,-500.0,0.0,BU,4393400.0,6895800.0,False,0.0,09:46:14
19450.0,900,-500.0,0.0,BU,4393300.0,6895800.0,False,0.0,09:46:14
19450.0,100,-500.0,0.0,BU,4392400.0,6895800.0,False,0.0,09:46:14
19450.0,100,-500.0,0.0,BU,4392300.0,6895800.0,False,0.0,09:46:13
19450.0,800,-500.0,0.0,BU,4392200.0,6895800.0,False,0.0,09:46:13
19450.0,4200,-500.0,0.0,BU,4391400.0,6895800.0,False,0.0,09:46:13
19450.0,5000,-500.0,0.0,BU,4387200.0,6895800.0,False,50.0,09:46:12
19400.0,400,-550.0,0.0,SD,4382200.0,6895800.0,False,0.0,09:46:12
19400.0,600,-550.0,0.0,SD,4382200.0,6895400.0,False,-50.0,09:46:12
19450.0,500,-500.0,0.0,BU,4382200.0,6894800.0,False,0.0,09:46:12
19450.0,100,-500.0,0.0,BU,4381700.0,6894800.0,False,0.0,09:46:12
19450.0,200,-500.0,0.0,BU,4381600.0,6894800.0,False,0.0,09:46:11
19450.0,100,-500.0,0.0,BU,4381400.0,6894800.0,False,0.0,09:46:11
19450.0,3000,-500.0,0.0,BU,4381300.0,6894800.0,False,0.0,09:46:11
19450.0,4900,-500.0,0.0,BU,4378300.0,6894800.0,False,0.0,09:46:11
19450.0,10000,-500.0,0.0,BU,4373400.0,6894800.0,False,0.0,09:46:11
19450.0,1500,-500.0,0.0,BU,4363400.0,6894800.0,False,0.0,09:46:11
19450.0,300,-500.0,0.0,BU,4361900.0,6894800.0,False,0.0,09:46:11
19450.0,1000,-500.0,0.0,BU,4361600.0,6894800.0,False,0.0,09:46:11
19450.0,700,-500.0,0.0,BU,4360600.0,6894800.0,False,0.0,09:46:10
19450.0,100,-500.0,0.0,BU,4359900.0,6894800.0,False,0.0,09:46:10
19450.0,1200,-500.0,0.0,BU,4359800.0,6894800.0,False,0.0,09:46:10
19450.0,100,-500.0,0.0,BU,4358600.0,6894800.0,False,0.0,09:46:09
19450.0,400,-500.0,0.0,BU,4358500.0,6894800.0,False,0.0,09:46:09
19450.0,1000,-500.0,0.0,BU,4358100.0,6894800.0,False,0.0,09:46:09
19450.0,1300,-500.0,0.0,BU,4357100.0,6894800.0,False,0.0,09:46:09
19450.0,1600,-500.0,0.0,BU,4355800.0,6894800.0,False,0.0,09:46:09
19450.0,500,-500.0,0.0,BU,4354200.0,6894800.0,False,0.0,09:46:09
19450.0,500,-500.0,0.0,BU,4353700.0,6894800.0,False,0.0,09:46:09
19450.0,3500,-500.0,0.0,BU,4353200.0,6894800.0,False,0.0,09:46:09
19450.0,12600,-500.0,0.0,BU,4349700.0,6894800.0,True,0.0,09:46:09
19450.0,200,-500.0,0.0,BU,4337100.0,6894800.0,False,0.0,09:46:05
19450.0,2200,-500.0,0.0,BU,4336900.0,6894800.0,False,0.0,09:46:04
19450.0,100,-500.0,0.0,BU,4334700.0,6894800.0,False,0.0,09:46:04
19450.0,500,-500.0,0.0,BU,4334600.0,6894800.0,False,0.0,09:46:04
19450.0,1000,-500.0,0.0,BU,4334100.0,6894800.0,False,0.0,09:46:04
19450.0,1000,-500.0,0.0,BU,4333100.0,6894800.0,False,0.0,09:46:04
19450.0,200,-500.0,0.0,BU,4332100.0,6894800.0,False,0.0,09:46:04
19450.0,2000,-500.0,0.0,BU,4331900.0,6894800.0,False,0.0,09:46:04
19450.0,5000,-500.0,0.0,BU,4329900.0,6894800.0,False,50.0,09:46:04
19400.0,500,-550.0,0.0,SD,4324900.0,6894800.0,False,0.0,09:46:04
19400.0,3000,-550.0,0.0,SD,4324900.0,6894300.0,False,0.0,09:46:02
19400.0,600,-550.0,0.0,SD,4324900.0,6891300.0,False,0.0,09:46:02
19400.0,1000,-550.0,0.0,SD,4324900.0,6890700.0,False,0.0,09:46:02
19400.0,500,-550.0,0.0,SD,4324900.0,6889700.0,False,0.0,09:46:02
19400.0,100,-550.0,0.0,SD,4324900.0,6889200.0,False,0.0,09:46:02
19400.0,100,-550.0,0.0,SD,4324900.0,6889100.0,False,0.0,09:46:02
19400.0,200,-550.0,0.0,SD,4324900.0,6889000.0,False,0.0,09:46:02
19400.0,2000,-550.0,0.0,SD,4324900.0,6888800.0,False,0.0,09:46:02
19400.0,2500,-550.0,0.0,SD,4324900.0,6886800.0,False,0.0,09:46:02
19400.0,400,-550.0,0.0,SD,4324900.0,6884300.0,False,-50.0,09:46:01
19450.0,100,-500.0,0.0,BU,4324900.0,6883900.0,False,0.0,09:46:01
19450.0,1000,-500.0,0.0,BU,4324800.0,6883900.0,False,0.0,09:46:00
19450.0,100,-500.0,0.0,BU,4323800.0,6883900.0,False,50.0,09:46:00
19400.0,300,-550.0,0.0,SD,4323700.0,6883900.0,False,0.0,09:45:59
19400.0,100,-550.0,0.0,SD,4323700.0,6883600.0,False,0.0,09:45:58
19400.0,100,-550.0,0.0,SD,4323700.0,6883500.0,False,0.0,09:45:54
19400.0,1000,-550.0,0.0,SD,4323700.0,6883400.0,False,0.0,09:45:50
19400.0,100,-550.0,0.0,SD,4323700.0,6882400.0,False,0.0,09:45:50
19400.0,5500,-550.0,0.0,SD,4323700.0,6882300.0,False,0.0,09:45:50
19400.0,1000,-550.0,0.0,BU,4323700.0,6876800.0,False,0.0,09:45:50
19400.0,3500,-550.0,0.0,BU,4322700.0,6876800.0,False,0.0,09:45:50
19400.0,1500,-550.0,0.0,BU,4319200.0,6876800.0,False,0.0,09:45:50
19400.0,3500,-550.0,0.0,BU,4317700.0,6876800.0,False,0.0,09:45:50
19400.0,8500,-550.0,0.0,BU,4314200.0,6876800.0,False,0.0,09:45:50
19400.0,500,-550.0,0.0,BU,4305700.0,6876800.0,False,0.0,09:45:50
19400.0,1000,-550.0,0.0,BU,4305200.0,6876800.0,False,0.0,09:45:49
19400.0,900,-550.0,0.0,BU,4304200.0,6876800.0,False,0.0,09:45:49
19400.0,1000,-550.0,0.0,BU,4303300.0,6876800.0,False,0.0,09:45:49
19400.0,1000,-550.0,0.0,BU,4302300.0,6876800.0,False,0.0,09:45:49
19400.0,500,-550.0,0.0,BU,4301300.0,6876800.0,False,0.0,09:45:49
19400.0,100,-550.0,0.0,BU,4300800.0,6876800.0,False,0.0,09:45:49
19400.0,1500,-550.0,0.0,BU,4300700.0,6876800.0,False,0.0,09:45:49
19400.0,100,-550.0,0.0,BU,4299200.0,6876800.0,False,0.0,09:45:49
19400.0,400,-550.0,0.0,BU,4299100.0,6876800.0,False,0.0,09:45:49
19400.0,500,-550.0,0.0,BU,4298700.0,6876800.0,False,0.0,09:45:49
19400.0,100,-550.0,0.0,BU,4298200.0,6876800.0,False,0.0,09:45:49
19400.0,200,-550.0,0.0,BU,4298100.0,6876800.0,False,0.0,09:45:49
19400.0,300,-550.0,0.0,BU,4297900.0,6876800.0,False,0.0,09:45:48
19400.0,200,-550.0,0.0,BU,4297600.0,6876800.0,False,0.0,09:45:48
19400.0,300,-550.0,0.0,BU,4297400.0,6876800.0,False,0.0,09:45:48
19400.0,3000,-550.0,0.0,BU,4297100.0,6876800.0,False,0.0,09:45:48
19400.0,200,-550.0,0.0,BU,4294100.0,6876800.0,False,0.0,09:45:48
19400.0,1000,-550.0,0.0,BU,4293900.0,6876800.0,False,0.0,09:45:48
19400.0,1000,-550.0,0.0,BU,4292900.0,6876800.0,False,0.0,09:45:48
19400.0,2000,-550.0,0.0,BU,4291900.0,6876800.0,False,0.0,09:45:48
19400.0,200,-550.0,0.0,BU,4289900.0,6876800.0,False,0.0,09:45:48
19400.0,200,-550.0,0.0,BU,4289700.0,6876800.0,False,0.0,09:45:48
19400.0,800,-550.0,0.0,BU,4289500.0,6876800.0,False,0.0,09:45:47
19400.0,100,-550.0,0.0,BU,4288700.0,6876800.0,False,0.0,09:45:47
19400.0,2200,-550.0,0.0,BU,4288600.0,6876800.0,False,0.0,09:45:47
19400.0,1700,-550.0,0.0,BU,4286400.0,6876800.0,False,0.0,09:45:47
19400.0,100,-550.0,0.0,BU,4284700.0,6876800.0,False,0.0,09:45:47
19400.0,500,-550.0,0.0,BU,4284600.0,6876800.0,False,0.0,09:45:47
19400.0,1000,-550.0,0.0,BU,4284100.0,6876800.0,False,0.0,09:45:47
19400.0,2000,-550.0,0.0,BU,4283100.0,6876800.0,False,0.0,09:45:47
19400.0,500,-550.0,0.0,BU,4281100.0,6876800.0,False,0.0,09:45:47
19400.0,700,-550.0,0.0,BU,4280600.0,6876800.0,False,0.0,09:45:47
19400.0,800,-550.0,0.0,BU,4279900.0,6876800.0,False,0.0,09:45:47
19400.0,1000,-550.0,0.0,BU,4279100.0,6876800.0,False,0.0,09:45:47
19400.0,1100,-550.0,0.0,BU,4278100.0,6876800.0,False,0.0,09:45:47
19400.0,1700,-550.0,0.0,BU,4277000.0,6876800.0,False,0.0,09:45:47
19400.0,500,-550.0,0.0,BU,4275300.0,6876800.0,False,0.0,09:45:47
19400.0,2400,-550.0,0.0,BU,4274800.0,6876800.0,False,0.0,09:45:47
19400.0,2400,-550.0,0.0,BU,4272400.0,6876800.0,False,0.0,09:45:47
19400.0,900,-550.0,0.0,BU,4270000.0,6876800.0,False,0.0,09:45:47
19400.0,500,-550.0,0.0,BU,4269100.0,6876800.0,False,0.0,09:45:46
19400.0,400,-550.0,0.0,BU,4268600.0,6876800.0,False,0.0,09:45:46
19400.0,1000,-550.0,0.0,BU,4268200.0,6876800.0,False,0.0,09:45:46
19400.0,2200,-550.0,0.0,BU,4267200.0,6876800.0,False,0.0,09:45:46
19400.0,700,-550.0,0.0,BU,4265000.0,6876800.0,False,0.0,09:45:46
19400.0,5000,-550.0,0.0,BU,4264300.0,6876800.0,False,0.0,09:45:46
19400.0,1000,-550.0,0.0,BU,4259300.0,6876800.0,False,0.0,09:45:46
19400.0,1000,-550.0,0.0,BU,4258300.0,6876800.0,False,0.0,09:45:46
19400.0,100,-550.0,0.0,BU,4257300.0,6876800.0,False,0.0,09:45:46
19400.0,600,-550.0,0.0,BU,4257200.0,6876800.0,False,0.0,09:45:46
19400.0,100,-550.0,0.0,BU,4256600.0,6876800.0,False,0.0,09:45:46
19400.0,100,-550.0,0.0,BU,4256500.0,6876800.0,False,0.0,09:45:46
19400.0,300,-550.0,0.0,BU,4256400.0,6876800.0,False,0.0,09:45:46
19400.0,200,-550.0,0.0,BU,4256100.0,6876800.0,False,0.0,09:45:46
19400.0,200,-550.0,0.0,BU,4255900.0,6876800.0,False,0.0,09:45:46
19400.0,1000,-550.0,0.0,BU,4255700.0,6876800.0,False,0.0,09:45:46
19400.0,300,-550.0,0.0,BU,4254700.0,6876800.0,False,0.0,09:45:46
19400.0,200,-550.0,0.0,BU,4254400.0,6876800.0,False,0.0,09:45:46
19400.0,3500,-550.0,0.0,BU,4254200.0,6876800.0,False,0.0,09:45:46
19400.0,5000,-550.0,0.0,BU,4250700.0,6876800.0,False,0.0,09:45:46
19400.0,500,-550.0,0.0,BU,4245700.0,6876800.0,False,0.0,09:45:46
19400.0,500,-550.0,0.0,BU,4245200.0,6876800.0,False,0.0,09:45:46
19400.0,500,-550.0,0.0,BU,4244700.0,6876800.0,False,0.0,09:45:46
19400.0,200,-550.0,0.0,BU,4244200.0,6876800.0,False,0.0,09:45:46
19400.0,1000,-550.0,0.0,BU,4244000.0,6876800.0,False,0.0,09:45:46
19400.0,1000,-550.0,0.0,BU,4243000.0,6876800.0,False,0.0,09:45:46
19400.0,5500,-550.0,0.0,BU,4242000.0,6876800.0,False,0.0,09:45:46
19400.0,300,-550.0,0.0,BU,4236500.0,6876800.0,False,0.0,09:45:46
19400.0,4700,-550.0,0.0,BU,4236200.0,6876800.0,False,0.0,09:45:46
19400.0,200,-550.0,0.0,BU,4231500.0,6876800.0,False,0.0,09:45:46
19400.0,1000,-550.0,0.0,BU,4231300.0,6876800.0,False,0.0,09:45:46
19400.0,1000,-550.0,0.0,BU,4230300.0,6876800.0,False,0.0,09:45:46
19400.0,300,-550.0,0.0,BU,4229300.0,6876800.0,False,0.0,09:45:46
19400.0,1000,-550.0,0.0,BU,4229000.0,6876800.0,False,0.0,09:45:46
19400.0,200,-550.0,0.0,BU,4228000.0,6876800.0,False,0.0,09:45:46
19400.0,200,-550.0,0.0,BU,4227800.0,6876800.0,False,0.0,09:45:46
19400.0,100,-550.0,0.0,BU,4227600.0,6876800.0,False,0.0,09:45:46
19400.0,10000,-550.0,0.0,BU,4227500.0,6876800.0,False,0.0,09:45:46
19400.0,3300,-550.0,0.0,BU,4217500.0,6876800.0,False,0.0,09:45:46
19400.0,800,-550.0,0.0,BU,4214200.0,6876800.0,False,0.0,09:45:46
19400.0,2000,-550.0,0.0,BU,4213400.0,6876800.0,False,0.0,09:45:46
19400.0,200,-550.0,0.0,BU,4211400.0,6876800.0,False,0.0,09:45:46
19400.0,1000,-550.0,0.0,BU,4211200.0,6876800.0,False,0.0,09:45:46
19400.0,1000,-550.0,0.0,BU,4210200.0,6876800.0,False,0.0,09:45:46
19400.0,2000,-550.0,0.0,BU,4209200.0,6876800.0,False,0.0,09:45:46
19400.0,800,-550.0,0.0,BU,4207200.0,6876800.0,False,0.0,09:45:46
19400.0,1000,-550.0,0.0,BU,4206400.0,6876800.0,False,0.0,09:45:46
19400.0,100,-550.0,0.0,BU,4205400.0,6876800.0,False,0.0,09:45:46
19400.0,2000,-550.0,0.0,BU,4205300.0,6876800.0,False,0.0,09:45:46
19400.0,2100,-550.0,0.0,BU,4203300.0,6876800.0,False,0.0,09:45:46
19400.0,200,-550.0,0.0,BU,4201200.0,6876800.0,False,0.0,09:45:46
19400.0,1000,-550.0,0.0,BU,4201000.0,6876800.0,False,0.0,09:45:46
19400.0,2100,-550.0,0.0,BU,4200000.0,6876800.0,False,0.0,09:45:46
19400.0,100,-550.0,0.0,BU,4197900.0,6876800.0,False,0.0,09:45:46
19400.0,300,-550.0,0.0,BU,4197800.0,6876800.0,False,0.0,09:45:46
19400.0,500,-550.0,0.0,BU,4197500.0,6876800.0,False,0.0,09:45:46
19400.0,2000,-550.0,0.0,BU,4197000.0,6876800.0,False,0.0,09:45:46
19400.0,4200,-550.0,0.0,BU,4195000.0,6876800.0,False,0.0,09:45:46
19400.0,3000,-550.0,0.0,BU,4190800.0,6876800.0,False,0.0,09:45:46
19400.0,2000,-550.0,0.0,BU,4187800.0,6876800.0,False,0.0,09:45:46
19400.0,3700,-550.0,0.0,BU,4185800.0,6876800.0,False,0.0,09:45:46
19400.0,5900,-550.0,0.0,BU,4182100.0,6876800.0,False,0.0,09:45:46
19400.0,10000,-550.0,0.0,BU,4176200.0,6876800.0,False,0.0,09:45:46
19400.0,100,-550.0,0.0,BU,4166200.0,6876800.0,False,0.0,09:45:45
19400.0,300,-550.0,0.0,BU,4166100.0,6876800.0,False,0.0,09:45:45
19400.0,500,-550.0,0.0,BU,4165800.0,6876800.0,False,0.0,09:45:45
19400.0,2000,-550.0,0.0,BU,4165300.0,6876800.0,False,0.0,09:45:45
19400.0,2400,-550.0,0.0,BU,4163300.0,6876800.0,False,0.0,09:45:45
19400.0,1100,-550.0,0.0,BU,4160900.0,6876800.0,False,0.0,09:45:45
19400.0,1400,-550.0,0.0,BU,4159800.0,6876800.0,False,0.0,09:45:45
19400.0,6700,-550.0,0.0,BU,4158400.0,6876800.0,False,0.0,09:45:45
19400.0,500,-550.0,0.0,BU,4151700.0,6876800.0,False,0.0,09:45:44
19400.0,500,-550.0,0.0,BU,4151200.0,6876800.0,False,0.0,09:45:44
19400.0,400,-550.0,0.0,BU,4150700.0,6876800.0,False,0.0,09:45:44
19400.0,200,-550.0,0.0,BU,4150300.0,6876800.0,False,0.0,09:45:44
19400.0,200,-550.0,0.0,BU,4150100.0,6876800.0,False,0.0,09:45:44
19400.0,100,-550.0,0.0,BU,4149900.0,6876800.0,False,0.0,09:45:43
19400.0,2000,-550.0,0.0,BU,4149800.0,6876800.0,False,0.0,09:45:43
19400.0,500,-550.0,0.0,BU,4147800.0,6876800.0,False,0.0,09:45:43
19400.0,5000,-550.0,0.0,BU,4147300.0,6876800.0,False,0.0,09:45:43
19400.0,1100,-550.0,0.0,BU,4142300.0,6876800.0,False,0.0,09:45:43
19400.0,300,-550.0,0.0,BU,4141200.0,6876800.0,False,0.0,09:45:43
19400.0,500,-550.0,0.0,BU,4140900.0,6876800.0,False,0.0,09:45:42
19400.0,400,-550.0,0.0,BU,4140400.0,6876800.0,False,0.0,09:45:42
19400.0,4000,-550.0,0.0,BU,4140000.0,6876800.0,False,0.0,09:45:42
19400.0,700,-550.0,0.0,BU,4136000.0,6876800.0,False,0.0,09:45:42
19400.0,500,-550.0,0.0,BU,4135300.0,6876800.0,False,0.0,09:45:42
19400.0,1500,-550.0,0.0,BU,4134800.0,6876800.0,False,0.0,09:45:42
19400.0,100,-550.0,0.0,BU,4133300.0,6876800.0,False,0.0,09:45:41
19400.0,1000,-550.0,0.0,BU,4133200.0,6876800.0,False,0.0,09:45:41
19400.0,1900,-550.0,0.0,BU,4132200.0,6876800.0,False,0.0,09:45:41
19400.0,200,-550.0,0.0,BU,4130300.0,6876800.0,False,0.0,09:45:41
19400.0,1000,-550.0,0.0,BU,4130100.0,6876800.0,False,0.0,09:45:41
19400.0,200,-550.0,0.0,BU,4129100.0,6876800.0,False,0.0,09:45:40
19400.0,200,-550.0,0.0,BU,4128900.0,6876800.0,False,0.0,09:45:40
19400.0,200,-550.0,0.0,BU,4128700.0,6876800.0,False,0.0,09:45:40
19400.0,500,-550.0,0.0,BU,4128500.0,6876800.0,False,0.0,09:45:40
19400.0,6000,-550.0,0.0,BU,4128000.0,6876800.0,False,0.0,09:45:40
19400.0,1000,-550.0,0.0,BU,4122000.0,6876800.0,False,0.0,09:45:40
19400.0,400,-550.0,0.0,BU,4121000.0,6876800.0,False,0.0,09:45:40
19400.0,200,-550.0,0.0,BU,4120600.0,6876800.0,False,0.0,09:45:40
19400.0,3000,-550.0,0.0,BU,4120400.0,6876800.0,False,0.0,09:45:39
19400.0,1800,-550.0,0.0,BU,4117400.0,6876800.0,False,0.0,09:45:39
19400.0,5000,-550.0,0.0,BU,4115600.0,6876800.0,False,0.0,09:45:39
19400.0,500,-550.0,0.0,BU,4110600.0,6876800.0,False,0.0,09:45:39
19400.0,100,-550.0,0.0,BU,4110100.0,6876800.0,False,0.0,09:45:39
19400.0,500,-550.0,0.0,BU,4110000.0,6876800.0,False,0.0,09:45:39
19400.0,2200,-550.0,0.0,BU,4109500.0,6876800.0,False,0.0,09:45:39
19400.0,500,-550.0,0.0,BU,4107300.0,6876800.0,False,0.0,09:45:39
19400.0,500,-550.0,0.0,BU,4106800.0,6876800.0,False,0.0,09:45:38
19400.0,100,-550.0,0.0,BU,4106300.0,6876800.0,False,0.0,09:45:38
19400.0,1000,-550.0,0.0,BU,4106200.0,6876800.0,False,0.0,09:45:38
19400.0,500,-550.0,0.0,BU,4105200.0,6876800.0,False,0.0,09:45:38
19400.0,200,-550.0,0.0,BU,4104700.0,6876800.0,False,0.0,09:45:38
19400.0,100,-550.0,0.0,BU,4104500.0,6876800.0,False,0.0,09:45:38
19400.0,200,-550.0,0.0,BU,4104400.0,6876800.0,False,0.0,09:45:38
19400.0,1500,-550.0,0.0,BU,4104200.0,6876800.0,False,0.0,09:45:38
19400.0,1300,-550.0,0.0,BU,4102700.0,6876800.0,False,0.0,09:45:38
19400.0,3700,-550.0,0.0,BU,4101400.0,6876800.0,False,0.0,09:45:38
19400.0,1600,-550.0,0.0,BU,4097700.0,6876800.0,False,0.0,09:45:38
19400.0,500,-550.0,0.0,BU,4096100.0,6876800.0,False,0.0,09:45:38
19400.0,500,-550.0,0.0,BU,4095600.0,6876800.0,False,0.0,09:45:37
19400.0,100,-550.0,0.0,BU,4095100.0,6876800.0,False,0.0,09:45:37
19400.0,300,-550.0,0.0,BU,4095000.0,6876800.0,False,0.0,09:45:37
19400.0,200,-550.0,0.0,BU,4094700.0,6876800.0,False,0.0,09:45:37
19400.0,300,-550.0,0.0,BU,4094500.0,6876800.0,False,0.0,09:45:37
19400.0,200,-550.0,0.0,BU,4094200.0,6876800.0,False,0.0,09:45:37
19400.0,2000,-550.0,0.0,BU,4094000.0,6876800.0,False,0.0,09:45:36
19400.0,4800,-550.0,0.0,BU,4092000.0,6876800.0,False,0.0,09:45:36
19400.0,100,-550.0,0.0,BU,4087200.0,6876800.0,False,0.0,09:45:36
19400.0,1000,-550.0,0.0,BU,4087100.0,6876800.0,False,0.0,09:45:36
19400.0,2000,-550.0,0.0,BU,4086100.0,6876800.0,False,0.0,09:45:36
19400.0,1000,-550.0,0.0,BU,4084100.0,6876800.0,False,0.0,09:45:36
19400.0,300,-550.0,0.0,BU,4083100.0,6876800.0,False,0.0,09:45:36
19400.0,2500,-550.0,0.0,BU,4082800.0,6876800.0,False,0.0,09:45:36
19400.0,4000,-550.0,0.0,BU,4080300.0,6876800.0,False,0.0,09:45:36
19400.0,1000,-550.0,0.0,BU,4076300.0,6876800.0,False,0.0,09:45:36
19400.0,1300,-550.0,0.0,BU,4075300.0,6876800.0,False,0.0,09:45:36
19400.0,400,-550.0,0.0,BU,4074000.0,6876800.0,False,0.0,09:45:36
19400.0,500,-550.0,0.0,BU,4073600.0,6876800.0,False,0.0,09:45:36
19400.0,800,-550.0,0.0,BU,4073100.0,6876800.0,False,0.0,09:45:36
19400.0,200,-550.0,0.0,BU,4072300.0,6876800.0,False,0.0,09:45:36
19400.0,1800,-550.0,0.0,BU,4072100.0,6876800.0,False,0.0,09:45:36
19400.0,100,-550.0,0.0,BU,4070300.0,6876800.0,False,0.0,09:45:36
19400.0,100,-550.0,0.0,BU,4070200.0,6876800.0,False,0.0,09:45:36
19400.0,100,-550.0,0.0,BU,4070100.0,6876800.0,False,0.0,09:45:36
19400.0,300,-550.0,0.0,BU,4070000.0,6876800.0,False,0.0,09:45:36
19400.0,2000,-550.0,0.0,BU,4069700.0,6876800.0,False,0.0,09:45:36
19400.0,500,-550.0,0.0,BU,4067700.0,6876800.0,False,0.0,09:45:36
19400.0,500,-550.0,0.0,BU,4067200.0,6876800.0,False,0.0,09:45:36
19400.0,500,-550.0,0.0,BU,4066700.0,6876800.0,False,0.0,09:45:36
19400.0,12100,-550.0,0.0,BU,4066200.0,6876800.0,True,0.0,09:45:36
19400.0,100,-550.0,0.0,BU,4054100.0,6876800.0,False,0.0,09:45:35
19400.0,100,-550.0,0.0,BU,4054000.0,6876800.0,False,0.0,09:45:35
19400.0,3000,-550.0,0.0,BU,4053900.0,6876800.0,False,0.0,09:45:35
19400.0,1000,-550.0,0.0,BU,4050900.0,6876800.0,False,0.0,09:45:35
19400.0,600,-550.0,0.0,BU,4049900.0,6876800.0,False,0.0,09:45:35
19400.0,300,-550.0,0.0,BU,4049300.0,6876800.0,False,0.0,09:45:35
19400.0,500,-550.0,0.0,BU,4049000.0,6876800.0,False,0.0,09:45:34
19400.0,5000,-550.0,0.0,BU,4048500.0,6876800.0,False,0.0,09:45:34
19400.0,10000,-550.0,0.0,BU,4043500.0,6876800.0,False,0.0,09:45:34
19400.0,1000,-550.0,0.0,BU,4033500.0,6876800.0,False,0.0,09:45:34
19400.0,200,-550.0,0.0,BU,4032500.0,6876800.0,False,0.0,09:45:34
19400.0,200,-550.0,0.0,BU,4032300.0,6876800.0,False,0.0,09:45:34
19400.0,300,-550.0,0.0,BU,4032100.0,6876800.0,False,0.0,09:45:33
19400.0,1000,-550.0,0.0,BU,4031800.0,6876800.0,False,0.0,09:45:33
19400.0,500,-550.0,0.0,BU,4030800.0,6876800.0,False,0.0,09:45:33
19400.0,500,-550.0,0.0,BU,4030300.0,6876800.0,False,0.0,09:45:33
19400.0,10000,-550.0,0.0,BU,4029800.0,6876800.0,False,0.0,09:45:32
19400.0,200,-550.0,0.0,BU,4019800.0,6876800.0,False,0.0,09:45:32
19400.0,1000,-550.0,0.0,BU,4019600.0,6876800.0,False,0.0,09:45:31
19400.0,2500,-550.0,0.0,BU,4018600.0,6876800.0,False,0.0,09:45:31
19400.0,2000,-550.0,0.0,BU,4016100.0,6876800.0,False,0.0,09:45:31
19400.0,100,-550.0,0.0,BU,4014100.0,6876800.0,False,0.0,09:45:31
19400.0,500,-550.0,0.0,BU,4014000.0,6876800.0,False,0.0,09:45:31
19400.0,5000,-550.0,0.0,BU,4013500.0,6876800.0,False,0.0,09:45:30
19400.0,5000,-550.0,0.0,BU,4008500.0,6876800.0,False,0.0,09:45:30
19400.0,6000,-550.0,0.0,BU,4003500.0,6876800.0,False,50.0,09:45:30
19350.0,1000,-600.0,0.0,SD,3997500.0,6876800.0,False,-50.0,09:45:29
19400.0,400,-550.0,0.0,BU,3997500.0,6875800.0,False,0.0,09:45:29
19400.0,1000,-550.0,0.0,BU,3997100.0,6875800.0,False,0.0,09:45:29
19400.0,10000,-550.0,0.0,BU,3996100.0,6875800.0,False,50.0,09:45:29
19350.0,500,-600.0,0.0,SD,3986100.0,6875800.0,False,-50.0,09:45:28
19400.0,500,-550.0,0.0,BU,3986100.0,6875300.0,False,0.0,09:45:28
19400.0,1000,-550.0,0.0,BU,3985600.0,6875300.0,False,50.0,09:45:27
19350.0,1000,-600.0,0.0,SD,3984600.0,6875300.0,False,-50.0,09:45:27
19400.0,800,-550.0,0.0,BU,3984600.0,6874300.0,False,0.0,09:45:26
19400.0,1000,-550.0,0.0,BU,3983800.0,6874300.0,False,0.0,09:45:25
19400.0,4000,-550.0,0.0,BU,3982800.0,6874300.0,False,0.0,09:45:25
19400.0,9000,-550.0,0.0,BU,3978800.0,6874300.0,False,0.0,09:45:24
19400.0,600,-550.0,0.0,BU,3969800.0,6874300.0,False,0.0,09:45:24
19400.0,200,-550.0,0.0,BU,3969200.0,6874300.0,False,50.0,09:45:24
19350.0,200,-600.0,0.0,SD,3969000.0,6874300.0,False,-50.0,09:45:24
19400.0,300,-550.0,0.0,BU,3969000.0,6874100.0,False,0.0,09:45:24
19400.0,500,-550.0,0.0,BU,3968700.0,6874100.0,False,0.0,09:45:23
19400.0,1000,-550.0,0.0,BU,3968200.0,6874100.0,False,0.0,09:45:23
19400.0,1000,-550.0,0.0,BU,3967200.0,6874100.0,False,0.0,09:45:23
19400.0,3900,-550.0,0.0,BU,3966200.0,6874100.0,False,0.0,09:45:23
19400.0,1200,-550.0,0.0,BU,3962300.0,6874100.0,False,0.0,09:45:23
19400.0,2000,-550.0,0.0,BU,3961100.0,6874100.0,False,0.0,09:45:23
19400.0,500,-550.0,0.0,BU,3959100.0,6874100.0,False,0.0,09:45:21
19400.0,3000,-550.0,0.0,BU,3958600.0,6874100.0,False,0.0,09:45:21
19400.0,1000,-550.0,0.0,BU,3955600.0,6874100.0,False,0.0,09:45:20
19400.0,3000,-550.0,0.0,BU,3954600.0,6874100.0,False,0.0,09:45:20
19400.0,500,-550.0,0.0,BU,3951600.0,6874100.0,False,0.0,09:45:18
19400.0,200,-550.0,0.0,BU,3951100.0,6874100.0,False,0.0,09:45:17
19400.0,500,-550.0,0.0,BU,3950900.0,6874100.0,False,50.0,09:45:17
19350.0,1000,-600.0,0.0,SD,3950400.0,6874100.0,False,0.0,09:45:16
19350.0,500,-600.0,0.0,SD,3950400.0,6873100.0,False,0.0,09:45:16
19350.0,500,-600.0,0.0,SD,3950400.0,6872600.0,False,-50.0,09:45:16
19400.0,200,-550.0,0.0,BU,3950400.0,6872100.0,False,50.0,09:45:16
19350.0,100,-600.0,0.0,SD,3950200.0,6872100.0,False,-50.0,09:45:16
19400.0,1800,-550.0,0.0,BU,3950200.0,6872000.0,False,0.0,09:45:16
19400.0,1000,-550.0,0.0,BU,3948400.0,6872000.0,False,0.0,09:45:16
19400.0,3000,-550.0,0.0,BU,3947400.0,6872000.0,False,0.0,09:45:16
19400.0,200,-550.0,0.0,BU,3944400.0,6872000.0,False,0.0,09:45:16
19400.0,300,-550.0,0.0,BU,3944200.0,6872000.0,False,0.0,09:45:16
19400.0,700,-550.0,0.0,BU,3943900.0,6872000.0,False,0.0,09:45:16
19400.0,200,-550.0,0.0,BU,3943200.0,6872000.0,False,0.0,09:45:16
19400.0,200,-550.0,0.0,BU,3943000.0,6872000.0,False,0.0,09:45:16
19400.0,1000,-550.0,0.0,BU,3942800.0,6872000.0,False,0.0,09:45:16
19400.0,1000,-550.0,0.0,BU,3941800.0,6872000.0,False,0.0,09:45:16
19400.0,10000,-550.0,0.0,BU,3940800.0,6872000.0,False,0.0,09:45:16
19400.0,1000,-550.0,0.0,BU,3930800.0,6872000.0,False,0.0,09:45:16
19400.0,20000,-550.0,0.0,BU,3929800.0,6872000.0,True,0.0,09:45:16
19400.0,1000,-550.0,0.0,BU,3909800.0,6872000.0,False,0.0,09:45:16
19400.0,2600,-550.0,0.0,BU,3908800.0,6872000.0,False,0.0,09:45:16
19400.0,5000,-550.0,0.0,BU,3906200.0,6872000.0,False,0.0,09:45:16
19400.0,1800,-550.0,0.0,BU,3901200.0,6872000.0,False,0.0,09:45:16
19400.0,2000,-550.0,0.0,BU,3899400.0,6872000.0,False,0.0,09:45:16
19400.0,1000,-550.0,0.0,BU,3897400.0,6872000.0,False,0.0,09:45:16
19400.0,200,-550.0,0.0,BU,3896400.0,6872000.0,False,0.0,09:45:16
19400.0,1000,-550.0,0.0,BU,3896200.0,6872000.0,False,0.0,09:45:16
19400.0,2000,-550.0,0.0,BU,3895200.0,6872000.0,False,0.0,09:45:16
19400.0,100,-550.0,0.0,BU,3893200.0,6872000.0,False,0.0,09:45:16
19400.0,2000,-550.0,0.0,BU,3893100.0,6872000.0,False,0.0,09:45:16
19400.0,500,-550.0,0.0,BU,3891100.0,6872000.0,False,0.0,09:45:16
19400.0,10000,-550.0,0.0,BU,3890600.0,6872000.0,False,0.0,09:45:16
19400.0,2000,-550.0,0.0,BU,3880600.0,6872000.0,False,0.0,09:45:16
19400.0,1000,-550.0,0.0,BU,3878600.0,6872000.0,False,0.0,09:45:16
19400.0,1300,-550.0,0.0,BU,3877600.0,6872000.0,False,0.0,09:45:16
19400.0,500,-550.0,0.0,BU,3876300.0,6872000.0,False,0.0,09:45:16
19400.0,1600,-550.0,0.0,BU,3875800.0,6872000.0,False,0.0,09:45:16
19400.0,20000,-550.0,0.0,BU,3874200.0,6872000.0,True,0.0,09:45:16
19400.0,5000,-550.0,0.0,BU,3854200.0,6872000.0,False,0.0,09:45:16
19400.0,1000,-550.0,0.0,BU,3849200.0,6872000.0,False,50.0,09:45:16
19350.0,1100,-600.0,0.0,SD,3848200.0,6872000.0,False,-50.0,09:45:16
19400.0,100,-550.0,0.0,BU,3848200.0,6870900.0,False,0.0,09:45:15
19400.0,500,-550.0,0.0,BU,3848100.0,6870900.0,False,0.0,09:45:14
19400.0,100,-550.0,0.0,BU,3847600.0,6870900.0,False,0.0,09:45:12
19400.0,300,-550.0,0.0,BU,3847500.0,6870900.0,False,0.0,09:45:11
19400.0,2000,-550.0,0.0,BU,3847200.0,6870900.0,False,0.0,09:45:11
19400.0,2000,-550.0,0.0,BU,3845200.0,6870900.0,False,0.0,09:45:11
19400.0,100,-550.0,0.0,BU,3843200.0,6870900.0,False,0.0,09:45:11
19400.0,1000,-550.0,0.0,BU,3843100.0,6870900.0,False,0.0,09:45:11
19400.0,2000,-550.0,0.0,BU,3842100.0,6870900.0,False,0.0,09:45:11
19400.0,1000,-550.0,0.0,BU,3840100.0,6870900.0,False,50.0,09:45:10
19350.0,2800,-600.0,0.0,SD,3839100.0,6870900.0,False,0.0,09:45:10
19350.0,200,-600.0,0.0,SD,3839100.0,6868100.0,False,-50.0,09:45:10
19400.0,5700,-550.0,0.0,BU,3839100.0,6867900.0,False,0.0,09:45:10
19400.0,1000,-550.0,0.0,BU,3833400.0,6867900.0,False,0.0,09:45:09
19400.0,100,-550.0,0.0,BU,3832400.0,6867900.0,False,0.0,09:45:08
19400.0,200,-550.0,0.0,BU,3832300.0,6867900.0,False,0.0,09:45:08
19400.0,1300,-550.0,0.0,BU,3832100.0,6867900.0,False,0.0,09:45:08
19400.0,1100,-550.0,0.0,BU,3830800.0,6867900.0,False,0.0,09:45:08
19400.0,300,-550.0,0.0,BU,3829700.0,6867900.0,False,0.0,09:45:08
19400.0,500,-550.0,0.0,BU,3829400.0,6867900.0,False,0.0,09:45:06
19400.0,500,-550.0,0.0,BU,3828900.0,6867900.0,False,0.0,09:45:05
19400.0,10000,-550.0,0.0,BU,3828400.0,6867900.0,False,50.0,09:45:05
19350.0,200,-600.0,0.0,SD,3818400.0,6867900.0,False,-50.0,09:45:03
19400.0,300,-550.0,0.0,BU,3818400.0,6867700.0,False,0.0,09:45:01
19400.0,300,-550.0,0.0,BU,3818100.0,6867700.0,False,0.0,09:45:01
19400.0,1000,-550.0,0.0,BU,3817800.0,6867700.0,False,0.0,09:45:00
19400.0,300,-550.0,0.0,BU,3816800.0,6867700.0,False,0.0,09:44:58
19400.0,2000,-550.0,0.0,BU,3816500.0,6867700.0,False,0.0,09:44:57
19400.0,500,-550.0,0.0,BU,3814500.0,6867700.0,False,0.0,09:44:56
19400.0,3000,-550.0,0.0,BU,3814000.0,6867700.0,False,0.0,09:44:56
19400.0,7000,-550.0,0.0,BU,3811000.0,6867700.0,False,0.0,09:44:55
19400.0,3200,-550.0,0.0,BU,3804000.0,6867700.0,False,0.0,09:44:55
19400.0,1800,-550.0,0.0,BU,3800800.0,6867700.0,False,0.0,09:44:55
19400.0,1000,-550.0,0.0,BU,3799000.0,6867700.0,False,0.0,09:44:55
19400.0,1000,-550.0,0.0,BU,3798000.0,6867700.0,False,50.0,09:44:54
19350.0,3200,-600.0,0.0,SD,3797000.0,6867700.0,False,-50.0,09:44:53
19400.0,100,-550.0,0.0,BU,3797000.0,6864500.0,False,0.0,09:44:53
19400.0,200,-550.0,0.0,BU,3796900.0,6864500.0,False,0.0,09:44:51
19400.0,1000,-550.0,0.0,BU,3796700.0,6864500.0,False,50.0,09:44:50
19350.0,900,-600.0,0.0,SD,3795700.0,6864500.0,False,-50.0,09:44:50
19400.0,1000,-550.0,0.0,BU,3795700.0,6863600.0,False,0.0,09:44:48
19400.0,1000,-550.0,0.0,BU,3794700.0,6863600.0,False,0.0,09:44:46
19400.0,1000,-550.0,0.0,BU,3793700.0,6863600.0,False,0.0,09:44:45
19400.0,100,-550.0,0.0,BU,3792700.0,6863600.0,False,0.0,09:44:45
19400.0,200,-550.0,0.0,BU,3792600.0,6863600.0,False,0.0,09:44:45
19400.0,100,-550.0,0.0,BU,3792400.0,6863600.0,False,0.0,09:44:44
19400.0,100,-550.0,0.0,BU,3792300.0,6863600.0,False,0.0,09:44:41
19400.0,600,-550.0,0.0,BU,3792200.0,6863600.0,False,50.0,09:44:41
19350.0,400,-600.0,0.0,SD,3791600.0,6863600.0,False,-50.0,09:44:41
19400.0,100,-550.0,0.0,BU,3791600.0,6863200.0,False,0.0,09:44:40
19400.0,1000,-550.0,0.0,BU,3791500.0,6863200.0,False,0.0,09:44:40
19400.0,300,-550.0,0.0,BU,3790500.0,6863200.0,False,0.0,09:44:40
19400.0,200,-550.0,0.0,BU,3790200.0,6863200.0,False,0.0,09:44:39
19400.0,5000,-550.0,0.0,BU,3790000.0,6863200.0,False,0.0,09:44:39
19400.0,10000,-550.0,0.0,BU,3785000.0,6863200.0,False,0.0,09:44:38
19400.0,4200,-550.0,0.0,BU,3775000.0,6863200.0,False,0.0,09:44:37
19400.0,800,-550.0,0.0,BU,3770800.0,6863200.0,False,0.0,09:44:37
19400.0,200,-550.0,0.0,BU,3770000.0,6863200.0,False,0.0,09:44:37
19400.0,500,-550.0,0.0,BU,3769800.0,6863200.0,False,0.0,09:44:36
19400.0,500,-550.0,0.0,BU,3769300.0,6863200.0,False,0.0,09:44:35
19400.0,200,-550.0,0.0,BU,3768800.0,6863200.0,False,0.0,09:44:34
19400.0,2800,-550.0,0.0,BU,3768600.0,6863200.0,False,0.0,09:44:33
19400.0,200,-550.0,0.0,BU,3765800.0,6863200.0,False,0.0,09:44:33
19400.0,300,-550.0,0.0,BU,3765600.0,6863200.0,False,50.0,09:44:31
19350.0,5100,-600.0,0.0,SD,3765300.0,6863200.0,False,0.0,09:44:30
19350.0,100,-600.0,0.0,SD,3765300.0,6858100.0,False,0.0,09:44:30
19350.0,100,-600.0,0.0,SD,3765300.0,6858000.0,False,0.0,09:44:30
19350.0,1000,-600.0,0.0,SD,3765300.0,6857900.0,False,0.0,09:44:30
19350.0,100,-600.0,0.0,SD,3765300.0,6856900.0,False,0.0,09:44:30
19350.0,100,-600.0,0.0,SD,3765300.0,6856800.0,False,0.0,09:44:30
19350.0,500,-600.0,0.0,SD,3765300.0,6856700.0,False,0.0,09:44:30
19350.0,2000,-600.0,0.0,SD,3765300.0,6856200.0,False,0.0,09:44:30
19350.0,1000,-600.0,0.0,SD,3765300.0,6854200.0,False,-50.0,09:44:30
19400.0,100,-550.0,0.0,BU,3765300.0,6853200.0,False,0.0,09:44:27
19400.0,200,-550.0,0.0,BU,3765200.0,6853200.0,False,0.0,09:44:27
19400.0,1200,-550.0,0.0,BU,3765000.0,6853200.0,False,0.0,09:44:27
19400.0,300,-550.0,0.0,BU,3763800.0,6853200.0,False,0.0,09:44:27
19400.0,100,-550.0,0.0,BU,3763500.0,6853200.0,False,0.0,09:44:27
19400.0,400,-550.0,0.0,BU,3763400.0,6853200.0,False,0.0,09:44:27
19400.0,100,-550.0,0.0,BU,3763000.0,6853200.0,False,0.0,09:44:26
19400.0,300,-550.0,0.0,BU,3762900.0,6853200.0,False,0.0,09:44:26
19400.0,300,-550.0,0.0,BU,3762600.0,6853200.0,False,50.0,09:44:25
19350.0,100,-600.0,0.0,SD,3762300.0,6853200.0,False,0.0,09:44:22
19350.0,700,-600.0,0.0,SD,3762300.0,6853100.0,False,-50.0,09:44:21
19400.0,200,-550.0,0.0,BU,3762300.0,6852400.0,False,0.0,09:44:21
19400.0,100,-550.0,0.0,BU,3762100.0,6852400.0,False,0.0,09:44:21
19400.0,200,-550.0,0.0,BU,3762000.0,6852400.0,False,0.0,09:44:21
19400.0,400,-550.0,0.0,BU,3761800.0,6852400.0,False,0.0,09:44:21
19400.0,500,-550.0,0.0,BU,3761400.0,6852400.0,False,0.0,09:44:21
19400.0,100,-550.0,0.0,BU,3760900.0,6852400.0,False,0.0,09:44:21
19400.0,500,-550.0,0.0,BU,3760800.0,6852400.0,False,0.0,09:44:21
19400.0,5000,-550.0,0.0,BU,3760300.0,6852400.0,False,50.0,09:44:19
19350.0,800,-600.0,0.0,SD,3755300.0,6852400.0,False,0.0,09:44:17
19350.0,300,-600.0,0.0,SD,3755300.0,6851600.0,False,-50.0,09:44:16
19400.0,4800,-550.0,0.0,BU,3755300.0,6851300.0,False,0.0,09:44:16
19400.0,200,-550.0,0.0,BU,3750500.0,6851300.0,False,0.0,09:44:16
19400.0,300,-550.0,0.0,BU,3750300.0,6851300.0,False,0.0,09:44:15
19400.0,100,-550.0,0.0,BU,3750000.0,6851300.0,False,0.0,09:44:15
19400.0,1400,-550.0,0.0,BU,3749900.0,6851300.0,False,0.0,09:44:15
19400.0,100,-550.0,0.0,BU,3748500.0,6851300.0,False,0.0,09:44:15
19400.0,1400,-550.0,0.0,BU,3748400.0,6851300.0,False,0.0,09:44:13
19400.0,100,-550.0,0.0,BU,3747000.0,6851300.0,False,0.0,09:44:13
19400.0,100,-550.0,0.0,BU,3746900.0,6851300.0,False,0.0,09:44:13
19400.0,500,-550.0,0.0,BU,3746800.0,6851300.0,False,0.0,09:44:13
19400.0,2400,-550.0,0.0,BU,3746300.0,6851300.0,False,0.0,09:44:13
19400.0,100,-550.0,0.0,BU,3743900.0,6851300.0,False,0.0,09:44:13
19400.0,2800,-550.0,0.0,BU,3743800.0,6851300.0,False,0.0,09:44:13
19400.0,100,-550.0,0.0,BU,3741000.0,6851300.0,False,50.0,09:44:12
19350.0,5100,-600.0,0.0,SD,3740900.0,6851300.0,False,0.0,09:44:10
19350.0,500,-600.0,0.0,SD,3740900.0,6846200.0,False,0.0,09:44:10
19350.0,1200,-600.0,0.0,SD,3740900.0,6845700.0,False,0.0,09:44:10
19350.0,100,-600.0,0.0,SD,3740900.0,6844500.0,False,0.0,09:44:10
19350.0,400,-600.0,0.0,SD,3740900.0,6844400.0,False,0.0,09:44:10
19350.0,1000,-600.0,0.0,SD,3740900.0,6844000.0,False,0.0,09:44:10
19350.0,300,-600.0,0.0,SD,3740900.0,6843000.0,False,0.0,09:44:10
19350.0,300,-600.0,0.0,SD,3740900.0,6842700.0,False,0.0,09:44:10
19350.0,1000,-600.0,0.0,SD,3740900.0,6842400.0,False,0.0,09:44:10
19350.0,8100,-600.0,0.0,SD,3740900.0,6841400.0,False,-50.0,09:44:10
19400.0,100,-550.0,0.0,BU,3740900.0,6833300.0,False,0.0,09:44:09
19400.0,100,-550.0,0.0,BU,3740800.0,6833300.0,False,50.0,09:44:06
19350.0,1000,-600.0,0.0,SD,3740700.0,6833300.0,False,-50.0,09:44:06
19400.0,200,-550.0,0.0,BU,3740700.0,6832300.0,False,0.0,09:44:05
19400.0,100,-550.0,0.0,BU,3740500.0,6832300.0,False,0.0,09:44:04
19400.0,100,-550.0,0.0,BU,3740400.0,6832300.0,False,0.0,09:44:04
19400.0,200,-550.0,0.0,BU,3740300.0,6832300.0,False,0.0,09:44:03
19400.0,300,-550.0,0.0,BU,3740100.0,6832300.0,False,0.0,09:44:01
19400.0,200,-550.0,0.0,BU,3739800.0,6832300.0,False,0.0,09:44:01
19400.0,400,-550.0,0.0,BU,3739600.0,6832300.0,False,0.0,09:44:01
19400.0,1700,-550.0,0.0,BU,3739200.0,6832300.0,False,0.0,09:44:01
19400.0,8300,-550.0,0.0,BU,3737500.0,6832300.0,False,0.0,09:44:01
19400.0,1700,-550.0,0.0,BU,3729200.0,6832300.0,False,0.0,09:44:01
19400.0,100,-550.0,0.0,BU,3727500.0,6832300.0,False,0.0,09:44:00
19400.0,100,-550.0,0.0,BU,3727400.0,6832300.0,False,0.0,09:43:59
19400.0,1500,-550.0,0.0,BU,3727300.0,6832300.0,False,50.0,09:43:59
19350.0,900,-600.0,0.0,SD,3725800.0,6832300.0,False,0.0,09:43:58
19350.0,1500,-600.0,0.0,SD,3725800.0,6831400.0,False,0.0,09:43:58
19350.0,500,-600.0,0.0,SD,3725800.0,6829900.0,False,0.0,09:43:58
19350.0,500,-600.0,0.0,SD,3725800.0,6829400.0,False,0.0,09:43:58
19350.0,300,-600.0,0.0,SD,3725800.0,6828900.0,False,0.0,09:43:58
19350.0,800,-600.0,0.0,SD,3725800.0,6828600.0,False,0.0,09:43:58
19350.0,100,-600.0,0.0,SD,3725800.0,6827800.0,False,0.0,09:43:58
19350.0,1000,-600.0,0.0,SD,3725800.0,6827700.0,False,0.0,09:43:58
19350.0,300,-600.0,0.0,SD,3725800.0,6826700.0,False,0.0,09:43:58
19350.0,4000,-600.0,0.0,SD,3725800.0,6826400.0,False,0.0,09:43:58
19350.0,200,-600.0,0.0,SD,3725800.0,6822400.0,False,0.0,09:43:58
19350.0,900,-600.0,0.0,SD,3725800.0,6822200.0,False,0.0,09:43:58
19350.0,500,-600.0,0.0,SD,3725800.0,6821300.0,False,0.0,09:43:58
19350.0,200,-600.0,0.0,SD,3725800.0,6820800.0,False,0.0,09:43:58
19350.0,100,-600.0,0.0,SD,3725800.0,6820600.0,False,0.0,09:43:58
19350.0,100,-600.0,0.0,SD,3725800.0,6820500.0,False,0.0,09:43:58
19350.0,100,-600.0,0.0,SD,3725800.0,6820400.0,False,0.0,09:43:58
19350.0,100,-600.0,0.0,SD,3725800.0,6820300.0,False,0.0,09:43:58
19350.0,1000,-600.0,0.0,SD,3725800.0,6820200.0,False,0.0,09:43:58
19350.0,100,-600.0,0.0,SD,3725800.0,6819200.0,False,0.0,09:43:58
19350.0,100,-600.0,0.0,SD,3725800.0,6819100.0,False,0.0,09:43:58
19350.0,1500,-600.0,0.0,SD,3725800.0,6819000.0,False,0.0,09:43:58
19350.0,200,-600.0,0.0,SD,3725800.0,6817500.0,False,0.0,09:43:58
19350.0,1500,-600.0,0.0,SD,3725800.0,6817300.0,False,0.0,09:43:58
19350.0,1000,-600.0,0.0,SD,3725800.0,6815800.0,False,0.0,09:43:58
19350.0,1300,-600.0,0.0,SD,3725800.0,6814800.0,False,0.0,09:43:58
19350.0,500,-600.0,0.0,SD,3725800.0,6813500.0,False,0.0,09:43:58
19350.0,500,-600.0,0.0,SD,3725800.0,6813000.0,False,0.0,09:43:58
19350.0,500,-600.0,0.0,SD,3725800.0,6812500.0,False,0.0,09:43:58
19350.0,700,-600.0,0.0,SD,3725800.0,6812000.0,False,0.0,09:43:58
19350.0,200,-600.0,0.0,SD,3725800.0,6811300.0,False,0.0,09:43:58
19350.0,8800,-600.0,0.0,SD,3725800.0,6811100.0,False,-50.0,09:43:58
19400.0,1500,-550.0,0.0,BU,3725800.0,6802300.0,False,50.0,09:43:57
19350.0,1000,-600.0,0.0,SD,3724300.0,6802300.0,False,0.0,09:43:57
19350.0,200,-600.0,0.0,SD,3724300.0,6801300.0,False,0.0,09:43:56
19350.0,1000,-600.0,0.0,SD,3724300.0,6801100.0,False,0.0,09:43:56
19350.0,2300,-600.0,0.0,SD,3724300.0,6800100.0,False,-50.0,09:43:56
19400.0,100,-550.0,0.0,BU,3724300.0,6797800.0,False,0.0,09:43:56
19400.0,900,-550.0,0.0,BU,3724200.0,6797800.0,False,0.0,09:43:56
19400.0,100,-550.0,0.0,BU,3723300.0,6797800.0,False,0.0,09:43:54
19400.0,400,-550.0,0.0,BU,3723200.0,6797800.0,False,0.0,09:43:54
19400.0,200,-550.0,0.0,BU,3722800.0,6797800.0,False,0.0,09:43:52
19400.0,100,-550.0,0.0,BU,3722600.0,6797800.0,False,50.0,09:43:50
19350.0,2000,-600.0,0.0,SD,3722500.0,6797800.0,False,-50.0,09:43:47
19400.0,100,-550.0,0.0,BU,3722500.0,6795800.0,False,50.0,09:43:46
19350.0,500,-600.0,0.0,SD,3722400.0,6795800.0,False,0.0,09:43:45
19350.0,1400,-600.0,0.0,SD,3722400.0,6795300.0,False,-50.0,09:43:44
19400.0,100,-550.0,0.0,BU,3722400.0,6793900.0,False,50.0,09:43:43
19350.0,3000,-600.0,0.0,SD,3722300.0,6793900.0,False,-50.0,09:43:43
19400.0,100,-550.0,0.0,BU,3722300.0,6790900.0,False,0.0,09:43:43
19400.0,400,-550.0,0.0,BU,3722200.0,6790900.0,False,50.0,09:43:40
19350.0,400,-600.0,0.0,SD,3721800.0,6790900.0,False,-50.0,09:43:40
19400.0,200,-550.0,0.0,BU,3721800.0,6790500.0,False,0.0,09:43:39
19400.0,500,-550.0,0.0,BU,3721600.0,6790500.0,False,50.0,09:43:37
19350.0,400,-600.0,0.0,SD,3721100.0,6790500.0,False,0.0,09:43:37
19350.0,100,-600.0,0.0,SD,3721100.0,6790100.0,False,0.0,09:43:37
19350.0,200,-600.0,0.0,SD,3721100.0,6790000.0,False,0.0,09:43:35
19350.0,100,-600.0,0.0,SD,3721100.0,6789800.0,False,0.0,09:43:35
19350.0,500,-600.0,0.0,SD,3721100.0,6789700.0,False,0.0,09:43:35
19350.0,500,-600.0,0.0,SD,3721100.0,6789200.0,False,0.0,09:43:34
19350.0,1200,-600.0,0.0,SD,3721100.0,6788700.0,False,0.0,09:43:34
19350.0,500,-600.0,0.0,SD,3721100.0,6787500.0,False,-50.0,09:43:34
19400.0,700,-550.0,0.0,BU,3721100.0,6787000.0,False,50.0,09:43:33
19350.0,600,-600.0,0.0,SD,3720400.0,6787000.0,False,-50.0,09:43:31
19400.0,600,-550.0,0.0,BU,3720400.0,6786400.0,False,50.0,09:43:30
19350.0,200,-600.0,0.0,SD,3719800.0,6786400.0,False,0.0,09:43:28
19350.0,100,-600.0,0.0,SD,3719800.0,6786200.0,False,0.0,09:43:28
19350.0,500,-600.0,0.0,SD,3719800.0,6786100.0,False,0.0,09:43:28
19350.0,200,-600.0,0.0,SD,3719800.0,6785600.0,False,0.0,09:43:28
19350.0,100,-600.0,0.0,SD,3719800.0,6785400.0,False,0.0,09:43:28
19350.0,100,-600.0,0.0,SD,3719800.0,6785300.0,False,0.0,09:43:28
19350.0,300,-600.0,0.0,SD,3719800.0,6785200.0,False,0.0,09:43:28
19350.0,500,-600.0,0.0,SD,3719800.0,6784900.0,False,0.0,09:43:28
19350.0,200,-600.0,0.0,SD,3719800.0,6784400.0,False,0.0,09:43:28
19350.0,200,-600.0,0.0,SD,3719800.0,6784200.0,False,0.0,09:43:28
19350.0,300,-600.0,0.0,SD,3719800.0,6784000.0,False,0.0,09:43:28
19350.0,1000,-600.0,0.0,SD,3719800.0,6783700.0,False,0.0,09:43:28
19350.0,500,-600.0,0.0,SD,3719800.0,6782700.0,False,0.0,09:43:28
19350.0,1000,-600.0,0.0,SD,3719800.0,6782200.0,False,0.0,09:43:28
19350.0,400,-600.0,0.0,SD,3719800.0,6781200.0,False,0.0,09:43:28
19350.0,1000,-600.0,0.0,SD,3719800.0,6780800.0,False,0.0,09:43:28
19350.0,400,-600.0,0.0,SD,3719800.0,6779800.0,False,0.0,09:43:28
19350.0,1000,-600.0,0.0,SD,3719800.0,6779400.0,False,0.0,09:43:28
19350.0,100,-600.0,0.0,SD,3719800.0,6778400.0,False,0.0,09:43:28
19350.0,600,-600.0,0.0,SD,3719800.0,6778300.0,False,0.0,09:43:28
19350.0,1000,-600.0,0.0,SD,3719800.0,6777700.0,False,0.0,09:43:28
19350.0,100,-600.0,0.0,SD,3719800.0,6776700.0,False,0.0,09:43:28
19350.0,500,-600.0,0.0,SD,3719800.0,6776600.0,False,0.0,09:43:28
19350.0,200,-600.0,0.0,SD,3719800.0,6776100.0,False,0.0,09:43:28
19350.0,100,-600.0,0.0,SD,3719800.0,6775900.0,False,0.0,09:43:28
19350.0,1800,-600.0,0.0,SD,3719800.0,6775800.0,False,0.0,09:43:28
19350.0,5000,-600.0,0.0,SD,3719800.0,6774000.0,False,0.0,09:43:28
19350.0,3700,-600.0,0.0,SD,3719800.0,6769000.0,False,0.0,09:43:28
19350.0,3600,-600.0,0.0,SD,3719800.0,6765300.0,False,0.0,09:43:28
19350.0,400,-600.0,0.0,SD,3719800.0,6761700.0,False,0.0,09:43:28
19350.0,100,-600.0,0.0,SD,3719800.0,6761300.0,False,0.0,09:43:28
19350.0,100,-600.0,0.0,SD,3719800.0,6761200.0,False,0.0,09:43:28
19350.0,100,-600.0,0.0,SD,3719800.0,6761100.0,False,0.0,09:43:28
19350.0,200,-600.0,0.0,SD,3719800.0,6761000.0,False,0.0,09:43:28
19350.0,2000,-600.0,0.0,SD,3719800.0,6760800.0,False,0.0,09:43:28
19350.0,2400,-600.0,0.0,SD,3719800.0,6758800.0,False,-50.0,09:43:28
19400.0,1000,-550.0,0.0,BU,3719800.0,6756400.0,False,0.0,09:43:23
19400.0,100,-550.0,0.0,BU,3718800.0,6756400.0,False,0.0,09:43:20
19400.0,100,-550.0,0.0,BU,3718700.0,6756400.0,False,0.0,09:43:16
19400.0,5400,-550.0,0.0,BU,3718600.0,6756400.0,False,0.0,09:43:14
19400.0,200,-550.0,0.0,BU,3713200.0,6756400.0,False,0.0,09:43:14
19400.0,100,-550.0,0.0,BU,3713000.0,6756400.0,False,50.0,09:43:14
19350.0,200,-600.0,0.0,SD,3712900.0,6756400.0,False,0.0,09:43:13
19350.0,500,-600.0,0.0,SD,3712900.0,6756200.0,False,-50.0,09:43:10
19400.0,500,-550.0,0.0,BU,3712900.0,6755700.0,False,0.0,09:43:10
19400.0,300,-550.0,0.0,BU,3712400.0,6755700.0,False,0.0,09:43:10
19400.0,800,-550.0,0.0,BU,3712100.0,6755700.0,False,0.0,09:43:10
19400.0,500,-550.0,0.0,BU,3711300.0,6755700.0,False,50.0,09:43:10
19350.0,1900,-600.0,0.0,SD,3710800.0,6755700.0,False,0.0,09:43:09
19350.0,100,-600.0,0.0,SD,3710800.0,6753800.0,False,0.0,09:43:09
19350.0,100,-600.0,0.0,SD,3710800.0,6753700.0,False,0.0,09:43:09
19350.0,200,-600.0,0.0,SD,3710800.0,6753600.0,False,0.0,09:43:09
19350.0,100,-600.0,0.0,SD,3710800.0,6753400.0,False,0.0,09:43:09
19350.0,1000,-600.0,0.0,SD,3710800.0,6753300.0,False,0.0,09:43:09
19350.0,3100,-600.0,0.0,SD,3710800.0,6752300.0,False,0.0,09:43:09
19350.0,2000,-600.0,0.0,SD,3710800.0,6749200.0,False,0.0,09:43:08
19350.0,2000,-600.0,0.0,SD,3710800.0,6747200.0,False,0.0,09:43:06
19350.0,1000,-600.0,0.0,SD,3710800.0,6745200.0,False,0.0,09:43:04
19350.0,1900,-600.0,0.0,SD,3710800.0,6744200.0,False,0.0,09:43:04
19350.0,1000,-600.0,0.0,SD,3710800.0,6742300.0,False,0.0,09:43:04
19350.0,1000,-600.0,0.0,SD,3710800.0,6741300.0,False,0.0,09:43:04
19350.0,300,-600.0,0.0,SD,3710800.0,6740300.0,False,0.0,09:43:04
19350.0,100,-600.0,0.0,SD,3710800.0,6740000.0,False,0.0,09:43:04
19350.0,200,-600.0,0.0,SD,3710800.0,6739900.0,False,0.0,09:43:04
19350.0,100,-600.0,0.0,SD,3710800.0,6739700.0,False,0.0,09:43:04
19350.0,200,-600.0,0.0,SD,3710800.0,6739600.0,False,0.0,09:43:04
19350.0,100,-600.0,0.0,SD,3710800.0,6739400.0,False,0.0,09:43:04
19350.0,100,-600.0,0.0,SD,3710800.0,6739300.0,False,0.0,09:43:04
19350.0,100,-600.0,0.0,SD,3710800.0,6739200.0,False,0.0,09:43:03
19350.0,400,-600.0,0.0,SD,3710800.0,6739100.0,False,0.0,09:43:03
19350.0,600,-600.0,0.0,SD,3710800.0,6738700.0,False,0.0,09:43:02
19350.0,300,-600.0,0.0,SD,3710800.0,6738100.0,False,0.0,09:43:02
19350.0,100,-600.0,0.0,SD,3710800.0,6737800.0,False,-50.0,09:43:02
19400.0,1500,-550.0,0.0,BU,3710800.0,6737700.0,False,0.0,09:43:02
19400.0,1000,-550.0,0.0,BU,3709300.0,6737700.0,False,0.0,09:43:02
19400.0,500,-550.0,0.0,BU,3708300.0,6737700.0,False,50.0,09:43:02
19350.0,1800,-600.0,0.0,SD,3707800.0,6737700.0,False,0.0,09:43:02
19350.0,8100,-600.0,0.0,SD,3707800.0,6735900.0,False,0.0,09:43:00
19350.0,200,-600.0,0.0,SD,3707800.0,6727800.0,False,0.0,09:43:00
19350.0,100,-600.0,0.0,SD,3707800.0,6727600.0,False,0.0,09:43:00
19350.0,100,-600.0,0.0,SD,3707800.0,6727500.0,False,0.0,09:43:00
19350.0,100,-600.0,0.0,SD,3707800.0,6727400.0,False,0.0,09:43:00
19350.0,100,-600.0,0.0,SD,3707800.0,6727300.0,False,0.0,09:43:00
19350.0,1000,-600.0,0.0,SD,3707800.0,6727200.0,False,0.0,09:43:00
19350.0,1000,-600.0,0.0,SD,3707800.0,6726200.0,False,0.0,09:43:00
19350.0,300,-600.0,0.0,SD,3707800.0,6725200.0,False,0.0,09:43:00
19350.0,100,-600.0,0.0,SD,3707800.0,6724900.0,False,0.0,09:43:00
19350.0,5900,-600.0,0.0,SD,3707800.0,6724800.0,False,0.0,09:43:00
19350.0,4000,-600.0,0.0,SD,3707800.0,6718900.0,False,0.0,09:43:00
19350.0,1000,-600.0,0.0,SD,3707800.0,6714900.0,False,0.0,09:42:58
19350.0,500,-600.0,0.0,SD,3707800.0,6713900.0,False,0.0,09:42:58
19350.0,100,-600.0,0.0,SD,3707800.0,6713400.0,False,0.0,09:42:58
19350.0,100,-600.0,0.0,SD,3707800.0,6713300.0,False,0.0,09:42:58
19350.0,1000,-600.0,0.0,SD,3707800.0,6713200.0,False,0.0,09:42:58
19350.0,3900,-600.0,0.0,SD,3707800.0,6712200.0,False,0.0,09:42:58
19350.0,600,-600.0,0.0,SD,3707800.0,6708300.0,False,0.0,09:42:58
19350.0,1000,-600.0,0.0,SD,3707800.0,6707700.0,False,0.0,09:42:58
19350.0,1800,-600.0,0.0,SD,3707800.0,6706700.0,False,-50.0,09:42:58
19400.0,600,-550.0,0.0,BU,3707800.0,6704900.0,False,0.0,09:42:56
19400.0,400,-550.0,0.0,BU,3707200.0,6704900.0,False,50.0,09:42:56
19350.0,400,-600.0,0.0,SD,3706800.0,6704900.0,False,0.0,09:42:52
19350.0,200,-600.0,0.0,SD,3706800.0,6704500.0,False,0.0,09:42:51
19350.0,100,-600.0,0.0,SD,3706800.0,6704300.0,False,0.0,09:42:51
19350.0,27800,-600.0,0.0,SD,3706800.0,6704200.0,True,0.0,09:42:51
19350.0,600,-600.0,0.0,SD,3706800.0,6676400.0,False,0.0,09:42:51
19350.0,600,-600.0,0.0,SD,3706800.0,6675500.0,False,0.0,09:42:51
19350.0,9000,-600.0,0.0,SD,3706800.0,6674900.0,False,0.0,09:42:51
19350.0,1500,-600.0,0.0,SD,3706800.0,6665900.0,False,0.0,09:42:51
19350.0,100,-600.0,0.0,SD,3706800.0,6664400.0,False,0.0,09:42:51
19350.0,200,-600.0,0.0,SD,3706800.0,6664300.0,False,0.0,09:42:51
19350.0,400,-600.0,0.0,SD,3706800.0,6664100.0,False,0.0,09:42:51
19350.0,500,-600.0,0.0,SD,3706800.0,6663700.0,False,0.0,09:42:51
19350.0,500,-600.0,0.0,SD,3706800.0,6663200.0,False,0.0,09:42:51
19350.0,200,-600.0,0.0,SD,3706800.0,6662700.0,False,0.0,09:42:51
19350.0,500,-600.0,0.0,SD,3706800.0,6662500.0,False,0.0,09:42:51
19350.0,200,-600.0,0.0,SD,3706800.0,6662000.0,False,0.0,09:42:51
19350.0,100,-600.0,0.0,SD,3706800.0,6661800.0,False,0.0,09:42:51
19350.0,200,-600.0,0.0,SD,3706800.0,6661700.0,False,0.0,09:42:51
19350.0,500,-600.0,0.0,SD,3706800.0,6661500.0,False,0.0,09:42:51
19350.0,100,-600.0,0.0,SD,3706800.0,6661000.0,False,0.0,09:42:51
19350.0,100,-600.0,0.0,SD,3706800.0,6660900.0,False,0.0,09:42:51
19350.0,1000,-600.0,0.0,SD,3706800.0,6660800.0,False,0.0,09:42:51
19350.0,2700,-600.0,0.0,SD,3706800.0,6659800.0,False,0.0,09:42:51
19350.0,100,-600.0,0.0,SD,3706800.0,6657100.0,False,0.0,09:42:51
19350.0,500,-600.0,0.0,SD,3706800.0,6656500.0,False,0.0,09:42:51
19350.0,300,-600.0,0.0,SD,3706800.0,6675800.0,False,0.0,09:42:50
19350.0,500,-600.0,0.0,SD,3706800.0,6657000.0,False,0.0,09:42:50
19350.0,1000,-600.0,0.0,SD,3706800.0,6656000.0,False,0.0,09:42:50
19350.0,500,-600.0,0.0,SD,3706800.0,6655000.0,False,-50.0,09:42:50
19400.0,500,-550.0,0.0,BU,3706800.0,6654500.0,False,50.0,09:42:50
19350.0,100,-600.0,0.0,SD,3706300.0,6654500.0,False,-50.0,09:42:49
19400.0,500,-550.0,0.0,BU,3706300.0,6654400.0,False,50.0,09:42:47
19350.0,400,-600.0,0.0,SD,3705800.0,6654400.0,False,0.0,09:42:46
19350.0,600,-600.0,0.0,SD,3705800.0,6654000.0,False,0.0,09:42:46
19350.0,400,-600.0,0.0,SD,3705800.0,6653400.0,False,0.0,09:42:45
19350.0,600,-600.0,0.0,SD,3705800.0,6653000.0,False,-50.0,09:42:45
19400.0,700,-550.0,0.0,BU,3705800.0,6652400.0,False,50.0,09:42:43
19350.0,300,-600.0,0.0,SD,3705100.0,6652400.0,False,0.0,09:42:42
19350.0,5000,-600.0,0.0,SD,3705100.0,6652100.0,False,-50.0,09:42:42
19400.0,3000,-550.0,0.0,BU,3705100.0,6647100.0,False,50.0,09:42:39
19350.0,14100,-600.0,0.0,SD,3702100.0,6647100.0,True,0.0,09:42:38
19350.0,900,-600.0,0.0,SD,3702100.0,6633000.0,False,0.0,09:42:38
19350.0,2000,-600.0,0.0,SD,3702100.0,6632100.0,False,0.0,09:42:37
19350.0,1000,-600.0,0.0,SD,3702100.0,6630100.0,False,0.0,09:42:37
19350.0,800,-600.0,0.0,SD,3702100.0,6629100.0,False,0.0,09:42:37
19350.0,100,-600.0,0.0,SD,3702100.0,6628300.0,False,0.0,09:42:37
19350.0,300,-600.0,0.0,SD,3702100.0,6628200.0,False,0.0,09:42:37
19350.0,200,-600.0,0.0,SD,3702100.0,6627900.0,False,0.0,09:42:37
19350.0,100,-600.0,0.0,SD,3702100.0,6627700.0,False,0.0,09:42:37
19350.0,200,-600.0,0.0,SD,3702100.0,6627600.0,False,0.0,09:42:37
19350.0,100,-600.0,0.0,SD,3702100.0,6627400.0,False,0.0,09:42:37
19350.0,500,-600.0,0.0,SD,3702100.0,6627300.0,False,0.0,09:42:37
19350.0,2000,-600.0,0.0,SD,3702100.0,6626800.0,False,0.0,09:42:37
19350.0,3700,-600.0,0.0,SD,3702100.0,6624800.0,False,0.0,09:42:37
19350.0,800,-600.0,0.0,SD,3702100.0,6621100.0,False,0.0,09:42:35
19350.0,200,-600.0,0.0,SD,3702100.0,6620300.0,False,0.0,09:42:35
19350.0,500,-600.0,0.0,SD,3702100.0,6620100.0,False,-50.0,09:42:32
19400.0,1000,-550.0,0.0,BU,3702100.0,6619600.0,False,0.0,09:42:31
19400.0,100,-550.0,0.0,BU,3701100.0,6619600.0,False,0.0,09:42:31
19400.0,500,-550.0,0.0,BU,3701000.0,6619600.0,False,50.0,09:42:30
19350.0,800,-600.0,0.0,SD,3700500.0,6619600.0,False,0.0,09:42:30
19350.0,9000,-600.0,0.0,SD,3700500.0,6618800.0,False,0.0,09:42:29
19350.0,2100,-600.0,0.0,SD,3700500.0,6609800.0,False,0.0,09:42:28
19350.0,3000,-600.0,0.0,SD,3700500.0,6607700.0,False,0.0,09:42:28
19350.0,1000,-600.0,0.0,SD,3700500.0,6604700.0,False,0.0,09:42:27
19350.0,3000,-600.0,0.0,SD,3700500.0,6603700.0,False,-50.0,09:42:24
19400.0,500,-550.0,0.0,BU,3700500.0,6600700.0,False,50.0,09:42:24
19350.0,2500,-600.0,0.0,SD,3700000.0,6600700.0,False,0.0,09:42:24
19350.0,1500,-600.0,0.0,SD,3700000.0,6598200.0,False,0.0,09:42:23
19350.0,4800,-600.0,0.0,SD,3700000.0,6596700.0,False,0.0,09:42:22
19350.0,10000,-600.0,0.0,SD,3700000.0,6591900.0,False,0.0,09:42:22
19350.0,900,-600.0,0.0,SD,3700000.0,6581900.0,False,0.0,09:42:22
19350.0,300,-600.0,0.0,SD,3700000.0,6581000.0,False,-50.0,09:42:22
19400.0,100,-550.0,0.0,BU,3700000.0,6580700.0,False,0.0,09:42:21
19400.0,100,-550.0,0.0,BU,3699900.0,6580700.0,False,0.0,09:42:21
19400.0,100,-550.0,0.0,BU,3699800.0,6580700.0,False,50.0,09:42:21
19350.0,5900,-600.0,0.0,SD,3699700.0,6580700.0,False,0.0,09:42:19
19350.0,300,-600.0,0.0,SD,3699700.0,6574800.0,False,0.0,09:42:19
19350.0,4000,-600.0,0.0,SD,3699700.0,6574500.0,False,0.0,09:42:19
19350.0,200,-600.0,0.0,SD,3699700.0,6570500.0,False,0.0,09:42:19
19350.0,5000,-600.0,0.0,SD,3699700.0,6570300.0,False,0.0,09:42:19
19350.0,1000,-600.0,0.0,SD,3699700.0,6565300.0,False,0.0,09:42:19
19350.0,100,-600.0,0.0,SD,3699700.0,6564300.0,False,0.0,09:42:19
19350.0,1000,-600.0,0.0,SD,3699700.0,6564200.0,False,0.0,09:42:19
19350.0,1000,-600.0,0.0,SD,3699700.0,6563200.0,False,0.0,09:42:19
19350.0,1000,-600.0,0.0,SD,3699700.0,6562200.0,False,0.0,09:42:19
19350.0,100,-600.0,0.0,SD,3699700.0,6561200.0,False,0.0,09:42:19
19350.0,5400,-600.0,0.0,SD,3699700.0,6561100.0,False,0.0,09:42:19
19350.0,1000,-600.0,0.0,SD,3699700.0,6555700.0,False,0.0,09:42:17
19350.0,100,-600.0,0.0,SD,3699700.0,6554700.0,False,0.0,09:42:17
19350.0,500,-600.0,0.0,SD,3699700.0,6554600.0,False,0.0,09:42:16
19350.0,1000,-600.0,0.0,SD,3699700.0,6554100.0,False,0.0,09:42:16
19350.0,10000,-600.0,0.0,SD,3699700.0,6553100.0,False,0.0,09:42:16
19350.0,100,-600.0,0.0,SD,3699700.0,6543100.0,False,0.0,09:42:16
19350.0,600,-600.0,0.0,SD,3699700.0,6543000.0,False,0.0,09:42:16
19350.0,200,-600.0,0.0,SD,3699700.0,6542400.0,False,0.0,09:42:16
19350.0,200,-600.0,0.0,SD,3699700.0,6542200.0,False,0.0,09:42:16
19350.0,500,-600.0,0.0,SD,3699700.0,6542000.0,False,0.0,09:42:16
19350.0,1000,-600.0,0.0,SD,3699700.0,6541500.0,False,0.0,09:42:16
19350.0,1600,-600.0,0.0,SD,3699700.0,6540500.0,False,0.0,09:42:16
19350.0,200,-600.0,0.0,SD,3699700.0,6538900.0,False,0.0,09:42:16
19350.0,5000,-600.0,0.0,SD,3699700.0,6538700.0,False,0.0,09:42:16
19350.0,10000,-600.0,0.0,SD,3699700.0,6533700.0,False,0.0,09:42:16
19350.0,500,-600.0,0.0,SD,3699700.0,6523700.0,False,0.0,09:42:16
19350.0,1100,-600.0,0.0,SD,3699700.0,6523200.0,False,0.0,09:42:16
19350.0,500,-600.0,0.0,SD,3699700.0,6522100.0,False,0.0,09:42:16
19350.0,300,-600.0,0.0,SD,3699700.0,6521600.0,False,0.0,09:42:16
19350.0,100,-600.0,0.0,SD,3699700.0,6521300.0,False,0.0,09:42:16
19350.0,100,-600.0,0.0,SD,3699700.0,6521200.0,False,0.0,09:42:16
19350.0,100,-600.0,0.0,SD,3699700.0,6521100.0,False,0.0,09:42:16
19350.0,3000,-600.0,0.0,SD,3699700.0,6521000.0,False,0.0,09:42:16
19350.0,100,-600.0,0.0,SD,3699700.0,6518000.0,False,0.0,09:42:16
19350.0,3000,-600.0,0.0,SD,3699700.0,6517900.0,False,0.0,09:42:16
19350.0,200,-600.0,0.0,SD,3699700.0,6514900.0,False,0.0,09:42:16
19350.0,100,-600.0,0.0,SD,3699700.0,6514700.0,False,0.0,09:42:16
19350.0,500,-600.0,0.0,SD,3699700.0,6514600.0,False,-50.0,09:42:14
19400.0,200,-550.0,0.0,BU,3699700.0,6514100.0,False,50.0,09:42:12
19350.0,200,-600.0,0.0,SD,3699500.0,6514100.0,False,0.0,09:42:12
19350.0,200,-600.0,0.0,SD,3699500.0,6513900.0,False,0.0,09:42:11
19350.0,200,-600.0,0.0,SD,3699500.0,6513700.0,False,0.0,09:42:11
19350.0,1000,-600.0,0.0,SD,3699500.0,6513500.0,False,0.0,09:42:11
19350.0,300,-600.0,0.0,SD,3699500.0,6512500.0,False,0.0,09:42:11
19350.0,700,-600.0,0.0,SD,3699500.0,6512200.0,False,0.0,09:42:10
19350.0,400,-600.0,0.0,SD,3699500.0,6511500.0,False,0.0,09:42:10
19350.0,3900,-600.0,0.0,SD,3699500.0,6511100.0,False,0.0,09:42:10
19350.0,100,-600.0,0.0,SD,3699500.0,6507200.0,False,0.0,09:42:09
19350.0,300,-600.0,0.0,SD,3699500.0,6507100.0,False,0.0,09:42:08
19350.0,200,-600.0,0.0,SD,3699500.0,6506800.0,False,-50.0,09:42:06
19400.0,3900,-550.0,0.0,BU,3699500.0,6506600.0,False,0.0,09:42:04
19400.0,1100,-550.0,0.0,BU,3695600.0,6506600.0,False,50.0,09:42:04
19350.0,500,-600.0,0.0,SD,3694500.0,6506600.0,False,0.0,09:42:04
19350.0,1000,-600.0,0.0,SD,3694500.0,6506100.0,False,0.0,09:42:04
19350.0,1000,-600.0,0.0,SD,3694500.0,6505100.0,False,0.0,09:42:04
19350.0,100,-600.0,0.0,SD,3694500.0,6504100.0,False,0.0,09:42:04
19350.0,700,-600.0,0.0,SD,3694500.0,6504000.0,False,0.0,09:42:04
19350.0,200,-600.0,0.0,SD,3694500.0,6503300.0,False,0.0,09:42:03
19350.0,2900,-600.0,0.0,SD,3694500.0,6503100.0,False,-50.0,09:42:03
19400.0,200,-550.0,0.0,BU,3694500.0,6500200.0,False,50.0,09:42:03
19350.0,600,-600.0,0.0,SD,3694300.0,6500200.0,False,0.0,09:42:02
19350.0,600,-600.0,0.0,SD,3694300.0,6499600.0,False,0.0,09:42:01
19350.0,500,-600.0,0.0,SD,3694300.0,6499000.0,False,0.0,09:42:01
19350.0,200,-600.0,0.0,SD,3694300.0,6498500.0,False,0.0,09:42:01
19350.0,3700,-600.0,0.0,SD,3694300.0,6498300.0,False,-50.0,09:42:01
19400.0,1000,-550.0,0.0,BU,3694300.0,6494600.0,False,50.0,09:42:01
19350.0,2900,-600.0,0.0,SD,3693300.0,6494600.0,False,0.0,09:41:59
19350.0,3400,-600.0,0.0,SD,3693300.0,6491700.0,False,0.0,09:41:59
19350.0,4800,-600.0,0.0,SD,3693300.0,6488300.0,False,0.0,09:41:59
19350.0,1000,-600.0,0.0,SD,3693300.0,6483500.0,False,0.0,09:41:59
19350.0,700,-600.0,0.0,SD,3693300.0,6482500.0,False,0.0,09:41:59
19350.0,1000,-600.0,0.0,SD,3693300.0,6481800.0,False,0.0,09:41:59
19350.0,200,-600.0,0.0,SD,3693300.0,6480800.0,False,0.0,09:41:59
19350.0,200,-600.0,0.0,SD,3693300.0,6480600.0,False,0.0,09:41:59
19350.0,100,-600.0,0.0,SD,3693300.0,6480400.0,False,0.0,09:41:59
19350.0,6600,-600.0,0.0,SD,3693300.0,6480300.0,False,0.0,09:41:59
19350.0,13400,-600.0,0.0,SD,3693300.0,6473700.0,True,0.0,09:41:59
19350.0,500,-600.0,0.0,SD,3693300.0,6460300.0,False,0.0,09:41:59
19350.0,100,-600.0,0.0,SD,3693300.0,6459800.0,False,0.0,09:41:59
19350.0,400,-600.0,0.0,SD,3693300.0,6459700.0,False,0.0,09:41:59
19350.0,1000,-600.0,0.0,SD,3693300.0,6459300.0,False,0.0,09:41:59
19350.0,1200,-600.0,0.0,SD,3693300.0,6458300.0,False,0.0,09:41:59
19350.0,200,-600.0,0.0,SD,3693300.0,6457100.0,False,0.0,09:41:59
19350.0,200,-600.0,0.0,SD,3693300.0,6456900.0,False,0.0,09:41:59
19350.0,200,-600.0,0.0,SD,3693300.0,6456700.0,False,0.0,09:41:59
19350.0,5000,-600.0,0.0,SD,3693300.0,6456500.0,False,0.0,09:41:59
19350.0,8600,-600.0,0.0,SD,3693300.0,6451500.0,False,-50.0,09:41:59
19400.0,600,-550.0,0.0,BU,3693300.0,6442900.0,False,0.0,09:41:57
19400.0,100,-550.0,0.0,BU,3692700.0,6442900.0,False,0.0,09:41:57
19400.0,300,-550.0,0.0,BU,3692600.0,6442900.0,False,0.0,09:41:57
19400.0,1200,-550.0,0.0,BU,3692300.0,6442900.0,False,50.0,09:41:54
19350.0,500,-600.0,0.0,SD,3691100.0,6442900.0,False,0.0,09:41:53
19350.0,700,-600.0,0.0,SD,3691100.0,6442400.0,False,0.0,09:41:53
19350.0,100,-600.0,0.0,SD,3691100.0,6441700.0,False,0.0,09:41:53
19350.0,100,-600.0,0.0,BU,3691100.0,6441600.0,False,50.0,09:41:52
19300.0,100,-650.0,0.0,SD,3691000.0,6441600.0,False,0.0,09:41:52
19300.0,100,-650.0,0.0,SD,3691000.0,6441500.0,False,0.0,09:41:52
19300.0,1000,-650.0,0.0,SD,3691000.0,6441400.0,False,0.0,09:41:52
19300.0,3000,-650.0,0.0,SD,3691000.0,6440400.0,False,0.0,09:41:52
19300.0,1000,-650.0,0.0,SD,3691000.0,6437400.0,False,0.0,09:41:52
19300.0,100,-650.0,0.0,SD,3691000.0,6436400.0,False,0.0,09:41:52
19300.0,1000,-650.0,0.0,SD,3691000.0,6436300.0,False,0.0,09:41:52
19300.0,1000,-650.0,0.0,SD,3691000.0,6435300.0,False,0.0,09:41:52
19300.0,200,-650.0,0.0,SD,3691000.0,6434300.0,False,0.0,09:41:52
19300.0,6000,-650.0,0.0,SD,3691000.0,6434100.0,False,0.0,09:41:52
19300.0,200,-650.0,0.0,SD,3691000.0,6428100.0,False,0.0,09:41:52
19300.0,100,-650.0,0.0,SD,3691000.0,6427900.0,False,0.0,09:41:52
19300.0,200,-650.0,0.0,SD,3691000.0,6427800.0,False,0.0,09:41:52
19300.0,4000,-650.0,0.0,SD,3691000.0,6427600.0,False,0.0,09:41:52
19300.0,1500,-650.0,0.0,SD,3691000.0,6423600.0,False,0.0,09:41:52
19300.0,200,-650.0,0.0,SD,3691000.0,6422100.0,False,0.0,09:41:52
19300.0,1000,-650.0,0.0,SD,3691000.0,6421900.0,False,0.0,09:41:52
19300.0,100,-650.0,0.0,SD,3691000.0,6420900.0,False,0.0,09:41:52
19300.0,3500,-650.0,0.0,SD,3691000.0,6420800.0,False,0.0,09:41:52
19300.0,200,-650.0,0.0,SD,3691000.0,6417300.0,False,0.0,09:41:52
19300.0,600,-650.0,0.0,SD,3691000.0,6417100.0,False,0.0,09:41:52
19300.0,100,-650.0,0.0,SD,3691000.0,6416500.0,False,0.0,09:41:52
19300.0,500,-650.0,0.0,SD,3691000.0,6416400.0,False,-50.0,09:41:52
19350.0,200,-600.0,0.0,BU,3691000.0,6415900.0,False,50.0,09:41:52
19300.0,1000,-650.0,0.0,SD,3690800.0,6415900.0,False,0.0,09:41:52
19300.0,200,-650.0,0.0,SD,3690800.0,6414900.0,False,0.0,09:41:52
19300.0,1300,-650.0,0.0,SD,3690800.0,6414700.0,False,-50.0,09:41:52
19350.0,100,-600.0,0.0,BU,3690800.0,6413400.0,False,0.0,09:41:52
19350.0,1000,-600.0,0.0,BU,3690700.0,6413400.0,False,0.0,09:41:52
19350.0,100,-600.0,0.0,BU,3689700.0,6413400.0,False,0.0,09:41:52
19350.0,2000,-600.0,0.0,BU,3689600.0,6413400.0,False,0.0,09:41:52
19350.0,100,-600.0,0.0,BU,3687600.0,6413400.0,False,0.0,09:41:52
19350.0,10000,-600.0,0.0,SD,3687500.0,6413400.0,False,0.0,09:41:52
19350.0,300,-600.0,0.0,SD,3687500.0,6403400.0,False,0.0,09:41:52
19350.0,100,-600.0,0.0,SD,3687500.0,6403100.0,False,0.0,09:41:52
19350.0,100,-600.0,0.0,SD,3687500.0,6403000.0,False,0.0,09:41:52
19350.0,500,-600.0,0.0,SD,3687500.0,6402900.0,False,0.0,09:41:52
19350.0,100,-600.0,0.0,SD,3687500.0,6402400.0,False,0.0,09:41:52
19350.0,3500,-600.0,0.0,SD,3687500.0,6402300.0,False,0.0,09:41:52
19350.0,500,-600.0,0.0,SD,3687500.0,6398800.0,False,0.0,09:41:52
19350.0,700,-600.0,0.0,SD,3687500.0,6398300.0,False,0.0,09:41:52
19350.0,200,-600.0,0.0,SD,3687500.0,6397600.0,False,0.0,09:41:52
19350.0,2000,-600.0,0.0,SD,3687500.0,6397400.0,False,0.0,09:41:52
19350.0,9000,-600.0,0.0,SD,3687500.0,6395400.0,False,0.0,09:41:52
19350.0,500,-600.0,0.0,SD,3687500.0,6386400.0,False,0.0,09:41:52
19350.0,100,-600.0,0.0,SD,3687500.0,6385900.0,False,0.0,09:41:52
19350.0,1000,-600.0,0.0,SD,3687500.0,6385800.0,False,0.0,09:41:52
19350.0,300,-600.0,0.0,SD,3687500.0,6384800.0,False,0.0,09:41:52
19350.0,400,-600.0,0.0,SD,3687500.0,6384500.0,False,0.0,09:41:52
19350.0,100,-600.0,0.0,SD,3687500.0,6384100.0,False,0.0,09:41:52
19350.0,300,-600.0,0.0,SD,3687500.0,6384000.0,False,0.0,09:41:52
19350.0,1000,-600.0,0.0,SD,3687500.0,6383700.0,False,0.0,09:41:52
19350.0,3000,-600.0,0.0,SD,3687500.0,6382700.0,False,0.0,09:41:52
19350.0,200,-600.0,0.0,SD,3687500.0,6379700.0,False,0.0,09:41:52
19350.0,1000,-600.0,0.0,SD,3687500.0,6379500.0,False,0.0,09:41:52
19350.0,100,-600.0,0.0,SD,3687500.0,6378500.0,False,0.0,09:41:52
19350.0,500,-600.0,0.0,SD,3687500.0,6378400.0,False,0.0,09:41:52
19350.0,400,-600.0,0.0,SD,3687500.0,6377900.0,False,0.0,09:41:52
19350.0,1000,-600.0,0.0,SD,3687500.0,6377500.0,False,0.0,09:41:52
19350.0,500,-600.0,0.0,SD,3687500.0,6376500.0,False,0.0,09:41:52
19350.0,5000,-600.0,0.0,SD,3687500.0,6376000.0,False,0.0,09:41:52
19350.0,200,-600.0,0.0,SD,3687500.0,6371000.0,False,0.0,09:41:52
19350.0,500,-600.0,0.0,SD,3687500.0,6370800.0,False,0.0,09:41:52
19350.0,500,-600.0,0.0,SD,3687500.0,6370300.0,False,0.0,09:41:52
19350.0,100,-600.0,0.0,SD,3687500.0,6369800.0,False,0.0,09:41:52
19350.0,1100,-600.0,0.0,SD,3687500.0,6369700.0,False,0.0,09:41:52
19350.0,100,-600.0,0.0,SD,3687500.0,6368600.0,False,0.0,09:41:52
19350.0,200,-600.0,0.0,SD,3687500.0,6368500.0,False,0.0,09:41:52
19350.0,600,-600.0,0.0,SD,3687500.0,6368300.0,False,0.0,09:41:52
19350.0,200,-600.0,0.0,SD,3687500.0,6367700.0,False,0.0,09:41:52
19350.0,200,-600.0,0.0,SD,3687500.0,6367500.0,False,0.0,09:41:52
19350.0,100,-600.0,0.0,SD,3687500.0,6367300.0,False,0.0,09:41:52
19350.0,200,-600.0,0.0,SD,3687500.0,6367200.0,False,0.0,09:41:52
19350.0,200,-600.0,0.0,SD,3687500.0,6367000.0,False,0.0,09:41:52
19350.0,200,-600.0,0.0,SD,3687500.0,6366800.0,False,0.0,09:41:52
19350.0,3000,-600.0,0.0,SD,3687500.0,6366600.0,False,0.0,09:41:52
19350.0,700,-600.0,0.0,SD,3687500.0,6363600.0,False,0.0,09:41:52
19350.0,4000,-600.0,0.0,SD,3687500.0,6362900.0,False,0.0,09:41:52
19350.0,900,-600.0,0.0,SD,3687500.0,6358900.0,False,0.0,09:41:52
19350.0,100,-600.0,0.0,SD,3687500.0,6358000.0,False,0.0,09:41:52
19350.0,3000,-600.0,0.0,SD,3687500.0,6357900.0,False,0.0,09:41:52
19350.0,200,-600.0,0.0,SD,3687500.0,6354900.0,False,0.0,09:41:52
19350.0,1000,-600.0,0.0,SD,3687500.0,6354700.0,False,0.0,09:41:52
19350.0,500,-600.0,0.0,SD,3687500.0,6353700.0,False,0.0,09:41:52
19350.0,200,-600.0,0.0,SD,3687500.0,6353200.0,False,0.0,09:41:52
19350.0,7900,-600.0,0.0,SD,3687500.0,6353000.0,False,-50.0,09:41:52
19400.0,200,-550.0,0.0,BU,3687500.0,6345100.0,False,50.0,09:41:52
19350.0,400,-600.0,0.0,SD,3687300.0,6345100.0,False,0.0,09:41:49
19350.0,1400,-600.0,0.0,SD,3687300.0,6344700.0,False,0.0,09:41:47
19350.0,300,-600.0,0.0,SD,3687300.0,6343300.0,False,0.0,09:41:46
19350.0,200,-600.0,0.0,SD,3687300.0,6343000.0,False,0.0,09:41:46
19350.0,100,-600.0,0.0,SD,3687300.0,6342800.0,False,0.0,09:41:46
19350.0,100,-600.0,0.0,SD,3687300.0,6342700.0,False,0.0,09:41:46
19350.0,800,-600.0,0.0,SD,3687300.0,6342600.0,False,0.0,09:41:46
19350.0,100,-600.0,0.0,SD,3687300.0,6341800.0,False,0.0,09:41:43
19350.0,100,-600.0,0.0,SD,3687300.0,6341700.0,False,0.0,09:41:43
19350.0,200,-600.0,0.0,SD,3687300.0,6341600.0,False,0.0,09:41:43
19350.0,200,-600.0,0.0,SD,3687300.0,6341400.0,False,0.0,09:41:43
19350.0,300,-600.0,0.0,SD,3687300.0,6341200.0,False,0.0,09:41:41
19350.0,500,-600.0,0.0,SD,3687300.0,6340900.0,False,0.0,09:41:41
19350.0,1200,-600.0,0.0,SD,3687300.0,6340400.0,False,-50.0,09:41:41
19400.0,100,-550.0,0.0,BU,3687300.0,6339200.0,False,50.0,09:41:39
19350.0,800,-600.0,0.0,SD,3687200.0,6339200.0,False,0.0,09:41:39
19350.0,100,-600.0,0.0,SD,3687200.0,6338400.0,False,0.0,09:41:39
19350.0,900,-600.0,0.0,SD,3687200.0,6338300.0,False,0.0,09:41:39
19350.0,500,-600.0,0.0,SD,3687200.0,6337400.0,False,0.0,09:41:39
19350.0,400,-600.0,0.0,SD,3687200.0,6336900.0,False,0.0,09:41:38
19350.0,600,-600.0,0.0,SD,3687200.0,6336500.0,False,0.0,09:41:38
19350.0,1000,-600.0,0.0,SD,3687200.0,6335900.0,False,0.0,09:41:37
19350.0,500,-600.0,0.0,SD,3687200.0,6334900.0,False,0.0,09:41:37
19350.0,300,-600.0,0.0,SD,3687200.0,6334400.0,False,-50.0,09:41:36
19400.0,100,-550.0,0.0,BU,3687200.0,6334100.0,False,0.0,09:41:36
19400.0,100,-550.0,0.0,BU,3687100.0,6334100.0,False,0.0,09:41:34
19400.0,1100,-550.0,0.0,BU,3687000.0,6334100.0,False,0.0,09:41:34
19400.0,500,-550.0,0.0,BU,3685900.0,6334100.0,False,0.0,09:41:34
19400.0,3700,-550.0,0.0,BU,3685400.0,6334100.0,False,0.0,09:41:34
19400.0,1000,-550.0,0.0,BU,3681700.0,6334100.0,False,50.0,09:41:33
19350.0,900,-600.0,0.0,SD,3680700.0,6334100.0,False,0.0,09:41:33
19350.0,600,-600.0,0.0,SD,3680700.0,6333200.0,False,0.0,09:41:33
19350.0,100,-600.0,0.0,SD,3680700.0,6332600.0,False,0.0,09:41:30
19350.0,2500,-600.0,0.0,SD,3680700.0,6332500.0,False,0.0,09:41:30
19350.0,2100,-600.0,0.0,SD,3680700.0,6330000.0,False,0.0,09:41:30
19350.0,100,-600.0,0.0,SD,3680700.0,6327900.0,False,0.0,09:41:30
19350.0,2000,-600.0,0.0,SD,3680700.0,6327800.0,False,0.0,09:41:30
19350.0,3000,-600.0,0.0,SD,3680700.0,6325800.0,False,0.0,09:41:30
19350.0,500,-600.0,0.0,SD,3680700.0,6322800.0,False,0.0,09:41:30
19350.0,200,-600.0,0.0,SD,3680700.0,6322300.0,False,-50.0,09:41:30
19400.0,200,-550.0,0.0,BU,3680700.0,6322100.0,False,50.0,09:41:29
19350.0,500,-600.0,0.0,SD,3680500.0,6322100.0,False,0.0,09:41:29
19350.0,100,-600.0,0.0,SD,3680500.0,6321600.0,False,0.0,09:41:29
19350.0,3000,-600.0,0.0,SD,3680500.0,6321500.0,False,0.0,09:41:29
19350.0,500,-600.0,0.0,SD,3680500.0,6318500.0,False,0.0,09:41:29
19350.0,2000,-600.0,0.0,SD,3680500.0,6318000.0,False,0.0,09:41:27
19350.0,400,-600.0,0.0,SD,3680500.0,6316000.0,False,-50.0,09:41:25
19400.0,200,-550.0,0.0,BU,3680500.0,6315600.0,False,50.0,09:41:25
19350.0,2000,-600.0,0.0,SD,3680300.0,6315600.0,False,0.0,09:41:24
19350.0,500,-600.0,0.0,SD,3680300.0,6313600.0,False,0.0,09:41:23
19350.0,100,-600.0,0.0,SD,3680300.0,6313100.0,False,0.0,09:41:23
19350.0,1500,-600.0,0.0,SD,3680300.0,6313000.0,False,0.0,09:41:23
19350.0,500,-600.0,0.0,SD,3680300.0,6311500.0,False,0.0,09:41:22
19350.0,2000,-600.0,0.0,SD,3680300.0,6311000.0,False,0.0,09:41:22
19350.0,1000,-600.0,0.0,SD,3680300.0,6309000.0,False,0.0,09:41:21
19350.0,100,-600.0,0.0,SD,3680300.0,6308000.0,False,0.0,09:41:21
19350.0,1900,-600.0,0.0,SD,3680300.0,6307900.0,False,0.0,09:41:21
19350.0,1000,-600.0,0.0,SD,3680300.0,6306000.0,False,-50.0,09:41:21
19400.0,1000,-550.0,0.0,BU,3680300.0,6305000.0,False,50.0,09:41:20
19350.0,100,-600.0,0.0,SD,3679300.0,6305000.0,False,0.0,09:41:19
19350.0,1000,-600.0,0.0,SD,3679300.0,6304900.0,False,0.0,09:41:19
19350.0,900,-600.0,0.0,SD,3679300.0,6303900.0,False,0.0,09:41:18
19350.0,100,-600.0,0.0,SD,3679300.0,6303000.0,False,0.0,09:41:18
19350.0,100,-600.0,0.0,SD,3679300.0,6302900.0,False,0.0,09:41:18
19350.0,1400,-600.0,0.0,SD,3679300.0,6302800.0,False,0.0,09:41:18
19350.0,1700,-600.0,0.0,SD,3679300.0,6301400.0,False,0.0,09:41:17
19350.0,100,-600.0,0.0,SD,3679300.0,6299700.0,False,0.0,09:41:17
19350.0,400,-600.0,0.0,SD,3679300.0,6299600.0,False,0.0,09:41:17
19350.0,200,-600.0,0.0,SD,3679300.0,6299200.0,False,0.0,09:41:17
19350.0,600,-600.0,0.0,SD,3679300.0,6299000.0,False,-50.0,09:41:17
19400.0,100,-550.0,0.0,BU,3679300.0,6298400.0,False,50.0,09:41:16
19350.0,1000,-600.0,0.0,SD,3679200.0,6298400.0,False,0.0,09:41:16
19350.0,200,-600.0,0.0,SD,3679200.0,6297400.0,False,0.0,09:41:16
19350.0,3000,-600.0,0.0,SD,3679200.0,6297200.0,False,0.0,09:41:15
19350.0,2000,-600.0,0.0,SD,3679200.0,6294200.0,False,0.0,09:41:15
19350.0,1400,-600.0,0.0,SD,3679200.0,6292200.0,False,0.0,09:41:15
19350.0,2000,-600.0,0.0,SD,3679200.0,6290800.0,False,0.0,09:41:15
19350.0,1000,-600.0,0.0,SD,3679200.0,6288800.0,False,0.0,09:41:15
19350.0,1000,-600.0,0.0,SD,3679200.0,6287800.0,False,0.0,09:41:15
19350.0,100,-600.0,0.0,SD,3679200.0,6286800.0,False,0.0,09:41:15
19350.0,300,-600.0,0.0,SD,3679200.0,6286700.0,False,0.0,09:41:15
19350.0,100,-600.0,0.0,SD,3679200.0,6286400.0,False,0.0,09:41:15
19350.0,500,-600.0,0.0,SD,3679200.0,6286300.0,False,0.0,09:41:15
19350.0,100,-600.0,0.0,SD,3679200.0,6285800.0,False,0.0,09:41:15
19350.0,1000,-600.0,0.0,SD,3679200.0,6285700.0,False,0.0,09:41:15
19350.0,400,-600.0,0.0,SD,3679200.0,6284700.0,False,0.0,09:41:15
19350.0,100,-600.0,0.0,SD,3679200.0,6284300.0,False,0.0,09:41:15
19350.0,100,-600.0,0.0,SD,3679200.0,6284200.0,False,0.0,09:41:15
19350.0,700,-600.0,0.0,SD,3679200.0,6284100.0,False,0.0,09:41:15
19350.0,200,-600.0,0.0,SD,3679200.0,6283400.0,False,0.0,09:41:15
19350.0,1300,-600.0,0.0,SD,3679200.0,6283200.0,False,0.0,09:41:14
19350.0,100,-600.0,0.0,SD,3679200.0,6281900.0,False,0.0,09:41:14
19350.0,500,-600.0,0.0,SD,3679200.0,6281800.0,False,0.0,09:41:14
19350.0,100,-600.0,0.0,SD,3679200.0,6281300.0,False,0.0,09:41:14
19350.0,100,-600.0,0.0,SD,3679200.0,6281200.0,False,0.0,09:41:13
19350.0,100,-600.0,0.0,SD,3679200.0,6281100.0,False,0.0,09:41:13
19350.0,600,-600.0,0.0,SD,3679200.0,6281000.0,False,0.0,09:41:13
19350.0,100,-600.0,0.0,SD,3679200.0,6280400.0,False,0.0,09:41:12
19350.0,1300,-600.0,0.0,SD,3679200.0,6280300.0,False,0.0,09:41:10
19350.0,500,-600.0,0.0,SD,3679200.0,6279000.0,False,0.0,09:41:09
19350.0,500,-600.0,0.0,SD,3679200.0,6278500.0,False,0.0,09:41:09
19350.0,100,-600.0,0.0,SD,3679200.0,6278000.0,False,0.0,09:41:09
19350.0,100,-600.0,0.0,SD,3679200.0,6277900.0,False,0.0,09:41:09
19350.0,100,-600.0,0.0,SD,3679200.0,6277800.0,False,0.0,09:41:09
19350.0,500,-600.0,0.0,SD,3679200.0,6277700.0,False,0.0,09:41:09
19350.0,200,-600.0,0.0,SD,3679200.0,6277200.0,False,0.0,09:41:09
19350.0,2500,-600.0,0.0,SD,3679200.0,6277000.0,False,0.0,09:41:09
19350.0,2500,-600.0,0.0,SD,3679200.0,6274500.0,False,0.0,09:41:08
19350.0,300,-600.0,0.0,SD,3679200.0,6272000.0,False,0.0,09:41:08
19350.0,500,-600.0,0.0,SD,3679200.0,6271700.0,False,0.0,09:41:08
19350.0,1000,-600.0,0.0,SD,3679200.0,6271200.0,False,0.0,09:41:08
19350.0,200,-600.0,0.0,SD,3679200.0,6270200.0,False,0.0,09:41:08
19350.0,100,-600.0,0.0,SD,3679200.0,6270000.0,False,0.0,09:41:08
19350.0,100,-600.0,0.0,SD,3679200.0,6269900.0,False,0.0,09:41:08
19350.0,1400,-600.0,0.0,SD,3679200.0,6269800.0,False,0.0,09:41:08
19350.0,600,-600.0,0.0,SD,3679200.0,6268400.0,False,0.0,09:41:08
19350.0,100,-600.0,0.0,SD,3679200.0,6267800.0,False,0.0,09:41:08
19350.0,500,-600.0,0.0,SD,3679200.0,6267700.0,False,0.0,09:41:08
19350.0,2000,-600.0,0.0,SD,3679200.0,6267200.0,False,0.0,09:41:08
19350.0,100,-600.0,0.0,SD,3679200.0,6265200.0,False,0.0,09:41:08
19350.0,500,-600.0,0.0,SD,3679200.0,6265100.0,False,0.0,09:41:08
19350.0,100,-600.0,0.0,SD,3679200.0,6264600.0,False,0.0,09:41:08
19350.0,100,-600.0,0.0,SD,3679200.0,6264500.0,False,0.0,09:41:08
19350.0,600,-600.0,0.0,SD,3679200.0,6264400.0,False,0.0,09:41:08
19350.0,500,-600.0,0.0,SD,3679200.0,6263800.0,False,0.0,09:41:07
19350.0,3000,-600.0,0.0,SD,3679200.0,6263300.0,False,0.0,09:41:07
19350.0,400,-600.0,0.0,SD,3679200.0,6260300.0,False,-50.0,09:41:07
19400.0,2400,-550.0,0.0,BU,3679200.0,6259900.0,False,50.0,09:41:07
19350.0,2000,-600.0,0.0,SD,3676800.0,6259900.0,False,-50.0,09:41:06
19400.0,100,-550.0,0.0,BU,3676800.0,6257900.0,False,50.0,09:41:06
19350.0,1900,-600.0,0.0,SD,3676700.0,6257900.0,False,0.0,09:41:05
19350.0,1700,-600.0,0.0,SD,3676700.0,6256000.0,False,0.0,09:41:04
19350.0,1200,-600.0,0.0,SD,3676700.0,6254300.0,False,0.0,09:41:00
19350.0,7200,-600.0,0.0,SD,3676700.0,6253100.0,False,0.0,09:40:59
19350.0,300,-600.0,0.0,SD,3676700.0,6245900.0,False,-50.0,09:40:57
19400.0,100,-550.0,0.0,BU,3676700.0,6245600.0,False,50.0,09:40:57
19350.0,500,-600.0,0.0,SD,3676600.0,6245600.0,False,-50.0,09:40:56
19400.0,100,-550.0,0.0,BU,3676600.0,6245100.0,False,50.0,09:40:56
19350.0,1300,-600.0,0.0,SD,3676500.0,6245100.0,False,0.0,09:40:55
19350.0,3100,-600.0,0.0,SD,3676500.0,6243800.0,False,0.0,09:40:55
19350.0,100,-600.0,0.0,SD,3676500.0,6240700.0,False,0.0,09:40:55
19350.0,3300,-600.0,0.0,SD,3676500.0,6240600.0,False,0.0,09:40:54
19350.0,300,-600.0,0.0,SD,3676500.0,6237300.0,False,0.0,09:40:54
19350.0,100,-600.0,0.0,SD,3676500.0,6237000.0,False,0.0,09:40:54
19350.0,2700,-600.0,0.0,SD,3676500.0,6236900.0,False,0.0,09:40:54
19350.0,1100,-600.0,0.0,SD,3676500.0,6234200.0,False,0.0,09:40:54
19350.0,100,-600.0,0.0,SD,3676500.0,6233100.0,False,0.0,09:40:54
19350.0,100,-600.0,0.0,SD,3676500.0,6233000.0,False,0.0,09:40:54
19350.0,100,-600.0,0.0,SD,3676500.0,6232900.0,False,0.0,09:40:54
19350.0,100,-600.0,0.0,SD,3676500.0,6232800.0,False,0.0,09:40:54
19350.0,500,-600.0,0.0,SD,3676500.0,6232700.0,False,0.0,09:40:54
19350.0,700,-600.0,0.0,SD,3676500.0,6232200.0,False,0.0,09:40:53
19350.0,10000,-600.0,0.0,SD,3676500.0,6231500.0,False,-50.0,09:40:52
19400.0,2000,-550.0,0.0,BU,3676500.0,6221500.0,False,50.0,09:40:50
19350.0,100,-600.0,0.0,SD,3674500.0,6221500.0,False,0.0,09:40:50
19350.0,2000,-600.0,0.0,SD,3674500.0,6221400.0,False,-50.0,09:40:50
19400.0,1000,-550.0,0.0,BU,3674500.0,6219400.0,False,0.0,09:40:49
19400.0,1100,-550.0,0.0,BU,3673500.0,6219400.0,False,0.0,09:40:49
19400.0,100,-550.0,0.0,BU,3672400.0,6219400.0,False,0.0,09:40:49
19400.0,7800,-550.0,0.0,BU,3672300.0,6219400.0,False,50.0,09:40:49
19350.0,1000,-600.0,0.0,SD,3664500.0,6219400.0,False,0.0,09:40:49
19350.0,3500,-600.0,0.0,SD,3664500.0,6218400.0,False,0.0,09:40:49
19350.0,500,-600.0,0.0,SD,3664500.0,6214900.0,False,0.0,09:40:49
19350.0,500,-600.0,0.0,SD,3664500.0,6214400.0,False,0.0,09:40:49
19350.0,300,-600.0,0.0,SD,3664500.0,6213900.0,False,0.0,09:40:49
19350.0,200,-600.0,0.0,SD,3664500.0,6213600.0,False,0.0,09:40:49
19350.0,100,-600.0,0.0,SD,3664500.0,6213400.0,False,0.0,09:40:49
19350.0,1000,-600.0,0.0,SD,3664500.0,6213300.0,False,0.0,09:40:49
19350.0,200,-600.0,0.0,SD,3664500.0,6212300.0,False,0.0,09:40:49
19350.0,100,-600.0,0.0,SD,3664500.0,6212100.0,False,0.0,09:40:49
19350.0,700,-600.0,0.0,SD,3664500.0,6212000.0,False,0.0,09:40:49
19350.0,100,-600.0,0.0,SD,3664500.0,6211300.0,False,0.0,09:40:49
19350.0,100,-600.0,0.0,SD,3664500.0,6211200.0,False,0.0,09:40:49
19350.0,100,-600.0,0.0,SD,3664500.0,6211100.0,False,0.0,09:40:49
19350.0,1000,-600.0,0.0,SD,3664500.0,6211000.0,False,0.0,09:40:49
19350.0,1600,-600.0,0.0,SD,3664500.0,6210000.0,False,0.0,09:40:49
19350.0,400,-600.0,0.0,SD,3664500.0,6208400.0,False,0.0,09:40:47
19350.0,100,-600.0,0.0,SD,3664500.0,6208000.0,False,0.0,09:40:47
19350.0,100,-600.0,0.0,SD,3664500.0,6207900.0,False,0.0,09:40:47
19350.0,300,-600.0,0.0,SD,3664500.0,6207800.0,False,0.0,09:40:47
19350.0,200,-600.0,0.0,SD,3664500.0,6207500.0,False,0.0,09:40:47
19350.0,400,-600.0,0.0,SD,3664500.0,6207300.0,False,-50.0,09:40:47
19400.0,100,-550.0,0.0,BU,3664500.0,6206900.0,False,50.0,09:40:47
19350.0,600,-600.0,0.0,SD,3664400.0,6206900.0,False,0.0,09:40:46
19350.0,200,-600.0,0.0,SD,3664400.0,6206300.0,False,0.0,09:40:46
19350.0,200,-600.0,0.0,SD,3664400.0,6206100.0,False,0.0,09:40:46
19350.0,100,-600.0,0.0,SD,3664400.0,6205900.0,False,0.0,09:40:45
19350.0,1000,-600.0,0.0,SD,3664400.0,6205800.0,False,0.0,09:40:45
19350.0,900,-600.0,0.0,SD,3664400.0,6204800.0,False,0.0,09:40:45
19350.0,600,-600.0,0.0,SD,3664400.0,6203900.0,False,0.0,09:40:44
19350.0,1000,-600.0,0.0,SD,3664400.0,6203300.0,False,0.0,09:40:44
19350.0,100,-600.0,0.0,SD,3664400.0,6202300.0,False,0.0,09:40:44
19350.0,4000,-600.0,0.0,SD,3664400.0,6202200.0,False,0.0,09:40:44
19350.0,500,-600.0,0.0,SD,3664400.0,6198200.0,False,0.0,09:40:44
19350.0,1000,-600.0,0.0,SD,3664400.0,6197700.0,False,0.0,09:40:44
19350.0,100,-600.0,0.0,SD,3664400.0,6196700.0,False,0.0,09:40:44
19350.0,700,-600.0,0.0,SD,3664400.0,6196600.0,False,-50.0,09:40:44
19400.0,3000,-550.0,0.0,BU,3664400.0,6195900.0,False,50.0,09:40:44
19350.0,200,-600.0,0.0,SD,3661400.0,6195900.0,False,0.0,09:40:44
19350.0,100,-600.0,0.0,SD,3661400.0,6195700.0,False,0.0,09:40:43
19350.0,1300,-600.0,0.0,SD,3661400.0,6195600.0,False,0.0,09:40:43
19350.0,600,-600.0,0.0,SD,3661400.0,6194300.0,False,0.0,09:40:43
19350.0,1300,-600.0,0.0,SD,3661400.0,6193700.0,False,0.0,09:40:43
19350.0,100,-600.0,0.0,SD,3661400.0,6192400.0,False,0.0,09:40:43
19350.0,2000,-600.0,0.0,SD,3661400.0,6192300.0,False,0.0,09:40:43
19350.0,4000,-600.0,0.0,SD,3661400.0,6190300.0,False,0.0,09:40:43
19350.0,100,-600.0,0.0,SD,3661400.0,6186300.0,False,0.0,09:40:43
19350.0,100,-600.0,0.0,SD,3661400.0,6186200.0,False,0.0,09:40:43
19350.0,700,-600.0,0.0,SD,3661400.0,6186100.0,False,0.0,09:40:43
19350.0,1700,-600.0,0.0,SD,3661400.0,6185400.0,False,0.0,09:40:43
19350.0,100,-600.0,0.0,SD,3661400.0,6183700.0,False,0.0,09:40:43
19350.0,1000,-600.0,0.0,SD,3661400.0,6183600.0,False,0.0,09:40:43
19350.0,100,-600.0,0.0,SD,3661400.0,6182600.0,False,0.0,09:40:43
19350.0,600,-600.0,0.0,SD,3661400.0,6182500.0,False,0.0,09:40:43
19350.0,300,-600.0,0.0,SD,3661400.0,6181900.0,False,0.0,09:40:43
19350.0,200,-600.0,0.0,SD,3661400.0,6181600.0,False,0.0,09:40:43
19350.0,10000,-600.0,0.0,SD,3661400.0,6181400.0,False,0.0,09:40:43
19350.0,500,-600.0,0.0,SD,3661400.0,6171400.0,False,0.0,09:40:43
19350.0,200,-600.0,0.0,SD,3661400.0,6170900.0,False,0.0,09:40:43
19350.0,800,-600.0,0.0,SD,3661400.0,6170700.0,False,0.0,09:40:43
19350.0,200,-600.0,0.0,SD,3661400.0,6169900.0,False,0.0,09:40:43
19350.0,500,-600.0,0.0,SD,3661400.0,6169700.0,False,0.0,09:40:43
19350.0,1800,-600.0,0.0,SD,3661400.0,6169200.0,False,0.0,09:40:43
19350.0,5000,-600.0,0.0,SD,3661400.0,6167400.0,False,0.0,09:40:43
19350.0,1700,-600.0,0.0,SD,3661400.0,6162400.0,False,0.0,09:40:43
19350.0,1000,-600.0,0.0,SD,3661400.0,6160700.0,False,0.0,09:40:43
19350.0,1000,-600.0,0.0,SD,3661400.0,6159700.0,False,0.0,09:40:42
19350.0,2300,-600.0,0.0,SD,3661400.0,6158700.0,False,0.0,09:40:42
19350.0,100,-600.0,0.0,SD,3661400.0,6156400.0,False,0.0,09:40:42
19350.0,200,-600.0,0.0,SD,3661400.0,6156300.0,False,0.0,09:40:42
19350.0,100,-600.0,0.0,SD,3661400.0,6156100.0,False,0.0,09:40:42
19350.0,5000,-600.0,0.0,SD,3661400.0,6156000.0,False,0.0,09:40:42
19350.0,100,-600.0,0.0,SD,3661400.0,6151000.0,False,0.0,09:40:42
19350.0,100,-600.0,0.0,SD,3661400.0,6150900.0,False,0.0,09:40:42
19350.0,100,-600.0,0.0,SD,3661400.0,6150800.0,False,0.0,09:40:42
19350.0,1000,-600.0,0.0,SD,3661400.0,6150700.0,False,0.0,09:40:42
19350.0,100,-600.0,0.0,SD,3661400.0,6149700.0,False,0.0,09:40:42
19350.0,700,-600.0,0.0,SD,3661400.0,6149600.0,False,0.0,09:40:42
19350.0,100,-600.0,0.0,SD,3661400.0,6148900.0,False,0.0,09:40:42
19350.0,200,-600.0,0.0,SD,3661400.0,6148800.0,False,0.0,09:40:42
19350.0,1500,-600.0,0.0,SD,3661400.0,6148600.0,False,0.0,09:40:42
19350.0,300,-600.0,0.0,SD,3661400.0,6147100.0,False,0.0,09:40:42
19350.0,5000,-600.0,0.0,SD,3661400.0,6146800.0,False,0.0,09:40:42
19350.0,500,-600.0,0.0,SD,3661400.0,6141800.0,False,0.0,09:40:42
19350.0,1000,-600.0,0.0,SD,3661400.0,6141300.0,False,0.0,09:40:42
19350.0,9800,-600.0,0.0,SD,3661400.0,6140300.0,False,0.0,09:40:42
19350.0,100,-600.0,0.0,SD,3661400.0,6130500.0,False,0.0,09:40:42
19350.0,500,-600.0,0.0,SD,3661400.0,6130400.0,False,0.0,09:40:42
19350.0,200,-600.0,0.0,SD,3661400.0,6129900.0,False,0.0,09:40:42
19350.0,800,-600.0,0.0,SD,3661400.0,6129700.0,False,0.0,09:40:42
19350.0,500,-600.0,0.0,SD,3661400.0,6128900.0,False,0.0,09:40:42
19350.0,3100,-600.0,0.0,SD,3661400.0,6128400.0,False,0.0,09:40:42
19350.0,1000,-600.0,0.0,SD,3661400.0,6125300.0,False,0.0,09:40:42
19350.0,12800,-600.0,0.0,SD,3661400.0,6124300.0,True,-50.0,09:40:42
19400.0,200,-550.0,0.0,BU,3661400.0,6111500.0,False,50.0,09:40:40
19350.0,37200,-600.0,0.0,SD,3661200.0,6111500.0,True,0.0,09:40:38
19350.0,100,-600.0,0.0,SD,3661200.0,6074300.0,False,0.0,09:40:38
19350.0,500,-600.0,0.0,SD,3661200.0,6074200.0,False,0.0,09:40:38
19350.0,300,-600.0,0.0,SD,3661200.0,6073700.0,False,0.0,09:40:38
19350.0,200,-600.0,0.0,SD,3661200.0,6073400.0,False,0.0,09:40:38
19350.0,100,-600.0,0.0,SD,3661200.0,6073200.0,False,0.0,09:40:38
19350.0,100,-600.0,0.0,SD,3661200.0,6073100.0,False,0.0,09:40:38
19350.0,500,-600.0,0.0,SD,3661200.0,6073000.0,False,0.0,09:40:38
19350.0,15400,-600.0,0.0,SD,3661200.0,6072500.0,True,0.0,09:40:38
19350.0,1000,-600.0,0.0,SD,3661200.0,6057100.0,False,0.0,09:40:38
19350.0,600,-600.0,0.0,SD,3661200.0,6056100.0,False,0.0,09:40:38
19350.0,500,-600.0,0.0,SD,3661200.0,6055500.0,False,0.0,09:40:38
19350.0,100,-600.0,0.0,SD,3661200.0,6055000.0,False,0.0,09:40:38
19350.0,200,-600.0,0.0,SD,3661200.0,6054900.0,False,0.0,09:40:38
19350.0,600,-600.0,0.0,SD,3661200.0,6054700.0,False,0.0,09:40:38
19350.0,4000,-600.0,0.0,SD,3661200.0,6054100.0,False,0.0,09:40:38
19350.0,500,-600.0,0.0,SD,3661200.0,6050100.0,False,0.0,09:40:38
19350.0,5000,-600.0,0.0,SD,3661200.0,6049600.0,False,0.0,09:40:38
19350.0,100,-600.0,0.0,SD,3661200.0,6044600.0,False,0.0,09:40:38
19350.0,1000,-600.0,0.0,SD,3661200.0,6044500.0,False,-50.0,09:40:38
19400.0,100,-550.0,0.0,BU,3661200.0,6043500.0,False,50.0,09:40:37
19350.0,2600,-600.0,0.0,SD,3661100.0,6043500.0,False,0.0,09:40:37
19350.0,500,-600.0,0.0,SD,3661100.0,6040900.0,False,0.0,09:40:36
19350.0,1500,-600.0,0.0,SD,3661100.0,6040400.0,False,0.0,09:40:34
19350.0,1300,-600.0,0.0,SD,3661100.0,6038900.0,False,0.0,09:40:34
19350.0,1000,-600.0,0.0,SD,3661100.0,6037600.0,False,0.0,09:40:34
19350.0,3600,-600.0,0.0,SD,3661100.0,6036600.0,False,0.0,09:40:34
19350.0,100,-600.0,0.0,SD,3661100.0,6033000.0,False,0.0,09:40:34
19350.0,900,-600.0,0.0,SD,3661100.0,6032900.0,False,0.0,09:40:34
19350.0,100,-600.0,0.0,SD,3661100.0,6032000.0,False,0.0,09:40:34
19350.0,300,-600.0,0.0,SD,3661100.0,6031900.0,False,0.0,09:40:34
19350.0,900,-600.0,0.0,SD,3661100.0,6031600.0,False,0.0,09:40:34
19350.0,200,-600.0,0.0,SD,3661100.0,6030700.0,False,0.0,09:40:34
19350.0,1400,-600.0,0.0,SD,3661100.0,6030500.0,False,0.0,09:40:34
19350.0,200,-600.0,0.0,SD,3661100.0,6029100.0,False,0.0,09:40:34
19350.0,1000,-600.0,0.0,SD,3661100.0,6028900.0,False,0.0,09:40:34
19350.0,1000,-600.0,0.0,SD,3661100.0,6027900.0,False,0.0,09:40:34
19350.0,300,-600.0,0.0,SD,3661100.0,6026900.0,False,0.0,09:40:34
19350.0,100,-600.0,0.0,SD,3661100.0,6026600.0,False,-50.0,09:40:33
19400.0,1000,-550.0,0.0,BU,3661100.0,6026500.0,False,0.0,09:40:33
19400.0,100,-550.0,0.0,BU,3660100.0,6026500.0,False,50.0,09:40:31
19350.0,200,-600.0,0.0,SD,3660000.0,6026500.0,False,-50.0,09:40:29
19400.0,200,-550.0,0.0,BU,3660000.0,6026300.0,False,50.0,09:40:29
19350.0,1000,-600.0,0.0,SD,3659800.0,6026300.0,False,0.0,09:40:29
19350.0,400,-600.0,0.0,SD,3659800.0,6025300.0,False,0.0,09:40:29
19350.0,100,-600.0,0.0,SD,3659800.0,6024900.0,False,0.0,09:40:29
19350.0,100,-600.0,0.0,SD,3659800.0,6024800.0,False,0.0,09:40:29
19350.0,100,-600.0,0.0,SD,3659800.0,6024700.0,False,0.0,09:40:29
19350.0,100,-600.0,0.0,SD,3659800.0,6024600.0,False,0.0,09:40:29
19350.0,200,-600.0,0.0,SD,3659800.0,6024500.0,False,0.0,09:40:29
19350.0,100,-600.0,0.0,SD,3659800.0,6024300.0,False,0.0,09:40:28
19350.0,1500,-600.0,0.0,SD,3659800.0,6024200.0,False,0.0,09:40:28
19350.0,700,-600.0,0.0,SD,3659800.0,6022700.0,False,0.0,09:40:24
19350.0,100,-600.0,0.0,SD,3659800.0,6022000.0,False,0.0,09:40:24
19350.0,200,-600.0,0.0,SD,3659800.0,6021900.0,False,0.0,09:40:24
19350.0,1000,-600.0,0.0,SD,3659800.0,6021700.0,False,0.0,09:40:24
19350.0,100,-600.0,0.0,SD,3659800.0,6020700.0,False,0.0,09:40:22
19350.0,300,-600.0,0.0,SD,3659800.0,6020600.0,False,0.0,09:40:22
19350.0,500,-600.0,0.0,SD,3659800.0,6020300.0,False,0.0,09:40:22
19350.0,6100,-600.0,0.0,SD,3659800.0,6019800.0,False,0.0,09:40:22
19350.0,3000,-600.0,0.0,SD,3659800.0,6013700.0,False,0.0,09:40:21
19350.0,500,-600.0,0.0,SD,3659800.0,6010700.0,False,0.0,09:40:21
19350.0,500,-600.0,0.0,SD,3659800.0,6010200.0,False,0.0,09:40:20
19350.0,2000,-600.0,0.0,SD,3659800.0,6009700.0,False,0.0,09:40:20
19350.0,100,-600.0,0.0,SD,3659800.0,6007700.0,False,-50.0,09:40:19
19400.0,100,-550.0,0.0,BU,3659800.0,6007600.0,False,50.0,09:40:18
19350.0,100,-600.0,0.0,SD,3659700.0,6007600.0,False,0.0,09:40:18
19350.0,1700,-600.0,0.0,SD,3659700.0,6007500.0,False,0.0,09:40:17
19350.0,500,-600.0,0.0,SD,3659700.0,6005800.0,False,0.0,09:40:17
19350.0,300,-600.0,0.0,SD,3659700.0,6005300.0,False,0.0,09:40:17
19350.0,100,-600.0,0.0,SD,3659700.0,6005000.0,False,0.0,09:40:17
19350.0,1000,-600.0,0.0,SD,3659700.0,6004900.0,False,0.0,09:40:17
19350.0,100,-600.0,0.0,SD,3659700.0,6003900.0,False,0.0,09:40:17
19350.0,400,-600.0,0.0,SD,3659700.0,6003800.0,False,0.0,09:40:17
19350.0,100,-600.0,0.0,SD,3659700.0,6003400.0,False,0.0,09:40:17
19350.0,100,-600.0,0.0,SD,3659700.0,6003300.0,False,0.0,09:40:17
19350.0,100,-600.0,0.0,SD,3659700.0,6003200.0,False,0.0,09:40:17
19350.0,1400,-600.0,0.0,SD,3659700.0,6003100.0,False,0.0,09:40:17
19350.0,200,-600.0,0.0,SD,3659700.0,6001700.0,False,0.0,09:40:17
19350.0,100,-600.0,0.0,SD,3659700.0,6001500.0,False,0.0,09:40:17
19350.0,1800,-600.0,0.0,SD,3659700.0,6001400.0,False,0.0,09:40:17
19350.0,100,-600.0,0.0,SD,3659700.0,5999600.0,False,0.0,09:40:17
19350.0,300,-600.0,0.0,SD,3659700.0,5999500.0,False,0.0,09:40:17
19350.0,100,-600.0,0.0,SD,3659700.0,5999200.0,False,0.0,09:40:17
19350.0,1600,-600.0,0.0,SD,3659700.0,5999100.0,False,0.0,09:40:17
19350.0,700,-600.0,0.0,SD,3659700.0,5997500.0,False,0.0,09:40:17
19350.0,100,-600.0,0.0,SD,3659700.0,5996800.0,False,-50.0,09:40:16
19400.0,100,-550.0,0.0,BU,3659700.0,5996700.0,False,50.0,09:40:16
19350.0,6200,-600.0,0.0,SD,3659600.0,5996700.0,False,0.0,09:40:14
19350.0,3000,-600.0,0.0,SD,3659600.0,5990500.0,False,0.0,09:40:13
19350.0,1000,-600.0,0.0,SD,3659600.0,5987500.0,False,0.0,09:40:13
19350.0,10000,-600.0,0.0,SD,3659600.0,5986500.0,False,-50.0,09:40:12
19400.0,600,-550.0,0.0,BU,3659600.0,5976500.0,False,0.0,09:40:10
19400.0,500,-550.0,0.0,BU,3659000.0,5976500.0,False,50.0,09:40:06
19350.0,400,-600.0,0.0,SD,3658500.0,5976500.0,False,0.0,09:40:05
19350.0,100,-600.0,0.0,SD,3658500.0,5976100.0,False,0.0,09:40:04
19350.0,3000,-600.0,0.0,SD,3658500.0,5976000.0,False,0.0,09:40:04
19350.0,3500,-600.0,0.0,SD,3658500.0,5973000.0,False,0.0,09:40:04
19350.0,4500,-600.0,0.0,SD,3658500.0,5969500.0,False,0.0,09:40:03
19350.0,300,-600.0,0.0,SD,3658500.0,5965000.0,False,0.0,09:40:03
19350.0,700,-600.0,0.0,SD,3658500.0,5964700.0,False,0.0,09:40:01
19350.0,500,-600.0,0.0,SD,3658500.0,5964000.0,False,0.0,09:40:01
19350.0,100,-600.0,0.0,SD,3658500.0,5963500.0,False,0.0,09:40:01
19350.0,100,-600.0,0.0,SD,3658500.0,5963400.0,False,0.0,09:40:01
19350.0,100,-600.0,0.0,SD,3658500.0,5963300.0,False,0.0,09:40:01
19350.0,1400,-600.0,0.0,SD,3658500.0,5963200.0,False,0.0,09:40:01
19350.0,4000,-600.0,0.0,SD,3658500.0,5961800.0,False,0.0,09:40:01
19350.0,100,-600.0,0.0,SD,3658500.0,5957800.0,False,0.0,09:40:01
19350.0,500,-600.0,0.0,SD,3658500.0,5957700.0,False,0.0,09:40:01
19350.0,4000,-600.0,0.0,SD,3658500.0,5957200.0,False,0.0,09:40:01
19350.0,100,-600.0,0.0,SD,3658500.0,5953200.0,False,0.0,09:40:01
19350.0,100,-600.0,0.0,SD,3658500.0,5953100.0,False,0.0,09:40:01
19350.0,1000,-600.0,0.0,SD,3658500.0,5953000.0,False,0.0,09:40:01
19350.0,100,-600.0,0.0,SD,3658500.0,5952000.0,False,0.0,09:40:01
19350.0,5000,-600.0,0.0,SD,3658500.0,5951900.0,False,0.0,09:40:01
19350.0,200,-600.0,0.0,SD,3658500.0,5946900.0,False,0.0,09:40:01
19350.0,600,-600.0,0.0,SD,3658500.0,5946700.0,False,0.0,09:40:01
19350.0,2000,-600.0,0.0,SD,3658500.0,5946100.0,False,0.0,09:40:01
19350.0,100,-600.0,0.0,SD,3658500.0,5944100.0,False,0.0,09:40:01
19350.0,3000,-600.0,0.0,SD,3658500.0,5944000.0,False,0.0,09:40:01
19350.0,500,-600.0,0.0,SD,3658500.0,5941000.0,False,0.0,09:40:01
19350.0,100,-600.0,0.0,SD,3658500.0,5940500.0,False,0.0,09:40:01
19350.0,300,-600.0,0.0,SD,3658500.0,5940400.0,False,0.0,09:40:01
19350.0,13500,-600.0,0.0,SD,3658500.0,5940100.0,True,0.0,09:40:01
19350.0,1000,-600.0,0.0,SD,3658500.0,5926600.0,False,0.0,09:40:01
19350.0,300,-600.0,0.0,SD,3658500.0,5925600.0,False,0.0,09:40:01
19350.0,300,-600.0,0.0,SD,3658500.0,5925300.0,False,0.0,09:40:01
19350.0,500,-600.0,0.0,SD,3658500.0,5925000.0,False,0.0,09:40:01
19350.0,100,-600.0,0.0,SD,3658500.0,5924500.0,False,0.0,09:40:01
19350.0,1000,-600.0,0.0,SD,3658500.0,5924400.0,False,0.0,09:40:01
19350.0,1000,-600.0,0.0,SD,3658500.0,5923400.0,False,0.0,09:40:01
19350.0,1200,-600.0,0.0,SD,3658500.0,5922400.0,False,0.0,09:40:01
19350.0,200,-600.0,0.0,SD,3658500.0,5921200.0,False,0.0,09:40:01
19350.0,500,-600.0,0.0,SD,3658500.0,5921000.0,False,0.0,09:40:01
19350.0,1000,-600.0,0.0,SD,3658500.0,5920500.0,False,0.0,09:40:01
19350.0,2000,-600.0,0.0,SD,3658500.0,5919500.0,False,0.0,09:40:01
19350.0,500,-600.0,0.0,SD,3658500.0,5917500.0,False,0.0,09:40:01
19350.0,1000,-600.0,0.0,SD,3658500.0,5917000.0,False,0.0,09:40:01
19350.0,2800,-600.0,0.0,SD,3658500.0,5916000.0,False,-50.0,09:40:01
19400.0,100,-550.0,0.0,BU,3658500.0,5913200.0,False,50.0,09:39:59
19350.0,500,-600.0,0.0,SD,3658400.0,5913200.0,False,0.0,09:39:55
19350.0,1000,-600.0,0.0,SD,3658400.0,5912700.0,False,-50.0,09:39:55
19400.0,200,-550.0,0.0,BU,3658400.0,5911700.0,False,50.0,09:39:54
19350.0,700,-600.0,0.0,SD,3658200.0,5911700.0,False,0.0,09:39:54
19350.0,100,-600.0,0.0,SD,3658200.0,5911000.0,False,0.0,09:39:54
19350.0,200,-600.0,0.0,SD,3658200.0,5910900.0,False,0.0,09:39:54
19350.0,500,-600.0,0.0,SD,3658200.0,5910700.0,False,0.0,09:39:54
19350.0,500,-600.0,0.0,SD,3658200.0,5910200.0,False,0.0,09:39:54
19350.0,400,-600.0,0.0,SD,3658200.0,5909700.0,False,0.0,09:39:53
19350.0,100,-600.0,0.0,SD,3658200.0,5909300.0,False,0.0,09:39:51
19350.0,100,-600.0,0.0,SD,3658200.0,5909200.0,False,0.0,09:39:49
19350.0,400,-600.0,0.0,SD,3658200.0,5909100.0,False,0.0,09:39:48
19350.0,400,-600.0,0.0,SD,3658200.0,5908700.0,False,0.0,09:39:46
19350.0,200,-600.0,0.0,SD,3658200.0,5908300.0,False,0.0,09:39:46
19350.0,100,-600.0,0.0,SD,3658200.0,5908100.0,False,0.0,09:39:46
19350.0,200,-600.0,0.0,SD,3658200.0,5908000.0,False,0.0,09:39:46
19350.0,300,-600.0,0.0,SD,3658200.0,5907800.0,False,0.0,09:39:46
19350.0,2800,-600.0,0.0,SD,3658200.0,5907500.0,False,-50.0,09:39:46
19400.0,300,-550.0,0.0,BU,3658200.0,5904700.0,False,0.0,09:39:46
19400.0,100,-550.0,0.0,BU,3657900.0,5904700.0,False,50.0,09:39:46
19350.0,200,-600.0,0.0,SD,3657800.0,5904700.0,False,0.0,09:39:45
19350.0,200,-600.0,0.0,SD,3657800.0,5904500.0,False,0.0,09:39:45
19350.0,600,-600.0,0.0,SD,3657800.0,5904300.0,False,0.0,09:39:45
19350.0,900,-600.0,0.0,SD,3657800.0,5903700.0,False,0.0,09:39:45
19350.0,2000,-600.0,0.0,SD,3657800.0,5902800.0,False,0.0,09:39:45
19350.0,1000,-600.0,0.0,SD,3657800.0,5900800.0,False,0.0,09:39:45
19350.0,400,-600.0,0.0,SD,3657800.0,5899800.0,False,0.0,09:39:45
19350.0,4700,-600.0,0.0,SD,3657800.0,5899400.0,False,0.0,09:39:45
19350.0,11000,-600.0,0.0,SD,3657800.0,5894700.0,True,-50.0,09:39:45
19400.0,2600,-550.0,0.0,BU,3657800.0,5883700.0,False,0.0,09:39:44
19400.0,900,-550.0,0.0,BU,3655200.0,5883700.0,False,0.0,09:39:44
19400.0,400,-550.0,0.0,BU,3654300.0,5883700.0,False,50.0,09:39:43
19350.0,200,-600.0,0.0,SD,3653900.0,5883700.0,False,0.0,09:39:40
19350.0,4000,-600.0,0.0,SD,3653900.0,5883500.0,False,-50.0,09:39:38
19400.0,200,-550.0,0.0,BU,3653900.0,5879500.0,False,50.0,09:39:34
19350.0,1400,-600.0,0.0,SD,3653700.0,5879500.0,False,0.0,09:39:33
19350.0,200,-600.0,0.0,SD,3653700.0,5878100.0,False,0.0,09:39:33
19350.0,3800,-600.0,0.0,SD,3653700.0,5877900.0,False,0.0,09:39:33
19350.0,100,-600.0,0.0,SD,3653700.0,5874100.0,False,0.0,09:39:33
19350.0,1000,-600.0,0.0,SD,3653700.0,5874000.0,False,0.0,09:39:33
19350.0,100,-600.0,0.0,SD,3653700.0,5873000.0,False,0.0,09:39:33
19350.0,3000,-600.0,0.0,SD,3653700.0,5872900.0,False,0.0,09:39:33
19350.0,200,-600.0,0.0,SD,3653700.0,5869900.0,False,0.0,09:39:33
19350.0,100,-600.0,0.0,SD,3653700.0,5869700.0,False,0.0,09:39:33
19350.0,2000,-600.0,0.0,SD,3653700.0,5869600.0,False,0.0,09:39:33
19350.0,2500,-600.0,0.0,SD,3653700.0,5867600.0,False,0.0,09:39:33
19350.0,800,-600.0,0.0,SD,3653700.0,5865100.0,False,0.0,09:39:33
19350.0,400,-600.0,0.0,SD,3653700.0,5864300.0,False,0.0,09:39:33
19350.0,400,-600.0,0.0,SD,3653700.0,5863900.0,False,0.0,09:39:33
19350.0,400,-600.0,0.0,SD,3653700.0,5863500.0,False,0.0,09:39:33
19350.0,2000,-600.0,0.0,SD,3653700.0,5863100.0,False,0.0,09:39:33
19350.0,500,-600.0,0.0,SD,3653700.0,5861100.0,False,0.0,09:39:33
19350.0,300,-600.0,0.0,SD,3653700.0,5860600.0,False,0.0,09:39:33
19350.0,200,-600.0,0.0,SD,3653700.0,5860300.0,False,0.0,09:39:33
19350.0,1000,-600.0,0.0,SD,3653700.0,5860100.0,False,0.0,09:39:33
19350.0,2000,-600.0,0.0,SD,3653700.0,5859100.0,False,0.0,09:39:33
19350.0,500,-600.0,0.0,SD,3653700.0,5857100.0,False,0.0,09:39:33
19350.0,500,-600.0,0.0,SD,3653700.0,5856600.0,False,0.0,09:39:33
19350.0,100,-600.0,0.0,SD,3653700.0,5856100.0,False,0.0,09:39:33
19350.0,10000,-600.0,0.0,SD,3653700.0,5856000.0,False,0.0,09:39:33
19350.0,2000,-600.0,0.0,SD,3653700.0,5846000.0,False,0.0,09:39:33
19350.0,300,-600.0,0.0,SD,3653700.0,5844000.0,False,0.0,09:39:33
19350.0,1000,-600.0,0.0,SD,3653700.0,5843700.0,False,0.0,09:39:33
19350.0,7000,-600.0,0.0,SD,3653700.0,5842700.0,False,0.0,09:39:33
19350.0,100,-600.0,0.0,SD,3653700.0,5835700.0,False,0.0,09:39:33
19350.0,100,-600.0,0.0,SD,3653700.0,5835600.0,False,0.0,09:39:33
19350.0,100,-600.0,0.0,SD,3653700.0,5835500.0,False,0.0,09:39:33
19350.0,200,-600.0,0.0,SD,3653700.0,5835400.0,False,0.0,09:39:33
19350.0,100,-600.0,0.0,SD,3653700.0,5835200.0,False,0.0,09:39:33
19350.0,300,-600.0,0.0,SD,3653700.0,5835100.0,False,0.0,09:39:33
19350.0,3000,-600.0,0.0,SD,3653700.0,5834800.0,False,0.0,09:39:33
19350.0,200,-600.0,0.0,SD,3653700.0,5831800.0,False,0.0,09:39:33
19350.0,3700,-600.0,0.0,SD,3653700.0,5831600.0,False,-50.0,09:39:33
19400.0,1400,-550.0,0.0,BU,3653700.0,5827900.0,False,0.0,09:39:33
19400.0,600,-550.0,0.0,BU,3652300.0,5827900.0,False,50.0,09:39:33
19350.0,100,-600.0,0.0,SD,3651700.0,5827900.0,False,0.0,09:39:31
19350.0,1300,-600.0,0.0,SD,3651700.0,5827800.0,False,0.0,09:39:31
19350.0,100,-600.0,0.0,SD,3651700.0,5826500.0,False,0.0,09:39:31
19350.0,500,-600.0,0.0,SD,3651700.0,5826400.0,False,0.0,09:39:31
19350.0,1800,-600.0,0.0,SD,3651700.0,5825900.0,False,0.0,09:39:31
19350.0,200,-600.0,0.0,SD,3651700.0,5824100.0,False,-50.0,09:39:31
19400.0,900,-550.0,0.0,BU,3651700.0,5823900.0,False,0.0,09:39:29
19400.0,500,-550.0,0.0,BU,3650800.0,5823900.0,False,0.0,09:39:29
19400.0,3600,-550.0,0.0,BU,3650300.0,5823900.0,False,0.0,09:39:29
19400.0,100,-550.0,0.0,BU,3646700.0,5823900.0,False,50.0,09:39:28
19350.0,200,-600.0,0.0,SD,3646600.0,5823900.0,False,0.0,09:39:27
19350.0,100,-600.0,0.0,SD,3646600.0,5823700.0,False,0.0,09:39:27
19350.0,500,-600.0,0.0,SD,3646600.0,5823600.0,False,0.0,09:39:27
19350.0,100,-600.0,0.0,SD,3646600.0,5823100.0,False,0.0,09:39:27
19350.0,100,-600.0,0.0,SD,3646600.0,5823000.0,False,0.0,09:39:27
19350.0,500,-600.0,0.0,SD,3646600.0,5822900.0,False,0.0,09:39:27
19350.0,2000,-600.0,0.0,SD,3646600.0,5822400.0,False,0.0,09:39:27
19350.0,1500,-600.0,0.0,SD,3646600.0,5820400.0,False,0.0,09:39:27
19350.0,7000,-600.0,0.0,SD,3646600.0,5818900.0,False,0.0,09:39:27
19350.0,3500,-600.0,0.0,SD,3646600.0,5811900.0,False,0.0,09:39:27
19350.0,800,-600.0,0.0,SD,3646600.0,5808400.0,False,0.0,09:39:26
19350.0,1000,-600.0,0.0,SD,3646600.0,5807600.0,False,0.0,09:39:26
19350.0,400,-600.0,0.0,SD,3646600.0,5806600.0,False,-50.0,09:39:26
19400.0,500,-550.0,0.0,BU,3646600.0,5806200.0,False,0.0,09:39:25
19400.0,2000,-550.0,0.0,BU,3646100.0,5806200.0,False,0.0,09:39:25
19400.0,1000,-550.0,0.0,BU,3644100.0,5806200.0,False,0.0,09:39:25
19400.0,400,-550.0,0.0,BU,3643100.0,5806200.0,False,0.0,09:39:25
19400.0,1000,-550.0,0.0,BU,3642700.0,5806200.0,False,0.0,09:39:25
19400.0,100,-550.0,0.0,BU,3641700.0,5806200.0,False,50.0,09:39:25
19350.0,400,-600.0,0.0,SD,3641600.0,5806200.0,False,-50.0,09:39:23
19400.0,600,-550.0,0.0,BU,3641600.0,5805800.0,False,50.0,09:39:22
19350.0,2000,-600.0,0.0,SD,3641000.0,5805800.0,False,0.0,09:39:18
19350.0,100,-600.0,0.0,SD,3641000.0,5803800.0,False,-50.0,09:39:16
19400.0,4300,-550.0,0.0,BU,3641000.0,5803700.0,False,0.0,09:39:16
19400.0,200,-550.0,0.0,BU,3636700.0,5803700.0,False,0.0,09:39:16
19400.0,500,-550.0,0.0,BU,3636500.0,5803700.0,False,50.0,09:39:16
19350.0,100,-600.0,0.0,SD,3636000.0,5803700.0,False,-50.0,09:39:16
19400.0,100,-550.0,0.0,BU,3636000.0,5803600.0,False,0.0,09:39:16
19400.0,100,-550.0,0.0,BU,3635900.0,5803600.0,False,0.0,09:39:15
19400.0,300,-550.0,0.0,BU,3635800.0,5803600.0,False,0.0,09:39:13
19400.0,200,-550.0,0.0,BU,3635500.0,5803600.0,False,50.0,09:39:13
19350.0,200,-600.0,0.0,SD,3635300.0,5803600.0,False,0.0,09:39:13
19350.0,1000,-600.0,0.0,SD,3635300.0,5803400.0,False,-50.0,09:39:13
19400.0,100,-550.0,0.0,BU,3635300.0,5802400.0,False,0.0,09:39:10
19400.0,900,-550.0,0.0,BU,3635200.0,5802400.0,False,50.0,09:39:10
19350.0,2800,-600.0,0.0,SD,3634300.0,5802400.0,False,-50.0,09:39:08
19400.0,100,-550.0,0.0,BU,3634300.0,5799600.0,False,0.0,09:39:06
19400.0,1000,-550.0,0.0,BU,3634200.0,5799600.0,False,0.0,09:39:06
19400.0,3000,-550.0,0.0,BU,3633200.0,5799600.0,False,0.0,09:39:06
19400.0,5000,-550.0,0.0,BU,3630200.0,5799600.0,False,0.0,09:39:06
19400.0,1000,-550.0,0.0,BU,3625200.0,5799600.0,False,0.0,09:39:06
19400.0,100,-550.0,0.0,BU,3624200.0,5799600.0,False,0.0,09:39:06
19400.0,700,-550.0,0.0,BU,3624100.0,5799600.0,False,0.0,09:39:06
19400.0,1000,-550.0,0.0,BU,3623400.0,5799600.0,False,0.0,09:39:06
19400.0,1500,-550.0,0.0,BU,3622400.0,5799600.0,False,0.0,09:39:06
19400.0,200,-550.0,0.0,BU,3620900.0,5799600.0,False,0.0,09:39:06
19400.0,500,-550.0,0.0,BU,3620700.0,5799600.0,False,0.0,09:39:06
19400.0,1000,-550.0,0.0,BU,3620200.0,5799600.0,False,0.0,09:39:06
19400.0,1600,-550.0,0.0,BU,3619200.0,5799600.0,False,0.0,09:39:06
19400.0,1000,-550.0,0.0,BU,3617600.0,5799600.0,False,0.0,09:39:06
19400.0,900,-550.0,0.0,BU,3616600.0,5799600.0,False,50.0,09:39:06
19350.0,200,-600.0,0.0,SD,3615700.0,5799600.0,False,-50.0,09:39:06
19400.0,400,-550.0,0.0,BU,3615700.0,5799400.0,False,0.0,09:39:04
19400.0,100,-550.0,0.0,BU,3615300.0,5799400.0,False,0.0,09:39:02
19400.0,1800,-550.0,0.0,BU,3615200.0,5799400.0,False,0.0,09:39:02
19400.0,1200,-550.0,0.0,BU,3613400.0,5799400.0,False,50.0,09:39:02
19350.0,25500,-600.0,0.0,SD,3612200.0,5799400.0,True,0.0,09:39:02
19350.0,100,-600.0,0.0,SD,3612200.0,5773900.0,False,0.0,09:39:02
19350.0,1000,-600.0,0.0,SD,3612200.0,5773800.0,False,0.0,09:39:02
19350.0,200,-600.0,0.0,SD,3612200.0,5772800.0,False,0.0,09:39:02
19350.0,500,-600.0,0.0,SD,3612200.0,5772600.0,False,0.0,09:39:02
19350.0,500,-600.0,0.0,SD,3612200.0,5772100.0,False,0.0,09:39:02
19350.0,200,-600.0,0.0,SD,3612200.0,5771600.0,False,0.0,09:39:02
19350.0,200,-600.0,0.0,SD,3612200.0,5771400.0,False,0.0,09:39:02
19350.0,100,-600.0,0.0,SD,3612200.0,5771200.0,False,0.0,09:39:02
19350.0,1000,-600.0,0.0,SD,3612200.0,5771100.0,False,0.0,09:39:02
19350.0,1000,-600.0,0.0,SD,3612200.0,5770100.0,False,0.0,09:39:02
19350.0,200,-600.0,0.0,SD,3612200.0,5769100.0,False,0.0,09:39:02
19350.0,200,-600.0,0.0,SD,3612200.0,5768900.0,False,0.0,09:39:02
19350.0,5000,-600.0,0.0,SD,3612200.0,5768700.0,False,0.0,09:39:02
19350.0,300,-600.0,0.0,SD,3612200.0,5763700.0,False,0.0,09:39:02
19350.0,500,-600.0,0.0,SD,3612200.0,5763400.0,False,0.0,09:39:02
19350.0,1000,-600.0,0.0,SD,3612200.0,5762900.0,False,0.0,09:39:02
19350.0,100,-600.0,0.0,SD,3612200.0,5761900.0,False,0.0,09:39:02
19350.0,500,-600.0,0.0,SD,3612200.0,5761800.0,False,0.0,09:39:02
19350.0,100,-600.0,0.0,SD,3612200.0,5761300.0,False,0.0,09:39:02
19350.0,100,-600.0,0.0,SD,3612200.0,5761200.0,False,0.0,09:39:02
19350.0,500,-600.0,0.0,SD,3612200.0,5761100.0,False,0.0,09:39:02
19350.0,500,-600.0,0.0,SD,3612200.0,5760600.0,False,0.0,09:39:02
19350.0,500,-600.0,0.0,SD,3612200.0,5760100.0,False,0.0,09:39:02
19350.0,100,-600.0,0.0,SD,3612200.0,5759600.0,False,0.0,09:39:02
19350.0,2000,-600.0,0.0,SD,3612200.0,5759500.0,False,0.0,09:39:02
19350.0,1000,-600.0,0.0,SD,3612200.0,5757500.0,False,0.0,09:39:02
19350.0,100,-600.0,0.0,SD,3612200.0,5756500.0,False,0.0,09:39:02
19350.0,300,-600.0,0.0,SD,3612200.0,5756400.0,False,0.0,09:39:02
19350.0,1000,-600.0,0.0,SD,3612200.0,5756100.0,False,0.0,09:39:02
19350.0,100,-600.0,0.0,SD,3612200.0,5755100.0,False,-50.0,09:39:02
19400.0,100,-550.0,0.0,BU,3612200.0,5755000.0,False,0.0,09:39:01
19400.0,500,-550.0,0.0,BU,3612100.0,5755000.0,False,50.0,09:39:01
19350.0,200,-600.0,0.0,SD,3611600.0,5755000.0,False,0.0,09:38:56
19350.0,200,-600.0,0.0,SD,3611600.0,5754800.0,False,-50.0,09:38:56
19400.0,100,-550.0,0.0,BU,3611600.0,5754600.0,False,0.0,09:38:56
19400.0,100,-550.0,0.0,BU,3611500.0,5754600.0,False,50.0,09:38:56
19350.0,2800,-600.0,0.0,SD,3611400.0,5754600.0,False,0.0,09:38:55
19350.0,200,-600.0,0.0,SD,3611400.0,5751800.0,False,0.0,09:38:55
19350.0,300,-600.0,0.0,SD,3611400.0,5751600.0,False,0.0,09:38:55
19350.0,1700,-600.0,0.0,SD,3611400.0,5751300.0,False,0.0,09:38:55
19350.0,2500,-600.0,0.0,SD,3611400.0,5749600.0,False,0.0,09:38:53
19350.0,2000,-600.0,0.0,SD,3611400.0,5747100.0,False,0.0,09:38:52
19350.0,800,-600.0,0.0,SD,3611400.0,5745100.0,False,0.0,09:38:52
19350.0,1000,-600.0,0.0,SD,3611400.0,5744300.0,False,0.0,09:38:52
19350.0,1200,-600.0,0.0,SD,3611400.0,5743300.0,False,-50.0,09:38:52
19400.0,1000,-550.0,0.0,BU,3611400.0,5742100.0,False,50.0,09:38:49
19350.0,100,-600.0,0.0,SD,3610400.0,5742100.0,False,-50.0,09:38:49
19400.0,100,-550.0,0.0,BU,3610400.0,5742000.0,False,0.0,09:38:47
19400.0,400,-550.0,0.0,BU,3610300.0,5742000.0,False,0.0,09:38:47
19400.0,200,-550.0,0.0,BU,3609900.0,5742000.0,False,50.0,09:38:46
19350.0,100,-600.0,0.0,SD,3609700.0,5742000.0,False,-50.0,09:38:44
19400.0,100,-550.0,0.0,BU,3609700.0,5741900.0,False,0.0,09:38:43
19400.0,500,-550.0,0.0,BU,3609600.0,5741900.0,False,0.0,09:38:42
19400.0,100,-550.0,0.0,BU,3609100.0,5741900.0,False,50.0,09:38:42
19350.0,1600,-600.0,0.0,SD,3609000.0,5741900.0,False,0.0,09:38:40
19350.0,400,-600.0,0.0,SD,3609000.0,5740300.0,False,-50.0,09:38:40
19400.0,200,-550.0,0.0,BU,3609000.0,5739900.0,False,0.0,09:38:37
19400.0,700,-550.0,0.0,BU,3608800.0,5739900.0,False,0.0,09:38:35
19400.0,300,-550.0,0.0,BU,3608100.0,5739900.0,False,0.0,09:38:35
19400.0,500,-550.0,0.0,BU,3607800.0,5739900.0,False,0.0,09:38:35
19400.0,1000,-550.0,0.0,BU,3607300.0,5739900.0,False,0.0,09:38:35
19400.0,5000,-550.0,0.0,BU,3606300.0,5739900.0,False,0.0,09:38:35
19400.0,200,-550.0,0.0,BU,3601300.0,5739900.0,False,0.0,09:38:35
19400.0,10000,-550.0,0.0,BU,3601100.0,5739900.0,False,0.0,09:38:35
19400.0,1500,-550.0,0.0,BU,3591100.0,5739900.0,False,0.0,09:38:35
19400.0,100,-550.0,0.0,BU,3589600.0,5739900.0,False,0.0,09:38:35
19400.0,200,-550.0,0.0,BU,3589500.0,5739900.0,False,0.0,09:38:35
19400.0,13000,-550.0,0.0,BU,3589300.0,5739900.0,True,0.0,09:38:35
19400.0,1500,-550.0,0.0,BU,3576300.0,5739900.0,False,0.0,09:38:35
19400.0,4000,-550.0,0.0,BU,3574800.0,5739900.0,False,0.0,09:38:35
19400.0,200,-550.0,0.0,BU,3570800.0,5739900.0,False,0.0,09:38:35
19400.0,4000,-550.0,0.0,BU,3570600.0,5739900.0,False,0.0,09:38:35
19400.0,200,-550.0,0.0,BU,3566600.0,5739900.0,False,0.0,09:38:35
19400.0,7600,-550.0,0.0,BU,3566400.0,5739900.0,False,0.0,09:38:35
19400.0,2000,-550.0,0.0,BU,3558800.0,5739900.0,False,0.0,09:38:35
19400.0,200,-550.0,0.0,BU,3556800.0,5739900.0,False,50.0,09:38:35
19350.0,300,-600.0,0.0,SD,3556600.0,5739900.0,False,-50.0,09:38:34
19400.0,1000,-550.0,0.0,BU,3556600.0,5739600.0,False,0.0,09:38:33
19400.0,500,-550.0,0.0,BU,3555600.0,5739600.0,False,0.0,09:38:33
19400.0,100,-550.0,0.0,BU,3555100.0,5739600.0,False,50.0,09:38:33
19350.0,1000,-600.0,0.0,SD,3555000.0,5739600.0,False,-50.0,09:38:32
19400.0,100,-550.0,0.0,BU,3555000.0,5738600.0,False,0.0,09:38:32
19400.0,400,-550.0,0.0,BU,3554900.0,5738600.0,False,50.0,09:38:28
19350.0,2300,-600.0,0.0,SD,3554500.0,5738600.0,False,0.0,09:38:27
19350.0,400,-600.0,0.0,SD,3554500.0,5736300.0,False,0.0,09:38:27
19350.0,500,-600.0,0.0,SD,3554500.0,5735900.0,False,0.0,09:38:27
19350.0,1000,-600.0,0.0,SD,3554500.0,5735400.0,False,0.0,09:38:27
19350.0,100,-600.0,0.0,SD,3554500.0,5734400.0,False,0.0,09:38:27
19350.0,1000,-600.0,0.0,SD,3554500.0,5734300.0,False,0.0,09:38:27
19350.0,100,-600.0,0.0,SD,3554500.0,5733300.0,False,0.0,09:38:27
19350.0,200,-600.0,0.0,SD,3554500.0,5733200.0,False,0.0,09:38:27
19350.0,500,-600.0,0.0,SD,3554500.0,5733000.0,False,0.0,09:38:27
19350.0,200,-600.0,0.0,SD,3554500.0,5732500.0,False,0.0,09:38:27
19350.0,100,-600.0,0.0,SD,3554500.0,5732300.0,False,0.0,09:38:27
19350.0,200,-600.0,0.0,SD,3554500.0,5732200.0,False,0.0,09:38:27
19350.0,500,-600.0,0.0,SD,3554500.0,5732000.0,False,0.0,09:38:27
19350.0,1000,-600.0,0.0,SD,3554500.0,5731500.0,False,0.0,09:38:27
19350.0,100,-600.0,0.0,SD,3554500.0,5730500.0,False,0.0,09:38:27
19350.0,1000,-600.0,0.0,SD,3554500.0,5730400.0,False,0.0,09:38:27
19350.0,1200,-600.0,0.0,SD,3554500.0,5729400.0,False,0.0,09:38:27
19350.0,200,-600.0,0.0,SD,3554500.0,5728200.0,False,0.0,09:38:27
19350.0,500,-600.0,0.0,SD,3554500.0,5728000.0,False,0.0,09:38:27
19350.0,500,-600.0,0.0,SD,3554500.0,5727500.0,False,0.0,09:38:27
19350.0,600,-600.0,0.0,SD,3554500.0,5727000.0,False,0.0,09:38:27
19350.0,4000,-600.0,0.0,SD,3554500.0,5726400.0,False,0.0,09:38:27
19350.0,300,-600.0,0.0,SD,3554500.0,5722400.0,False,0.0,09:38:27
19350.0,500,-600.0,0.0,SD,3554500.0,5722100.0,False,0.0,09:38:27
19350.0,100,-600.0,0.0,SD,3554500.0,5721600.0,False,0.0,09:38:27
19350.0,300,-600.0,0.0,SD,3554500.0,5721500.0,False,0.0,09:38:27
19350.0,900,-600.0,0.0,SD,3554500.0,5721200.0,False,0.0,09:38:27
19350.0,100,-600.0,0.0,SD,3554500.0,5720300.0,False,0.0,09:38:27
19350.0,200,-600.0,0.0,SD,3554500.0,5720200.0,False,0.0,09:38:27
19350.0,600,-600.0,0.0,SD,3554500.0,5720000.0,False,0.0,09:38:27
19350.0,800,-600.0,0.0,SD,3554500.0,5719400.0,False,-50.0,09:38:27
19400.0,5000,-550.0,0.0,BU,3554500.0,5718600.0,False,0.0,09:38:26
19400.0,600,-550.0,0.0,BU,3549500.0,5718600.0,False,0.0,09:38:26
19400.0,1000,-550.0,0.0,BU,3548900.0,5718600.0,False,0.0,09:38:26
19400.0,300,-550.0,0.0,BU,3547900.0,5718600.0,False,0.0,09:38:25
19400.0,500,-550.0,0.0,BU,3547600.0,5718600.0,False,0.0,09:38:25
19400.0,100,-550.0,0.0,BU,3547100.0,5718600.0,False,0.0,09:38:22
19400.0,3600,-550.0,0.0,BU,3547000.0,5718600.0,False,0.0,09:38:22
19400.0,400,-550.0,0.0,BU,3543400.0,5718600.0,False,50.0,09:38:22
19350.0,5900,-600.0,0.0,SD,3543000.0,5718600.0,False,0.0,09:38:21
19350.0,29100,-600.0,0.0,SD,3543000.0,5712700.0,True,-50.0,09:38:21
19400.0,100,-550.0,0.0,BU,3543000.0,5683600.0,False,0.0,09:38:20
19400.0,400,-550.0,0.0,BU,3542900.0,5683600.0,False,50.0,09:38:20
19350.0,100,-600.0,0.0,SD,3542500.0,5683600.0,False,-50.0,09:38:20
19400.0,1600,-550.0,0.0,BU,3542500.0,5683500.0,False,0.0,09:38:19
19400.0,1000,-550.0,0.0,BU,3540900.0,5683500.0,False,0.0,09:38:19
19400.0,200,-550.0,0.0,BU,3539900.0,5683500.0,False,50.0,09:38:19
19350.0,5000,-600.0,0.0,SD,3539700.0,5683500.0,False,-50.0,09:38:19
19400.0,1000,-550.0,0.0,BU,3539700.0,5678500.0,False,50.0,09:38:19
19350.0,10000,-600.0,0.0,SD,3538700.0,5678500.0,False,0.0,09:38:16
19350.0,2000,-600.0,0.0,SD,3538700.0,5668500.0,False,-50.0,09:38:14
19400.0,2000,-550.0,0.0,BU,3538700.0,5666500.0,False,0.0,09:38:12
19400.0,3000,-550.0,0.0,BU,3536700.0,5666500.0,False,0.0,09:38:12
19400.0,300,-550.0,0.0,BU,3533700.0,5666500.0,False,0.0,09:38:12
19400.0,4700,-550.0,0.0,BU,3533400.0,5666500.0,False,50.0,09:38:12
19350.0,1400,-600.0,0.0,SD,3528700.0,5666500.0,False,0.0,09:38:11
19350.0,3000,-600.0,0.0,SD,3528700.0,5665100.0,False,-50.0,09:38:08
19400.0,300,-550.0,0.0,BU,3528700.0,5662100.0,False,0.0,09:38:07
19400.0,700,-550.0,0.0,BU,3528400.0,5662100.0,False,0.0,09:38:07
19400.0,100,-550.0,0.0,BU,3527700.0,5662100.0,False,50.0,09:38:07
19350.0,200,-600.0,0.0,SD,3527600.0,5662100.0,False,-50.0,09:38:07
19400.0,200,-550.0,0.0,BU,3527600.0,5661900.0,False,0.0,09:38:03
19400.0,200,-550.0,0.0,BU,3527400.0,5661900.0,False,0.0,09:38:02
19400.0,700,-550.0,0.0,BU,3527200.0,5661900.0,False,0.0,09:38:02
19400.0,500,-550.0,0.0,BU,3526500.0,5661900.0,False,0.0,09:38:02
19400.0,2000,-550.0,0.0,BU,3526000.0,5661900.0,False,0.0,09:38:02
19400.0,2000,-550.0,0.0,BU,3524000.0,5661900.0,False,0.0,09:38:02
19400.0,40000,-550.0,0.0,BU,3522000.0,5661900.0,True,0.0,09:38:02
19400.0,100,-550.0,0.0,BU,3482000.0,5661900.0,False,0.0,09:38:02
19400.0,300,-550.0,0.0,BU,3481900.0,5661900.0,False,0.0,09:38:02
19400.0,500,-550.0,0.0,BU,3481600.0,5661900.0,False,0.0,09:38:02
19400.0,1000,-550.0,0.0,BU,3481100.0,5661900.0,False,0.0,09:38:02
19400.0,2000,-550.0,0.0,BU,3480100.0,5661900.0,False,0.0,09:38:02
19400.0,500,-550.0,0.0,BU,3478100.0,5661900.0,False,0.0,09:38:02
19400.0,200,-550.0,0.0,BU,3477600.0,5661900.0,False,50.0,09:38:02
19350.0,500,-600.0,0.0,SD,3477400.0,5661900.0,False,0.0,09:38:01
19350.0,7700,-600.0,0.0,SD,3477400.0,5661400.0,False,0.0,09:38:00
19350.0,3000,-600.0,0.0,SD,3477400.0,5653700.0,False,0.0,09:38:00
19350.0,2000,-600.0,0.0,SD,3477400.0,5650700.0,False,0.0,09:38:00
19350.0,1000,-600.0,0.0,SD,3477400.0,5648700.0,False,0.0,09:38:00
19350.0,2000,-600.0,0.0,SD,3477400.0,5647700.0,False,0.0,09:38:00
19350.0,200,-600.0,0.0,SD,3477400.0,5645700.0,False,0.0,09:38:00
19350.0,4000,-600.0,0.0,SD,3477400.0,5645500.0,False,0.0,09:38:00
19350.0,100,-600.0,0.0,SD,3477400.0,5641500.0,False,-50.0,09:38:00
19400.0,100,-550.0,0.0,BU,3477400.0,5641400.0,False,50.0,09:37:59
19350.0,2500,-600.0,0.0,SD,3477300.0,5641400.0,False,0.0,09:37:58
19350.0,2000,-600.0,0.0,SD,3477300.0,5638900.0,False,0.0,09:37:58
19350.0,500,-600.0,0.0,SD,3477300.0,5636900.0,False,0.0,09:37:58
19350.0,100,-600.0,0.0,SD,3477300.0,5636400.0,False,0.0,09:37:58
19350.0,200,-600.0,0.0,SD,3477300.0,5636300.0,False,0.0,09:37:55
19350.0,100,-600.0,0.0,SD,3477300.0,5636100.0,False,0.0,09:37:54
19350.0,100,-600.0,0.0,SD,3477300.0,5636000.0,False,0.0,09:37:54
19350.0,700,-600.0,0.0,SD,3477300.0,5635900.0,False,0.0,09:37:51
19350.0,100,-600.0,0.0,SD,3477300.0,5635200.0,False,0.0,09:37:50
19350.0,200,-600.0,0.0,SD,3477300.0,5635100.0,False,0.0,09:37:49
19350.0,300,-600.0,0.0,SD,3477300.0,5634900.0,False,0.0,09:37:49
19350.0,100,-600.0,0.0,SD,3477300.0,5634600.0,False,0.0,09:37:49
19350.0,100,-600.0,0.0,SD,3477300.0,5634500.0,False,0.0,09:37:49
19350.0,100,-600.0,0.0,SD,3477300.0,5634400.0,False,0.0,09:37:48
19350.0,1000,-600.0,0.0,SD,3477300.0,5634300.0,False,0.0,09:37:44
19350.0,1000,-600.0,0.0,SD,3477300.0,5633300.0,False,-50.0,09:37:43
19400.0,1000,-550.0,0.0,BU,3477300.0,5632300.0,False,0.0,09:37:42
19400.0,200,-550.0,0.0,BU,3476300.0,5632300.0,False,0.0,09:37:42
19400.0,800,-550.0,0.0,BU,3476100.0,5632300.0,False,50.0,09:37:42
19350.0,300,-600.0,0.0,SD,3475300.0,5632300.0,False,0.0,09:37:41
19350.0,200,-600.0,0.0,SD,3475300.0,5632000.0,False,-50.0,09:37:39
19400.0,400,-550.0,0.0,BU,3475300.0,5631800.0,False,50.0,09:37:38
19350.0,2100,-600.0,0.0,SD,3474900.0,5631800.0,False,0.0,09:37:37
19350.0,500,-600.0,0.0,SD,3474900.0,5629700.0,False,0.0,09:37:37
19350.0,500,-600.0,0.0,SD,3474900.0,5629200.0,False,0.0,09:37:37
19350.0,100,-600.0,0.0,SD,3474900.0,5628700.0,False,0.0,09:37:37
19350.0,800,-600.0,0.0,SD,3474900.0,5628600.0,False,-50.0,09:37:37
19400.0,8800,-550.0,0.0,BU,3474900.0,5627800.0,False,0.0,09:37:37
19400.0,500,-550.0,0.0,BU,3466100.0,5627800.0,False,0.0,09:37:37
19400.0,400,-550.0,0.0,BU,3465600.0,5627800.0,False,0.0,09:37:37
19400.0,300,-550.0,0.0,BU,3465200.0,5627800.0,False,0.0,09:37:37
19400.0,100,-550.0,0.0,BU,3464900.0,5627800.0,False,50.0,09:37:32
19350.0,1000,-600.0,0.0,SD,3464800.0,5627800.0,False,0.0,09:37:32
19350.0,3200,-600.0,0.0,SD,3464800.0,5626800.0,False,0.0,09:37:31
19350.0,500,-600.0,0.0,SD,3464800.0,5623600.0,False,0.0,09:37:31
19350.0,400,-600.0,0.0,SD,3464800.0,5623100.0,False,0.0,09:37:31
19350.0,200,-600.0,0.0,SD,3464800.0,5622700.0,False,0.0,09:37:31
19350.0,200,-600.0,0.0,SD,3464800.0,5622500.0,False,0.0,09:37:31
19350.0,100,-600.0,0.0,SD,3464800.0,5622300.0,False,0.0,09:37:31
19350.0,700,-600.0,0.0,SD,3464800.0,5622200.0,False,0.0,09:37:31
19350.0,1000,-600.0,0.0,SD,3464800.0,5621500.0,False,0.0,09:37:31
19350.0,2600,-600.0,0.0,SD,3464800.0,5620500.0,False,0.0,09:37:31
19350.0,2000,-600.0,0.0,SD,3464800.0,5617900.0,False,0.0,09:37:31
19350.0,4100,-600.0,0.0,SD,3464800.0,5615900.0,False,0.0,09:37:31
19350.0,600,-600.0,0.0,SD,3464800.0,5611800.0,False,0.0,09:37:30
19350.0,900,-600.0,0.0,SD,3464800.0,5611200.0,False,0.0,09:37:30
19350.0,400,-600.0,0.0,SD,3464800.0,5610300.0,False,0.0,09:37:27
19350.0,100,-600.0,0.0,SD,3464800.0,5609900.0,False,0.0,09:37:27
19350.0,1000,-600.0,0.0,SD,3464800.0,5609800.0,False,0.0,09:37:27
19350.0,100,-600.0,0.0,SD,3464800.0,5608800.0,False,0.0,09:37:27
19350.0,100,-600.0,0.0,SD,3464800.0,5608700.0,False,0.0,09:37:27
19350.0,100,-600.0,0.0,SD,3464800.0,5608600.0,False,0.0,09:37:27
19350.0,700,-600.0,0.0,SD,3464800.0,5608500.0,False,0.0,09:37:27
19350.0,1300,-600.0,0.0,SD,3464800.0,5607800.0,False,0.0,09:37:26
19350.0,3000,-600.0,0.0,SD,3464800.0,5606500.0,False,0.0,09:37:25
19350.0,1000,-600.0,0.0,SD,3464800.0,5603500.0,False,0.0,09:37:25
19350.0,500,-600.0,0.0,SD,3464800.0,5602500.0,False,0.0,09:37:24
19350.0,500,-600.0,0.0,SD,3464800.0,5602000.0,False,0.0,09:37:24
19350.0,2000,-600.0,0.0,SD,3464800.0,5601500.0,False,0.0,09:37:23
19350.0,2500,-600.0,0.0,SD,3464800.0,5599500.0,False,0.0,09:37:23
19350.0,1000,-600.0,0.0,SD,3464800.0,5597000.0,False,-50.0,09:37:21
19400.0,100,-550.0,0.0,BU,3464800.0,5596000.0,False,50.0,09:37:20
19350.0,300,-600.0,0.0,SD,3464700.0,5596000.0,False,0.0,09:37:19
19350.0,3700,-600.0,0.0,SD,3464700.0,5595700.0,False,0.0,09:37:18
19350.0,500,-600.0,0.0,SD,3464700.0,5592000.0,False,0.0,09:37:18
19350.0,1000,-600.0,0.0,SD,3464700.0,5591500.0,False,0.0,09:37:18
19350.0,900,-600.0,0.0,SD,3464700.0,5590500.0,False,0.0,09:37:18
19350.0,1000,-600.0,0.0,SD,3464700.0,5589600.0,False,0.0,09:37:18
19350.0,100,-600.0,0.0,SD,3464700.0,5588600.0,False,0.0,09:37:18
19350.0,200,-600.0,0.0,SD,3464700.0,5588500.0,False,0.0,09:37:18
19350.0,200,-600.0,0.0,SD,3464700.0,5588300.0,False,0.0,09:37:18
19350.0,1000,-600.0,0.0,SD,3464700.0,5588100.0,False,0.0,09:37:18
19350.0,2000,-600.0,0.0,SD,3464700.0,5587100.0,False,0.0,09:37:18
19350.0,3000,-600.0,0.0,SD,3464700.0,5585100.0,False,0.0,09:37:18
19350.0,200,-600.0,0.0,SD,3464700.0,5582100.0,False,0.0,09:37:18
19350.0,100,-600.0,0.0,SD,3464700.0,5581900.0,False,0.0,09:37:18
19350.0,200,-600.0,0.0,SD,3464700.0,5581800.0,False,0.0,09:37:18
19350.0,1500,-600.0,0.0,SD,3464700.0,5581600.0,False,0.0,09:37:18
19350.0,500,-600.0,0.0,SD,3464700.0,5580100.0,False,0.0,09:37:18
19350.0,100,-600.0,0.0,SD,3464700.0,5579600.0,False,0.0,09:37:18
19350.0,100,-600.0,0.0,SD,3464700.0,5579500.0,False,0.0,09:37:18
19350.0,100,-600.0,0.0,SD,3464700.0,5579400.0,False,0.0,09:37:18
19350.0,600,-600.0,0.0,SD,3464700.0,5579300.0,False,0.0,09:37:18
19350.0,500,-600.0,0.0,SD,3464700.0,5578700.0,False,0.0,09:37:18
19350.0,500,-600.0,0.0,SD,3464700.0,5578200.0,False,0.0,09:37:18
19350.0,1500,-600.0,0.0,SD,3464700.0,5577700.0,False,0.0,09:37:18
19350.0,500,-600.0,0.0,SD,3464700.0,5576200.0,False,0.0,09:37:18
19350.0,300,-600.0,0.0,SD,3464700.0,5575700.0,False,0.0,09:37:16
19350.0,500,-600.0,0.0,SD,3464700.0,5575400.0,False,0.0,09:37:16
19350.0,2400,-600.0,0.0,SD,3464700.0,5574900.0,False,-50.0,09:37:14
19400.0,500,-550.0,0.0,BU,3464700.0,5572500.0,False,50.0,09:37:08
19350.0,5300,-600.0,0.0,SD,3464200.0,5572500.0,False,0.0,09:37:08
19350.0,700,-600.0,0.0,SD,3464200.0,5567200.0,False,0.0,09:37:08
19350.0,200,-600.0,0.0,SD,3464200.0,5566500.0,False,0.0,09:37:07
19350.0,100,-600.0,0.0,SD,3464200.0,5566300.0,False,0.0,09:37:06
19350.0,100,-600.0,0.0,SD,3464200.0,5566200.0,False,0.0,09:37:06
19350.0,800,-600.0,0.0,SD,3464200.0,5566100.0,False,0.0,09:37:05
19350.0,100,-600.0,0.0,SD,3464200.0,5565300.0,False,0.0,09:37:05
19350.0,2300,-600.0,0.0,SD,3464200.0,5565200.0,False,0.0,09:37:05
19350.0,100,-600.0,0.0,SD,3464200.0,5562900.0,False,0.0,09:37:05
19350.0,3200,-600.0,0.0,SD,3464200.0,5562800.0,False,0.0,09:37:04
19350.0,2000,-600.0,0.0,SD,3464200.0,5559600.0,False,0.0,09:37:03
19350.0,3000,-600.0,0.0,BU,3464200.0,5557600.0,False,0.0,09:37:01
19350.0,5000,-600.0,0.0,BU,3461200.0,5557600.0,False,0.0,09:37:01
19350.0,4400,-600.0,0.0,BU,3456200.0,5557600.0,False,0.0,09:37:01
19350.0,200,-600.0,0.0,BU,3451800.0,5557600.0,False,0.0,09:37:00
19350.0,100,-600.0,0.0,BU,3451600.0,5557600.0,False,0.0,09:37:00
19350.0,1000,-600.0,0.0,BU,3451500.0,5557600.0,False,0.0,09:36:59
19350.0,100,-600.0,0.0,BU,3450500.0,5557600.0,False,0.0,09:36:59
19350.0,500,-600.0,0.0,BU,3450400.0,5557600.0,False,0.0,09:36:58
19350.0,900,-600.0,0.0,BU,3449900.0,5557600.0,False,50.0,09:36:58
19300.0,200,-650.0,0.0,SD,3449000.0,5557600.0,False,-50.0,09:36:57
19350.0,100,-600.0,0.0,BU,3449000.0,5557400.0,False,0.0,09:36:57
19350.0,500,-600.0,0.0,BU,3448900.0,5557400.0,False,0.0,09:36:56
19350.0,300,-600.0,0.0,BU,3448400.0,5557400.0,False,0.0,09:36:56
19350.0,100,-600.0,0.0,BU,3448100.0,5557400.0,False,0.0,09:36:55
19350.0,1000,-600.0,0.0,BU,3448000.0,5557400.0,False,0.0,09:36:55
19350.0,3000,-600.0,0.0,BU,3447000.0,5557400.0,False,0.0,09:36:55
19350.0,15500,-600.0,0.0,BU,3444000.0,5557400.0,True,0.0,09:36:55
19350.0,300,-600.0,0.0,BU,3428500.0,5557400.0,False,0.0,09:36:55
19350.0,300,-600.0,0.0,BU,3428200.0,5557400.0,False,0.0,09:36:55
19350.0,200,-600.0,0.0,BU,3427900.0,5557400.0,False,0.0,09:36:55
19350.0,1500,-600.0,0.0,BU,3427700.0,5557400.0,False,0.0,09:36:55
19350.0,1400,-600.0,0.0,SD,3426200.0,5557400.0,False,0.0,09:36:54
19350.0,200,-600.0,0.0,SD,3426200.0,5556000.0,False,0.0,09:36:54
19350.0,300,-600.0,0.0,SD,3426200.0,5555800.0,False,0.0,09:36:54
19350.0,700,-600.0,0.0,SD,3426200.0,5555500.0,False,0.0,09:36:54
19350.0,1400,-600.0,0.0,SD,3426200.0,5554800.0,False,0.0,09:36:54
19350.0,100,-600.0,0.0,SD,3426200.0,5553400.0,False,0.0,09:36:54
19350.0,1000,-600.0,0.0,SD,3426200.0,5553300.0,False,0.0,09:36:54
19350.0,200,-600.0,0.0,SD,3426200.0,5552300.0,False,0.0,09:36:54
19350.0,300,-600.0,0.0,SD,3426200.0,5552100.0,False,0.0,09:36:54
19350.0,900,-600.0,0.0,SD,3426200.0,5551800.0,False,0.0,09:36:54
19350.0,100,-600.0,0.0,SD,3426200.0,5550900.0,False,0.0,09:36:54
19350.0,100,-600.0,0.0,SD,3426200.0,5550800.0,False,0.0,09:36:54
19350.0,200,-600.0,0.0,SD,3426200.0,5550700.0,False,0.0,09:36:54
19350.0,200,-600.0,0.0,SD,3426200.0,5550500.0,False,0.0,09:36:54
19350.0,100,-600.0,0.0,SD,3426200.0,5550300.0,False,0.0,09:36:54
19350.0,1700,-600.0,0.0,SD,3426200.0,5550200.0,False,0.0,09:36:54
19350.0,1000,-600.0,0.0,SD,3426200.0,5548500.0,False,0.0,09:36:54
19350.0,3000,-600.0,0.0,SD,3426200.0,5547500.0,False,0.0,09:36:53
19350.0,5000,-600.0,0.0,SD,3426200.0,5544500.0,False,0.0,09:36:53
19350.0,26000,-600.0,0.0,SD,3426200.0,5539500.0,True,0.0,09:36:52
19350.0,1000,-600.0,0.0,SD,3426200.0,5513500.0,False,0.0,09:36:52
19350.0,4000,-600.0,0.0,SD,3426200.0,5512500.0,False,0.0,09:36:51
19350.0,100,-600.0,0.0,SD,3426200.0,5508500.0,False,0.0,09:36:51
19350.0,1000,-600.0,0.0,SD,3426200.0,5508400.0,False,0.0,09:36:51
19350.0,2000,-600.0,0.0,SD,3426200.0,5507400.0,False,0.0,09:36:50
19350.0,5000,-600.0,0.0,SD,3426200.0,5505400.0,False,0.0,09:36:50
19350.0,100,-600.0,0.0,SD,3426200.0,5500400.0,False,0.0,09:36:49
19350.0,200,-600.0,0.0,SD,3426200.0,5500300.0,False,0.0,09:36:49
19350.0,1500,-600.0,0.0,SD,3426200.0,5500100.0,False,0.0,09:36:49
19350.0,400,-600.0,0.0,SD,3426200.0,5498600.0,False,0.0,09:36:48
19350.0,900,-600.0,0.0,SD,3426200.0,5498200.0,False,0.0,09:36:47
19350.0,2000,-600.0,0.0,SD,3426200.0,5497300.0,False,0.0,09:36:47
19350.0,400,-600.0,0.0,SD,3426200.0,5495300.0,False,0.0,09:36:44
19350.0,100,-600.0,0.0,SD,3426200.0,5494900.0,False,0.0,09:36:44
19350.0,400,-600.0,0.0,SD,3426200.0,5494800.0,False,0.0,09:36:44
19350.0,2000,-600.0,0.0,BU,3426200.0,5494400.0,False,0.0,09:36:43
19350.0,1500,-600.0,0.0,BU,3424200.0,5494400.0,False,0.0,09:36:43
19350.0,200,-600.0,0.0,BU,3422700.0,5494400.0,False,0.0,09:36:43
19350.0,2000,-600.0,0.0,BU,3422500.0,5494400.0,False,0.0,09:36:43
19350.0,19100,-600.0,0.0,BU,3420500.0,5494400.0,True,0.0,09:36:43
19350.0,1000,-600.0,0.0,BU,3401400.0,5494400.0,False,0.0,09:36:43
19350.0,9000,-600.0,0.0,BU,3400400.0,5494400.0,False,0.0,09:36:43
19350.0,100,-600.0,0.0,BU,3391400.0,5494400.0,False,0.0,09:36:43
19350.0,100,-600.0,0.0,BU,3391300.0,5494400.0,False,0.0,09:36:43
19350.0,600,-600.0,0.0,BU,3391200.0,5494400.0,False,0.0,09:36:43
19350.0,3000,-600.0,0.0,BU,3390600.0,5494400.0,False,0.0,09:36:43
19350.0,1000,-600.0,0.0,BU,3387600.0,5494400.0,False,0.0,09:36:43
19350.0,300,-600.0,0.0,BU,3386600.0,5494400.0,False,0.0,09:36:43
19350.0,1000,-600.0,0.0,BU,3386300.0,5494400.0,False,0.0,09:36:43
19350.0,2000,-600.0,0.0,BU,3385300.0,5494400.0,False,0.0,09:36:43
19350.0,400,-600.0,0.0,BU,3383300.0,5494400.0,False,0.0,09:36:43
19350.0,900,-600.0,0.0,BU,3382900.0,5494400.0,False,0.0,09:36:43
19350.0,3600,-600.0,0.0,BU,3382000.0,5494400.0,False,0.0,09:36:43
19350.0,100,-600.0,0.0,BU,3378400.0,5494400.0,False,0.0,09:36:43
19350.0,8000,-600.0,0.0,BU,3378300.0,5494400.0,False,0.0,09:36:43
19350.0,100,-600.0,0.0,BU,3370300.0,5494400.0,False,0.0,09:36:43
19350.0,100,-600.0,0.0,BU,3370200.0,5494400.0,False,0.0,09:36:43
19350.0,1000,-600.0,0.0,BU,3370100.0,5494400.0,False,0.0,09:36:43
19350.0,1000,-600.0,0.0,BU,3369100.0,5494400.0,False,0.0,09:36:43
19350.0,100,-600.0,0.0,BU,3368100.0,5494400.0,False,0.0,09:36:43
19350.0,900,-600.0,0.0,BU,3368000.0,5494400.0,False,0.0,09:36:43
19350.0,1000,-600.0,0.0,BU,3367100.0,5494400.0,False,0.0,09:36:43
19350.0,5000,-600.0,0.0,BU,3366100.0,5494400.0,False,0.0,09:36:43
19350.0,5000,-600.0,0.0,BU,3361100.0,5494400.0,False,0.0,09:36:43
19350.0,600,-600.0,0.0,BU,3356100.0,5494400.0,False,0.0,09:36:43
19350.0,2100,-600.0,0.0,BU,3355500.0,5494400.0,False,0.0,09:36:43
19350.0,500,-600.0,0.0,BU,3353400.0,5494400.0,False,0.0,09:36:43
19350.0,2000,-600.0,0.0,BU,3352900.0,5494400.0,False,0.0,09:36:43
19350.0,20000,-600.0,0.0,BU,3350900.0,5494400.0,True,0.0,09:36:43
19350.0,100,-600.0,0.0,BU,3330900.0,5494400.0,False,0.0,09:36:43
19350.0,200,-600.0,0.0,BU,3330800.0,5494400.0,False,0.0,09:36:43
19350.0,1000,-600.0,0.0,BU,3330600.0,5494400.0,False,0.0,09:36:43
19350.0,500,-600.0,0.0,BU,3329600.0,5494400.0,False,0.0,09:36:43
19350.0,500,-600.0,0.0,BU,3329100.0,5494400.0,False,0.0,09:36:43
19350.0,200,-600.0,0.0,BU,3328600.0,5494400.0,False,0.0,09:36:43
19350.0,200,-600.0,0.0,BU,3328400.0,5494400.0,False,0.0,09:36:43
19350.0,500,-600.0,0.0,BU,3328200.0,5494400.0,False,0.0,09:36:43
19350.0,5000,-600.0,0.0,BU,3327700.0,5494400.0,False,0.0,09:36:43
19350.0,700,-600.0,0.0,BU,3322700.0,5494400.0,False,0.0,09:36:43
19350.0,1000,-600.0,0.0,BU,3322000.0,5494400.0,False,0.0,09:36:43
19350.0,2000,-600.0,0.0,BU,3321000.0,5494400.0,False,0.0,09:36:43
19350.0,1500,-600.0,0.0,BU,3319000.0,5494400.0,False,0.0,09:36:43
19350.0,400,-600.0,0.0,BU,3317500.0,5494400.0,False,0.0,09:36:43
19350.0,700,-600.0,0.0,BU,3317100.0,5494400.0,False,0.0,09:36:43
19350.0,500,-600.0,0.0,BU,3316400.0,5494400.0,False,0.0,09:36:43
19350.0,500,-600.0,0.0,BU,3315900.0,5494400.0,False,0.0,09:36:43
19350.0,1000,-600.0,0.0,BU,3315400.0,5494400.0,False,0.0,09:36:43
19350.0,3000,-600.0,0.0,BU,3314400.0,5494400.0,False,0.0,09:36:43
19350.0,3000,-600.0,0.0,BU,3311400.0,5494400.0,False,0.0,09:36:43
19350.0,6000,-600.0,0.0,BU,3308400.0,5494400.0,False,0.0,09:36:43
19350.0,2000,-600.0,0.0,BU,3302400.0,5494400.0,False,0.0,09:36:43
19350.0,5600,-600.0,0.0,BU,3300400.0,5494400.0,False,0.0,09:36:43
19350.0,1100,-600.0,0.0,BU,3294800.0,5494400.0,False,0.0,09:36:43
19350.0,2000,-600.0,0.0,BU,3293700.0,5494400.0,False,0.0,09:36:43
19350.0,1000,-600.0,0.0,BU,3291700.0,5494400.0,False,0.0,09:36:43
19350.0,1000,-600.0,0.0,BU,3290700.0,5494400.0,False,0.0,09:36:43
19350.0,1500,-600.0,0.0,BU,3289700.0,5494400.0,False,0.0,09:36:43
19350.0,2000,-600.0,0.0,BU,3288200.0,5494400.0,False,0.0,09:36:43
19350.0,2300,-600.0,0.0,BU,3286200.0,5494400.0,False,0.0,09:36:43
19350.0,1900,-600.0,0.0,BU,3283900.0,5494400.0,False,50.0,09:36:43
19300.0,200,-650.0,0.0,SD,3282000.0,5494400.0,False,-50.0,09:36:42
19350.0,500,-600.0,0.0,BU,3282000.0,5494200.0,False,0.0,09:36:42
19350.0,500,-600.0,0.0,BU,3281500.0,5494200.0,False,50.0,09:36:42
19300.0,1700,-650.0,0.0,SD,3281000.0,5494200.0,False,-50.0,09:36:41
19350.0,1000,-600.0,0.0,BU,3281000.0,5492500.0,False,50.0,09:36:40
19300.0,1600,-650.0,0.0,SD,3280000.0,5492500.0,False,0.0,09:36:39
19300.0,500,-650.0,0.0,SD,3280000.0,5490900.0,False,0.0,09:36:39
19300.0,500,-650.0,0.0,SD,3280000.0,5490400.0,False,0.0,09:36:39
19300.0,600,-650.0,0.0,SD,3280000.0,5489900.0,False,0.0,09:36:39
19300.0,1400,-650.0,0.0,SD,3280000.0,5489300.0,False,0.0,09:36:39
19300.0,3000,-650.0,0.0,SD,3280000.0,5487900.0,False,0.0,09:36:39
19300.0,600,-650.0,0.0,SD,3280000.0,5484900.0,False,0.0,09:36:39
19300.0,400,-650.0,0.0,SD,3280000.0,5484300.0,False,0.0,09:36:38
19300.0,100,-650.0,0.0,SD,3280000.0,5483900.0,False,0.0,09:36:38
19300.0,1000,-650.0,0.0,SD,3280000.0,5483800.0,False,0.0,09:36:38
19300.0,100,-650.0,0.0,SD,3280000.0,5482800.0,False,-50.0,09:36:38
19350.0,500,-600.0,0.0,BU,3280000.0,5482700.0,False,50.0,09:36:36
19300.0,400,-650.0,0.0,SD,3279500.0,5482700.0,False,-50.0,09:36:36
19350.0,100,-600.0,0.0,BU,3279500.0,5482300.0,False,0.0,09:36:35
19350.0,700,-600.0,0.0,BU,3279400.0,5482300.0,False,0.0,09:36:35
19350.0,100,-600.0,0.0,BU,3278700.0,5482300.0,False,50.0,09:36:34
19300.0,200,-650.0,0.0,SD,3278600.0,5482300.0,False,0.0,09:36:34
19300.0,100,-650.0,0.0,SD,3278600.0,5482100.0,False,-50.0,09:36:34
19350.0,400,-600.0,0.0,BU,3278600.0,5482000.0,False,0.0,09:36:32
19350.0,200,-600.0,0.0,BU,3278200.0,5482000.0,False,0.0,09:36:26
19350.0,800,-600.0,0.0,BU,3278000.0,5482000.0,False,0.0,09:36:26
19350.0,500,-600.0,0.0,BU,3277200.0,5482000.0,False,0.0,09:36:25
19350.0,700,-600.0,0.0,BU,3276700.0,5482000.0,False,0.0,09:36:25
19350.0,4300,-600.0,0.0,BU,3276000.0,5482000.0,False,50.0,09:36:25
19300.0,500,-650.0,0.0,SD,3271700.0,5482000.0,False,0.0,09:36:24
19300.0,5000,-650.0,0.0,SD,3271700.0,5481500.0,False,-50.0,09:36:23
19350.0,1000,-600.0,0.0,BU,3271700.0,5476500.0,False,50.0,09:36:22
19300.0,2000,-650.0,0.0,SD,3270700.0,5476500.0,False,0.0,09:36:22
19300.0,500,-650.0,0.0,SD,3270700.0,5474500.0,False,0.0,09:36:22
19300.0,200,-650.0,0.0,SD,3270700.0,5474000.0,False,-50.0,09:36:21
19350.0,100,-600.0,0.0,BU,3270700.0,5473800.0,False,50.0,09:36:20
19300.0,3000,-650.0,0.0,SD,3270600.0,5473800.0,False,0.0,09:36:20
19300.0,300,-650.0,0.0,SD,3270600.0,5470800.0,False,-50.0,09:36:20
19350.0,2000,-600.0,0.0,BU,3270600.0,5470500.0,False,50.0,09:36:19
19300.0,200,-650.0,0.0,SD,3268600.0,5470500.0,False,-50.0,09:36:18
19350.0,1000,-600.0,0.0,BU,3268600.0,5470300.0,False,50.0,09:36:17
19300.0,200,-650.0,0.0,SD,3267600.0,5470300.0,False,0.0,09:36:16
19300.0,8000,-650.0,0.0,SD,3267600.0,5470100.0,False,0.0,09:36:16
19300.0,300,-650.0,0.0,SD,3267600.0,5462100.0,False,0.0,09:36:16
19300.0,400,-650.0,0.0,SD,3267600.0,5461800.0,False,0.0,09:36:16
19300.0,500,-650.0,0.0,SD,3267600.0,5461400.0,False,0.0,09:36:16
19300.0,100,-650.0,0.0,SD,3267600.0,5460900.0,False,0.0,09:36:16
19300.0,500,-650.0,0.0,SD,3267600.0,5460800.0,False,0.0,09:36:16
19300.0,200,-650.0,0.0,SD,3267600.0,5460300.0,False,0.0,09:36:16
19300.0,300,-650.0,0.0,SD,3267600.0,5460100.0,False,0.0,09:36:16
19300.0,200,-650.0,0.0,SD,3267600.0,5459800.0,False,-50.0,09:36:16
19350.0,700,-600.0,0.0,BU,3267600.0,5459600.0,False,0.0,09:36:15
19350.0,1000,-600.0,0.0,BU,3266900.0,5459600.0,False,0.0,09:36:15
19350.0,1000,-600.0,0.0,BU,3265900.0,5459600.0,False,50.0,09:36:14
19300.0,1800,-650.0,0.0,SD,3264900.0,5459600.0,False,0.0,09:36:14
19300.0,100,-650.0,0.0,SD,3264900.0,5457800.0,False,0.0,09:36:14
19300.0,100,-650.0,0.0,SD,3264900.0,5457700.0,False,0.0,09:36:14
19300.0,200,-650.0,0.0,SD,3264900.0,5457600.0,False,0.0,09:36:14
19300.0,100,-650.0,0.0,SD,3264900.0,5457400.0,False,0.0,09:36:14
19300.0,100,-650.0,0.0,SD,3264900.0,5457300.0,False,0.0,09:36:14
19300.0,100,-650.0,0.0,SD,3264900.0,5457200.0,False,0.0,09:36:14
19300.0,500,-650.0,0.0,SD,3264900.0,5457100.0,False,0.0,09:36:14
19300.0,500,-650.0,0.0,SD,3264900.0,5456600.0,False,0.0,09:36:14
19300.0,2000,-650.0,0.0,SD,3264900.0,5456100.0,False,0.0,09:36:14
19300.0,400,-650.0,0.0,SD,3264900.0,5454100.0,False,-50.0,09:36:14
19350.0,3100,-600.0,0.0,BU,3264900.0,5453700.0,False,50.0,09:36:14
19300.0,600,-650.0,0.0,SD,3261800.0,5453700.0,False,0.0,09:36:12
19300.0,100,-650.0,0.0,SD,3261800.0,5453100.0,False,0.0,09:36:12
19300.0,200,-650.0,0.0,SD,3261800.0,5453000.0,False,0.0,09:36:12
19300.0,200,-650.0,0.0,SD,3261800.0,5452800.0,False,0.0,09:36:12
19300.0,500,-650.0,0.0,SD,3261800.0,5452600.0,False,0.0,09:36:12
19300.0,200,-650.0,0.0,SD,3261800.0,5452100.0,False,0.0,09:36:12
19300.0,600,-650.0,0.0,SD,3261800.0,5451900.0,False,0.0,09:36:12
19300.0,200,-650.0,0.0,SD,3261800.0,5451300.0,False,0.0,09:36:12
19300.0,400,-650.0,0.0,SD,3261800.0,5451100.0,False,0.0,09:36:12
19300.0,100,-650.0,0.0,SD,3261800.0,5450700.0,False,0.0,09:36:12
19300.0,300,-650.0,0.0,SD,3261800.0,5450600.0,False,0.0,09:36:12
19300.0,200,-650.0,0.0,SD,3261800.0,5450300.0,False,0.0,09:36:12
19300.0,200,-650.0,0.0,SD,3261800.0,5450100.0,False,0.0,09:36:12
19300.0,300,-650.0,0.0,SD,3261800.0,5449900.0,False,0.0,09:36:12
19300.0,10000,-650.0,0.0,SD,3261800.0,5449600.0,False,0.0,09:36:12
19300.0,200,-650.0,0.0,SD,3261800.0,5439600.0,False,0.0,09:36:12
19300.0,1000,-650.0,0.0,SD,3261800.0,5439400.0,False,0.0,09:36:12
19300.0,2000,-650.0,0.0,SD,3261800.0,5438400.0,False,0.0,09:36:12
19300.0,1000,-650.0,0.0,SD,3261800.0,5436400.0,False,0.0,09:36:12
19300.0,400,-650.0,0.0,SD,3261800.0,5435400.0,False,0.0,09:36:12
19300.0,1000,-650.0,0.0,SD,3261800.0,5435000.0,False,0.0,09:36:12
19300.0,100,-650.0,0.0,SD,3261800.0,5434000.0,False,0.0,09:36:12
19300.0,13200,-650.0,0.0,SD,3261800.0,5433900.0,True,-50.0,09:36:12
19350.0,1000,-600.0,0.0,BU,3261800.0,5420700.0,False,50.0,09:36:12
19300.0,1600,-650.0,0.0,SD,3260800.0,5420700.0,False,0.0,09:36:12
19300.0,100,-650.0,0.0,SD,3260800.0,5419100.0,False,0.0,09:36:10
19300.0,15200,-650.0,0.0,SD,3260800.0,5419000.0,True,0.0,09:36:10
19300.0,300,-650.0,0.0,SD,3260800.0,5403800.0,False,0.0,09:36:10
19300.0,100,-650.0,0.0,SD,3260800.0,5403500.0,False,0.0,09:36:10
19300.0,200,-650.0,0.0,SD,3260800.0,5403400.0,False,0.0,09:36:10
19300.0,100,-650.0,0.0,SD,3260800.0,5403200.0,False,0.0,09:36:10
19300.0,500,-650.0,0.0,SD,3260800.0,5403100.0,False,0.0,09:36:10
19300.0,200,-650.0,0.0,SD,3260800.0,5402600.0,False,0.0,09:36:10
19300.0,4500,-650.0,0.0,SD,3260800.0,5402400.0,False,0.0,09:36:10
19300.0,1000,-650.0,0.0,SD,3260800.0,5397900.0,False,0.0,09:36:10
19300.0,500,-650.0,0.0,SD,3260800.0,5396900.0,False,0.0,09:36:10
19300.0,300,-650.0,0.0,SD,3260800.0,5396400.0,False,0.0,09:36:10
19300.0,2000,-650.0,0.0,SD,3260800.0,5396100.0,False,0.0,09:36:10
19300.0,5000,-650.0,0.0,SD,3260800.0,5394100.0,False,-50.0,09:36:10
19350.0,500,-600.0,0.0,BU,3260800.0,5389100.0,False,0.0,09:36:10
19350.0,100,-600.0,0.0,BU,3260300.0,5389100.0,False,0.0,09:36:10
19350.0,4200,-600.0,0.0,BU,3260200.0,5389100.0,False,0.0,09:36:10
19350.0,200,-600.0,0.0,BU,3256000.0,5389100.0,False,0.0,09:36:10
19350.0,1000,-600.0,0.0,BU,3255800.0,5389100.0,False,0.0,09:36:10
19350.0,1000,-600.0,0.0,BU,3254800.0,5389100.0,False,0.0,09:36:10
19350.0,300,-600.0,0.0,BU,3253800.0,5389100.0,False,0.0,09:36:10
19350.0,100,-600.0,0.0,BU,3253500.0,5389100.0,False,0.0,09:36:10
19350.0,800,-600.0,0.0,BU,3253400.0,5389100.0,False,0.0,09:36:10
19350.0,1000,-600.0,0.0,BU,3252600.0,5389100.0,False,0.0,09:36:10
19350.0,500,-600.0,0.0,BU,3251600.0,5389100.0,False,0.0,09:36:10
19350.0,50000,-600.0,0.0,BU,3251100.0,5389100.0,True,0.0,09:36:10
19350.0,2200,-600.0,0.0,BU,3201100.0,5389100.0,False,0.0,09:36:10
19350.0,100,-600.0,0.0,BU,3198900.0,5389100.0,False,0.0,09:36:10
19350.0,200,-600.0,0.0,BU,3198800.0,5389100.0,False,0.0,09:36:10
19350.0,1700,-600.0,0.0,BU,3198600.0,5389100.0,False,0.0,09:36:10
19350.0,100,-600.0,0.0,BU,3196900.0,5389100.0,False,0.0,09:36:10
19350.0,20000,-600.0,0.0,BU,3196800.0,5389100.0,True,0.0,09:36:10
19350.0,1000,-600.0,0.0,BU,3176800.0,5389100.0,False,0.0,09:36:10
19350.0,2000,-600.0,0.0,BU,3175800.0,5389100.0,False,0.0,09:36:10
19350.0,2500,-600.0,0.0,BU,3173800.0,5389100.0,False,0.0,09:36:10
19350.0,4000,-600.0,0.0,BU,3171300.0,5389100.0,False,0.0,09:36:10
19350.0,200,-600.0,0.0,BU,3167300.0,5389100.0,False,0.0,09:36:10
19350.0,6900,-600.0,0.0,BU,3167100.0,5389100.0,False,0.0,09:36:10
19350.0,3100,-600.0,0.0,BU,3160200.0,5389100.0,False,0.0,09:36:07
19350.0,1900,-600.0,0.0,BU,3157100.0,5389100.0,False,0.0,09:36:07
19350.0,200,-600.0,0.0,BU,3155200.0,5389100.0,False,0.0,09:36:05
19350.0,100,-600.0,0.0,BU,3155000.0,5389100.0,False,50.0,09:36:04
19300.0,5000,-650.0,0.0,SD,3154900.0,5389100.0,False,0.0,09:36:03
19300.0,200,-650.0,0.0,SD,3154900.0,5384100.0,False,0.0,09:36:03
19300.0,100,-650.0,0.0,SD,3154900.0,5383900.0,False,0.0,09:36:03
19300.0,1000,-650.0,0.0,SD,3154900.0,5383800.0,False,-50.0,09:36:03
19350.0,500,-600.0,0.0,BU,3154900.0,5382800.0,False,50.0,09:36:03
19300.0,100,-650.0,0.0,SD,3154400.0,5382800.0,False,-50.0,09:36:02
19350.0,100,-600.0,0.0,BU,3154400.0,5382700.0,False,0.0,09:36:01
19350.0,400,-600.0,0.0,BU,3154300.0,5382700.0,False,50.0,09:36:00
19300.0,400,-650.0,0.0,SD,3153900.0,5382700.0,False,-50.0,09:35:59
19350.0,100,-600.0,0.0,BU,3153900.0,5382300.0,False,0.0,09:35:59
19350.0,1000,-600.0,0.0,BU,3153800.0,5382300.0,False,50.0,09:35:59
19300.0,100,-650.0,0.0,SD,3152800.0,5382300.0,False,0.0,09:35:59
19300.0,300,-650.0,0.0,SD,3152800.0,5382200.0,False,0.0,09:35:59
19300.0,100,-650.0,0.0,SD,3152800.0,5381900.0,False,0.0,09:35:59
19300.0,100,-650.0,0.0,SD,3152800.0,5381800.0,False,0.0,09:35:59
19300.0,200,-650.0,0.0,SD,3152800.0,5381700.0,False,-50.0,09:35:59
19350.0,1000,-600.0,0.0,BU,3152800.0,5381500.0,False,0.0,09:35:57
19350.0,100,-600.0,0.0,BU,3151800.0,5381500.0,False,0.0,09:35:56
19350.0,100,-600.0,0.0,BU,3151700.0,5381500.0,False,50.0,09:35:56
19300.0,100,-650.0,0.0,SD,3151600.0,5381500.0,False,-50.0,09:35:56
19350.0,100,-600.0,0.0,BU,3151600.0,5381400.0,False,50.0,09:35:53
19300.0,400,-650.0,0.0,SD,3151500.0,5381400.0,False,0.0,09:35:52
19300.0,1300,-650.0,0.0,SD,3151500.0,5381000.0,False,0.0,09:35:51
19300.0,200,-650.0,0.0,SD,3151500.0,5379700.0,False,0.0,09:35:51
19300.0,3500,-650.0,0.0,SD,3151500.0,5379500.0,False,-50.0,09:35:51
19350.0,100,-600.0,0.0,BU,3151500.0,5376000.0,False,50.0,09:35:50
19300.0,1500,-650.0,0.0,SD,3151400.0,5376000.0,False,0.0,09:35:50
19300.0,200,-650.0,0.0,SD,3151400.0,5374500.0,False,0.0,09:35:50
19300.0,200,-650.0,0.0,SD,3151400.0,5374300.0,False,0.0,09:35:50
19300.0,100,-650.0,0.0,SD,3151400.0,5374100.0,False,0.0,09:35:50
19300.0,200,-650.0,0.0,SD,3151400.0,5374000.0,False,0.0,09:35:50
19300.0,400,-650.0,0.0,SD,3151400.0,5373800.0,False,0.0,09:35:50
19300.0,100,-650.0,0.0,SD,3151400.0,5373400.0,False,0.0,09:35:50
19300.0,100,-650.0,0.0,SD,3151400.0,5373300.0,False,0.0,09:35:50
19300.0,100,-650.0,0.0,SD,3151400.0,5373200.0,False,0.0,09:35:50
19300.0,200,-650.0,0.0,SD,3151400.0,5373100.0,False,0.0,09:35:50
19300.0,2500,-650.0,0.0,SD,3151400.0,5372900.0,False,0.0,09:35:49
19300.0,200,-650.0,0.0,SD,3151400.0,5370400.0,False,0.0,09:35:49
19300.0,1000,-650.0,0.0,SD,3151400.0,5370200.0,False,0.0,09:35:49
19300.0,200,-650.0,0.0,SD,3151400.0,5369200.0,False,0.0,09:35:49
19300.0,1300,-650.0,0.0,SD,3151400.0,5369000.0,False,0.0,09:35:49
19300.0,700,-650.0,0.0,SD,3151400.0,5367700.0,False,0.0,09:35:49
19300.0,500,-650.0,0.0,SD,3151400.0,5367000.0,False,0.0,09:35:49
19300.0,2000,-650.0,0.0,SD,3151400.0,5366500.0,False,0.0,09:35:49
19300.0,200,-650.0,0.0,SD,3151400.0,5364500.0,False,0.0,09:35:49
19300.0,100,-650.0,0.0,SD,3151400.0,5364300.0,False,-50.0,09:35:49
19350.0,300,-600.0,0.0,BU,3151400.0,5364200.0,False,0.0,09:35:49
19350.0,5000,-600.0,0.0,BU,3151100.0,5364200.0,False,50.0,09:35:48
19300.0,100,-650.0,0.0,SD,3146100.0,5364200.0,False,0.0,09:35:48
19300.0,900,-650.0,0.0,SD,3146100.0,5364100.0,False,0.0,09:35:48
19300.0,500,-650.0,0.0,SD,3146100.0,5363200.0,False,0.0,09:35:46
19300.0,1000,-650.0,0.0,SD,3146100.0,5362700.0,False,0.0,09:35:45
19300.0,500,-650.0,0.0,SD,3146100.0,5361700.0,False,0.0,09:35:45
19300.0,2300,-650.0,0.0,SD,3146100.0,5361200.0,False,-50.0,09:35:45
19350.0,500,-600.0,0.0,BU,3146100.0,5358900.0,False,0.0,09:35:45
19350.0,100,-600.0,0.0,BU,3145600.0,5358900.0,False,50.0,09:35:44
19300.0,800,-650.0,0.0,SD,3145500.0,5358900.0,False,-50.0,09:35:43
19350.0,500,-600.0,0.0,BU,3145500.0,5358100.0,False,0.0,09:35:43
19350.0,100,-600.0,0.0,BU,3145000.0,5358100.0,False,50.0,09:35:43
19300.0,400,-650.0,0.0,SD,3144900.0,5358100.0,False,0.0,09:35:42
19300.0,1500,-650.0,0.0,SD,3144900.0,5357700.0,False,-50.0,09:35:41
19350.0,100,-600.0,0.0,BU,3144900.0,5356200.0,False,0.0,09:35:39
19350.0,1000,-600.0,0.0,BU,3144800.0,5356200.0,False,50.0,09:35:39
19300.0,15000,-650.0,0.0,SD,3143800.0,5356200.0,True,-50.0,09:35:37
19350.0,100,-600.0,0.0,BU,3143800.0,5341200.0,False,50.0,09:35:37
19300.0,300,-650.0,0.0,SD,3143700.0,5341200.0,False,-50.0,09:35:37
19350.0,200,-600.0,0.0,BU,3143700.0,5340900.0,False,50.0,09:35:37
19300.0,200,-650.0,0.0,SD,3143500.0,5340900.0,False,0.0,09:35:37
19300.0,500,-650.0,0.0,SD,3143500.0,5340700.0,False,-50.0,09:35:37
19350.0,400,-600.0,0.0,BU,3143500.0,5340200.0,False,0.0,09:35:35
19350.0,100,-600.0,0.0,BU,3143100.0,5340200.0,False,0.0,09:35:35
19350.0,300,-600.0,0.0,BU,3143000.0,5340200.0,False,0.0,09:35:35
19350.0,500,-600.0,0.0,BU,3142700.0,5340200.0,False,0.0,09:35:35
19350.0,800,-600.0,0.0,BU,3142200.0,5340200.0,False,0.0,09:35:35
19350.0,1200,-600.0,0.0,BU,3141400.0,5340200.0,False,0.0,09:35:35
19350.0,200,-600.0,0.0,BU,3140200.0,5340200.0,False,0.0,09:35:35
19350.0,600,-600.0,0.0,BU,3140000.0,5340200.0,False,0.0,09:35:35
19350.0,1200,-600.0,0.0,BU,3139400.0,5340200.0,False,0.0,09:35:35
19350.0,100,-600.0,0.0,BU,3138200.0,5340200.0,False,50.0,09:35:34
19300.0,2700,-650.0,0.0,SD,3138100.0,5340200.0,False,0.0,09:35:34
19300.0,200,-650.0,0.0,SD,3138100.0,5337500.0,False,0.0,09:35:34
19300.0,1100,-650.0,0.0,SD,3138100.0,5337300.0,False,-50.0,09:35:34
19350.0,500,-600.0,0.0,BU,3138100.0,5336200.0,False,0.0,09:35:33
19350.0,100,-600.0,0.0,BU,3137600.0,5336200.0,False,0.0,09:35:33
19350.0,100,-600.0,0.0,BU,3137500.0,5336200.0,False,0.0,09:35:33
19350.0,900,-600.0,0.0,BU,3137400.0,5336200.0,False,0.0,09:35:33
19350.0,200,-600.0,0.0,BU,3136500.0,5336200.0,False,50.0,09:35:32
19300.0,900,-650.0,0.0,SD,3136300.0,5336200.0,False,0.0,09:35:32
19300.0,1000,-650.0,0.0,SD,3136300.0,5335300.0,False,0.0,09:35:32
19300.0,100,-650.0,0.0,SD,3136300.0,5334300.0,False,0.0,09:35:32
19300.0,500,-650.0,0.0,SD,3136300.0,5334200.0,False,0.0,09:35:32
19300.0,1000,-650.0,0.0,SD,3136300.0,5333700.0,False,0.0,09:35:32
19300.0,200,-650.0,0.0,SD,3136300.0,5332700.0,False,0.0,09:35:32
19300.0,100,-650.0,0.0,SD,3136300.0,5332500.0,False,0.0,09:35:32
19300.0,100,-650.0,0.0,SD,3136300.0,5332400.0,False,0.0,09:35:32
19300.0,500,-650.0,0.0,SD,3136300.0,5332300.0,False,0.0,09:35:32
19300.0,500,-650.0,0.0,SD,3136300.0,5331800.0,False,0.0,09:35:32
19300.0,1000,-650.0,0.0,SD,3136300.0,5331300.0,False,0.0,09:35:32
19300.0,100,-650.0,0.0,SD,3136300.0,5330300.0,False,0.0,09:35:32
19300.0,100,-650.0,0.0,SD,3136300.0,5330200.0,False,0.0,09:35:32
19300.0,500,-650.0,0.0,SD,3136300.0,5330100.0,False,0.0,09:35:32
19300.0,1000,-650.0,0.0,SD,3136300.0,5329600.0,False,0.0,09:35:32
19300.0,100,-650.0,0.0,SD,3136300.0,5328600.0,False,0.0,09:35:32
19300.0,5000,-650.0,0.0,SD,3136300.0,5328500.0,False,0.0,09:35:32
19300.0,100,-650.0,0.0,SD,3136300.0,5323500.0,False,0.0,09:35:32
19300.0,700,-650.0,0.0,SD,3136300.0,5323400.0,False,0.0,09:35:32
19300.0,100,-650.0,0.0,SD,3136300.0,5322700.0,False,0.0,09:35:32
19300.0,500,-650.0,0.0,SD,3136300.0,5322600.0,False,0.0,09:35:32
19300.0,2000,-650.0,0.0,SD,3136300.0,5322100.0,False,0.0,09:35:32
19300.0,100,-650.0,0.0,SD,3136300.0,5320100.0,False,0.0,09:35:32
19300.0,1800,-650.0,0.0,SD,3136300.0,5320000.0,False,-50.0,09:35:32
19350.0,3000,-600.0,0.0,BU,3136300.0,5318200.0,False,0.0,09:35:32
19350.0,100,-600.0,0.0,BU,3133300.0,5318200.0,False,0.0,09:35:31
19350.0,7000,-600.0,0.0,BU,3133200.0,5318200.0,False,0.0,09:35:29
19350.0,3000,-600.0,0.0,BU,3126200.0,5318200.0,False,0.0,09:35:27
19350.0,5000,-600.0,0.0,BU,3123200.0,5318200.0,False,0.0,09:35:26
19350.0,800,-600.0,0.0,BU,3118200.0,5318200.0,False,0.0,09:35:26
19350.0,200,-600.0,0.0,BU,3117400.0,5318200.0,False,50.0,09:35:26
19300.0,8200,-650.0,0.0,SD,3117200.0,5318200.0,False,0.0,09:35:25
19300.0,100,-650.0,0.0,SD,3117200.0,5310000.0,False,0.0,09:35:25
19300.0,1000,-650.0,0.0,SD,3117200.0,5309900.0,False,0.0,09:35:25
19300.0,200,-650.0,0.0,SD,3117200.0,5308900.0,False,0.0,09:35:25
19300.0,1000,-650.0,0.0,SD,3117200.0,5308700.0,False,0.0,09:35:25
19300.0,500,-650.0,0.0,SD,3117200.0,5307700.0,False,0.0,09:35:25
19300.0,10000,-650.0,0.0,SD,3117200.0,5307200.0,False,0.0,09:35:25
19300.0,300,-650.0,0.0,SD,3117200.0,5297200.0,False,0.0,09:35:25
19300.0,1000,-650.0,0.0,SD,3117200.0,5296900.0,False,0.0,09:35:25
19300.0,100,-650.0,0.0,SD,3117200.0,5295900.0,False,0.0,09:35:25
19300.0,1000,-650.0,0.0,SD,3117200.0,5295800.0,False,0.0,09:35:25
19300.0,100,-650.0,0.0,SD,3117200.0,5294800.0,False,0.0,09:35:25
19300.0,200,-650.0,0.0,SD,3117200.0,5294700.0,False,0.0,09:35:25
19300.0,100,-650.0,0.0,SD,3117200.0,5294500.0,False,0.0,09:35:25
19300.0,5000,-650.0,0.0,SD,3117200.0,5294400.0,False,0.0,09:35:25
19300.0,5000,-650.0,0.0,SD,3117200.0,5289400.0,False,0.0,09:35:25
19300.0,1000,-650.0,0.0,SD,3117200.0,5284400.0,False,0.0,09:35:25
19300.0,100,-650.0,0.0,SD,3117200.0,5283400.0,False,0.0,09:35:25
19300.0,500,-650.0,0.0,SD,3117200.0,5283300.0,False,0.0,09:35:25
19300.0,100,-650.0,0.0,SD,3117200.0,5282800.0,False,0.0,09:35:25
19300.0,500,-650.0,0.0,SD,3117200.0,5282700.0,False,0.0,09:35:25
19300.0,5000,-650.0,0.0,SD,3117200.0,5282200.0,False,0.0,09:35:25
19300.0,1000,-650.0,0.0,SD,3117200.0,5277200.0,False,0.0,09:35:25
19300.0,500,-650.0,0.0,SD,3117200.0,5276200.0,False,0.0,09:35:25
19300.0,100,-650.0,0.0,SD,3117200.0,5275700.0,False,0.0,09:35:25
19300.0,200,-650.0,0.0,SD,3117200.0,5275600.0,False,0.0,09:35:25
19300.0,200,-650.0,0.0,SD,3117200.0,5275400.0,False,0.0,09:35:25
19300.0,200,-650.0,0.0,SD,3117200.0,5275200.0,False,0.0,09:35:25
19300.0,2000,-650.0,0.0,SD,3117200.0,5275000.0,False,0.0,09:35:25
19300.0,1600,-650.0,0.0,SD,3117200.0,5273000.0,False,0.0,09:35:25
19300.0,900,-650.0,0.0,SD,3117200.0,5271400.0,False,0.0,09:35:25
19300.0,200,-650.0,0.0,SD,3117200.0,5270500.0,False,0.0,09:35:25
19300.0,2000,-650.0,0.0,SD,3117200.0,5270300.0,False,-50.0,09:35:25
19350.0,500,-600.0,0.0,BU,3117200.0,5268300.0,False,0.0,09:35:24
19350.0,100,-600.0,0.0,BU,3116700.0,5268300.0,False,50.0,09:35:24
19300.0,1600,-650.0,0.0,SD,3116600.0,5268300.0,False,-50.0,09:35:24
19350.0,1500,-600.0,0.0,BU,3116600.0,5266700.0,False,0.0,09:35:23
19350.0,1000,-600.0,0.0,BU,3115100.0,5266700.0,False,0.0,09:35:23
19350.0,100,-600.0,0.0,BU,3114100.0,5266700.0,False,0.0,09:35:22
19350.0,100,-600.0,0.0,BU,3114000.0,5266700.0,False,0.0,09:35:20
19350.0,100,-600.0,0.0,BU,3113900.0,5266700.0,False,0.0,09:35:20
19350.0,200,-600.0,0.0,BU,3113800.0,5266700.0,False,0.0,09:35:19
19350.0,1700,-600.0,0.0,BU,3113600.0,5266700.0,False,0.0,09:35:18
19350.0,300,-600.0,0.0,BU,3111900.0,5266700.0,False,0.0,09:35:18
19350.0,500,-600.0,0.0,BU,3111600.0,5266700.0,False,0.0,09:35:17
19350.0,200,-600.0,0.0,BU,3111100.0,5266700.0,False,0.0,09:35:17
19350.0,100,-600.0,0.0,BU,3110900.0,5266700.0,False,0.0,09:35:17
19350.0,300,-600.0,0.0,BU,3110800.0,5266700.0,False,0.0,09:35:17
19350.0,100,-600.0,0.0,BU,3110500.0,5266700.0,False,0.0,09:35:16
19350.0,700,-600.0,0.0,BU,3110400.0,5266700.0,False,50.0,09:35:16
19300.0,100,-650.0,0.0,SD,3109700.0,5266700.0,False,-50.0,09:35:16
19350.0,100,-600.0,0.0,BU,3109700.0,5266600.0,False,50.0,09:35:16
19300.0,500,-650.0,0.0,SD,3109600.0,5266600.0,False,-50.0,09:35:16
19350.0,100,-600.0,0.0,BU,3109600.0,5266100.0,False,0.0,09:35:16
19350.0,600,-600.0,0.0,BU,3109500.0,5266100.0,False,0.0,09:35:16
19350.0,1300,-600.0,0.0,BU,3108900.0,5266100.0,False,50.0,09:35:16
19300.0,800,-650.0,0.0,SD,3107600.0,5266100.0,False,0.0,09:35:15
19300.0,200,-650.0,0.0,SD,3107600.0,5265300.0,False,0.0,09:35:15
19300.0,100,-650.0,0.0,SD,3107600.0,5265100.0,False,0.0,09:35:15
19300.0,300,-650.0,0.0,SD,3107600.0,5265000.0,False,0.0,09:35:15
19300.0,100,-650.0,0.0,SD,3107600.0,5264700.0,False,0.0,09:35:15
19300.0,100,-650.0,0.0,SD,3107600.0,5264600.0,False,0.0,09:35:15
19300.0,100,-650.0,0.0,SD,3107600.0,5264500.0,False,0.0,09:35:15
19300.0,1500,-650.0,0.0,SD,3107600.0,5264400.0,False,0.0,09:35:15
19300.0,200,-650.0,0.0,SD,3107600.0,5262900.0,False,0.0,09:35:15
19300.0,1000,-650.0,0.0,SD,3107600.0,5262700.0,False,0.0,09:35:15
19300.0,1000,-650.0,0.0,SD,3107600.0,5261700.0,False,0.0,09:35:15
19300.0,100,-650.0,0.0,SD,3107600.0,5260700.0,False,0.0,09:35:15
19300.0,200,-650.0,0.0,SD,3107600.0,5260600.0,False,0.0,09:35:15
19300.0,200,-650.0,0.0,SD,3107600.0,5260400.0,False,0.0,09:35:15
19300.0,100,-650.0,0.0,SD,3107600.0,5260200.0,False,-50.0,09:35:15
19350.0,100,-600.0,0.0,BU,3107600.0,5260100.0,False,0.0,09:35:13
19350.0,200,-600.0,0.0,BU,3107500.0,5260100.0,False,0.0,09:35:12
19350.0,100,-600.0,0.0,BU,3107300.0,5260100.0,False,0.0,09:35:11
19350.0,300,-600.0,0.0,BU,3107200.0,5260100.0,False,0.0,09:35:11
19350.0,300,-600.0,0.0,BU,3106900.0,5260100.0,False,0.0,09:35:11
19350.0,1400,-600.0,0.0,BU,3106600.0,5260100.0,False,0.0,09:35:11
19350.0,1000,-600.0,0.0,BU,3105200.0,5260100.0,False,0.0,09:35:11
19350.0,1100,-600.0,0.0,BU,3104200.0,5260100.0,False,0.0,09:35:10
19350.0,3900,-600.0,0.0,BU,3103100.0,5260100.0,False,0.0,09:35:10
19350.0,100,-600.0,0.0,BU,3099200.0,5260100.0,False,0.0,09:35:10
19350.0,1900,-600.0,0.0,BU,3099100.0,5260100.0,False,0.0,09:35:10
19350.0,100,-600.0,0.0,BU,3097200.0,5260100.0,False,50.0,09:35:10
19300.0,100,-650.0,0.0,SD,3097100.0,5260100.0,False,0.0,09:35:09
19300.0,900,-650.0,0.0,SD,3097100.0,5260000.0,False,-50.0,09:35:08
19350.0,100,-600.0,0.0,BU,3097100.0,5259100.0,False,0.0,09:35:07
19350.0,900,-600.0,0.0,BU,3097000.0,5259100.0,False,0.0,09:35:07
19350.0,1100,-600.0,0.0,BU,3096100.0,5259100.0,False,0.0,09:35:07
19350.0,3900,-600.0,0.0,BU,3095000.0,5259100.0,False,0.0,09:35:07
19350.0,600,-600.0,0.0,BU,3091100.0,5259100.0,False,0.0,09:35:07
19350.0,500,-600.0,0.0,BU,3090500.0,5259100.0,False,0.0,09:35:07
19350.0,5000,-600.0,0.0,BU,3090000.0,5259100.0,False,0.0,09:35:06
19350.0,100,-600.0,0.0,BU,3085000.0,5259100.0,False,0.0,09:35:03
19350.0,200,-600.0,0.0,BU,3084900.0,5259100.0,False,0.0,09:35:03
19350.0,100,-600.0,0.0,BU,3084700.0,5259100.0,False,0.0,09:35:03
19350.0,1000,-600.0,0.0,BU,3084600.0,5259100.0,False,0.0,09:35:02
19350.0,1000,-600.0,0.0,SD,3083600.0,5259100.0,False,0.0,09:35:00
19350.0,2000,-600.0,0.0,SD,3083600.0,5258100.0,False,0.0,09:35:00
19350.0,100,-600.0,0.0,SD,3083600.0,5256100.0,False,0.0,09:35:00
19350.0,100,-600.0,0.0,SD,3083600.0,5256000.0,False,0.0,09:35:00
19350.0,100,-600.0,0.0,SD,3083600.0,5255900.0,False,0.0,09:35:00
19350.0,100,-600.0,0.0,SD,3083600.0,5255800.0,False,0.0,09:35:00
19350.0,500,-600.0,0.0,SD,3083600.0,5255700.0,False,0.0,09:35:00
19350.0,1600,-600.0,0.0,SD,3083600.0,5255200.0,False,0.0,09:35:00
19350.0,200,-600.0,0.0,SD,3083600.0,5253600.0,False,0.0,09:35:00
19350.0,1000,-600.0,0.0,SD,3083600.0,5253400.0,False,0.0,09:35:00
19350.0,1000,-600.0,0.0,SD,3083600.0,5252400.0,False,0.0,09:35:00
19350.0,1000,-600.0,0.0,SD,3083600.0,5251400.0,False,0.0,09:35:00
19350.0,27700,-600.0,0.0,SD,3083600.0,5250400.0,True,0.0,09:35:00
19350.0,100,-600.0,0.0,SD,3083600.0,5222700.0,False,0.0,09:35:00
19350.0,2000,-600.0,0.0,SD,3083600.0,5222600.0,False,0.0,09:35:00
19350.0,200,-600.0,0.0,SD,3083600.0,5220600.0,False,0.0,09:35:00
19350.0,500,-600.0,0.0,SD,3083600.0,5220400.0,False,0.0,09:35:00
19350.0,5000,-600.0,0.0,SD,3083600.0,5219900.0,False,0.0,09:35:00
19350.0,100,-600.0,0.0,SD,3083600.0,5214900.0,False,0.0,09:35:00
19350.0,100,-600.0,0.0,SD,3083600.0,5214800.0,False,0.0,09:35:00
19350.0,500,-600.0,0.0,SD,3083600.0,5214700.0,False,0.0,09:35:00
19350.0,1500,-600.0,0.0,SD,3083600.0,5214200.0,False,0.0,09:35:00
19350.0,100,-600.0,0.0,SD,3083600.0,5212700.0,False,0.0,09:35:00
19350.0,100,-600.0,0.0,SD,3083600.0,5212600.0,False,0.0,09:35:00
19350.0,200,-600.0,0.0,SD,3083600.0,5212500.0,False,0.0,09:35:00
19350.0,100,-600.0,0.0,SD,3083600.0,5212300.0,False,0.0,09:35:00
19350.0,300,-600.0,0.0,SD,3083600.0,5212200.0,False,0.0,09:35:00
19350.0,2000,-600.0,0.0,SD,3083600.0,5211900.0,False,0.0,09:35:00
19350.0,200,-600.0,0.0,SD,3083600.0,5209900.0,False,0.0,09:35:00
19350.0,400,-600.0,0.0,SD,3083600.0,5209700.0,False,0.0,09:35:00
19350.0,100,-600.0,0.0,SD,3083600.0,5209300.0,False,0.0,09:35:00
19350.0,1000,-600.0,0.0,SD,3083600.0,5209200.0,False,0.0,09:35:00
19350.0,100,-600.0,0.0,SD,3083600.0,5208200.0,False,0.0,09:35:00
19350.0,10000,-600.0,0.0,SD,3083600.0,5208100.0,False,0.0,09:35:00
19350.0,600,-600.0,0.0,SD,3083600.0,5198100.0,False,0.0,09:35:00
19350.0,500,-600.0,0.0,SD,3083600.0,5197500.0,False,0.0,09:35:00
19350.0,500,-600.0,0.0,SD,3083600.0,5197000.0,False,0.0,09:35:00
19350.0,100,-600.0,0.0,SD,3083600.0,5196500.0,False,0.0,09:35:00
19350.0,2000,-600.0,0.0,SD,3083600.0,5196400.0,False,0.0,09:35:00
19350.0,500,-600.0,0.0,SD,3083600.0,5194400.0,False,0.0,09:35:00
19350.0,100,-600.0,0.0,SD,3083600.0,5193900.0,False,0.0,09:35:00
19350.0,100,-600.0,0.0,SD,3083600.0,5193800.0,False,0.0,09:35:00
19350.0,200,-600.0,0.0,SD,3083600.0,5193700.0,False,0.0,09:35:00
19350.0,1000,-600.0,0.0,SD,3083600.0,5193500.0,False,0.0,09:35:00
19350.0,100,-600.0,0.0,SD,3083600.0,5192500.0,False,0.0,09:35:00
19350.0,500,-600.0,0.0,SD,3083600.0,5192400.0,False,0.0,09:35:00
19350.0,100,-600.0,0.0,SD,3083600.0,5191900.0,False,0.0,09:35:00
19350.0,500,-600.0,0.0,SD,3083600.0,5191800.0,False,0.0,09:35:00
19350.0,100,-600.0,0.0,SD,3083600.0,5191300.0,False,0.0,09:35:00
19350.0,200,-600.0,0.0,SD,3083600.0,5191200.0,False,0.0,09:35:00
19350.0,1000,-600.0,0.0,SD,3083600.0,5191000.0,False,0.0,09:35:00
19350.0,200,-600.0,0.0,SD,3083600.0,5190000.0,False,0.0,09:35:00
19350.0,1000,-600.0,0.0,SD,3083600.0,5189800.0,False,0.0,09:35:00
19350.0,500,-600.0,0.0,SD,3083600.0,5188800.0,False,0.0,09:35:00
19350.0,100,-600.0,0.0,SD,3083600.0,5188300.0,False,0.0,09:35:00
19350.0,500,-600.0,0.0,SD,3083600.0,5188200.0,False,0.0,09:35:00
19350.0,100,-600.0,0.0,SD,3083600.0,5187700.0,False,0.0,09:35:00
19350.0,1000,-600.0,0.0,SD,3083600.0,5187600.0,False,0.0,09:35:00
19350.0,100,-600.0,0.0,SD,3083600.0,5186600.0,False,0.0,09:35:00
19350.0,100,-600.0,0.0,SD,3083600.0,5186500.0,False,0.0,09:35:00
19350.0,100,-600.0,0.0,SD,3083600.0,5186400.0,False,0.0,09:35:00
19350.0,200,-600.0,0.0,SD,3083600.0,5186300.0,False,0.0,09:35:00
19350.0,100,-600.0,0.0,SD,3083600.0,5186100.0,False,0.0,09:35:00
19350.0,400,-600.0,0.0,SD,3083600.0,5186000.0,False,0.0,09:35:00
19350.0,100,-600.0,0.0,SD,3083600.0,5185600.0,False,0.0,09:35:00
19350.0,500,-600.0,0.0,SD,3083600.0,5185500.0,False,0.0,09:35:00
19350.0,100,-600.0,0.0,SD,3083600.0,5185000.0,False,0.0,09:35:00
19350.0,500,-600.0,0.0,SD,3083600.0,5184900.0,False,0.0,09:35:00
19350.0,200,-600.0,0.0,SD,3083600.0,5184400.0,False,0.0,09:35:00
19350.0,100,-600.0,0.0,SD,3083600.0,5184200.0,False,0.0,09:35:00
19350.0,100,-600.0,0.0,SD,3083600.0,5184100.0,False,0.0,09:35:00
19350.0,1000,-600.0,0.0,SD,3083600.0,5184000.0,False,0.0,09:35:00
19350.0,100,-600.0,0.0,SD,3083600.0,5183000.0,False,0.0,09:35:00
19350.0,1000,-600.0,0.0,SD,3083600.0,5182900.0,False,0.0,09:35:00
19350.0,100,-600.0,0.0,SD,3083600.0,5181900.0,False,0.0,09:35:00
19350.0,500,-600.0,0.0,SD,3083600.0,5181800.0,False,0.0,09:35:00
19350.0,200,-600.0,0.0,SD,3083600.0,5181300.0,False,0.0,09:35:00
19350.0,100,-600.0,0.0,SD,3083600.0,5181100.0,False,0.0,09:35:00
19350.0,100,-600.0,0.0,SD,3083600.0,5181000.0,False,0.0,09:35:00
19350.0,100,-600.0,0.0,SD,3083600.0,5180900.0,False,0.0,09:35:00
19350.0,100,-600.0,0.0,SD,3083600.0,5180800.0,False,0.0,09:35:00
19350.0,100,-600.0,0.0,SD,3083600.0,5180700.0,False,0.0,09:35:00
19350.0,500,-600.0,0.0,SD,3083600.0,5180600.0,False,0.0,09:35:00
19350.0,100,-600.0,0.0,SD,3083600.0,5180100.0,False,0.0,09:35:00
19350.0,200,-600.0,0.0,SD,3083600.0,5180000.0,False,0.0,09:35:00
19350.0,500,-600.0,0.0,SD,3083600.0,5179800.0,False,0.0,09:35:00
19350.0,2000,-600.0,0.0,SD,3083600.0,5179300.0,False,0.0,09:35:00
19350.0,100,-600.0,0.0,SD,3083600.0,5177300.0,False,0.0,09:35:00
19350.0,200,-600.0,0.0,SD,3083600.0,5177200.0,False,0.0,09:35:00
19350.0,500,-600.0,0.0,SD,3083600.0,5177000.0,False,0.0,09:35:00
19350.0,100,-600.0,0.0,SD,3083600.0,5176500.0,False,0.0,09:35:00
19350.0,100,-600.0,0.0,SD,3083600.0,5176400.0,False,0.0,09:35:00
19350.0,200,-600.0,0.0,SD,3083600.0,5176300.0,False,0.0,09:35:00
19350.0,1500,-600.0,0.0,SD,3083600.0,5176100.0,False,0.0,09:35:00
19350.0,100,-600.0,0.0,SD,3083600.0,5174600.0,False,0.0,09:35:00
19350.0,200,-600.0,0.0,SD,3083600.0,5174500.0,False,0.0,09:35:00
19350.0,800,-600.0,0.0,SD,3083600.0,5174300.0,False,0.0,09:35:00
19350.0,100,-600.0,0.0,SD,3083600.0,5173500.0,False,0.0,09:35:00
19350.0,2000,-600.0,0.0,SD,3083600.0,5173400.0,False,0.0,09:35:00
19350.0,100,-600.0,0.0,SD,3083600.0,5171400.0,False,0.0,09:35:00
19350.0,100,-600.0,0.0,SD,3083600.0,5171300.0,False,0.0,09:35:00
19350.0,1000,-600.0,0.0,SD,3083600.0,5171200.0,False,0.0,09:35:00
19350.0,1000,-600.0,0.0,SD,3083600.0,5170200.0,False,0.0,09:35:00
19350.0,500,-600.0,0.0,SD,3083600.0,5169200.0,False,0.0,09:35:00
19350.0,100,-600.0,0.0,SD,3083600.0,5168700.0,False,0.0,09:35:00
19350.0,100,-600.0,0.0,SD,3083600.0,5168600.0,False,0.0,09:35:00
19350.0,200,-600.0,0.0,SD,3083600.0,5168500.0,False,0.0,09:35:00
19350.0,100,-600.0,0.0,SD,3083600.0,5168300.0,False,0.0,09:35:00
19350.0,200,-600.0,0.0,SD,3083600.0,5168200.0,False,0.0,09:35:00
19350.0,1000,-600.0,0.0,SD,3083600.0,5168000.0,False,0.0,09:35:00
19350.0,100,-600.0,0.0,SD,3083600.0,5167000.0,False,0.0,09:35:00
19350.0,4000,-600.0,0.0,SD,3083600.0,5166900.0,False,0.0,09:35:00
19350.0,3300,-600.0,0.0,SD,3083600.0,5162900.0,False,0.0,09:35:00
19350.0,200,-600.0,0.0,SD,3083600.0,5159600.0,False,0.0,09:35:00
19350.0,1000,-600.0,0.0,SD,3083600.0,5159400.0,False,0.0,09:35:00
19350.0,100,-600.0,0.0,SD,3083600.0,5158400.0,False,0.0,09:35:00
19350.0,500,-600.0,0.0,SD,3083600.0,5158300.0,False,0.0,09:35:00
19350.0,3000,-600.0,0.0,SD,3083600.0,5157800.0,False,0.0,09:35:00
19350.0,100,-600.0,0.0,SD,3083600.0,5154800.0,False,0.0,09:35:00
19350.0,200,-600.0,0.0,SD,3083600.0,5154700.0,False,0.0,09:35:00
19350.0,900,-600.0,0.0,SD,3083600.0,5154500.0,False,0.0,09:35:00
19350.0,100,-600.0,0.0,SD,3083600.0,5153600.0,False,0.0,09:34:59
19350.0,1000,-600.0,0.0,SD,3083600.0,5153500.0,False,0.0,09:34:59
19350.0,100,-600.0,0.0,SD,3083600.0,5152500.0,False,0.0,09:34:59
19350.0,200,-600.0,0.0,SD,3083600.0,5152400.0,False,0.0,09:34:56
19350.0,100,-600.0,0.0,SD,3083600.0,5152200.0,False,0.0,09:34:56
19350.0,1000,-600.0,0.0,SD,3083600.0,5152100.0,False,0.0,09:34:56
19350.0,700,-600.0,0.0,SD,3083600.0,5151100.0,False,0.0,09:34:56
19350.0,500,-600.0,0.0,SD,3083600.0,5150400.0,False,0.0,09:34:56
19350.0,300,-600.0,0.0,SD,3083600.0,5149900.0,False,0.0,09:34:56
19350.0,500,-600.0,0.0,SD,3083600.0,5149600.0,False,0.0,09:34:55
19350.0,1900,-600.0,0.0,SD,3083600.0,5149100.0,False,0.0,09:34:53
19350.0,500,-600.0,0.0,SD,3083600.0,5147200.0,False,-50.0,09:34:53
19400.0,900,-550.0,0.0,BU,3083600.0,5146700.0,False,0.0,09:34:53
19400.0,4100,-550.0,0.0,BU,3082700.0,5146700.0,False,50.0,09:34:53
19350.0,2300,-600.0,0.0,SD,3078600.0,5146700.0,False,0.0,09:34:53
19350.0,3300,-600.0,0.0,SD,3078600.0,5144400.0,False,0.0,09:34:52
19350.0,1600,-600.0,0.0,SD,3078600.0,5141100.0,False,0.0,09:34:52
19350.0,100,-600.0,0.0,SD,3078600.0,5139500.0,False,0.0,09:34:52
19350.0,4100,-600.0,0.0,SD,3078600.0,5139400.0,False,0.0,09:34:52
19350.0,100,-600.0,0.0,SD,3078600.0,5135300.0,False,0.0,09:34:50
19350.0,100,-600.0,0.0,SD,3078600.0,5135200.0,False,0.0,09:34:47
19350.0,800,-600.0,0.0,SD,3078600.0,5135100.0,False,0.0,09:34:47
19350.0,200,-600.0,0.0,SD,3078600.0,5134300.0,False,0.0,09:34:47
19350.0,200,-600.0,0.0,SD,3078600.0,5134100.0,False,0.0,09:34:47
19350.0,100,-600.0,0.0,SD,3078600.0,5133900.0,False,0.0,09:34:47
19350.0,500,-600.0,0.0,SD,3078600.0,5133800.0,False,0.0,09:34:47
19350.0,100,-600.0,0.0,SD,3078600.0,5133300.0,False,0.0,09:34:47
19350.0,100,-600.0,0.0,SD,3078600.0,5133200.0,False,0.0,09:34:46
19350.0,300,-600.0,0.0,SD,3078600.0,5133100.0,False,0.0,09:34:46
19350.0,400,-600.0,0.0,SD,3078600.0,5132800.0,False,0.0,09:34:46
19350.0,1000,-600.0,0.0,SD,3078600.0,5132400.0,False,0.0,09:34:46
19350.0,500,-600.0,0.0,SD,3078600.0,5131400.0,False,0.0,09:34:43
19350.0,400,-600.0,0.0,SD,3078600.0,5130900.0,False,0.0,09:34:42
19350.0,700,-600.0,0.0,SD,3078600.0,5130500.0,False,0.0,09:34:42
19350.0,1300,-600.0,0.0,SD,3078600.0,5129800.0,False,0.0,09:34:42
19350.0,1000,-600.0,0.0,SD,3078600.0,5128500.0,False,0.0,09:34:42
19350.0,1000,-600.0,0.0,SD,3078600.0,5127500.0,False,0.0,09:34:41
19350.0,200,-600.0,0.0,SD,3078600.0,5126500.0,False,0.0,09:34:41
19350.0,300,-600.0,0.0,SD,3078600.0,5126300.0,False,0.0,09:34:41
19350.0,500,-600.0,0.0,SD,3078600.0,5126000.0,False,0.0,09:34:40
19350.0,100,-600.0,0.0,SD,3078600.0,5125500.0,False,0.0,09:34:40
19350.0,900,-600.0,0.0,SD,3078600.0,5125400.0,False,0.0,09:34:40
19350.0,100,-600.0,0.0,SD,3078600.0,5124500.0,False,0.0,09:34:40
19350.0,200,-600.0,0.0,SD,3078600.0,5124400.0,False,0.0,09:34:40
19350.0,400,-600.0,0.0,SD,3078600.0,5124200.0,False,0.0,09:34:40
19350.0,3000,-600.0,0.0,SD,3078600.0,5123800.0,False,0.0,09:34:40
19350.0,200,-600.0,0.0,SD,3078600.0,5120800.0,False,0.0,09:34:40
19350.0,900,-600.0,0.0,SD,3078600.0,5120600.0,False,0.0,09:34:40
19350.0,500,-600.0,0.0,SD,3078600.0,5119700.0,False,0.0,09:34:40
19350.0,1200,-600.0,0.0,SD,3078600.0,5119200.0,False,0.0,09:34:40
19350.0,1000,-600.0,0.0,SD,3078600.0,5118000.0,False,0.0,09:34:39
19350.0,1000,-600.0,0.0,SD,3078600.0,5117000.0,False,0.0,09:34:39
19350.0,18800,-600.0,0.0,SD,3078600.0,5116000.0,True,0.0,09:34:39
19350.0,200,-600.0,0.0,SD,3078600.0,5097200.0,False,0.0,09:34:39
19350.0,100,-600.0,0.0,SD,3078600.0,5097000.0,False,0.0,09:34:39
19350.0,1000,-600.0,0.0,SD,3078600.0,5096900.0,False,0.0,09:34:39
19350.0,100,-600.0,0.0,SD,3078600.0,5095900.0,False,0.0,09:34:39
19350.0,200,-600.0,0.0,SD,3078600.0,5095800.0,False,0.0,09:34:39
19350.0,12600,-600.0,0.0,SD,3078600.0,5095600.0,True,-50.0,09:34:39
19400.0,100,-550.0,0.0,BU,3078600.0,5083000.0,False,0.0,09:34:39
19400.0,300,-550.0,0.0,BU,3078500.0,5083000.0,False,0.0,09:34:38
19400.0,500,-550.0,0.0,BU,3078200.0,5083000.0,False,50.0,09:34:37
19350.0,3000,-600.0,0.0,SD,3077700.0,5083000.0,False,-50.0,09:34:36
19400.0,200,-550.0,0.0,BU,3077700.0,5080000.0,False,50.0,09:34:34
19350.0,100,-600.0,0.0,SD,3077500.0,5080000.0,False,-50.0,09:34:32
19400.0,500,-550.0,0.0,BU,3077500.0,5079900.0,False,0.0,09:34:32
19400.0,1000,-550.0,0.0,BU,3077000.0,5079900.0,False,50.0,09:34:30
19350.0,4300,-600.0,0.0,SD,3076000.0,5079900.0,False,0.0,09:34:30
19350.0,500,-600.0,0.0,SD,3076000.0,5075600.0,False,0.0,09:34:30
19350.0,200,-600.0,0.0,SD,3076000.0,5075100.0,False,0.0,09:34:30
19350.0,300,-600.0,0.0,SD,3076000.0,5074900.0,False,-50.0,09:34:29
19400.0,200,-550.0,0.0,BU,3076000.0,5074600.0,False,0.0,09:34:28
19400.0,500,-550.0,0.0,BU,3075800.0,5074600.0,False,0.0,09:34:27
19400.0,700,-550.0,0.0,BU,3075300.0,5074600.0,False,50.0,09:34:27
19350.0,300,-600.0,0.0,SD,3074600.0,5074600.0,False,-50.0,09:34:27
19400.0,500,-550.0,0.0,BU,3074600.0,5074300.0,False,0.0,09:34:26
19400.0,100,-550.0,0.0,BU,3074100.0,5074300.0,False,0.0,09:34:25
19400.0,2000,-550.0,0.0,BU,3074000.0,5074300.0,False,50.0,09:34:24
19350.0,1200,-600.0,0.0,SD,3072000.0,5074300.0,False,0.0,09:34:24
19350.0,100,-600.0,0.0,SD,3072000.0,5073100.0,False,0.0,09:34:24
19350.0,1700,-600.0,0.0,SD,3072000.0,5073000.0,False,0.0,09:34:24
19350.0,1000,-600.0,0.0,SD,3072000.0,5071300.0,False,0.0,09:34:24
19350.0,17300,-600.0,0.0,SD,3072000.0,5070300.0,True,0.0,09:34:24
19350.0,1000,-600.0,0.0,SD,3072000.0,5053000.0,False,0.0,09:34:24
19350.0,500,-600.0,0.0,SD,3072000.0,5052000.0,False,0.0,09:34:24
19350.0,200,-600.0,0.0,SD,3072000.0,5051500.0,False,0.0,09:34:24
19350.0,3000,-600.0,0.0,SD,3072000.0,5051300.0,False,0.0,09:34:24
19350.0,100,-600.0,0.0,SD,3072000.0,5048300.0,False,0.0,09:34:24
19350.0,1000,-600.0,0.0,SD,3072000.0,5048200.0,False,0.0,09:34:24
19350.0,100,-600.0,0.0,SD,3072000.0,5047200.0,False,0.0,09:34:24
19350.0,500,-600.0,0.0,SD,3072000.0,5047100.0,False,0.0,09:34:24
19350.0,1000,-600.0,0.0,SD,3072000.0,5046600.0,False,0.0,09:34:24
19350.0,200,-600.0,0.0,SD,3072000.0,5045600.0,False,0.0,09:34:24
19350.0,100,-600.0,0.0,SD,3072000.0,5045400.0,False,0.0,09:34:24
19350.0,1000,-600.0,0.0,SD,3072000.0,5045300.0,False,0.0,09:34:24
19350.0,500,-600.0,0.0,SD,3072000.0,5044300.0,False,0.0,09:34:24
19350.0,1000,-600.0,0.0,SD,3072000.0,5043800.0,False,0.0,09:34:24
19350.0,200,-600.0,0.0,SD,3072000.0,5042800.0,False,0.0,09:34:24
19350.0,1000,-600.0,0.0,SD,3072000.0,5042600.0,False,0.0,09:34:24
19350.0,5000,-600.0,0.0,SD,3072000.0,5041600.0,False,0.0,09:34:24
19350.0,500,-600.0,0.0,SD,3072000.0,5036600.0,False,0.0,09:34:24
19350.0,1000,-600.0,0.0,SD,3072000.0,5036100.0,False,0.0,09:34:24
19350.0,100,-600.0,0.0,SD,3072000.0,5035100.0,False,0.0,09:34:24
19350.0,100,-600.0,0.0,SD,3072000.0,5035000.0,False,0.0,09:34:24
19350.0,7600,-600.0,0.0,SD,3072000.0,5034900.0,False,0.0,09:34:24
19350.0,1000,-600.0,0.0,SD,3072000.0,5027300.0,False,0.0,09:34:23
19350.0,400,-600.0,0.0,SD,3072000.0,5026300.0,False,-50.0,09:34:22
19400.0,1000,-550.0,0.0,BU,3072000.0,5025900.0,False,0.0,09:34:21
19400.0,1000,-550.0,0.0,BU,3071000.0,5025900.0,False,50.0,09:34:20
19350.0,900,-600.0,0.0,SD,3070000.0,5025900.0,False,0.0,09:34:19
19350.0,100,-600.0,0.0,SD,3070000.0,5025000.0,False,0.0,09:34:18
19350.0,300,-600.0,0.0,SD,3070000.0,5024900.0,False,0.0,09:34:18
19350.0,200,-600.0,0.0,SD,3070000.0,5024600.0,False,0.0,09:34:18
19350.0,100,-600.0,0.0,SD,3070000.0,5024400.0,False,-50.0,09:34:18
19400.0,5000,-550.0,0.0,BU,3070000.0,5024300.0,False,50.0,09:34:17
19350.0,100,-600.0,0.0,SD,3065000.0,5024300.0,False,-50.0,09:34:16
19400.0,1000,-550.0,0.0,BU,3065000.0,5024200.0,False,0.0,09:34:15
19400.0,2000,-550.0,0.0,BU,3064000.0,5024200.0,False,0.0,09:34:14
19400.0,100,-550.0,0.0,BU,3062000.0,5024200.0,False,0.0,09:34:13
19400.0,3100,-550.0,0.0,BU,3061900.0,5024200.0,False,0.0,09:34:12
19400.0,9600,-550.0,0.0,BU,3058800.0,5024200.0,False,0.0,09:34:12
19400.0,400,-550.0,0.0,BU,3049200.0,5024200.0,False,0.0,09:34:12
19400.0,300,-550.0,0.0,BU,3048800.0,5024200.0,False,50.0,09:34:11
19350.0,100,-600.0,0.0,SD,3048500.0,5024200.0,False,-50.0,09:34:10
19400.0,800,-550.0,0.0,BU,3048500.0,5024100.0,False,0.0,09:34:10
19400.0,500,-550.0,0.0,BU,3047700.0,5024100.0,False,0.0,09:34:09
19400.0,3500,-550.0,0.0,BU,3047200.0,5024100.0,False,0.0,09:34:09
19400.0,2000,-550.0,0.0,BU,3043700.0,5024100.0,False,0.0,09:34:09
19400.0,500,-550.0,0.0,BU,3041700.0,5024100.0,False,0.0,09:34:08
19400.0,800,-550.0,0.0,SD,3041200.0,5024100.0,False,0.0,09:34:06
19400.0,300,-550.0,0.0,SD,3041200.0,5023300.0,False,0.0,09:34:06
19400.0,500,-550.0,0.0,SD,3041200.0,5023000.0,False,0.0,09:34:06
19400.0,500,-550.0,0.0,SD,3041200.0,5022500.0,False,0.0,09:34:06
19400.0,500,-550.0,0.0,SD,3041200.0,5022000.0,False,0.0,09:34:06
19400.0,1000,-550.0,0.0,SD,3041200.0,5021500.0,False,0.0,09:34:06
19400.0,500,-550.0,0.0,SD,3041200.0,5020500.0,False,0.0,09:34:06
19400.0,100,-550.0,0.0,SD,3041200.0,5020000.0,False,0.0,09:34:06
19400.0,100,-550.0,0.0,SD,3041200.0,5019900.0,False,0.0,09:34:06
19400.0,500,-550.0,0.0,SD,3041200.0,5019800.0,False,0.0,09:34:06
19400.0,500,-550.0,0.0,SD,3041200.0,5019300.0,False,0.0,09:34:06
19400.0,100,-550.0,0.0,SD,3041200.0,5018800.0,False,0.0,09:34:06
19400.0,300,-550.0,0.0,SD,3041200.0,5018700.0,False,0.0,09:34:06
19400.0,100,-550.0,0.0,SD,3041200.0,5018400.0,False,0.0,09:34:06
19400.0,500,-550.0,0.0,SD,3041200.0,5018300.0,False,0.0,09:34:06
19400.0,100,-550.0,0.0,SD,3041200.0,5017800.0,False,0.0,09:34:06
19400.0,200,-550.0,0.0,SD,3041200.0,5017700.0,False,0.0,09:34:06
19400.0,100,-550.0,0.0,SD,3041200.0,5017500.0,False,0.0,09:34:06
19400.0,200,-550.0,0.0,SD,3041200.0,5017400.0,False,0.0,09:34:06
19400.0,10000,-550.0,0.0,SD,3041200.0,5017200.0,False,0.0,09:34:06
19400.0,500,-550.0,0.0,SD,3041200.0,5007200.0,False,0.0,09:34:06
19400.0,100,-550.0,0.0,SD,3041200.0,5006700.0,False,0.0,09:34:06
19400.0,700,-550.0,0.0,SD,3041200.0,5006600.0,False,0.0,09:34:06
19400.0,19500,-550.0,0.0,SD,3041200.0,5005900.0,True,0.0,09:34:06
19400.0,100,-550.0,0.0,SD,3041200.0,4986400.0,False,0.0,09:34:06
19400.0,100,-550.0,0.0,SD,3041200.0,4986300.0,False,0.0,09:34:06
19400.0,100,-550.0,0.0,SD,3041200.0,4986200.0,False,0.0,09:34:06
19400.0,1000,-550.0,0.0,SD,3041200.0,4986100.0,False,0.0,09:34:06
19400.0,100,-550.0,0.0,SD,3041200.0,4985100.0,False,0.0,09:34:06
19400.0,100,-550.0,0.0,SD,3041200.0,4985000.0,False,0.0,09:34:06
19400.0,100,-550.0,0.0,SD,3041200.0,4984900.0,False,0.0,09:34:06
19400.0,1000,-550.0,0.0,SD,3041200.0,4984800.0,False,0.0,09:34:06
19400.0,100,-550.0,0.0,SD,3041200.0,4983800.0,False,0.0,09:34:06
19400.0,1000,-550.0,0.0,SD,3041200.0,4983700.0,False,0.0,09:34:06
19400.0,1000,-550.0,0.0,SD,3041200.0,4982700.0,False,0.0,09:34:06
19400.0,5000,-550.0,0.0,SD,3041200.0,4981700.0,False,0.0,09:34:06
19400.0,1000,-550.0,0.0,SD,3041200.0,4976700.0,False,0.0,09:34:06
19400.0,500,-550.0,0.0,SD,3041200.0,4975700.0,False,0.0,09:34:06
19400.0,200,-550.0,0.0,SD,3041200.0,4975200.0,False,0.0,09:34:06
19400.0,200,-550.0,0.0,SD,3041200.0,4975000.0,False,0.0,09:34:06
19400.0,100,-550.0,0.0,SD,3041200.0,4974800.0,False,0.0,09:34:06
19400.0,400,-550.0,0.0,SD,3041200.0,4974700.0,False,0.0,09:34:06
19400.0,500,-550.0,0.0,SD,3041200.0,4974300.0,False,0.0,09:34:06
19400.0,1000,-550.0,0.0,SD,3041200.0,4973800.0,False,0.0,09:34:06
19400.0,100,-550.0,0.0,SD,3041200.0,4972800.0,False,0.0,09:34:06
19400.0,1100,-550.0,0.0,SD,3041200.0,4972700.0,False,0.0,09:34:06
19400.0,300,-550.0,0.0,SD,3041200.0,4971600.0,False,0.0,09:34:06
19400.0,100,-550.0,0.0,SD,3041200.0,4971300.0,False,0.0,09:34:06
19400.0,100,-550.0,0.0,SD,3041200.0,4971200.0,False,0.0,09:34:06
19400.0,2000,-550.0,0.0,SD,3041200.0,4971100.0,False,0.0,09:34:06
19400.0,1000,-550.0,0.0,SD,3041200.0,4969100.0,False,0.0,09:34:06
19400.0,100,-550.0,0.0,SD,3041200.0,4968100.0,False,0.0,09:34:06
19400.0,2000,-550.0,0.0,SD,3041200.0,4968000.0,False,0.0,09:34:06
19400.0,1000,-550.0,0.0,SD,3041200.0,4966000.0,False,0.0,09:34:06
19400.0,200,-550.0,0.0,SD,3041200.0,4965000.0,False,0.0,09:34:06
19400.0,100,-550.0,0.0,SD,3041200.0,4964800.0,False,0.0,09:34:06
19400.0,100,-550.0,0.0,SD,3041200.0,4964700.0,False,0.0,09:34:06
19400.0,500,-550.0,0.0,SD,3041200.0,4964600.0,False,0.0,09:34:06
19400.0,100,-550.0,0.0,SD,3041200.0,4964100.0,False,0.0,09:34:06
19400.0,500,-550.0,0.0,SD,3041200.0,4964000.0,False,0.0,09:34:06
19400.0,3000,-550.0,0.0,SD,3041200.0,4963500.0,False,0.0,09:34:06
19400.0,500,-550.0,0.0,SD,3041200.0,4960500.0,False,0.0,09:34:06
19400.0,100,-550.0,0.0,SD,3041200.0,4960000.0,False,0.0,09:34:06
19400.0,500,-550.0,0.0,SD,3041200.0,4959900.0,False,0.0,09:34:06
19400.0,100,-550.0,0.0,SD,3041200.0,4959400.0,False,0.0,09:34:06
19400.0,5000,-550.0,0.0,SD,3041200.0,4959300.0,False,0.0,09:34:06
19400.0,100,-550.0,0.0,SD,3041200.0,4954300.0,False,0.0,09:34:06
19400.0,2000,-550.0,0.0,SD,3041200.0,4954200.0,False,0.0,09:34:06
19400.0,300,-550.0,0.0,SD,3041200.0,4952200.0,False,0.0,09:34:06
19400.0,100,-550.0,0.0,SD,3041200.0,4951900.0,False,0.0,09:34:06
19400.0,100,-550.0,0.0,SD,3041200.0,4951800.0,False,0.0,09:34:06
19400.0,600,-550.0,0.0,SD,3041200.0,4951700.0,False,0.0,09:34:06
19400.0,600,-550.0,0.0,SD,3041200.0,4951100.0,False,0.0,09:34:06
19400.0,100,-550.0,0.0,SD,3041200.0,4950500.0,False,0.0,09:34:06
19400.0,200,-550.0,0.0,SD,3041200.0,4950400.0,False,0.0,09:34:06
19400.0,300,-550.0,0.0,SD,3041200.0,4950200.0,False,0.0,09:34:06
19400.0,200,-550.0,0.0,SD,3041200.0,4949900.0,False,0.0,09:34:06
19400.0,100,-550.0,0.0,SD,3041200.0,4949700.0,False,0.0,09:34:06
19400.0,5500,-550.0,0.0,SD,3041200.0,4949600.0,False,0.0,09:34:06
19400.0,200,-550.0,0.0,SD,3041200.0,4944100.0,False,0.0,09:34:06
19400.0,5000,-550.0,0.0,SD,3041200.0,4943900.0,False,0.0,09:34:05
19400.0,1000,-550.0,0.0,SD,3041200.0,4938900.0,False,0.0,09:34:05
19400.0,100,-550.0,0.0,SD,3041200.0,4937900.0,False,0.0,09:34:05
19400.0,1500,-550.0,0.0,SD,3041200.0,4937800.0,False,0.0,09:34:05
19400.0,100,-550.0,0.0,SD,3041200.0,4936300.0,False,0.0,09:34:05
19400.0,10000,-550.0,0.0,SD,3041200.0,4936200.0,False,0.0,09:34:05
19400.0,25000,-550.0,0.0,SD,3041200.0,4926200.0,True,0.0,09:34:05
19400.0,100,-550.0,0.0,SD,3041200.0,4901200.0,False,0.0,09:34:05
19400.0,100,-550.0,0.0,SD,3041200.0,4901100.0,False,0.0,09:34:05
19400.0,2000,-550.0,0.0,SD,3041200.0,4901000.0,False,0.0,09:34:05
19400.0,100,-550.0,0.0,SD,3041200.0,4899000.0,False,0.0,09:34:05
19400.0,500,-550.0,0.0,SD,3041200.0,4898900.0,False,0.0,09:34:05
19400.0,100,-550.0,0.0,SD,3041200.0,4898400.0,False,0.0,09:34:05
19400.0,100,-550.0,0.0,SD,3041200.0,4898300.0,False,0.0,09:34:05
19400.0,2000,-550.0,0.0,SD,3041200.0,4898200.0,False,0.0,09:34:05
19400.0,500,-550.0,0.0,SD,3041200.0,4896200.0,False,0.0,09:34:05
19400.0,100,-550.0,0.0,SD,3041200.0,4895700.0,False,0.0,09:34:05
19400.0,4500,-550.0,0.0,SD,3041200.0,4895600.0,False,0.0,09:34:05
19400.0,100,-550.0,0.0,SD,3041200.0,4891100.0,False,0.0,09:34:05
19400.0,100,-550.0,0.0,SD,3041200.0,4891000.0,False,0.0,09:34:05
19400.0,400,-550.0,0.0,SD,3041200.0,4890900.0,False,0.0,09:34:05
19400.0,2000,-550.0,0.0,SD,3041200.0,4890500.0,False,0.0,09:34:05
19400.0,10000,-550.0,0.0,SD,3041200.0,4888500.0,False,0.0,09:34:05
19400.0,1000,-550.0,0.0,SD,3041200.0,4878500.0,False,0.0,09:34:05
19400.0,100,-550.0,0.0,SD,3041200.0,4877500.0,False,0.0,09:34:05
19400.0,100,-550.0,0.0,SD,3041200.0,4877400.0,False,0.0,09:34:05
19400.0,200,-550.0,0.0,SD,3041200.0,4877300.0,False,0.0,09:34:05
19400.0,100,-550.0,0.0,SD,3041200.0,4877100.0,False,0.0,09:34:05
19400.0,900,-550.0,0.0,SD,3041200.0,4877000.0,False,0.0,09:34:05
19400.0,10000,-550.0,0.0,SD,3041200.0,4876100.0,False,0.0,09:34:05
19400.0,100,-550.0,0.0,SD,3041200.0,4866100.0,False,0.0,09:34:05
19400.0,500,-550.0,0.0,SD,3041200.0,4866000.0,False,0.0,09:34:05
19400.0,1000,-550.0,0.0,SD,3041200.0,4865500.0,False,0.0,09:34:05
19400.0,400,-550.0,0.0,SD,3041200.0,4864500.0,False,0.0,09:34:05
19400.0,500,-550.0,0.0,SD,3041200.0,4864100.0,False,0.0,09:34:05
19400.0,200,-550.0,0.0,SD,3041200.0,4863600.0,False,0.0,09:34:05
19400.0,100,-550.0,0.0,SD,3041200.0,4863400.0,False,0.0,09:34:05
19400.0,100,-550.0,0.0,SD,3041200.0,4863300.0,False,0.0,09:34:05
19400.0,1000,-550.0,0.0,SD,3041200.0,4863200.0,False,0.0,09:34:05
19400.0,100,-550.0,0.0,SD,3041200.0,4862200.0,False,0.0,09:34:05
19400.0,100,-550.0,0.0,SD,3041200.0,4862100.0,False,0.0,09:34:05
19400.0,500,-550.0,0.0,SD,3041200.0,4862000.0,False,0.0,09:34:05
19400.0,2000,-550.0,0.0,SD,3041200.0,4861500.0,False,0.0,09:34:05
19400.0,100,-550.0,0.0,SD,3041200.0,4859500.0,False,0.0,09:34:05
19400.0,9000,-550.0,0.0,SD,3041200.0,4859400.0,False,0.0,09:34:05
19400.0,1400,-550.0,0.0,SD,3041200.0,4850400.0,False,0.0,09:34:05
19400.0,200,-550.0,0.0,SD,3041200.0,4849000.0,False,0.0,09:34:05
19400.0,100,-550.0,0.0,SD,3041200.0,4848800.0,False,0.0,09:34:05
19400.0,500,-550.0,0.0,SD,3041200.0,4848700.0,False,0.0,09:34:05
19400.0,100,-550.0,0.0,SD,3041200.0,4848200.0,False,0.0,09:34:05
19400.0,5000,-550.0,0.0,SD,3041200.0,4848100.0,False,0.0,09:34:05
19400.0,500,-550.0,0.0,SD,3041200.0,4843100.0,False,0.0,09:34:05
19400.0,100,-550.0,0.0,SD,3041200.0,4842600.0,False,0.0,09:34:05
19400.0,2000,-550.0,0.0,SD,3041200.0,4842500.0,False,0.0,09:34:05
19400.0,100,-550.0,0.0,SD,3041200.0,4840500.0,False,0.0,09:34:05
19400.0,1000,-550.0,0.0,SD,3041200.0,4840400.0,False,0.0,09:34:05
19400.0,100,-550.0,0.0,SD,3041200.0,4839400.0,False,0.0,09:34:05
19400.0,100,-550.0,0.0,SD,3041200.0,4839300.0,False,0.0,09:34:05
19400.0,500,-550.0,0.0,SD,3041200.0,4839200.0,False,0.0,09:34:05
19400.0,100,-550.0,0.0,SD,3041200.0,4838700.0,False,0.0,09:34:05
19400.0,100,-550.0,0.0,SD,3041200.0,4838600.0,False,0.0,09:34:05
19400.0,500,-550.0,0.0,SD,3041200.0,4838500.0,False,0.0,09:34:05
19400.0,100,-550.0,0.0,SD,3041200.0,4838000.0,False,0.0,09:34:05
19400.0,1000,-550.0,0.0,SD,3041200.0,4837900.0,False,0.0,09:34:05
19400.0,300,-550.0,0.0,SD,3041200.0,4836900.0,False,0.0,09:34:05
19400.0,6500,-550.0,0.0,SD,3041200.0,4836600.0,False,-50.0,09:34:05
19450.0,3100,-500.0,0.0,BU,3041200.0,4830100.0,False,0.0,09:34:05
19450.0,1900,-500.0,0.0,BU,3038100.0,4830100.0,False,0.0,09:34:05
19450.0,1000,-500.0,0.0,BU,3036200.0,4830100.0,False,0.0,09:34:03
19450.0,100,-500.0,0.0,BU,3035200.0,4830100.0,False,50.0,09:34:03
19400.0,3500,-550.0,0.0,SD,3035100.0,4830100.0,False,0.0,09:34:03
19400.0,200,-550.0,0.0,SD,3035100.0,4826600.0,False,0.0,09:34:03
19400.0,100,-550.0,0.0,SD,3035100.0,4826400.0,False,0.0,09:34:03
19400.0,2500,-550.0,0.0,SD,3035100.0,4826300.0,False,0.0,09:34:03
19400.0,100,-550.0,0.0,SD,3035100.0,4823800.0,False,0.0,09:34:03
19400.0,200,-550.0,0.0,SD,3035100.0,4823700.0,False,0.0,09:34:03
19400.0,100,-550.0,0.0,SD,3035100.0,4823500.0,False,0.0,09:34:03
19400.0,100,-550.0,0.0,SD,3035100.0,4823400.0,False,0.0,09:34:03
19400.0,100,-550.0,0.0,SD,3035100.0,4823300.0,False,0.0,09:34:03
19400.0,100,-550.0,0.0,SD,3035100.0,4823200.0,False,0.0,09:34:03
19400.0,15000,-550.0,0.0,SD,3035100.0,4823100.0,True,0.0,09:34:03
19400.0,100,-550.0,0.0,SD,3035100.0,4808100.0,False,0.0,09:34:03
19400.0,400,-550.0,0.0,SD,3035100.0,4808000.0,False,0.0,09:34:03
19400.0,36000,-550.0,0.0,SD,3035100.0,4807600.0,True,0.0,09:34:03
19400.0,100,-550.0,0.0,SD,3035100.0,4771600.0,False,0.0,09:34:03
19400.0,100,-550.0,0.0,SD,3035100.0,4771500.0,False,0.0,09:34:03
19400.0,5000,-550.0,0.0,SD,3035100.0,4771400.0,False,0.0,09:34:03
19400.0,1300,-550.0,0.0,SD,3035100.0,4766400.0,False,0.0,09:34:03
19400.0,500,-550.0,0.0,SD,3035100.0,4765100.0,False,0.0,09:34:03
19400.0,200,-550.0,0.0,SD,3035100.0,4764600.0,False,0.0,09:34:03
19400.0,100,-550.0,0.0,SD,3035100.0,4764400.0,False,0.0,09:34:03
19400.0,500,-550.0,0.0,SD,3035100.0,4764300.0,False,0.0,09:34:03
19400.0,400,-550.0,0.0,SD,3035100.0,4763800.0,False,0.0,09:34:03
19400.0,200,-550.0,0.0,SD,3035100.0,4763400.0,False,0.0,09:34:03
19400.0,500,-550.0,0.0,SD,3035100.0,4763200.0,False,0.0,09:34:03
19400.0,200,-550.0,0.0,SD,3035100.0,4762700.0,False,0.0,09:34:03
19400.0,200,-550.0,0.0,SD,3035100.0,4762500.0,False,0.0,09:34:03
19400.0,100,-550.0,0.0,SD,3035100.0,4762300.0,False,0.0,09:34:03
19400.0,100,-550.0,0.0,SD,3035100.0,4762200.0,False,0.0,09:34:03
19400.0,500,-550.0,0.0,SD,3035100.0,4762100.0,False,0.0,09:34:03
19400.0,800,-550.0,0.0,SD,3035100.0,4761600.0,False,0.0,09:34:03
19400.0,4000,-550.0,0.0,SD,3035100.0,4760800.0,False,0.0,09:34:03
19400.0,300,-550.0,0.0,SD,3035100.0,4756800.0,False,0.0,09:34:03
19400.0,500,-550.0,0.0,SD,3035100.0,4756500.0,False,0.0,09:34:03
19400.0,100,-550.0,0.0,SD,3035100.0,4756000.0,False,0.0,09:34:03
19400.0,300,-550.0,0.0,SD,3035100.0,4755900.0,False,0.0,09:34:03
19400.0,100,-550.0,0.0,SD,3035100.0,4755600.0,False,0.0,09:34:03
19400.0,100,-550.0,0.0,SD,3035100.0,4755500.0,False,0.0,09:34:03
19400.0,500,-550.0,0.0,SD,3035100.0,4755400.0,False,0.0,09:34:03
19400.0,400,-550.0,0.0,SD,3035100.0,4754900.0,False,0.0,09:34:03
19400.0,500,-550.0,0.0,SD,3035100.0,4754500.0,False,0.0,09:34:03
19400.0,3700,-550.0,0.0,SD,3035100.0,4754000.0,False,0.0,09:34:03
19400.0,100,-550.0,0.0,SD,3035100.0,4750300.0,False,0.0,09:34:03
19400.0,1000,-550.0,0.0,SD,3035100.0,4750200.0,False,0.0,09:34:03
19400.0,600,-550.0,0.0,SD,3035100.0,4749200.0,False,0.0,09:34:03
19400.0,1000,-550.0,0.0,SD,3035100.0,4748600.0,False,0.0,09:34:03
19400.0,100,-550.0,0.0,SD,3035100.0,4747600.0,False,0.0,09:34:03
19400.0,200,-550.0,0.0,SD,3035100.0,4747500.0,False,0.0,09:34:03
19400.0,500,-550.0,0.0,SD,3035100.0,4747300.0,False,0.0,09:34:03
19400.0,500,-550.0,0.0,SD,3035100.0,4746800.0,False,0.0,09:34:03
19400.0,1000,-550.0,0.0,SD,3035100.0,4746300.0,False,0.0,09:34:03
19400.0,1000,-550.0,0.0,SD,3035100.0,4745300.0,False,0.0,09:34:03
19400.0,1000,-550.0,0.0,SD,3035100.0,4744300.0,False,0.0,09:34:03
19400.0,10000,-550.0,0.0,SD,3035100.0,4743300.0,False,0.0,09:34:03
19400.0,100,-550.0,0.0,SD,3035100.0,4733300.0,False,0.0,09:34:03
19400.0,1000,-550.0,0.0,SD,3035100.0,4733200.0,False,0.0,09:34:03
19400.0,1000,-550.0,0.0,SD,3035100.0,4732200.0,False,0.0,09:34:03
19400.0,1400,-550.0,0.0,SD,3035100.0,4731200.0,False,0.0,09:34:03
19400.0,100,-550.0,0.0,SD,3035100.0,4729800.0,False,0.0,09:34:03
19400.0,500,-550.0,0.0,SD,3035100.0,4729700.0,False,0.0,09:34:03
19400.0,500,-550.0,0.0,SD,3035100.0,4729200.0,False,0.0,09:34:03
19400.0,500,-550.0,0.0,SD,3035100.0,4728700.0,False,0.0,09:34:03
19400.0,2000,-550.0,0.0,SD,3035100.0,4728200.0,False,0.0,09:34:03
19400.0,1000,-550.0,0.0,SD,3035100.0,4726200.0,False,0.0,09:34:03
19400.0,300,-550.0,0.0,SD,3035100.0,4725200.0,False,0.0,09:34:03
19400.0,400,-550.0,0.0,SD,3035100.0,4724900.0,False,0.0,09:34:03
19400.0,5000,-550.0,0.0,SD,3035100.0,4724500.0,False,0.0,09:34:03
19400.0,1000,-550.0,0.0,SD,3035100.0,4719500.0,False,0.0,09:34:03
19400.0,300,-550.0,0.0,SD,3035100.0,4718500.0,False,0.0,09:34:03
19400.0,100,-550.0,0.0,SD,3035100.0,4718200.0,False,0.0,09:34:03
19400.0,100,-550.0,0.0,SD,3035100.0,4718100.0,False,0.0,09:34:03
19400.0,100,-550.0,0.0,SD,3035100.0,4718000.0,False,0.0,09:34:03
19400.0,1000,-550.0,0.0,SD,3035100.0,4717900.0,False,0.0,09:34:03
19400.0,100,-550.0,0.0,SD,3035100.0,4716900.0,False,0.0,09:34:03
19400.0,2000,-550.0,0.0,SD,3035100.0,4716800.0,False,0.0,09:34:03
19400.0,100,-550.0,0.0,SD,3035100.0,4714800.0,False,0.0,09:34:03
19400.0,2000,-550.0,0.0,SD,3035100.0,4714700.0,False,0.0,09:34:03
19400.0,100,-550.0,0.0,SD,3035100.0,4712700.0,False,0.0,09:34:03
19400.0,1000,-550.0,0.0,SD,3035100.0,4712600.0,False,0.0,09:34:03
19400.0,600,-550.0,0.0,SD,3035100.0,4711600.0,False,0.0,09:34:03
19400.0,1000,-550.0,0.0,SD,3035100.0,4711000.0,False,0.0,09:34:03
19400.0,300,-550.0,0.0,SD,3035100.0,4710000.0,False,0.0,09:34:03
19400.0,1000,-550.0,0.0,SD,3035100.0,4709700.0,False,0.0,09:34:03
19400.0,20000,-550.0,0.0,SD,3035100.0,4708700.0,True,0.0,09:34:03
19400.0,100,-550.0,0.0,SD,3035100.0,4688700.0,False,0.0,09:34:03
19400.0,700,-550.0,0.0,SD,3035100.0,4688600.0,False,0.0,09:34:03
19400.0,300,-550.0,0.0,SD,3035100.0,4687900.0,False,0.0,09:34:03
19400.0,100,-550.0,0.0,SD,3035100.0,4687600.0,False,0.0,09:34:03
19400.0,2800,-550.0,0.0,SD,3035100.0,4687500.0,False,0.0,09:34:03
19400.0,200,-550.0,0.0,SD,3035100.0,4684700.0,False,0.0,09:34:03
19400.0,500,-550.0,0.0,SD,3035100.0,4684500.0,False,0.0,09:34:03
19400.0,1000,-550.0,0.0,SD,3035100.0,4684000.0,False,0.0,09:34:03
19400.0,100,-550.0,0.0,SD,3035100.0,4683000.0,False,0.0,09:34:03
19400.0,200,-550.0,0.0,SD,3035100.0,4682900.0,False,0.0,09:34:03
19400.0,1000,-550.0,0.0,SD,3035100.0,4682700.0,False,0.0,09:34:03
19400.0,1000,-550.0,0.0,SD,3035100.0,4681700.0,False,0.0,09:34:03
19400.0,500,-550.0,0.0,SD,3035100.0,4680700.0,False,0.0,09:34:03
19400.0,600,-550.0,0.0,SD,3035100.0,4680200.0,False,0.0,09:34:03
19400.0,100,-550.0,0.0,SD,3035100.0,4679600.0,False,0.0,09:34:03
19400.0,20000,-550.0,0.0,SD,3035100.0,4679500.0,True,0.0,09:34:03
19400.0,200,-550.0,0.0,SD,3035100.0,4659500.0,False,0.0,09:34:03
19400.0,600,-550.0,0.0,SD,3035100.0,4659300.0,False,0.0,09:34:03
19400.0,500,-550.0,0.0,SD,3035100.0,4658700.0,False,0.0,09:34:03
19400.0,2900,-550.0,0.0,SD,3035100.0,4658200.0,False,0.0,09:34:03
19400.0,200,-550.0,0.0,SD,3035100.0,4655300.0,False,0.0,09:34:03
19400.0,1000,-550.0,0.0,SD,3035100.0,4655100.0,False,0.0,09:34:03
19400.0,100,-550.0,0.0,SD,3035100.0,4654100.0,False,0.0,09:34:03
19400.0,1100,-550.0,0.0,SD,3035100.0,4654000.0,False,0.0,09:34:03
19400.0,3000,-550.0,0.0,SD,3035100.0,4652900.0,False,0.0,09:34:03
19400.0,100,-550.0,0.0,SD,3035100.0,4649900.0,False,0.0,09:34:03
19400.0,1000,-550.0,0.0,SD,3035100.0,4649800.0,False,0.0,09:34:03
19400.0,300,-550.0,0.0,SD,3035100.0,4648800.0,False,0.0,09:34:03
19400.0,300,-550.0,0.0,SD,3035100.0,4648500.0,False,0.0,09:34:03
19400.0,100,-550.0,0.0,SD,3035100.0,4648200.0,False,0.0,09:34:03
19400.0,300,-550.0,0.0,SD,3035100.0,4648100.0,False,0.0,09:34:03
19400.0,2000,-550.0,0.0,SD,3035100.0,4647800.0,False,0.0,09:34:03
19400.0,300,-550.0,0.0,SD,3035100.0,4645800.0,False,0.0,09:34:03
19400.0,2000,-550.0,0.0,SD,3035100.0,4645500.0,False,0.0,09:34:03
19400.0,200,-550.0,0.0,SD,3035100.0,4643500.0,False,0.0,09:34:03
19400.0,1500,-550.0,0.0,SD,3035100.0,4643300.0,False,0.0,09:34:03
19400.0,100,-550.0,0.0,SD,3035100.0,4641800.0,False,0.0,09:34:03
19400.0,200,-550.0,0.0,SD,3035100.0,4641700.0,False,0.0,09:34:03
19400.0,700,-550.0,0.0,SD,3035100.0,4641500.0,False,0.0,09:34:03
19400.0,2000,-550.0,0.0,SD,3035100.0,4640800.0,False,0.0,09:34:03
19400.0,2700,-550.0,0.0,SD,3035100.0,4638800.0,False,0.0,09:34:03
19400.0,3000,-550.0,0.0,SD,3035100.0,4636100.0,False,0.0,09:34:03
19400.0,800,-550.0,0.0,SD,3035100.0,4633100.0,False,0.0,09:34:03
19400.0,2200,-550.0,0.0,SD,3035100.0,4632300.0,False,0.0,09:34:03
19400.0,200,-550.0,0.0,SD,3035100.0,4630100.0,False,-50.0,09:33:57
19450.0,200,-500.0,0.0,BU,3035100.0,4629900.0,False,0.0,09:33:56
19450.0,100,-500.0,0.0,BU,3034900.0,4629900.0,False,0.0,09:33:56
19450.0,500,-500.0,0.0,BU,3034800.0,4629900.0,False,0.0,09:33:53
19450.0,200,-500.0,0.0,BU,3034300.0,4629900.0,False,0.0,09:33:53
19450.0,100,-500.0,0.0,BU,3034100.0,4629900.0,False,0.0,09:33:52
19450.0,5900,-500.0,0.0,BU,3034000.0,4629900.0,False,0.0,09:33:52
19450.0,3100,-500.0,0.0,BU,3028100.0,4629900.0,False,50.0,09:33:52
19400.0,200,-550.0,0.0,SD,3025000.0,4629900.0,False,0.0,09:33:51
19400.0,200,-550.0,0.0,SD,3025000.0,4629700.0,False,-50.0,09:33:50
19450.0,4000,-500.0,0.0,BU,3025000.0,4629500.0,False,0.0,09:33:49
19450.0,1000,-500.0,0.0,BU,3021000.0,4629500.0,False,0.0,09:33:48
19450.0,500,-500.0,0.0,BU,3020000.0,4629500.0,False,50.0,09:33:48
19400.0,500,-550.0,0.0,SD,3019500.0,4629500.0,False,-50.0,09:33:46
19450.0,100,-500.0,0.0,BU,3019500.0,4629000.0,False,0.0,09:33:46
19450.0,1000,-500.0,0.0,BU,3019400.0,4629000.0,False,0.0,09:33:43
19450.0,500,-500.0,0.0,BU,3018400.0,4629000.0,False,0.0,09:33:41
19450.0,6100,-500.0,0.0,BU,3017900.0,4629000.0,False,0.0,09:33:41
19450.0,900,-500.0,0.0,BU,3011800.0,4629000.0,False,0.0,09:33:41
19450.0,200,-500.0,0.0,BU,3010900.0,4629000.0,False,0.0,09:33:41
19450.0,2000,-500.0,0.0,BU,3010700.0,4629000.0,False,0.0,09:33:39
19450.0,300,-500.0,0.0,BU,3008700.0,4629000.0,False,0.0,09:33:37
19450.0,300,-500.0,0.0,BU,3008400.0,4629000.0,False,50.0,09:33:36
19400.0,1700,-550.0,0.0,SD,3008100.0,4629000.0,False,0.0,09:33:35
19400.0,100,-550.0,0.0,SD,3008100.0,4627300.0,False,0.0,09:33:35
19400.0,500,-550.0,0.0,SD,3008100.0,4627200.0,False,0.0,09:33:35
19400.0,100,-550.0,0.0,SD,3008100.0,4626700.0,False,0.0,09:33:35
19400.0,200,-550.0,0.0,SD,3008100.0,4626600.0,False,0.0,09:33:35
19400.0,100,-550.0,0.0,SD,3008100.0,4626400.0,False,0.0,09:33:35
19400.0,100,-550.0,0.0,SD,3008100.0,4626300.0,False,0.0,09:33:35
19400.0,200,-550.0,0.0,SD,3008100.0,4626200.0,False,-50.0,09:33:35
19450.0,3000,-500.0,0.0,BU,3008100.0,4626000.0,False,0.0,09:33:34
19450.0,1300,-500.0,0.0,BU,3005100.0,4626000.0,False,0.0,09:33:34
19450.0,200,-500.0,0.0,BU,3003800.0,4626000.0,False,0.0,09:33:34
19450.0,1000,-500.0,0.0,BU,3003600.0,4626000.0,False,0.0,09:33:33
19450.0,300,-500.0,0.0,BU,3002600.0,4626000.0,False,0.0,09:33:33
19450.0,100,-500.0,0.0,BU,3002300.0,4626000.0,False,0.0,09:33:31
19450.0,300,-500.0,0.0,BU,3002200.0,4626000.0,False,0.0,09:33:29
19450.0,200,-500.0,0.0,BU,3001900.0,4626000.0,False,0.0,09:33:29
19450.0,100,-500.0,0.0,SD,3001700.0,4626000.0,False,0.0,09:33:25
19450.0,300,-500.0,0.0,SD,3001700.0,4625900.0,False,0.0,09:33:25
19450.0,200,-500.0,0.0,SD,3001700.0,4625600.0,False,0.0,09:33:25
19450.0,2000,-500.0,0.0,SD,3001700.0,4625400.0,False,0.0,09:33:25
19450.0,100,-500.0,0.0,SD,3001700.0,4623400.0,False,0.0,09:33:25
19450.0,100,-500.0,0.0,SD,3001700.0,4623300.0,False,0.0,09:33:25
19450.0,500,-500.0,0.0,SD,3001700.0,4623200.0,False,0.0,09:33:25
19450.0,100,-500.0,0.0,SD,3001700.0,4622700.0,False,0.0,09:33:25
19450.0,100,-500.0,0.0,SD,3001700.0,4622600.0,False,0.0,09:33:25
19450.0,1000,-500.0,0.0,SD,3001700.0,4622500.0,False,0.0,09:33:25
19450.0,1000,-500.0,0.0,SD,3001700.0,4621500.0,False,0.0,09:33:25
19450.0,2000,-500.0,0.0,SD,3001700.0,4620500.0,False,0.0,09:33:25
19450.0,300,-500.0,0.0,SD,3001700.0,4618500.0,False,0.0,09:33:25
19450.0,100,-500.0,0.0,SD,3001700.0,4618200.0,False,0.0,09:33:25
19450.0,700,-500.0,0.0,SD,3001700.0,4618100.0,False,0.0,09:33:25
19450.0,100,-500.0,0.0,SD,3001700.0,4617400.0,False,0.0,09:33:25
19450.0,500,-500.0,0.0,SD,3001700.0,4617300.0,False,0.0,09:33:25
19450.0,300,-500.0,0.0,SD,3001700.0,4616800.0,False,0.0,09:33:25
19450.0,4000,-500.0,0.0,SD,3001700.0,4616500.0,False,0.0,09:33:25
19450.0,2800,-500.0,0.0,SD,3001700.0,4612500.0,False,0.0,09:33:25
19450.0,600,-500.0,0.0,SD,3001700.0,4609700.0,False,0.0,09:33:25
19450.0,300,-500.0,0.0,SD,3001700.0,4609100.0,False,0.0,09:33:25
19450.0,500,-500.0,0.0,SD,3001700.0,4608800.0,False,0.0,09:33:25
19450.0,200,-500.0,0.0,SD,3001700.0,4608300.0,False,0.0,09:33:25
19450.0,100,-500.0,0.0,SD,3001700.0,4608100.0,False,0.0,09:33:25
19450.0,300,-500.0,0.0,SD,3001700.0,4608000.0,False,0.0,09:33:24
19450.0,700,-500.0,0.0,SD,3001700.0,4607700.0,False,0.0,09:33:24
19450.0,500,-500.0,0.0,SD,3001700.0,4607000.0,False,0.0,09:33:24
19450.0,100,-500.0,0.0,SD,3001700.0,4606500.0,False,0.0,09:33:24
19450.0,200,-500.0,0.0,SD,3001700.0,4606400.0,False,0.0,09:33:24
19450.0,1000,-500.0,0.0,SD,3001700.0,4606200.0,False,0.0,09:33:24
19450.0,500,-500.0,0.0,SD,3001700.0,4605200.0,False,0.0,09:33:24
19450.0,100,-500.0,0.0,SD,3001700.0,4604700.0,False,0.0,09:33:24
19450.0,1600,-500.0,0.0,SD,3001700.0,4604600.0,False,0.0,09:33:24
19450.0,2000,-500.0,0.0,SD,3001700.0,4603000.0,False,0.0,09:33:22
19450.0,100,-500.0,0.0,SD,3001700.0,4601000.0,False,-50.0,09:33:22
19500.0,3000,-450.0,0.0,BU,3001700.0,4600900.0,False,50.0,09:33:22
19450.0,300,-500.0,0.0,SD,2998700.0,4600900.0,False,0.0,09:33:21
19450.0,900,-500.0,0.0,SD,2998700.0,4600600.0,False,0.0,09:33:20
19450.0,2900,-500.0,0.0,SD,2998700.0,4599700.0,False,-50.0,09:33:20
19500.0,200,-450.0,0.0,BU,2998700.0,4596800.0,False,50.0,09:33:19
19450.0,2200,-500.0,0.0,SD,2998500.0,4596800.0,False,0.0,09:33:18
19450.0,300,-500.0,0.0,SD,2998500.0,4594600.0,False,0.0,09:33:18
19450.0,100,-500.0,0.0,SD,2998500.0,4594300.0,False,0.0,09:33:18
19450.0,300,-500.0,0.0,SD,2998500.0,4594200.0,False,0.0,09:33:18
19450.0,100,-500.0,0.0,SD,2998500.0,4593900.0,False,0.0,09:33:18
19450.0,1000,-500.0,0.0,SD,2998500.0,4593800.0,False,0.0,09:33:18
19450.0,4500,-500.0,0.0,SD,2998500.0,4592800.0,False,-50.0,09:33:18
19500.0,100,-450.0,0.0,BU,2998500.0,4588300.0,False,0.0,09:33:16
19500.0,400,-450.0,0.0,BU,2998400.0,4588300.0,False,0.0,09:33:16
19500.0,500,-450.0,0.0,BU,2998000.0,4588300.0,False,50.0,09:33:15
19450.0,500,-500.0,0.0,SD,2997500.0,4588300.0,False,0.0,09:33:14
19450.0,300,-500.0,0.0,SD,2997500.0,4587800.0,False,0.0,09:33:14
19450.0,300,-500.0,0.0,SD,2997500.0,4587500.0,False,0.0,09:33:14
19450.0,1000,-500.0,0.0,SD,2997500.0,4587200.0,False,0.0,09:33:14
19450.0,100,-500.0,0.0,SD,2997500.0,4586200.0,False,0.0,09:33:14
19450.0,100,-500.0,0.0,SD,2997500.0,4586100.0,False,0.0,09:33:14
19450.0,200,-500.0,0.0,SD,2997500.0,4586000.0,False,0.0,09:33:14
19450.0,200,-500.0,0.0,SD,2997500.0,4585800.0,False,0.0,09:33:14
19450.0,100,-500.0,0.0,SD,2997500.0,4585600.0,False,0.0,09:33:14
19450.0,100,-500.0,0.0,SD,2997500.0,4585500.0,False,0.0,09:33:14
19450.0,100,-500.0,0.0,SD,2997500.0,4585400.0,False,0.0,09:33:14
19450.0,200,-500.0,0.0,SD,2997500.0,4585300.0,False,0.0,09:33:14
19450.0,100,-500.0,0.0,SD,2997500.0,4585100.0,False,0.0,09:33:14
19450.0,100,-500.0,0.0,SD,2997500.0,4585000.0,False,0.0,09:33:14
19450.0,100,-500.0,0.0,SD,2997500.0,4584900.0,False,-50.0,09:33:14
19500.0,1000,-450.0,0.0,BU,2997500.0,4584800.0,False,0.0,09:33:13
19500.0,20000,-450.0,0.0,BU,2996500.0,4584800.0,True,0.0,09:33:13
19500.0,500,-450.0,0.0,BU,2976500.0,4584800.0,False,50.0,09:33:12
19450.0,200,-500.0,0.0,SD,2976000.0,4584800.0,False,0.0,09:33:11
19450.0,900,-500.0,0.0,SD,2976000.0,4584600.0,False,0.0,09:33:11
19450.0,100,-500.0,0.0,SD,2976000.0,4583700.0,False,0.0,09:33:11
19450.0,500,-500.0,0.0,SD,2976000.0,4583600.0,False,0.0,09:33:11
19450.0,200,-500.0,0.0,SD,2976000.0,4583100.0,False,0.0,09:33:11
19450.0,600,-500.0,0.0,SD,2976000.0,4582900.0,False,0.0,09:33:11
19450.0,100,-500.0,0.0,SD,2976000.0,4582300.0,False,0.0,09:33:11
19450.0,100,-500.0,0.0,SD,2976000.0,4582200.0,False,0.0,09:33:11
19450.0,100,-500.0,0.0,SD,2976000.0,4582100.0,False,0.0,09:33:11
19450.0,200,-500.0,0.0,SD,2976000.0,4582000.0,False,-50.0,09:33:11
19500.0,700,-450.0,0.0,BU,2976000.0,4581800.0,False,50.0,09:33:11
19450.0,1800,-500.0,0.0,SD,2975300.0,4581800.0,False,0.0,09:33:10
19450.0,100,-500.0,0.0,SD,2975300.0,4580000.0,False,0.0,09:33:10
19450.0,100,-500.0,0.0,SD,2975300.0,4579900.0,False,0.0,09:33:10
19450.0,400,-500.0,0.0,SD,2975300.0,4579800.0,False,0.0,09:33:09
19450.0,300,-500.0,0.0,SD,2975300.0,4579400.0,False,0.0,09:33:09
19450.0,500,-500.0,0.0,SD,2975300.0,4579100.0,False,0.0,09:33:09
19450.0,100,-500.0,0.0,SD,2975300.0,4578600.0,False,0.0,09:33:09
19450.0,1000,-500.0,0.0,SD,2975300.0,4578500.0,False,0.0,09:33:09
19450.0,15000,-500.0,0.0,SD,2975300.0,4577500.0,True,0.0,09:33:09
19450.0,500,-500.0,0.0,SD,2975300.0,4562500.0,False,0.0,09:33:09
19450.0,3700,-500.0,0.0,SD,2975300.0,4562000.0,False,0.0,09:33:09
19450.0,1000,-500.0,0.0,SD,2975300.0,4558300.0,False,0.0,09:33:09
19450.0,1000,-500.0,0.0,SD,2975300.0,4557300.0,False,0.0,09:33:09
19450.0,1500,-500.0,0.0,SD,2975300.0,4556300.0,False,0.0,09:33:09
19450.0,100,-500.0,0.0,SD,2975300.0,4554800.0,False,0.0,09:33:09
19450.0,1000,-500.0,0.0,SD,2975300.0,4554700.0,False,0.0,09:33:09
19450.0,300,-500.0,0.0,SD,2975300.0,4553700.0,False,0.0,09:33:09
19450.0,200,-500.0,0.0,SD,2975300.0,4553400.0,False,0.0,09:33:09
19450.0,300,-500.0,0.0,SD,2975300.0,4553200.0,False,0.0,09:33:09
19450.0,3600,-500.0,0.0,SD,2975300.0,4552900.0,False,0.0,09:33:09
19450.0,2000,-500.0,0.0,SD,2975300.0,4549300.0,False,0.0,09:33:09
19450.0,2000,-500.0,0.0,SD,2975300.0,4547300.0,False,0.0,09:33:09
19450.0,100,-500.0,0.0,SD,2975300.0,4545300.0,False,0.0,09:33:09
19450.0,100,-500.0,0.0,SD,2975300.0,4545200.0,False,0.0,09:33:09
19450.0,4900,-500.0,0.0,SD,2975300.0,4545100.0,False,0.0,09:33:09
19450.0,1000,-500.0,0.0,SD,2975300.0,4540200.0,False,0.0,09:33:09
19450.0,100,-500.0,0.0,SD,2975300.0,4539200.0,False,0.0,09:33:09
19450.0,10000,-500.0,0.0,SD,2975300.0,4539100.0,False,0.0,09:33:09
19450.0,1000,-500.0,0.0,SD,2975300.0,4529100.0,False,0.0,09:33:09
19450.0,25000,-500.0,0.0,SD,2975300.0,4528100.0,True,0.0,09:33:09
19450.0,100,-500.0,0.0,SD,2975300.0,4503100.0,False,0.0,09:33:09
19450.0,1000,-500.0,0.0,SD,2975300.0,4503000.0,False,0.0,09:33:09
19450.0,1400,-500.0,0.0,SD,2975300.0,4502000.0,False,0.0,09:33:09
19450.0,500,-500.0,0.0,SD,2975300.0,4500600.0,False,0.0,09:33:09
19450.0,100,-500.0,0.0,SD,2975300.0,4500100.0,False,0.0,09:33:09
19450.0,500,-500.0,0.0,SD,2975300.0,4500000.0,False,0.0,09:33:09
19450.0,200,-500.0,0.0,SD,2975300.0,4499500.0,False,0.0,09:33:09
19450.0,10000,-500.0,0.0,SD,2975300.0,4499300.0,False,0.0,09:33:09
19450.0,500,-500.0,0.0,SD,2975300.0,4489300.0,False,0.0,09:33:09
19450.0,100,-500.0,0.0,SD,2975300.0,4488800.0,False,0.0,09:33:09
19450.0,100,-500.0,0.0,SD,2975300.0,4488700.0,False,0.0,09:33:09
19450.0,1000,-500.0,0.0,SD,2975300.0,4488600.0,False,0.0,09:33:09
19450.0,500,-500.0,0.0,SD,2975300.0,4487600.0,False,0.0,09:33:09
19450.0,400,-500.0,0.0,SD,2975300.0,4487100.0,False,0.0,09:33:09
19450.0,200,-500.0,0.0,SD,2975300.0,4486700.0,False,0.0,09:33:09
19450.0,5000,-500.0,0.0,SD,2975300.0,4486500.0,False,0.0,09:33:09
19450.0,500,-500.0,0.0,SD,2975300.0,4481500.0,False,0.0,09:33:09
19450.0,100,-500.0,0.0,SD,2975300.0,4481000.0,False,0.0,09:33:09
19450.0,500,-500.0,0.0,SD,2975300.0,4480900.0,False,0.0,09:33:09
19450.0,3000,-500.0,0.0,SD,2975300.0,4480400.0,False,0.0,09:33:09
19450.0,500,-500.0,0.0,SD,2975300.0,4477400.0,False,0.0,09:33:09
19450.0,4200,-500.0,0.0,SD,2975300.0,4476900.0,False,0.0,09:33:09
19450.0,200,-500.0,0.0,SD,2975300.0,4472700.0,False,0.0,09:33:09
19450.0,100,-500.0,0.0,SD,2975300.0,4472500.0,False,0.0,09:33:09
19450.0,1000,-500.0,0.0,SD,2975300.0,4472400.0,False,0.0,09:33:09
19450.0,100,-500.0,0.0,SD,2975300.0,4471400.0,False,0.0,09:33:09
19450.0,100,-500.0,0.0,SD,2975300.0,4471300.0,False,0.0,09:33:09
19450.0,1000,-500.0,0.0,SD,2975300.0,4471200.0,False,0.0,09:33:09
19450.0,100,-500.0,0.0,SD,2975300.0,4470200.0,False,0.0,09:33:09
19450.0,200,-500.0,0.0,SD,2975300.0,4470100.0,False,0.0,09:33:09
19450.0,100,-500.0,0.0,SD,2975300.0,4469900.0,False,0.0,09:33:09
19450.0,1000,-500.0,0.0,SD,2975300.0,4469800.0,False,0.0,09:33:09
19450.0,1000,-500.0,0.0,SD,2975300.0,4468800.0,False,0.0,09:33:09
19450.0,500,-500.0,0.0,SD,2975300.0,4467800.0,False,0.0,09:33:09
19450.0,3400,-500.0,0.0,SD,2975300.0,4467300.0,False,0.0,09:33:09
19450.0,3000,-500.0,0.0,SD,2975300.0,4463900.0,False,0.0,09:33:09
19450.0,200,-500.0,0.0,SD,2975300.0,4460900.0,False,0.0,09:33:09
19450.0,10000,-500.0,0.0,SD,2975300.0,4460700.0,False,0.0,09:33:09
19450.0,100,-500.0,0.0,SD,2975300.0,4450700.0,False,0.0,09:33:09
19450.0,100,-500.0,0.0,SD,2975300.0,4450600.0,False,0.0,09:33:09
19450.0,100,-500.0,0.0,SD,2975300.0,4450500.0,False,0.0,09:33:09
19450.0,15500,-500.0,0.0,SD,2975300.0,4450400.0,True,0.0,09:33:09
19450.0,100,-500.0,0.0,SD,2975300.0,4434900.0,False,0.0,09:33:09
19450.0,200,-500.0,0.0,SD,2975300.0,4434800.0,False,0.0,09:33:09
19450.0,100,-500.0,0.0,SD,2975300.0,4434600.0,False,0.0,09:33:09
19450.0,500,-500.0,0.0,SD,2975300.0,4434500.0,False,0.0,09:33:09
19450.0,500,-500.0,0.0,SD,2975300.0,4434000.0,False,0.0,09:33:09
19450.0,100,-500.0,0.0,SD,2975300.0,4433500.0,False,0.0,09:33:09
19450.0,500,-500.0,0.0,SD,2975300.0,4433400.0,False,0.0,09:33:09
19450.0,200,-500.0,0.0,SD,2975300.0,4432900.0,False,0.0,09:33:09
19450.0,4000,-500.0,0.0,SD,2975300.0,4432700.0,False,0.0,09:33:09
19450.0,1000,-500.0,0.0,SD,2975300.0,4428700.0,False,0.0,09:33:09
19450.0,10000,-500.0,0.0,SD,2975300.0,4427700.0,False,0.0,09:33:09
19450.0,200,-500.0,0.0,SD,2975300.0,4417700.0,False,0.0,09:33:09
19450.0,100,-500.0,0.0,SD,2975300.0,4417500.0,False,0.0,09:33:09
19450.0,100,-500.0,0.0,SD,2975300.0,4417400.0,False,0.0,09:33:09
19450.0,100,-500.0,0.0,SD,2975300.0,4417300.0,False,0.0,09:33:09
19450.0,300,-500.0,0.0,SD,2975300.0,4417200.0,False,0.0,09:33:09
19450.0,2000,-500.0,0.0,SD,2975300.0,4416900.0,False,0.0,09:33:09
19450.0,500,-500.0,0.0,SD,2975300.0,4414900.0,False,0.0,09:33:09
19450.0,200,-500.0,0.0,SD,2975300.0,4414400.0,False,0.0,09:33:09
19450.0,200,-500.0,0.0,SD,2975300.0,4414200.0,False,0.0,09:33:09
19450.0,300,-500.0,0.0,SD,2975300.0,4414000.0,False,0.0,09:33:09
19450.0,300,-500.0,0.0,SD,2975300.0,4413700.0,False,0.0,09:33:09
19450.0,200,-500.0,0.0,SD,2975300.0,4413400.0,False,0.0,09:33:09
19450.0,100,-500.0,0.0,SD,2975300.0,4413200.0,False,0.0,09:33:09
19450.0,1000,-500.0,0.0,SD,2975300.0,4413100.0,False,0.0,09:33:09
19450.0,1000,-500.0,0.0,SD,2975300.0,4412100.0,False,0.0,09:33:09
19450.0,500,-500.0,0.0,SD,2975300.0,4411100.0,False,0.0,09:33:09
19450.0,500,-500.0,0.0,SD,2975300.0,4410600.0,False,0.0,09:33:09
19450.0,100,-500.0,0.0,SD,2975300.0,4410100.0,False,0.0,09:33:09
19450.0,100,-500.0,0.0,SD,2975300.0,4410000.0,False,0.0,09:33:09
19450.0,2000,-500.0,0.0,SD,2975300.0,4409900.0,False,0.0,09:33:09
19450.0,1100,-500.0,0.0,SD,2975300.0,4407900.0,False,0.0,09:33:09
19450.0,100,-500.0,0.0,SD,2975300.0,4406800.0,False,0.0,09:33:09
19450.0,200,-500.0,0.0,SD,2975300.0,4406700.0,False,0.0,09:33:09
19450.0,200,-500.0,0.0,SD,2975300.0,4406500.0,False,0.0,09:33:09
19450.0,100,-500.0,0.0,SD,2975300.0,4406300.0,False,0.0,09:33:09
19450.0,100,-500.0,0.0,SD,2975300.0,4406200.0,False,0.0,09:33:09
19450.0,2000,-500.0,0.0,SD,2975300.0,4406100.0,False,0.0,09:33:09
19450.0,100,-500.0,0.0,SD,2975300.0,4404100.0,False,0.0,09:33:09
19450.0,3000,-500.0,0.0,SD,2975300.0,4404000.0,False,0.0,09:33:09
19450.0,200,-500.0,0.0,SD,2975300.0,4401000.0,False,0.0,09:33:09
19450.0,500,-500.0,0.0,SD,2975300.0,4400800.0,False,0.0,09:33:09
19450.0,600,-500.0,0.0,SD,2975300.0,4400300.0,False,0.0,09:33:09
19450.0,1000,-500.0,0.0,SD,2975300.0,4399700.0,False,0.0,09:33:09
19450.0,200,-500.0,0.0,SD,2975300.0,4398700.0,False,0.0,09:33:09
19450.0,1000,-500.0,0.0,SD,2975300.0,4398500.0,False,0.0,09:33:09
19450.0,600,-500.0,0.0,SD,2975300.0,4397500.0,False,0.0,09:33:09
19450.0,400,-500.0,0.0,SD,2975300.0,4396900.0,False,0.0,09:33:09
19450.0,200,-500.0,0.0,SD,2975300.0,4396500.0,False,0.0,09:33:09
19450.0,500,-500.0,0.0,SD,2975300.0,4396300.0,False,0.0,09:33:09
19450.0,500,-500.0,0.0,SD,2975300.0,4395800.0,False,0.0,09:33:09
19450.0,5000,-500.0,0.0,SD,2975300.0,4395300.0,False,0.0,09:33:09
19450.0,100,-500.0,0.0,SD,2975300.0,4390300.0,False,0.0,09:33:09
19450.0,200,-500.0,0.0,SD,2975300.0,4390200.0,False,0.0,09:33:09
19450.0,100,-500.0,0.0,SD,2975300.0,4390000.0,False,0.0,09:33:09
19450.0,1000,-500.0,0.0,SD,2975300.0,4389900.0,False,0.0,09:33:09
19450.0,100,-500.0,0.0,SD,2975300.0,4388900.0,False,0.0,09:33:09
19450.0,600,-500.0,0.0,SD,2975300.0,4388800.0,False,0.0,09:33:09
19450.0,400,-500.0,0.0,SD,2975300.0,4388200.0,False,0.0,09:33:09
19450.0,100,-500.0,0.0,SD,2975300.0,4387800.0,False,0.0,09:33:09
19450.0,5000,-500.0,0.0,SD,2975300.0,4387700.0,False,0.0,09:33:09
19450.0,100,-500.0,0.0,SD,2975300.0,4382700.0,False,0.0,09:33:09
19450.0,2000,-500.0,0.0,SD,2975300.0,4382600.0,False,0.0,09:33:09
19450.0,800,-500.0,0.0,SD,2975300.0,4380600.0,False,-50.0,09:33:09
19500.0,100,-450.0,0.0,BU,2975300.0,4379800.0,False,0.0,09:33:08
19500.0,4300,-450.0,0.0,BU,2975200.0,4379800.0,False,0.0,09:33:07
19500.0,2200,-450.0,0.0,BU,2970900.0,4379800.0,False,50.0,09:33:05
19450.0,200,-500.0,0.0,SD,2968700.0,4379800.0,False,0.0,09:33:05
19450.0,200,-500.0,0.0,SD,2968700.0,4379600.0,False,0.0,09:33:05
19450.0,2000,-500.0,0.0,SD,2968700.0,4379400.0,False,0.0,09:33:05
19450.0,100,-500.0,0.0,SD,2968700.0,4377400.0,False,0.0,09:33:05
19450.0,500,-500.0,0.0,SD,2968700.0,4377300.0,False,0.0,09:33:05
19450.0,1600,-500.0,0.0,SD,2968700.0,4376800.0,False,0.0,09:33:05
19450.0,100,-500.0,0.0,SD,2968700.0,4375200.0,False,0.0,09:33:05
19450.0,500,-500.0,0.0,SD,2968700.0,4375100.0,False,0.0,09:33:05
19450.0,300,-500.0,0.0,SD,2968700.0,4374600.0,False,0.0,09:33:05
19450.0,1000,-500.0,0.0,SD,2968700.0,4374300.0,False,0.0,09:33:05
19450.0,500,-500.0,0.0,SD,2968700.0,4373300.0,False,0.0,09:33:05
19450.0,100,-500.0,0.0,SD,2968700.0,4372800.0,False,0.0,09:33:05
19450.0,500,-500.0,0.0,SD,2968700.0,4372700.0,False,0.0,09:33:05
19450.0,300,-500.0,0.0,SD,2968700.0,4372200.0,False,0.0,09:33:05
19450.0,100,-500.0,0.0,SD,2968700.0,4371900.0,False,0.0,09:33:05
19450.0,400,-500.0,0.0,SD,2968700.0,4371800.0,False,0.0,09:33:05
19450.0,700,-500.0,0.0,SD,2968700.0,4371400.0,False,0.0,09:33:05
19450.0,900,-500.0,0.0,SD,2968700.0,4370700.0,False,-50.0,09:33:05
19500.0,100,-450.0,0.0,BU,2968700.0,4369800.0,False,50.0,09:33:04
19450.0,100,-500.0,0.0,SD,2968600.0,4369800.0,False,-50.0,09:33:03
19500.0,500,-450.0,0.0,BU,2968600.0,4369700.0,False,50.0,09:33:02
19450.0,500,-500.0,0.0,SD,2968100.0,4369700.0,False,0.0,09:33:02
19450.0,1000,-500.0,0.0,SD,2968100.0,4369200.0,False,0.0,09:33:02
19450.0,100,-500.0,0.0,SD,2968100.0,4368200.0,False,0.0,09:33:02
19450.0,100,-500.0,0.0,SD,2968100.0,4368100.0,False,0.0,09:33:02
19450.0,800,-500.0,0.0,SD,2968100.0,4368000.0,False,-50.0,09:33:02
19500.0,300,-450.0,0.0,BU,2968100.0,4367200.0,False,0.0,09:33:01
19500.0,100,-450.0,0.0,BU,2967800.0,4367200.0,False,50.0,09:33:00
19450.0,2000,-500.0,0.0,SD,2967700.0,4367200.0,False,-50.0,09:32:59
19500.0,1000,-450.0,0.0,BU,2967700.0,4365200.0,False,50.0,09:32:58
19450.0,1600,-500.0,0.0,SD,2966700.0,4365200.0,False,0.0,09:32:55
19450.0,600,-500.0,0.0,SD,2966700.0,4363600.0,False,0.0,09:32:55
19450.0,400,-500.0,0.0,SD,2966700.0,4363000.0,False,-50.0,09:32:55
19500.0,100,-450.0,0.0,BU,2966700.0,4362600.0,False,0.0,09:32:55
19500.0,500,-450.0,0.0,BU,2966600.0,4362600.0,False,50.0,09:32:55
19450.0,600,-500.0,0.0,SD,2966100.0,4362600.0,False,0.0,09:32:54
19450.0,200,-500.0,0.0,SD,2966100.0,4362000.0,False,0.0,09:32:54
19450.0,100,-500.0,0.0,SD,2966100.0,4361800.0,False,0.0,09:32:54
19450.0,100,-500.0,0.0,SD,2966100.0,4361700.0,False,0.0,09:32:54
19450.0,100,-500.0,0.0,SD,2966100.0,4361600.0,False,0.0,09:32:54
19450.0,2000,-500.0,0.0,SD,2966100.0,4361500.0,False,0.0,09:32:54
19450.0,100,-500.0,0.0,SD,2966100.0,4359500.0,False,0.0,09:32:54
19450.0,1000,-500.0,0.0,SD,2966100.0,4359400.0,False,0.0,09:32:54
19450.0,400,-500.0,0.0,SD,2966100.0,4358400.0,False,0.0,09:32:54
19450.0,400,-500.0,0.0,SD,2966100.0,4358000.0,False,-50.0,09:32:54
19500.0,100,-450.0,0.0,BU,2966100.0,4357600.0,False,0.0,09:32:54
19500.0,1000,-450.0,0.0,BU,2966000.0,4357600.0,False,0.0,09:32:52
19500.0,200,-450.0,0.0,BU,2965000.0,4357600.0,False,0.0,09:32:52
19500.0,100,-450.0,0.0,BU,2964800.0,4357600.0,False,0.0,09:32:52
19500.0,700,-450.0,0.0,BU,2964700.0,4357600.0,False,0.0,09:32:51
19500.0,200,-450.0,0.0,BU,2964000.0,4357600.0,False,50.0,09:32:49
19450.0,4200,-500.0,0.0,SD,2963800.0,4357600.0,False,-50.0,09:32:48
19500.0,500,-450.0,0.0,BU,2963800.0,4353400.0,False,0.0,09:32:47
19500.0,100,-450.0,0.0,BU,2963300.0,4353400.0,False,0.0,09:32:45
19500.0,200,-450.0,0.0,BU,2963200.0,4353400.0,False,0.0,09:32:42
19500.0,200,-450.0,0.0,BU,2963000.0,4353400.0,False,0.0,09:32:41
19500.0,300,-450.0,0.0,BU,2962800.0,4353400.0,False,0.0,09:32:41
19500.0,200,-450.0,0.0,BU,2962500.0,4353400.0,False,0.0,09:32:41
19500.0,100,-450.0,0.0,BU,2962300.0,4353400.0,False,0.0,09:32:41
19500.0,100,-450.0,0.0,BU,2962200.0,4353400.0,False,0.0,09:32:40
19500.0,400,-450.0,0.0,BU,2962100.0,4353400.0,False,50.0,09:32:39
19450.0,600,-500.0,0.0,SD,2961700.0,4353400.0,False,0.0,09:32:38
19450.0,400,-500.0,0.0,SD,2961700.0,4352800.0,False,-50.0,09:32:38
19500.0,100,-450.0,0.0,BU,2961700.0,4352400.0,False,0.0,09:32:38
19500.0,700,-450.0,0.0,BU,2961600.0,4352400.0,False,0.0,09:32:38
19500.0,100,-450.0,0.0,BU,2960900.0,4352400.0,False,0.0,09:32:37
19500.0,1000,-450.0,0.0,BU,2960800.0,4352400.0,False,0.0,09:32:37
19500.0,8900,-450.0,0.0,BU,2959800.0,4352400.0,False,0.0,09:32:37
19500.0,1100,-450.0,0.0,BU,2950900.0,4352400.0,False,0.0,09:32:36
19500.0,500,-450.0,0.0,BU,2949800.0,4352400.0,False,0.0,09:32:36
19500.0,4100,-450.0,0.0,BU,2949300.0,4352400.0,False,0.0,09:32:36
19500.0,2300,-450.0,0.0,BU,2945200.0,4352400.0,False,0.0,09:32:36
19500.0,100,-450.0,0.0,BU,2942900.0,4352400.0,False,0.0,09:32:36
19500.0,800,-450.0,0.0,BU,2942800.0,4352400.0,False,50.0,09:32:34
19450.0,200,-500.0,0.0,SD,2942000.0,4352400.0,False,-50.0,09:32:34
19500.0,500,-450.0,0.0,BU,2942000.0,4352200.0,False,50.0,09:32:31
19450.0,100,-500.0,0.0,SD,2941500.0,4352200.0,False,-50.0,09:32:29
19500.0,300,-450.0,0.0,BU,2941500.0,4352100.0,False,50.0,09:32:29
19450.0,200,-500.0,0.0,SD,2941200.0,4352100.0,False,0.0,09:32:29
19450.0,400,-500.0,0.0,SD,2941200.0,4351900.0,False,0.0,09:32:28
19450.0,100,-500.0,0.0,SD,2941200.0,4351500.0,False,0.0,09:32:28
19450.0,100,-500.0,0.0,SD,2941200.0,4351400.0,False,0.0,09:32:28
19450.0,100,-500.0,0.0,SD,2941200.0,4351300.0,False,-50.0,09:32:28
19500.0,100,-450.0,0.0,BU,2941200.0,4351200.0,False,0.0,09:32:27
19500.0,100,-450.0,0.0,BU,2941100.0,4351200.0,False,50.0,09:32:26
19450.0,200,-500.0,0.0,SD,2941000.0,4351200.0,False,-50.0,09:32:26
19500.0,100,-450.0,0.0,BU,2941000.0,4351000.0,False,0.0,09:32:26
19500.0,1000,-450.0,0.0,BU,2940900.0,4351000.0,False,0.0,09:32:25
19500.0,10000,-450.0,0.0,BU,2939900.0,4351000.0,False,0.0,09:32:24
19500.0,600,-450.0,0.0,BU,2929900.0,4351000.0,False,0.0,09:32:23
19500.0,5000,-450.0,0.0,BU,2929300.0,4351000.0,False,50.0,09:32:20
19450.0,100,-500.0,0.0,SD,2924300.0,4351000.0,False,-50.0,09:32:19
19500.0,100,-450.0,0.0,BU,2924300.0,4350900.0,False,0.0,09:32:18
19500.0,100,-450.0,0.0,BU,2924200.0,4350900.0,False,0.0,09:32:15
19500.0,100,-450.0,0.0,BU,2924100.0,4350900.0,False,0.0,09:32:15
19500.0,1400,-450.0,0.0,BU,2924000.0,4350900.0,False,0.0,09:32:14
19500.0,2000,-450.0,0.0,BU,2922600.0,4350900.0,False,50.0,09:32:14
19450.0,500,-500.0,0.0,SD,2920600.0,4350900.0,False,-50.0,09:32:13
19500.0,25000,-450.0,0.0,BU,2920600.0,4350400.0,True,0.0,09:32:13
19500.0,100,-450.0,0.0,BU,2895600.0,4350400.0,False,0.0,09:32:12
19500.0,3000,-450.0,0.0,BU,2895500.0,4350400.0,False,0.0,09:32:11
19500.0,100,-450.0,0.0,BU,2892500.0,4350400.0,False,0.0,09:32:11
19500.0,1000,-450.0,0.0,BU,2892400.0,4350400.0,False,0.0,09:32:10
19500.0,1000,-450.0,0.0,BU,2891400.0,4350400.0,False,0.0,09:32:10
19500.0,700,-450.0,0.0,BU,2890400.0,4350400.0,False,0.0,09:32:09
19500.0,300,-450.0,0.0,BU,2889700.0,4350400.0,False,0.0,09:32:09
19500.0,300,-450.0,0.0,BU,2889400.0,4350400.0,False,0.0,09:32:08
19500.0,100,-450.0,0.0,BU,2889100.0,4350400.0,False,0.0,09:32:07
19500.0,1000,-450.0,0.0,BU,2889000.0,4350400.0,False,0.0,09:32:06
19500.0,500,-450.0,0.0,BU,2888000.0,4350400.0,False,0.0,09:32:06
19500.0,100,-450.0,0.0,BU,2887500.0,4350400.0,False,0.0,09:32:05
19500.0,100,-450.0,0.0,BU,2887400.0,4350400.0,False,0.0,09:32:05
19500.0,400,-450.0,0.0,BU,2887300.0,4350400.0,False,0.0,09:32:04
19500.0,100,-450.0,0.0,BU,2886900.0,4350400.0,False,0.0,09:32:04
19500.0,500,-450.0,0.0,BU,2886800.0,4350400.0,False,0.0,09:32:03
19500.0,300,-450.0,0.0,BU,2886300.0,4350400.0,False,0.0,09:32:03
19500.0,500,-450.0,0.0,BU,2886000.0,4350400.0,False,0.0,09:32:03
19500.0,300,-450.0,0.0,BU,2885500.0,4350400.0,False,0.0,09:32:02
19500.0,700,-450.0,0.0,BU,2885200.0,4350400.0,False,0.0,09:32:02
19500.0,300,-450.0,0.0,BU,2884500.0,4350400.0,False,0.0,09:32:01
19500.0,400,-450.0,0.0,BU,2884200.0,4350400.0,False,0.0,09:32:01
19500.0,300,-450.0,0.0,BU,2883800.0,4350400.0,False,0.0,09:32:01
19500.0,100,-450.0,0.0,BU,2883500.0,4350400.0,False,0.0,09:32:00
19500.0,600,-450.0,0.0,BU,2883400.0,4350400.0,False,0.0,09:31:58
19500.0,900,-450.0,0.0,BU,2882800.0,4350400.0,False,0.0,09:31:58
19500.0,200,-450.0,0.0,BU,2881900.0,4350400.0,False,0.0,09:31:57
19500.0,200,-450.0,0.0,BU,2881700.0,4350400.0,False,0.0,09:31:57
19500.0,100,-450.0,0.0,BU,2881500.0,4350400.0,False,0.0,09:31:56
19500.0,100,-450.0,0.0,BU,2881400.0,4350400.0,False,0.0,09:31:56
19500.0,1000,-450.0,0.0,BU,2881300.0,4350400.0,False,0.0,09:31:56
19500.0,100,-450.0,0.0,BU,2880300.0,4350400.0,False,0.0,09:31:55
19500.0,1000,-450.0,0.0,BU,2880200.0,4350400.0,False,0.0,09:31:55
19500.0,200,-450.0,0.0,BU,2879200.0,4350400.0,False,0.0,09:31:54
19500.0,1200,-450.0,0.0,BU,2879000.0,4350400.0,False,0.0,09:31:54
19500.0,500,-450.0,0.0,SD,2877800.0,4350400.0,False,0.0,09:31:54
19500.0,200,-450.0,0.0,BU,2877800.0,4349900.0,False,50.0,09:31:53
19450.0,300,-500.0,0.0,SD,2877600.0,4349900.0,False,-50.0,09:31:53
19500.0,500,-450.0,0.0,BU,2877600.0,4349600.0,False,0.0,09:31:53
19500.0,100,-450.0,0.0,BU,2877100.0,4349600.0,False,0.0,09:31:53
19500.0,100,-450.0,0.0,BU,2877000.0,4349600.0,False,0.0,09:31:53
19500.0,100,-450.0,0.0,BU,2876900.0,4349600.0,False,0.0,09:31:52
19500.0,900,-450.0,0.0,BU,2876800.0,4349600.0,False,0.0,09:31:51
19500.0,500,-450.0,0.0,BU,2875900.0,4349600.0,False,0.0,09:31:51
19500.0,5000,-450.0,0.0,BU,2875400.0,4349600.0,False,0.0,09:31:51
19500.0,500,-450.0,0.0,BU,2870400.0,4349600.0,False,0.0,09:31:51
19500.0,1100,-450.0,0.0,BU,2869900.0,4349600.0,False,0.0,09:31:51
19500.0,100,-450.0,0.0,BU,2868800.0,4349600.0,False,0.0,09:31:51
19500.0,200,-450.0,0.0,BU,2868700.0,4349600.0,False,0.0,09:31:51
19500.0,1000,-450.0,0.0,BU,2868500.0,4349600.0,False,0.0,09:31:51
19500.0,2000,-450.0,0.0,BU,2867500.0,4349600.0,False,0.0,09:31:51
19500.0,100,-450.0,0.0,BU,2865500.0,4349600.0,False,50.0,09:31:51
19450.0,3000,-500.0,0.0,SD,2865400.0,4349600.0,False,-50.0,09:31:49
19500.0,800,-450.0,0.0,BU,2865400.0,4346600.0,False,0.0,09:31:49
19500.0,400,-450.0,0.0,BU,2864600.0,4346600.0,False,0.0,09:31:49
19500.0,100,-450.0,0.0,BU,2864200.0,4346600.0,False,0.0,09:31:48
19500.0,1000,-450.0,0.0,BU,2864100.0,4346600.0,False,0.0,09:31:48
19500.0,10000,-450.0,0.0,BU,2863100.0,4346600.0,False,0.0,09:31:47
19500.0,300,-450.0,0.0,BU,2853100.0,4346600.0,False,0.0,09:31:47
19500.0,100,-450.0,0.0,BU,2852800.0,4346600.0,False,0.0,09:31:47
19500.0,1000,-450.0,0.0,BU,2852700.0,4346600.0,False,0.0,09:31:46
19500.0,1000,-450.0,0.0,BU,2851700.0,4346600.0,False,0.0,09:31:46
19500.0,300,-450.0,0.0,BU,2850700.0,4346600.0,False,0.0,09:31:46
19500.0,100,-450.0,0.0,BU,2850400.0,4346600.0,False,0.0,09:31:46
19500.0,300,-450.0,0.0,BU,2850300.0,4346600.0,False,0.0,09:31:45
19500.0,100,-450.0,0.0,BU,2850000.0,4346600.0,False,0.0,09:31:45
19500.0,200,-450.0,0.0,BU,2849900.0,4346600.0,False,0.0,09:31:45
19500.0,800,-450.0,0.0,BU,2849700.0,4346600.0,False,0.0,09:31:43
19500.0,200,-450.0,0.0,BU,2848900.0,4346600.0,False,0.0,09:31:43
19500.0,800,-450.0,0.0,BU,2848700.0,4346600.0,False,0.0,09:31:43
19500.0,200,-450.0,0.0,BU,2847900.0,4346600.0,False,0.0,09:31:43
19500.0,100,-450.0,0.0,BU,2847700.0,4346600.0,False,0.0,09:31:43
19500.0,700,-450.0,0.0,BU,2847600.0,4346600.0,False,0.0,09:31:43
19500.0,100,-450.0,0.0,BU,2846900.0,4346600.0,False,0.0,09:31:43
19500.0,200,-450.0,0.0,BU,2846800.0,4346600.0,False,0.0,09:31:43
19500.0,100,-450.0,0.0,BU,2846600.0,4346600.0,False,0.0,09:31:42
19500.0,100,-450.0,0.0,BU,2846500.0,4346600.0,False,0.0,09:31:42
19500.0,500,-450.0,0.0,BU,2846400.0,4346600.0,False,0.0,09:31:42
19500.0,2400,-450.0,0.0,BU,2845900.0,4346600.0,False,0.0,09:31:42
19500.0,2000,-450.0,0.0,BU,2843500.0,4346600.0,False,0.0,09:31:42
19500.0,100,-450.0,0.0,BU,2841500.0,4346600.0,False,0.0,09:31:42
19500.0,900,-450.0,0.0,BU,2841400.0,4346600.0,False,0.0,09:31:41
19500.0,1300,-450.0,0.0,BU,2840500.0,4346600.0,False,0.0,09:31:40
19500.0,200,-450.0,0.0,BU,2839200.0,4346600.0,False,0.0,09:31:40
19500.0,100,-450.0,0.0,BU,2839000.0,4346600.0,False,0.0,09:31:40
19500.0,700,-450.0,0.0,BU,2838900.0,4346600.0,False,0.0,09:31:40
19500.0,4300,-450.0,0.0,BU,2838200.0,4346600.0,False,0.0,09:31:40
19500.0,100,-450.0,0.0,BU,2833900.0,4346600.0,False,0.0,09:31:40
19500.0,500,-450.0,0.0,BU,2833800.0,4346600.0,False,0.0,09:31:39
19500.0,400,-450.0,0.0,BU,2833300.0,4346600.0,False,0.0,09:31:39
19500.0,100,-450.0,0.0,BU,2832900.0,4346600.0,False,0.0,09:31:39
19500.0,800,-450.0,0.0,BU,2832800.0,4346600.0,False,0.0,09:31:39
19500.0,300,-450.0,0.0,BU,2832000.0,4346600.0,False,0.0,09:31:38
19500.0,1100,-450.0,0.0,BU,2831700.0,4346600.0,False,0.0,09:31:38
19500.0,10000,-450.0,0.0,BU,2830600.0,4346600.0,False,0.0,09:31:38
19500.0,1000,-450.0,0.0,BU,2820600.0,4346600.0,False,0.0,09:31:38
19500.0,200,-450.0,0.0,BU,2819600.0,4346600.0,False,0.0,09:31:38
19500.0,2000,-450.0,0.0,BU,2819400.0,4346600.0,False,0.0,09:31:38
19500.0,700,-450.0,0.0,BU,2817400.0,4346600.0,False,0.0,09:31:38
19500.0,100,-450.0,0.0,BU,2816700.0,4346600.0,False,0.0,09:31:38
19500.0,2000,-450.0,0.0,BU,2816600.0,4346600.0,False,0.0,09:31:38
19500.0,100,-450.0,0.0,BU,2814600.0,4346600.0,False,0.0,09:31:38
19500.0,500,-450.0,0.0,BU,2814500.0,4346600.0,False,0.0,09:31:38
19500.0,1000,-450.0,0.0,BU,2814000.0,4346600.0,False,0.0,09:31:38
19500.0,1000,-450.0,0.0,BU,2813000.0,4346600.0,False,0.0,09:31:38
19500.0,2000,-450.0,0.0,BU,2812000.0,4346600.0,False,0.0,09:31:38
19500.0,200,-450.0,0.0,BU,2810000.0,4346600.0,False,0.0,09:31:37
19500.0,300,-450.0,0.0,BU,2809800.0,4346600.0,False,0.0,09:31:37
19500.0,400,-450.0,0.0,BU,2809500.0,4346600.0,False,0.0,09:31:37
19500.0,1400,-450.0,0.0,BU,2809100.0,4346600.0,False,0.0,09:31:37
19500.0,500,-450.0,0.0,BU,2807700.0,4346600.0,False,0.0,09:31:37
19500.0,300,-450.0,0.0,BU,2807200.0,4346600.0,False,0.0,09:31:37
19500.0,200,-450.0,0.0,BU,2806900.0,4346600.0,False,0.0,09:31:37
19500.0,1600,-450.0,0.0,BU,2806700.0,4346600.0,False,0.0,09:31:37
19500.0,1000,-450.0,0.0,BU,2805100.0,4346600.0,False,0.0,09:31:37
19500.0,100,-450.0,0.0,BU,2804100.0,4346600.0,False,0.0,09:31:37
19500.0,4000,-450.0,0.0,BU,2804000.0,4346600.0,False,0.0,09:31:37
19500.0,30000,-450.0,0.0,BU,2800000.0,4346600.0,True,0.0,09:31:37
19500.0,25000,-450.0,0.0,BU,2770000.0,4346600.0,True,0.0,09:31:37
19500.0,500,-450.0,0.0,BU,2745000.0,4346600.0,False,0.0,09:31:37
19500.0,1000,-450.0,0.0,BU,2744500.0,4346600.0,False,0.0,09:31:37
19500.0,1200,-450.0,0.0,BU,2743500.0,4346600.0,False,0.0,09:31:37
19500.0,1000,-450.0,0.0,BU,2742300.0,4346600.0,False,0.0,09:31:37
19500.0,1000,-450.0,0.0,BU,2741300.0,4346600.0,False,0.0,09:31:37
19500.0,15000,-450.0,0.0,BU,2740300.0,4346600.0,True,0.0,09:31:37
19500.0,500,-450.0,0.0,BU,2725300.0,4346600.0,False,0.0,09:31:37
19500.0,500,-450.0,0.0,BU,2724800.0,4346600.0,False,0.0,09:31:37
19500.0,200,-450.0,0.0,BU,2724300.0,4346600.0,False,0.0,09:31:37
19500.0,4000,-450.0,0.0,BU,2724100.0,4346600.0,False,0.0,09:31:37
19500.0,500,-450.0,0.0,BU,2720100.0,4346600.0,False,0.0,09:31:37
19500.0,1600,-450.0,0.0,BU,2719600.0,4346600.0,False,0.0,09:31:37
19500.0,2000,-450.0,0.0,BU,2718000.0,4346600.0,False,0.0,09:31:37
19500.0,400,-450.0,0.0,BU,2716000.0,4346600.0,False,0.0,09:31:37
19500.0,100,-450.0,0.0,BU,2715600.0,4346600.0,False,0.0,09:31:37
19500.0,800,-450.0,0.0,BU,2715500.0,4346600.0,False,0.0,09:31:37
19500.0,5200,-450.0,0.0,BU,2714700.0,4346600.0,False,0.0,09:31:37
19500.0,100,-450.0,0.0,BU,2709500.0,4346600.0,False,0.0,09:31:36
19500.0,700,-450.0,0.0,BU,2709400.0,4346600.0,False,0.0,09:31:36
19500.0,1300,-450.0,0.0,BU,2708700.0,4346600.0,False,0.0,09:31:36
19500.0,500,-450.0,0.0,BU,2707400.0,4346600.0,False,0.0,09:31:35
19500.0,1000,-450.0,0.0,BU,2706900.0,4346600.0,False,0.0,09:31:34
19500.0,2000,-450.0,0.0,BU,2705900.0,4346600.0,False,0.0,09:31:33
19500.0,200,-450.0,0.0,BU,2703900.0,4346600.0,False,0.0,09:31:32
19500.0,500,-450.0,0.0,BU,2703700.0,4346600.0,False,0.0,09:31:32
19500.0,7700,-450.0,0.0,BU,2703200.0,4346600.0,False,0.0,09:31:32
19500.0,2000,-450.0,0.0,BU,2695500.0,4346600.0,False,50.0,09:31:32
19450.0,500,-500.0,0.0,SD,2693500.0,4346600.0,False,0.0,09:31:31
19450.0,300,-500.0,0.0,SD,2693500.0,4346100.0,False,0.0,09:31:31
19450.0,100,-500.0,0.0,SD,2693500.0,4345800.0,False,0.0,09:31:31
19450.0,100,-500.0,0.0,SD,2693500.0,4345700.0,False,0.0,09:31:31
19450.0,100,-500.0,0.0,SD,2693500.0,4345600.0,False,0.0,09:31:31
19450.0,400,-500.0,0.0,SD,2693500.0,4345500.0,False,-50.0,09:31:31
19500.0,300,-450.0,0.0,BU,2693500.0,4345100.0,False,0.0,09:31:31
19500.0,100,-450.0,0.0,BU,2693200.0,4345100.0,False,0.0,09:31:31
19500.0,100,-450.0,0.0,BU,2693100.0,4345100.0,False,0.0,09:31:29
19500.0,400,-450.0,0.0,BU,2693000.0,4345100.0,False,0.0,09:31:29
19500.0,1000,-450.0,0.0,BU,2692600.0,4345100.0,False,50.0,09:31:29
19450.0,400,-500.0,0.0,SD,2691600.0,4345100.0,False,0.0,09:31:29
19450.0,100,-500.0,0.0,SD,2691600.0,4344700.0,False,0.0,09:31:29
19450.0,1000,-500.0,0.0,SD,2691600.0,4344600.0,False,0.0,09:31:29
19450.0,100,-500.0,0.0,SD,2691600.0,4343600.0,False,0.0,09:31:29
19450.0,100,-500.0,0.0,SD,2691600.0,4343500.0,False,-50.0,09:31:29
19500.0,500,-450.0,0.0,BU,2691600.0,4343400.0,False,0.0,09:31:28
19500.0,300,-450.0,0.0,BU,2691100.0,4343400.0,False,0.0,09:31:28
19500.0,300,-450.0,0.0,BU,2690800.0,4343400.0,False,0.0,09:31:26
19500.0,200,-450.0,0.0,BU,2690500.0,4343400.0,False,0.0,09:31:26
19500.0,9200,-450.0,0.0,BU,2690300.0,4343400.0,False,0.0,09:31:26
19500.0,800,-450.0,0.0,BU,2681100.0,4343400.0,False,0.0,09:31:26
19500.0,100,-450.0,0.0,BU,2680300.0,4343400.0,False,0.0,09:31:25
19500.0,1000,-450.0,0.0,BU,2680200.0,4343400.0,False,0.0,09:31:23
19500.0,100,-450.0,0.0,BU,2679200.0,4343400.0,False,0.0,09:31:22
19500.0,1000,-450.0,0.0,BU,2679100.0,4343400.0,False,0.0,09:31:22
19500.0,1000,-450.0,0.0,BU,2678100.0,4343400.0,False,0.0,09:31:22
19500.0,300,-450.0,0.0,BU,2677100.0,4343400.0,False,0.0,09:31:22
19500.0,1000,-450.0,0.0,BU,2676800.0,4343400.0,False,50.0,09:31:21
19450.0,100,-500.0,0.0,SD,2675800.0,4343400.0,False,0.0,09:31:19
19450.0,100,-500.0,0.0,SD,2675800.0,4343300.0,False,0.0,09:31:19
19450.0,200,-500.0,0.0,SD,2675800.0,4343200.0,False,0.0,09:31:19
19450.0,200,-500.0,0.0,SD,2675800.0,4343000.0,False,0.0,09:31:19
19450.0,100,-500.0,0.0,SD,2675800.0,4342800.0,False,0.0,09:31:19
19450.0,2400,-500.0,0.0,SD,2675800.0,4342700.0,False,-50.0,09:31:19
19500.0,800,-450.0,0.0,BU,2675800.0,4340300.0,False,0.0,09:31:18
19500.0,400,-450.0,0.0,BU,2675000.0,4340300.0,False,0.0,09:31:18
19500.0,400,-450.0,0.0,BU,2674600.0,4340300.0,False,0.0,09:31:18
19500.0,600,-450.0,0.0,BU,2674200.0,4340300.0,False,0.0,09:31:18
19500.0,2000,-450.0,0.0,BU,2673600.0,4340300.0,False,0.0,09:31:18
19500.0,1000,-450.0,0.0,BU,2671600.0,4340300.0,False,0.0,09:31:18
19500.0,500,-450.0,0.0,BU,2670600.0,4340300.0,False,0.0,09:31:18
19500.0,1500,-450.0,0.0,BU,2670100.0,4340300.0,False,0.0,09:31:18
19500.0,300,-450.0,0.0,BU,2668600.0,4340300.0,False,0.0,09:31:18
19500.0,1000,-450.0,0.0,BU,2668300.0,4340300.0,False,0.0,09:31:18
19500.0,900,-450.0,0.0,BU,2667300.0,4340300.0,False,0.0,09:31:18
19500.0,600,-450.0,0.0,BU,2666400.0,4340300.0,False,0.0,09:31:18
19500.0,1000,-450.0,0.0,BU,2665800.0,4340300.0,False,0.0,09:31:18
19500.0,800,-450.0,0.0,BU,2664800.0,4340300.0,False,0.0,09:31:18
19500.0,200,-450.0,0.0,BU,2664000.0,4340300.0,False,0.0,09:31:16
19500.0,200,-450.0,0.0,BU,2663800.0,4340300.0,False,0.0,09:31:16
19500.0,400,-450.0,0.0,BU,2663600.0,4340300.0,False,0.0,09:31:16
19500.0,1200,-450.0,0.0,BU,2663200.0,4340300.0,False,50.0,09:31:16
19450.0,100,-500.0,0.0,SD,2662000.0,4340300.0,False,-50.0,09:31:16
19500.0,100,-450.0,0.0,BU,2662000.0,4340200.0,False,0.0,09:31:16
19500.0,200,-450.0,0.0,BU,2661900.0,4340200.0,False,0.0,09:31:16
19500.0,300,-450.0,0.0,BU,2661700.0,4340200.0,False,0.0,09:31:16
19500.0,200,-450.0,0.0,BU,2661400.0,4340200.0,False,0.0,09:31:16
19500.0,400,-450.0,0.0,BU,2661200.0,4340200.0,False,0.0,09:31:16
19500.0,400,-450.0,0.0,BU,2660800.0,4340200.0,False,0.0,09:31:16
19500.0,100,-450.0,0.0,BU,2660400.0,4340200.0,False,0.0,09:31:16
19500.0,100,-450.0,0.0,BU,2660300.0,4340200.0,False,0.0,09:31:16
19500.0,200,-450.0,0.0,BU,2660200.0,4340200.0,False,0.0,09:31:14
19500.0,300,-450.0,0.0,BU,2660000.0,4340200.0,False,0.0,09:31:13
19500.0,700,-450.0,0.0,BU,2659700.0,4340200.0,False,0.0,09:31:13
19500.0,1000,-450.0,0.0,BU,2659000.0,4340200.0,False,0.0,09:31:13
19500.0,4700,-450.0,0.0,BU,2658000.0,4340200.0,False,50.0,09:31:11
19450.0,500,-500.0,0.0,SD,2653300.0,4340200.0,False,-50.0,09:31:11
19500.0,1000,-450.0,0.0,BU,2653300.0,4339700.0,False,0.0,09:31:10
19500.0,500,-450.0,0.0,BU,2652300.0,4339700.0,False,0.0,09:31:10
19500.0,100,-450.0,0.0,BU,2651800.0,4339700.0,False,0.0,09:31:09
19500.0,800,-450.0,0.0,BU,2651700.0,4339700.0,False,0.0,09:31:09
19500.0,200,-450.0,0.0,BU,2650900.0,4339700.0,False,0.0,09:31:09
19500.0,500,-450.0,0.0,BU,2650700.0,4339700.0,False,0.0,09:31:09
19500.0,700,-450.0,0.0,BU,2650200.0,4339700.0,False,50.0,09:31:08
19450.0,1000,-500.0,0.0,SD,2649500.0,4339700.0,False,-50.0,09:31:08
19500.0,700,-450.0,0.0,BU,2649500.0,4338700.0,False,0.0,09:31:08
19500.0,400,-450.0,0.0,BU,2648800.0,4338700.0,False,0.0,09:31:08
19500.0,200,-450.0,0.0,BU,2648400.0,4338700.0,False,0.0,09:31:06
19500.0,100,-450.0,0.0,BU,2648200.0,4338700.0,False,0.0,09:31:06
19500.0,7400,-450.0,0.0,BU,2648100.0,4338700.0,False,0.0,09:31:06
19500.0,1000,-450.0,0.0,BU,2640700.0,4338700.0,False,0.0,09:31:06
19500.0,300,-450.0,0.0,BU,2639700.0,4338700.0,False,0.0,09:31:06
19500.0,500,-450.0,0.0,BU,2639400.0,4338700.0,False,0.0,09:31:06
19500.0,800,-450.0,0.0,BU,2638900.0,4338700.0,False,50.0,09:31:06
19450.0,400,-500.0,0.0,SD,2638100.0,4338700.0,False,-50.0,09:31:06
19500.0,2200,-450.0,0.0,BU,2638100.0,4338300.0,False,0.0,09:31:04
19500.0,200,-450.0,0.0,BU,2635900.0,4338300.0,False,0.0,09:31:04
19500.0,1500,-450.0,0.0,BU,2635700.0,4338300.0,False,0.0,09:31:04
19500.0,100,-450.0,0.0,BU,2634200.0,4338300.0,False,0.0,09:31:04
19500.0,200,-450.0,0.0,BU,2634100.0,4338300.0,False,0.0,09:31:04
19500.0,100,-450.0,0.0,BU,2633900.0,4338300.0,False,0.0,09:31:04
19500.0,5000,-450.0,0.0,BU,2633800.0,4338300.0,False,0.0,09:31:04
19500.0,600,-450.0,0.0,BU,2628800.0,4338300.0,False,0.0,09:31:04
19500.0,300,-450.0,0.0,BU,2628200.0,4338300.0,False,0.0,09:31:04
19500.0,600,-450.0,0.0,BU,2627900.0,4338300.0,False,0.0,09:31:04
19500.0,900,-450.0,0.0,BU,2627300.0,4338300.0,False,0.0,09:31:04
19500.0,2500,-450.0,0.0,BU,2626400.0,4338300.0,False,0.0,09:31:04
19500.0,2000,-450.0,0.0,BU,2623900.0,4338300.0,False,0.0,09:31:04
19500.0,1000,-450.0,0.0,BU,2621900.0,4338300.0,False,0.0,09:31:04
19500.0,1000,-450.0,0.0,BU,2620900.0,4338300.0,False,0.0,09:31:04
19500.0,3000,-450.0,0.0,BU,2619900.0,4338300.0,False,0.0,09:31:04
19500.0,400,-450.0,0.0,BU,2616900.0,4338300.0,False,0.0,09:31:04
19500.0,500,-450.0,0.0,BU,2616500.0,4338300.0,False,0.0,09:31:04
19500.0,1000,-450.0,0.0,BU,2616000.0,4338300.0,False,0.0,09:31:04
19500.0,400,-450.0,0.0,BU,2615000.0,4338300.0,False,0.0,09:31:04
19500.0,3900,-450.0,0.0,BU,2614600.0,4338300.0,False,0.0,09:31:04
19500.0,3000,-450.0,0.0,BU,2610700.0,4338300.0,False,0.0,09:31:04
19500.0,2200,-450.0,0.0,BU,2607700.0,4338300.0,False,0.0,09:31:04
19500.0,500,-450.0,0.0,BU,2605500.0,4338300.0,False,0.0,09:31:04
19500.0,2300,-450.0,0.0,BU,2605000.0,4338300.0,False,0.0,09:31:04
19500.0,2000,-450.0,0.0,BU,2602700.0,4338300.0,False,0.0,09:31:04
19500.0,1500,-450.0,0.0,BU,2600700.0,4338300.0,False,0.0,09:31:04
19500.0,10000,-450.0,0.0,BU,2599200.0,4338300.0,False,0.0,09:31:04
19500.0,100,-450.0,0.0,BU,2589200.0,4338300.0,False,0.0,09:31:04
19500.0,1000,-450.0,0.0,BU,2589100.0,4338300.0,False,0.0,09:31:04
19500.0,2000,-450.0,0.0,BU,2588100.0,4338300.0,False,50.0,09:31:04
19450.0,3000,-500.0,0.0,SD,2586100.0,4338300.0,False,-50.0,09:31:03
19500.0,200,-450.0,0.0,BU,2586100.0,4335300.0,False,0.0,09:31:02
19500.0,100,-450.0,0.0,BU,2585900.0,4335300.0,False,0.0,09:31:02
19500.0,200,-450.0,0.0,BU,2585800.0,4335300.0,False,0.0,09:31:02
19500.0,200,-450.0,0.0,BU,2585600.0,4335300.0,False,50.0,09:31:02
19450.0,500,-500.0,0.0,SD,2585400.0,4335300.0,False,-50.0,09:31:00
19500.0,600,-450.0,0.0,BU,2585400.0,4334800.0,False,0.0,09:31:00
19500.0,100,-450.0,0.0,BU,2584800.0,4334800.0,False,0.0,09:31:00
19500.0,400,-450.0,0.0,BU,2584700.0,4334800.0,False,0.0,09:31:00
19500.0,13900,-450.0,0.0,BU,2584300.0,4334800.0,True,0.0,09:31:00
19500.0,400,-450.0,0.0,BU,2570400.0,4334800.0,False,0.0,09:31:00
19500.0,200,-450.0,0.0,BU,2570000.0,4334800.0,False,0.0,09:31:00
19500.0,2900,-450.0,0.0,BU,2569800.0,4334800.0,False,0.0,09:31:00
19500.0,100,-450.0,0.0,BU,2566900.0,4334800.0,False,0.0,09:31:00
19500.0,1100,-450.0,0.0,BU,2566800.0,4334800.0,False,50.0,09:31:00
19450.0,2100,-500.0,0.0,SD,2565700.0,4334800.0,False,0.0,09:30:59
19450.0,300,-500.0,0.0,SD,2565700.0,4332700.0,False,0.0,09:30:59
19450.0,100,-500.0,0.0,SD,2565700.0,4332400.0,False,0.0,09:30:59
19450.0,500,-500.0,0.0,SD,2565700.0,4332300.0,False,0.0,09:30:58
19450.0,100,-500.0,0.0,SD,2565700.0,4331800.0,False,0.0,09:30:58
19450.0,1000,-500.0,0.0,SD,2565700.0,4331700.0,False,0.0,09:30:58
19450.0,900,-500.0,0.0,SD,2565700.0,4330700.0,False,-50.0,09:30:58
19500.0,2000,-450.0,0.0,BU,2565700.0,4329800.0,False,50.0,09:30:58
19450.0,1000,-500.0,0.0,SD,2563700.0,4329800.0,False,0.0,09:30:57
19450.0,5000,-500.0,0.0,SD,2563700.0,4328800.0,False,0.0,09:30:56
19450.0,1000,-500.0,0.0,SD,2563700.0,4323800.0,False,0.0,09:30:56
19450.0,300,-500.0,0.0,SD,2563700.0,4322800.0,False,0.0,09:30:56
19450.0,2800,-500.0,0.0,SD,2563700.0,4322500.0,False,0.0,09:30:56
19450.0,300,-500.0,0.0,SD,2563700.0,4319700.0,False,0.0,09:30:56
19450.0,5000,-500.0,0.0,SD,2563700.0,4319400.0,False,0.0,09:30:56
19450.0,300,-500.0,0.0,SD,2563700.0,4314400.0,False,0.0,09:30:56
19450.0,100,-500.0,0.0,SD,2563700.0,4314100.0,False,0.0,09:30:56
19450.0,800,-500.0,0.0,SD,2563700.0,4314000.0,False,0.0,09:30:56
19450.0,600,-500.0,0.0,SD,2563700.0,4313200.0,False,0.0,09:30:56
19450.0,1000,-500.0,0.0,SD,2563700.0,4312600.0,False,0.0,09:30:56
19450.0,100,-500.0,0.0,SD,2563700.0,4311600.0,False,0.0,09:30:56
19450.0,100,-500.0,0.0,SD,2563700.0,4311500.0,False,0.0,09:30:56
19450.0,1500,-500.0,0.0,SD,2563700.0,4311400.0,False,0.0,09:30:56
19450.0,1300,-500.0,0.0,SD,2563700.0,4309900.0,False,0.0,09:30:56
19450.0,500,-500.0,0.0,SD,2563700.0,4308600.0,False,0.0,09:30:56
19450.0,1000,-500.0,0.0,SD,2563700.0,4308100.0,False,0.0,09:30:56
19450.0,100,-500.0,0.0,SD,2563700.0,4307100.0,False,0.0,09:30:56
19450.0,500,-500.0,0.0,SD,2563700.0,4307000.0,False,0.0,09:30:56
19450.0,2000,-500.0,0.0,SD,2563700.0,4306500.0,False,0.0,09:30:56
19450.0,15000,-500.0,0.0,SD,2563700.0,4304500.0,True,0.0,09:30:56
19450.0,100,-500.0,0.0,SD,2563700.0,4289500.0,False,0.0,09:30:56
19450.0,4000,-500.0,0.0,SD,2563700.0,4289400.0,False,0.0,09:30:56
19450.0,100,-500.0,0.0,SD,2563700.0,4285400.0,False,0.0,09:30:56
19450.0,100,-500.0,0.0,SD,2563700.0,4285300.0,False,0.0,09:30:56
19450.0,200,-500.0,0.0,SD,2563700.0,4285200.0,False,0.0,09:30:56
19450.0,300,-500.0,0.0,SD,2563700.0,4285000.0,False,0.0,09:30:56
19450.0,5000,-500.0,0.0,SD,2563700.0,4284700.0,False,0.0,09:30:56
19450.0,100,-500.0,0.0,SD,2563700.0,4279700.0,False,0.0,09:30:56
19450.0,500,-500.0,0.0,SD,2563700.0,4279600.0,False,0.0,09:30:56
19450.0,2000,-500.0,0.0,SD,2563700.0,4279100.0,False,0.0,09:30:56
19450.0,500,-500.0,0.0,SD,2563700.0,4277100.0,False,0.0,09:30:56
19450.0,4000,-500.0,0.0,SD,2563700.0,4276600.0,False,0.0,09:30:56
19450.0,1000,-500.0,0.0,SD,2563700.0,4272600.0,False,0.0,09:30:56
19450.0,1000,-500.0,0.0,SD,2563700.0,4271600.0,False,0.0,09:30:56
19450.0,200,-500.0,0.0,SD,2563700.0,4270600.0,False,0.0,09:30:56
19450.0,5000,-500.0,0.0,SD,2563700.0,4270400.0,False,0.0,09:30:56
19450.0,100,-500.0,0.0,SD,2563700.0,4265400.0,False,0.0,09:30:56
19450.0,100,-500.0,0.0,SD,2563700.0,4265300.0,False,0.0,09:30:56
19450.0,5100,-500.0,0.0,SD,2563700.0,4265200.0,False,0.0,09:30:56
19450.0,500,-500.0,0.0,SD,2563700.0,4260100.0,False,0.0,09:30:56
19450.0,100,-500.0,0.0,SD,2563700.0,4259600.0,False,0.0,09:30:56
19450.0,100,-500.0,0.0,SD,2563700.0,4259500.0,False,0.0,09:30:56
19450.0,600,-500.0,0.0,SD,2563700.0,4259400.0,False,0.0,09:30:56
19450.0,500,-500.0,0.0,SD,2563700.0,4258800.0,False,0.0,09:30:54
19450.0,400,-500.0,0.0,SD,2563700.0,4258300.0,False,0.0,09:30:54
19450.0,1000,-500.0,0.0,SD,2563700.0,4257900.0,False,0.0,09:30:54
19450.0,700,-500.0,0.0,SD,2563700.0,4256900.0,False,0.0,09:30:54
19450.0,200,-500.0,0.0,SD,2563700.0,4256200.0,False,0.0,09:30:54
19450.0,200,-500.0,0.0,SD,2563700.0,4256000.0,False,0.0,09:30:54
19450.0,100,-500.0,0.0,SD,2563700.0,4255800.0,False,0.0,09:30:53
19450.0,800,-500.0,0.0,SD,2563700.0,4255700.0,False,0.0,09:30:53
19450.0,100,-500.0,0.0,SD,2563700.0,4254900.0,False,0.0,09:30:53
19450.0,500,-500.0,0.0,SD,2563700.0,4254800.0,False,0.0,09:30:53
19450.0,500,-500.0,0.0,SD,2563700.0,4254300.0,False,-50.0,09:30:53
19500.0,2000,-450.0,0.0,BU,2563700.0,4253800.0,False,0.0,09:30:53
19500.0,1000,-450.0,0.0,BU,2561700.0,4253800.0,False,50.0,09:30:52
19450.0,300,-500.0,0.0,SD,2560700.0,4253800.0,False,0.0,09:30:52
19450.0,100,-500.0,0.0,SD,2560700.0,4253500.0,False,-50.0,09:30:52
19500.0,2000,-450.0,0.0,BU,2560700.0,4253400.0,False,50.0,09:30:52
19450.0,700,-500.0,0.0,SD,2558700.0,4253400.0,False,0.0,09:30:51
19450.0,200,-500.0,0.0,SD,2558700.0,4252700.0,False,0.0,09:30:49
19450.0,200,-500.0,0.0,SD,2558700.0,4252500.0,False,-50.0,09:30:49
19500.0,10000,-450.0,0.0,BU,2558700.0,4252300.0,False,0.0,09:30:48
19500.0,500,-450.0,0.0,BU,2548700.0,4252300.0,False,50.0,09:30:47
19450.0,300,-500.0,0.0,SD,2548200.0,4252300.0,False,0.0,09:30:45
19450.0,200,-500.0,0.0,SD,2548200.0,4252000.0,False,0.0,09:30:45
19450.0,300,-500.0,0.0,SD,2548200.0,4251800.0,False,0.0,09:30:45
19450.0,200,-500.0,0.0,SD,2548200.0,4251500.0,False,0.0,09:30:45
19450.0,300,-500.0,0.0,SD,2548200.0,4251300.0,False,0.0,09:30:45
19450.0,500,-500.0,0.0,SD,2548200.0,4251000.0,False,0.0,09:30:45
19450.0,200,-500.0,0.0,SD,2548200.0,4250500.0,False,0.0,09:30:45
19450.0,700,-500.0,0.0,SD,2548200.0,4250300.0,False,0.0,09:30:45
19450.0,1000,-500.0,0.0,SD,2548200.0,4249600.0,False,0.0,09:30:45
19450.0,1300,-500.0,0.0,SD,2548200.0,4248600.0,False,0.0,09:30:45
19450.0,100,-500.0,0.0,SD,2548200.0,4247300.0,False,0.0,09:30:45
19450.0,100,-500.0,0.0,SD,2548200.0,4247200.0,False,0.0,09:30:45
19450.0,300,-500.0,0.0,SD,2548200.0,4247100.0,False,0.0,09:30:45
19450.0,100,-500.0,0.0,SD,2548200.0,4246800.0,False,0.0,09:30:45
19450.0,100,-500.0,0.0,SD,2548200.0,4246700.0,False,0.0,09:30:45
19450.0,2300,-500.0,0.0,SD,2548200.0,4246600.0,False,0.0,09:30:45
19450.0,700,-500.0,0.0,SD,2548200.0,4244300.0,False,0.0,09:30:41
19450.0,300,-500.0,0.0,SD,2548200.0,4243600.0,False,0.0,09:30:41
19450.0,1000,-500.0,0.0,SD,2548200.0,4243300.0,False,0.0,09:30:41
19450.0,600,-500.0,0.0,SD,2548200.0,4242300.0,False,0.0,09:30:41
19450.0,100,-500.0,0.0,SD,2548200.0,4241700.0,False,0.0,09:30:41
19450.0,500,-500.0,0.0,SD,2548200.0,4241600.0,False,0.0,09:30:41
19450.0,1000,-500.0,0.0,SD,2548200.0,4241100.0,False,-50.0,09:30:41
19500.0,1000,-450.0,0.0,BU,2548200.0,4240100.0,False,50.0,09:30:41
19450.0,2300,-500.0,0.0,SD,2547200.0,4240100.0,False,-50.0,09:30:41
19500.0,1000,-450.0,0.0,BU,2547200.0,4237800.0,False,0.0,09:30:41
19500.0,400,-450.0,0.0,BU,2546200.0,4237800.0,False,50.0,09:30:39
19450.0,5500,-500.0,0.0,SD,2545800.0,4237800.0,False,0.0,09:30:39
19450.0,3300,-500.0,0.0,SD,2545800.0,4232300.0,False,0.0,09:30:39
19450.0,300,-500.0,0.0,SD,2545800.0,4229000.0,False,0.0,09:30:39
19450.0,1000,-500.0,0.0,SD,2545800.0,4228700.0,False,0.0,09:30:39
19450.0,100,-500.0,0.0,SD,2545800.0,4227700.0,False,0.0,09:30:39
19450.0,100,-500.0,0.0,SD,2545800.0,4227600.0,False,0.0,09:30:39
19450.0,100,-500.0,0.0,SD,2545800.0,4227500.0,False,0.0,09:30:39
19450.0,100,-500.0,0.0,SD,2545800.0,4227400.0,False,0.0,09:30:39
19450.0,100,-500.0,0.0,SD,2545800.0,4227300.0,False,0.0,09:30:39
19450.0,1000,-500.0,0.0,SD,2545800.0,4227200.0,False,0.0,09:30:39
19450.0,1500,-500.0,0.0,SD,2545800.0,4226200.0,False,0.0,09:30:39
19450.0,400,-500.0,0.0,SD,2545800.0,4224700.0,False,0.0,09:30:39
19450.0,100,-500.0,0.0,SD,2545800.0,4224300.0,False,0.0,09:30:39
19450.0,6000,-500.0,0.0,SD,2545800.0,4224200.0,False,0.0,09:30:39
19450.0,300,-500.0,0.0,SD,2545800.0,4218200.0,False,0.0,09:30:39
19450.0,100,-500.0,0.0,SD,2545800.0,4217900.0,False,-50.0,09:30:39
19500.0,200,-450.0,0.0,BU,2545800.0,4217800.0,False,50.0,09:30:38
19450.0,100,-500.0,0.0,SD,2545600.0,4217800.0,False,0.0,09:30:38
19450.0,300,-500.0,0.0,SD,2545600.0,4217700.0,False,-50.0,09:30:38
19500.0,300,-450.0,0.0,BU,2545600.0,4217400.0,False,0.0,09:30:38
19500.0,100,-450.0,0.0,BU,2545300.0,4217400.0,False,50.0,09:30:37
19450.0,1700,-500.0,0.0,SD,2545200.0,4217400.0,False,0.0,09:30:35
19450.0,300,-500.0,0.0,SD,2545200.0,4215700.0,False,-50.0,09:30:35
19500.0,500,-450.0,0.0,BU,2545200.0,4215400.0,False,0.0,09:30:35
19500.0,7900,-450.0,0.0,BU,2544700.0,4215400.0,False,0.0,09:30:34
19500.0,9900,-450.0,0.0,BU,2536800.0,4215400.0,False,0.0,09:30:34
19500.0,2000,-450.0,0.0,BU,2526900.0,4215400.0,False,0.0,09:30:33
19500.0,100,-450.0,0.0,BU,2524900.0,4215400.0,False,0.0,09:30:32
19500.0,100,-450.0,0.0,BU,2524800.0,4215400.0,False,0.0,09:30:32
19500.0,500,-450.0,0.0,BU,2524700.0,4215400.0,False,0.0,09:30:31
19500.0,100,-450.0,0.0,BU,2524200.0,4215400.0,False,0.0,09:30:30
19500.0,100,-450.0,0.0,BU,2524100.0,4215400.0,False,0.0,09:30:29
19500.0,500,-450.0,0.0,BU,2524000.0,4215400.0,False,0.0,09:30:28
19500.0,200,-450.0,0.0,BU,2523500.0,4215400.0,False,50.0,09:30:27
19450.0,1000,-500.0,0.0,SD,2523300.0,4215400.0,False,-50.0,09:30:27
19500.0,100,-450.0,0.0,BU,2523300.0,4214400.0,False,50.0,09:30:26
19450.0,3800,-500.0,0.0,SD,2523200.0,4214400.0,False,-50.0,09:30:24
19500.0,800,-450.0,0.0,BU,2523200.0,4210600.0,False,50.0,09:30:23
19450.0,1000,-500.0,0.0,SD,2522400.0,4210600.0,False,-50.0,09:30:21
19500.0,5600,-450.0,0.0,BU,2522400.0,4209600.0,False,0.0,09:30:21
19500.0,4400,-450.0,0.0,BU,2516800.0,4209600.0,False,0.0,09:30:21
19500.0,200,-450.0,0.0,BU,2512400.0,4209600.0,False,0.0,09:30:18
19500.0,100,-450.0,0.0,BU,2512200.0,4209600.0,False,50.0,09:30:18
19450.0,300,-500.0,0.0,SD,2512100.0,4209600.0,False,-50.0,09:30:17
19500.0,100,-450.0,0.0,BU,2512100.0,4209300.0,False,0.0,09:30:16
19500.0,100,-450.0,0.0,BU,2512000.0,4209300.0,False,50.0,09:30:15
19450.0,100,-500.0,0.0,SD,2511900.0,4209300.0,False,-50.0,09:30:14
19500.0,500,-450.0,0.0,BU,2511900.0,4209200.0,False,0.0,09:30:14
19500.0,200,-450.0,0.0,BU,2511400.0,4209200.0,False,0.0,09:30:12
19500.0,200,-450.0,0.0,BU,2511200.0,4209200.0,False,0.0,09:30:10
19500.0,300,-450.0,0.0,BU,2511000.0,4209200.0,False,50.0,09:30:09
19450.0,2000,-500.0,0.0,SD,2510700.0,4209200.0,False,-50.0,09:30:09
19500.0,300,-450.0,0.0,BU,2510700.0,4207200.0,False,0.0,09:30:09
19500.0,3600,-450.0,0.0,BU,2510400.0,4207200.0,False,0.0,09:30:08
19500.0,3000,-450.0,0.0,BU,2506800.0,4207200.0,False,0.0,09:30:05
19500.0,400,-450.0,0.0,BU,2503800.0,4207200.0,False,0.0,09:30:05
19500.0,1000,-450.0,0.0,BU,2503400.0,4207200.0,False,0.0,09:30:05
19500.0,600,-450.0,0.0,BU,2502400.0,4207200.0,False,0.0,09:30:05
19500.0,200,-450.0,0.0,BU,2501800.0,4207200.0,False,50.0,09:30:05
19450.0,1800,-500.0,0.0,SD,2501600.0,4207200.0,False,0.0,09:30:03
19450.0,100,-500.0,0.0,SD,2501600.0,4205400.0,False,0.0,09:30:03
19450.0,100,-500.0,0.0,SD,2501600.0,4205300.0,False,-50.0,09:30:03
19500.0,1000,-450.0,0.0,BU,2501600.0,4205200.0,False,0.0,09:30:03
19500.0,8200,-450.0,0.0,BU,2500600.0,4205200.0,False,0.0,09:30:03
19500.0,1600,-450.0,0.0,BU,2492400.0,4205200.0,False,0.0,09:30:03
19500.0,1000,-450.0,0.0,BU,2490800.0,4205200.0,False,0.0,09:30:03
19500.0,1900,-450.0,0.0,BU,2489800.0,4205200.0,False,50.0,09:30:03
19450.0,100,-500.0,0.0,SD,2487900.0,4205200.0,False,0.0,09:30:03
19450.0,100,-500.0,0.0,SD,2487900.0,4205100.0,False,0.0,09:30:03
19450.0,1800,-500.0,0.0,SD,2487900.0,4205000.0,False,0.0,09:30:03
19450.0,5000,-500.0,0.0,SD,2487900.0,4203200.0,False,0.0,09:30:03
19450.0,100,-500.0,0.0,SD,2487900.0,4198200.0,False,0.0,09:30:03
19450.0,100,-500.0,0.0,SD,2487900.0,4198100.0,False,0.0,09:30:03
19450.0,500,-500.0,0.0,SD,2487900.0,4198000.0,False,0.0,09:30:03
19450.0,4300,-500.0,0.0,SD,2487900.0,4197500.0,False,0.0,09:30:03
19450.0,33300,-500.0,0.0,SD,2487900.0,4193200.0,True,0.0,09:30:02
19450.0,200,-500.0,0.0,SD,2487900.0,4159900.0,False,-50.0,09:30:01
19500.0,1000,-450.0,0.0,BU,2487900.0,4159700.0,False,0.0,09:29:58
19500.0,100,-450.0,0.0,BU,2486900.0,4159700.0,False,0.0,09:29:58
19500.0,100,-450.0,0.0,BU,2486800.0,4159700.0,False,0.0,09:29:58
19500.0,300,-450.0,0.0,BU,2486700.0,4159700.0,False,0.0,09:29:58
19500.0,300,-450.0,0.0,BU,2486400.0,4159700.0,False,0.0,09:29:57
19500.0,1700,-450.0,0.0,BU,2486100.0,4159700.0,False,0.0,09:29:57
19500.0,1000,-450.0,0.0,BU,2484400.0,4159700.0,False,50.0,09:29:57
19450.0,1000,-500.0,0.0,SD,2483400.0,4159700.0,False,-50.0,09:29:57
19500.0,3000,-450.0,0.0,BU,2483400.0,4158700.0,False,0.0,09:29:56
19500.0,4300,-450.0,0.0,BU,2480400.0,4158700.0,False,0.0,09:29:55
19500.0,100,-450.0,0.0,BU,2476100.0,4158700.0,False,0.0,09:29:55
19500.0,600,-450.0,0.0,BU,2476000.0,4158700.0,False,0.0,09:29:55
19500.0,300,-450.0,0.0,BU,2475400.0,4158700.0,False,0.0,09:29:54
19500.0,100,-450.0,0.0,BU,2475100.0,4158700.0,False,0.0,09:29:54
19500.0,1000,-450.0,0.0,BU,2475000.0,4158700.0,False,0.0,09:29:53
19500.0,1000,-450.0,0.0,BU,2474000.0,4158700.0,False,0.0,09:29:49
19500.0,100,-450.0,0.0,BU,2473000.0,4158700.0,False,0.0,09:29:46
19500.0,100,-450.0,0.0,BU,2472900.0,4158700.0,False,0.0,09:29:45
19500.0,100,-450.0,0.0,BU,2472800.0,4158700.0,False,50.0,09:29:45
19450.0,100,-500.0,0.0,SD,2472700.0,4158700.0,False,0.0,09:29:45
19450.0,500,-500.0,0.0,SD,2472700.0,4158600.0,False,0.0,09:29:44
19450.0,200,-500.0,0.0,SD,2472700.0,4158100.0,False,-50.0,09:29:42
19500.0,200,-450.0,0.0,BU,2472700.0,4157900.0,False,50.0,09:29:39
19450.0,100,-500.0,0.0,SD,2472500.0,4157900.0,False,0.0,09:29:38
19450.0,9500,-500.0,0.0,SD,2472500.0,4157800.0,False,-50.0,09:29:37
19500.0,300,-450.0,0.0,BU,2472500.0,4148300.0,False,50.0,09:29:37
19450.0,300,-500.0,0.0,SD,2472200.0,4148300.0,False,0.0,09:29:35
19450.0,600,-500.0,0.0,SD,2472200.0,4148000.0,False,0.0,09:29:35
19450.0,2000,-500.0,0.0,SD,2472200.0,4147400.0,False,0.0,09:29:35
19450.0,2000,-500.0,0.0,SD,2472200.0,4145400.0,False,0.0,09:29:35
19450.0,200,-500.0,0.0,SD,2472200.0,4143400.0,False,0.0,09:29:34
19450.0,400,-500.0,0.0,SD,2472200.0,4143200.0,False,0.0,09:29:34
19450.0,300,-500.0,0.0,SD,2472200.0,4142800.0,False,0.0,09:29:33
19450.0,100,-500.0,0.0,SD,2472200.0,4142500.0,False,0.0,09:29:33
19450.0,400,-500.0,0.0,SD,2472200.0,4142400.0,False,0.0,09:29:33
19450.0,100,-500.0,0.0,SD,2472200.0,4142000.0,False,0.0,09:29:33
19450.0,100,-500.0,0.0,SD,2472200.0,4141900.0,False,0.0,09:29:33
19450.0,700,-500.0,0.0,SD,2472200.0,4141800.0,False,0.0,09:29:33
19450.0,300,-500.0,0.0,SD,2472200.0,4141100.0,False,0.0,09:29:32
19450.0,200,-500.0,0.0,SD,2472200.0,4140800.0,False,0.0,09:29:32
19450.0,100,-500.0,0.0,SD,2472200.0,4140600.0,False,0.0,09:29:32
19450.0,100,-500.0,0.0,SD,2472200.0,4140500.0,False,0.0,09:29:32
19450.0,300,-500.0,0.0,SD,2472200.0,4140400.0,False,0.0,09:29:32
19450.0,200,-500.0,0.0,SD,2472200.0,4140100.0,False,0.0,09:29:32
19450.0,1000,-500.0,0.0,SD,2472200.0,4139900.0,False,0.0,09:29:32
19450.0,800,-500.0,0.0,SD,2472200.0,4138900.0,False,0.0,09:29:32
19450.0,200,-500.0,0.0,SD,2472200.0,4138100.0,False,0.0,09:29:32
19450.0,800,-500.0,0.0,SD,2472200.0,4137900.0,False,0.0,09:29:32
19450.0,600,-500.0,0.0,SD,2472200.0,4137100.0,False,0.0,09:29:30
19450.0,1000,-500.0,0.0,SD,2472200.0,4136500.0,False,0.0,09:29:30
19450.0,300,-500.0,0.0,SD,2472200.0,4135500.0,False,0.0,09:29:28
19450.0,600,-500.0,0.0,SD,2472200.0,4135200.0,False,0.0,09:29:27
19450.0,100,-500.0,0.0,SD,2472200.0,4134600.0,False,0.0,09:29:26
19450.0,200,-500.0,0.0,SD,2472200.0,4134500.0,False,0.0,09:29:26
19450.0,100,-500.0,0.0,SD,2472200.0,4134300.0,False,0.0,09:29:26
19450.0,300,-500.0,0.0,SD,2472200.0,4134200.0,False,0.0,09:29:26
19450.0,300,-500.0,0.0,SD,2472200.0,4133900.0,False,0.0,09:29:26
19450.0,700,-500.0,0.0,SD,2472200.0,4133600.0,False,0.0,09:29:26
19450.0,3500,-500.0,0.0,SD,2472200.0,4132900.0,False,-50.0,09:29:26
19500.0,2200,-450.0,0.0,BU,2472200.0,4129400.0,False,0.0,09:29:25
19500.0,500,-450.0,0.0,BU,2470000.0,4129400.0,False,0.0,09:29:25
19500.0,200,-450.0,0.0,BU,2469500.0,4129400.0,False,0.0,09:29:25
19500.0,1000,-450.0,0.0,BU,2469300.0,4129400.0,False,0.0,09:29:25
19500.0,6100,-450.0,0.0,BU,2468300.0,4129400.0,False,0.0,09:29:25
19500.0,1000,-450.0,0.0,BU,2462200.0,4129400.0,False,0.0,09:29:25
19500.0,1000,-450.0,0.0,BU,2461200.0,4129400.0,False,50.0,09:29:25
19450.0,100,-500.0,0.0,SD,2460200.0,4129400.0,False,0.0,09:29:25
19450.0,1400,-500.0,0.0,SD,2460200.0,4129300.0,False,0.0,09:29:24
19450.0,300,-500.0,0.0,SD,2460200.0,4127900.0,False,0.0,09:29:24
19450.0,100,-500.0,0.0,SD,2460200.0,4127600.0,False,0.0,09:29:24
19450.0,200,-500.0,0.0,SD,2460200.0,4127500.0,False,0.0,09:29:24
19450.0,1000,-500.0,0.0,SD,2460200.0,4127300.0,False,0.0,09:29:24
19450.0,1000,-500.0,0.0,SD,2460200.0,4126300.0,False,0.0,09:29:24
19450.0,100,-500.0,0.0,SD,2460200.0,4125300.0,False,0.0,09:29:24
19450.0,1000,-500.0,0.0,SD,2460200.0,4125200.0,False,0.0,09:29:24
19450.0,500,-500.0,0.0,SD,2460200.0,4124200.0,False,0.0,09:29:24
19450.0,5000,-500.0,0.0,SD,2460200.0,4123700.0,False,0.0,09:29:24
19450.0,300,-500.0,0.0,SD,2460200.0,4118700.0,False,0.0,09:29:24
19450.0,1000,-500.0,0.0,SD,2460200.0,4118400.0,False,0.0,09:29:24
19450.0,400,-500.0,0.0,SD,2460200.0,4117400.0,False,0.0,09:29:24
19450.0,500,-500.0,0.0,SD,2460200.0,4117000.0,False,0.0,09:29:24
19450.0,200,-500.0,0.0,SD,2460200.0,4116500.0,False,0.0,09:29:24
19450.0,100,-500.0,0.0,SD,2460200.0,4116300.0,False,0.0,09:29:24
19450.0,100,-500.0,0.0,SD,2460200.0,4116200.0,False,0.0,09:29:24
19450.0,1200,-500.0,0.0,SD,2460200.0,4116100.0,False,0.0,09:29:24
19450.0,500,-500.0,0.0,SD,2460200.0,4114900.0,False,0.0,09:29:24
19450.0,1000,-500.0,0.0,SD,2460200.0,4114400.0,False,0.0,09:29:24
19450.0,100,-500.0,0.0,SD,2460200.0,4113400.0,False,0.0,09:29:24
19450.0,200,-500.0,0.0,SD,2460200.0,4113300.0,False,0.0,09:29:24
19450.0,1000,-500.0,0.0,SD,2460200.0,4113100.0,False,0.0,09:29:24
19450.0,500,-500.0,0.0,SD,2460200.0,4112100.0,False,0.0,09:29:24
19450.0,200,-500.0,0.0,SD,2460200.0,4111600.0,False,0.0,09:29:24
19450.0,100,-500.0,0.0,SD,2460200.0,4111400.0,False,0.0,09:29:24
19450.0,1000,-500.0,0.0,SD,2460200.0,4111300.0,False,0.0,09:29:24
19450.0,100,-500.0,0.0,SD,2460200.0,4110300.0,False,0.0,09:29:24
19450.0,200,-500.0,0.0,SD,2460200.0,4110200.0,False,0.0,09:29:24
19450.0,700,-500.0,0.0,SD,2460200.0,4110000.0,False,0.0,09:29:24
19450.0,200,-500.0,0.0,SD,2460200.0,4109300.0,False,0.0,09:29:20
19450.0,300,-500.0,0.0,SD,2460200.0,4109100.0,False,0.0,09:29:20
19450.0,100,-500.0,0.0,SD,2460200.0,4108800.0,False,0.0,09:29:19
19450.0,100,-500.0,0.0,SD,2460200.0,4108700.0,False,-50.0,09:29:19
19500.0,200,-450.0,0.0,BU,2460200.0,4108600.0,False,0.0,09:29:17
19500.0,300,-450.0,0.0,BU,2460000.0,4108600.0,False,50.0,09:29:16
19450.0,500,-500.0,0.0,SD,2459700.0,4108600.0,False,0.0,09:29:14
19450.0,500,-500.0,0.0,SD,2459700.0,4108100.0,False,0.0,09:29:12
19450.0,500,-500.0,0.0,SD,2459700.0,4107600.0,False,-50.0,09:29:12
19500.0,1400,-450.0,0.0,BU,2459700.0,4107100.0,False,0.0,09:29:11
19500.0,1000,-450.0,0.0,BU,2458300.0,4107100.0,False,0.0,09:29:11
19500.0,600,-450.0,0.0,BU,2457300.0,4107100.0,False,0.0,09:29:11
19500.0,400,-450.0,0.0,BU,2456700.0,4107100.0,False,0.0,09:29:10
19500.0,300,-450.0,0.0,BU,2456300.0,4107100.0,False,50.0,09:29:09
19450.0,700,-500.0,0.0,SD,2456000.0,4107100.0,False,0.0,09:29:09
19450.0,300,-500.0,0.0,SD,2456000.0,4106400.0,False,0.0,09:29:08
19450.0,5000,-500.0,0.0,SD,2456000.0,4106100.0,False,0.0,09:29:08
19450.0,200,-500.0,0.0,SD,2456000.0,4101100.0,False,0.0,09:29:08
19450.0,500,-500.0,0.0,SD,2456000.0,4100900.0,False,0.0,09:29:08
19450.0,1500,-500.0,0.0,SD,2456000.0,4100400.0,False,0.0,09:29:07
19450.0,1000,-500.0,0.0,SD,2456000.0,4098900.0,False,0.0,09:29:07
19450.0,100,-500.0,0.0,SD,2456000.0,4097900.0,False,0.0,09:29:07
19450.0,300,-500.0,0.0,SD,2456000.0,4097800.0,False,0.0,09:29:07
19450.0,100,-500.0,0.0,SD,2456000.0,4097500.0,False,0.0,09:29:07
19450.0,900,-500.0,0.0,SD,2456000.0,4097400.0,False,0.0,09:29:07
19450.0,200,-500.0,0.0,SD,2456000.0,4096500.0,False,0.0,09:29:07
19450.0,900,-500.0,0.0,SD,2456000.0,4096300.0,False,0.0,09:29:07
19450.0,4100,-500.0,0.0,SD,2456000.0,4095400.0,False,0.0,09:29:06
19450.0,5900,-500.0,0.0,SD,2456000.0,4091300.0,False,0.0,09:29:06
19450.0,100,-500.0,0.0,SD,2456000.0,4085400.0,False,0.0,09:29:06
19450.0,300,-500.0,0.0,SD,2456000.0,4085300.0,False,0.0,09:29:06
19450.0,3700,-500.0,0.0,SD,2456000.0,4085000.0,False,0.0,09:29:06
19450.0,500,-500.0,0.0,SD,2456000.0,4081300.0,False,0.0,09:29:06
19450.0,1800,-500.0,0.0,SD,2456000.0,4080800.0,False,0.0,09:29:06
19450.0,100,-500.0,0.0,SD,2456000.0,4079000.0,False,0.0,09:29:06
19450.0,100,-500.0,0.0,SD,2456000.0,4078900.0,False,0.0,09:29:06
19450.0,300,-500.0,0.0,SD,2456000.0,4078800.0,False,0.0,09:29:06
19450.0,1400,-500.0,0.0,SD,2456000.0,4078500.0,False,0.0,09:29:06
19450.0,100,-500.0,0.0,SD,2456000.0,4077100.0,False,0.0,09:29:06
19450.0,12000,-500.0,0.0,SD,2456000.0,4077000.0,True,-50.0,09:29:06
19500.0,100,-450.0,0.0,BU,2456000.0,4065000.0,False,50.0,09:29:06
19450.0,700,-500.0,0.0,SD,2455900.0,4065000.0,False,0.0,09:29:04
19450.0,1000,-500.0,0.0,SD,2455900.0,4064300.0,False,0.0,09:29:03
19450.0,200,-500.0,0.0,SD,2455900.0,4063300.0,False,0.0,09:29:02
19450.0,2000,-500.0,0.0,SD,2455900.0,4063100.0,False,0.0,09:29:02
19450.0,200,-500.0,0.0,SD,2455900.0,4061100.0,False,0.0,09:29:02
19450.0,1300,-500.0,0.0,SD,2455900.0,4060900.0,False,0.0,09:29:01
19450.0,10000,-500.0,0.0,SD,2455900.0,4059600.0,False,0.0,09:29:01
19450.0,200,-500.0,0.0,SD,2455900.0,4049600.0,False,0.0,09:29:01
19450.0,1100,-500.0,0.0,SD,2455900.0,4049400.0,False,0.0,09:28:59
19450.0,2500,-500.0,0.0,SD,2455900.0,4048300.0,False,0.0,09:28:58
19450.0,2000,-500.0,0.0,SD,2455900.0,4045800.0,False,0.0,09:28:57
19450.0,1400,-500.0,0.0,SD,2455900.0,4043800.0,False,0.0,09:28:57
19450.0,600,-500.0,0.0,SD,2455900.0,4042400.0,False,0.0,09:28:57
19450.0,2000,-500.0,0.0,SD,2455900.0,4041800.0,False,0.0,09:28:57
19450.0,1000,-500.0,0.0,SD,2455900.0,4039800.0,False,0.0,09:28:56
19450.0,20000,-500.0,0.0,SD,2455900.0,4038800.0,True,0.0,09:28:55
19450.0,2000,-500.0,0.0,SD,2455900.0,4018800.0,False,0.0,09:28:53
19450.0,2000,-500.0,0.0,SD,2455900.0,4016800.0,False,0.0,09:28:53
19450.0,500,-500.0,0.0,SD,2455900.0,4014800.0,False,0.0,09:28:52
19450.0,1000,-500.0,0.0,SD,2455900.0,4014300.0,False,0.0,09:28:50
19450.0,1500,-500.0,0.0,SD,2455900.0,4013300.0,False,0.0,09:28:49
19450.0,200,-500.0,0.0,SD,2455900.0,4011800.0,False,0.0,09:28:49
19450.0,100,-500.0,0.0,SD,2455900.0,4011600.0,False,0.0,09:28:49
19450.0,100,-500.0,0.0,SD,2455900.0,4011500.0,False,0.0,09:28:49
19450.0,200,-500.0,0.0,SD,2455900.0,4011400.0,False,0.0,09:28:49
19450.0,200,-500.0,0.0,SD,2455900.0,4011200.0,False,0.0,09:28:49
19450.0,1000,-500.0,0.0,SD,2455900.0,4011000.0,False,0.0,09:28:49
19450.0,7200,-500.0,0.0,SD,2455900.0,4010000.0,False,0.0,09:28:49
19450.0,5500,-500.0,0.0,SD,2455900.0,4002800.0,False,0.0,09:28:49
19450.0,2800,-500.0,0.0,SD,2455900.0,3997300.0,False,0.0,09:28:49
19450.0,1000,-500.0,0.0,SD,2455900.0,3994500.0,False,0.0,09:28:49
19450.0,200,-500.0,0.0,SD,2455900.0,3993500.0,False,0.0,09:28:48
19450.0,1600,-500.0,0.0,SD,2455900.0,3993300.0,False,0.0,09:28:48
19450.0,1000,-500.0,0.0,SD,2455900.0,3991700.0,False,0.0,09:28:47
19450.0,600,-500.0,0.0,SD,2455900.0,3990700.0,False,-50.0,09:28:47
19500.0,400,-450.0,0.0,BU,2455900.0,3990100.0,False,50.0,09:28:47
19450.0,1000,-500.0,0.0,SD,2455500.0,3990100.0,False,0.0,09:28:46
19450.0,19800,-500.0,0.0,SD,2455500.0,3989100.0,True,0.0,09:28:44
19450.0,9100,-500.0,0.0,SD,2455500.0,3969300.0,False,0.0,09:28:44
19450.0,500,-500.0,0.0,SD,2455500.0,3960200.0,False,0.0,09:28:44
19450.0,500,-500.0,0.0,SD,2455500.0,3959700.0,False,0.0,09:28:44
19450.0,200,-500.0,0.0,SD,2455500.0,3959200.0,False,0.0,09:28:43
19450.0,100,-500.0,0.0,SD,2455500.0,3959000.0,False,0.0,09:28:43
19450.0,700,-500.0,0.0,SD,2455500.0,3958900.0,False,0.0,09:28:43
19450.0,300,-500.0,0.0,SD,2455500.0,3958200.0,False,0.0,09:28:43
19450.0,500,-500.0,0.0,SD,2455500.0,3957900.0,False,0.0,09:28:43
19450.0,100,-500.0,0.0,SD,2455500.0,3957400.0,False,0.0,09:28:43
19450.0,300,-500.0,0.0,SD,2455500.0,3957300.0,False,0.0,09:28:43
19450.0,200,-500.0,0.0,SD,2455500.0,3957000.0,False,0.0,09:28:43
19450.0,200,-500.0,0.0,SD,2455500.0,3956800.0,False,0.0,09:28:43
19450.0,100,-500.0,0.0,SD,2455500.0,3956600.0,False,0.0,09:28:43
19450.0,200,-500.0,0.0,SD,2455500.0,3956500.0,False,0.0,09:28:43
19450.0,100,-500.0,0.0,SD,2455500.0,3956300.0,False,0.0,09:28:42
19450.0,500,-500.0,0.0,SD,2455500.0,3956200.0,False,0.0,09:28:42
19450.0,1000,-500.0,0.0,SD,2455500.0,3955700.0,False,0.0,09:28:42
19450.0,300,-500.0,0.0,SD,2455500.0,3954700.0,False,0.0,09:28:42
19450.0,300,-500.0,0.0,SD,2455500.0,3954400.0,False,0.0,09:28:42
19450.0,1000,-500.0,0.0,SD,2455500.0,3954100.0,False,0.0,09:28:42
19450.0,200,-500.0,0.0,SD,2455500.0,3953100.0,False,0.0,09:28:42
19450.0,500,-500.0,0.0,SD,2455500.0,3952900.0,False,0.0,09:28:42
19450.0,100,-500.0,0.0,SD,2455500.0,3952400.0,False,0.0,09:28:42
19450.0,100,-500.0,0.0,SD,2455500.0,3952300.0,False,0.0,09:28:42
19450.0,100,-500.0,0.0,SD,2455500.0,3952200.0,False,0.0,09:28:42
19450.0,500,-500.0,0.0,SD,2455500.0,3952100.0,False,0.0,09:28:42
19450.0,800,-500.0,0.0,SD,2455500.0,3951600.0,False,0.0,09:28:42
19450.0,1000,-500.0,0.0,SD,2455500.0,3950800.0,False,0.0,09:28:42
19450.0,500,-500.0,0.0,SD,2455500.0,3949800.0,False,0.0,09:28:42
19450.0,100,-500.0,0.0,SD,2455500.0,3949300.0,False,0.0,09:28:42
19450.0,100,-500.0,0.0,SD,2455500.0,3949200.0,False,0.0,09:28:42
19450.0,100,-500.0,0.0,SD,2455500.0,3949100.0,False,0.0,09:28:42
19450.0,500,-500.0,0.0,SD,2455500.0,3949000.0,False,0.0,09:28:42
19450.0,11900,-500.0,0.0,SD,2455500.0,3948500.0,True,0.0,09:28:42
19450.0,100,-500.0,0.0,SD,2455500.0,3936600.0,False,0.0,09:28:42
19450.0,200,-500.0,0.0,SD,2455500.0,3936500.0,False,0.0,09:28:42
19450.0,100,-500.0,0.0,SD,2455500.0,3936300.0,False,-50.0,09:28:42
19500.0,500,-450.0,0.0,BU,2455500.0,3936200.0,False,50.0,09:28:41
19450.0,1000,-500.0,0.0,SD,2455000.0,3936200.0,False,0.0,09:28:41
19450.0,5000,-500.0,0.0,SD,2455000.0,3935200.0,False,-50.0,09:28:39
19500.0,300,-450.0,0.0,BU,2455000.0,3930200.0,False,50.0,09:28:37
19450.0,2000,-500.0,0.0,SD,2454700.0,3930200.0,False,0.0,09:28:36
19450.0,100,-500.0,0.0,SD,2454700.0,3928200.0,False,0.0,09:28:36
19450.0,200,-500.0,0.0,SD,2454700.0,3928100.0,False,-50.0,09:28:36
19500.0,400,-450.0,0.0,BU,2454700.0,3927900.0,False,0.0,09:28:36
19500.0,600,-450.0,0.0,BU,2454300.0,3927900.0,False,50.0,09:28:36
19450.0,300,-500.0,0.0,SD,2453700.0,3927900.0,False,0.0,09:28:35
19450.0,500,-500.0,0.0,SD,2453700.0,3927600.0,False,0.0,09:28:35
19450.0,2000,-500.0,0.0,SD,2453700.0,3927100.0,False,0.0,09:28:35
19450.0,2700,-500.0,0.0,SD,2453700.0,3925100.0,False,0.0,09:28:35
19450.0,4500,-500.0,0.0,SD,2453700.0,3922400.0,False,-50.0,09:28:35
19500.0,100,-450.0,0.0,BU,2453700.0,3917900.0,False,50.0,09:28:35
19450.0,2200,-500.0,0.0,SD,2453600.0,3917900.0,False,-50.0,09:28:31
19500.0,300,-450.0,0.0,BU,2453600.0,3915700.0,False,50.0,09:28:31
19450.0,10000,-500.0,0.0,SD,2453300.0,3915700.0,False,0.0,09:28:30
19450.0,100,-500.0,0.0,SD,2453300.0,3905700.0,False,-50.0,09:28:30
19500.0,500,-450.0,0.0,BU,2453300.0,3905600.0,False,50.0,09:28:29
19450.0,300,-500.0,0.0,SD,2452800.0,3905600.0,False,0.0,09:28:27
19450.0,1000,-500.0,0.0,SD,2452800.0,3905300.0,False,-50.0,09:28:27
19500.0,500,-450.0,0.0,BU,2452800.0,3904300.0,False,50.0,09:28:26
19450.0,300,-500.0,0.0,SD,2452300.0,3904300.0,False,-50.0,09:28:25
19500.0,1800,-450.0,0.0,BU,2452300.0,3904000.0,False,0.0,09:28:25
19500.0,600,-450.0,0.0,BU,2450500.0,3904000.0,False,50.0,09:28:24
19450.0,4600,-500.0,0.0,SD,2449900.0,3904000.0,False,0.0,09:28:24
19450.0,200,-500.0,0.0,SD,2449900.0,3899400.0,False,-50.0,09:28:23
19500.0,100,-450.0,0.0,BU,2449900.0,3899200.0,False,0.0,09:28:23
19500.0,1000,-450.0,0.0,BU,2449800.0,3899200.0,False,0.0,09:28:21
19500.0,1300,-450.0,0.0,BU,2448800.0,3899200.0,False,0.0,09:28:21
19500.0,5700,-450.0,0.0,BU,2447500.0,3899200.0,False,50.0,09:28:21
19450.0,700,-500.0,0.0,SD,2441800.0,3899200.0,False,0.0,09:28:20
19450.0,1100,-500.0,0.0,SD,2441800.0,3898500.0,False,0.0,09:28:20
19450.0,400,-500.0,0.0,SD,2441800.0,3897400.0,False,-50.0,09:28:18
19500.0,1000,-450.0,0.0,BU,2441800.0,3897000.0,False,0.0,09:28:17
19500.0,200,-450.0,0.0,BU,2440800.0,3897000.0,False,50.0,09:28:17
19450.0,100,-500.0,0.0,SD,2440600.0,3897000.0,False,-50.0,09:28:16
19500.0,100,-450.0,0.0,BU,2440600.0,3896900.0,False,50.0,09:28:16
19450.0,4500,-500.0,0.0,SD,2440500.0,3896900.0,False,0.0,09:28:16
19450.0,100,-500.0,0.0,SD,2440500.0,3892400.0,False,0.0,09:28:16
19450.0,400,-500.0,0.0,SD,2440500.0,3892300.0,False,-50.0,09:28:16
19500.0,4000,-450.0,0.0,BU,2440500.0,3891900.0,False,50.0,09:28:14
19450.0,7700,-500.0,0.0,SD,2436500.0,3891900.0,False,0.0,09:28:13
19450.0,300,-500.0,0.0,SD,2436500.0,3884200.0,False,0.0,09:28:13
19450.0,2000,-500.0,0.0,SD,2436500.0,3883900.0,False,0.0,09:28:13
19450.0,2300,-500.0,0.0,SD,2436500.0,3881900.0,False,0.0,09:28:11
19450.0,300,-500.0,0.0,SD,2436500.0,3879600.0,False,0.0,09:28:11
19450.0,500,-500.0,0.0,SD,2436500.0,3879300.0,False,0.0,09:28:11
19450.0,100,-500.0,0.0,SD,2436500.0,3878800.0,False,0.0,09:28:11
19450.0,16800,-500.0,0.0,SD,2436500.0,3878700.0,True,0.0,09:28:11
19450.0,2000,-500.0,0.0,SD,2436500.0,3861900.0,False,-50.0,09:28:11
19500.0,100,-450.0,0.0,BU,2436500.0,3859900.0,False,50.0,09:28:10
19450.0,5000,-500.0,0.0,SD,2436400.0,3859900.0,False,-50.0,09:28:09
19500.0,500,-450.0,0.0,BU,2436400.0,3854900.0,False,0.0,09:28:09
19500.0,500,-450.0,0.0,BU,2435900.0,3854900.0,False,0.0,09:28:09
19500.0,7900,-450.0,0.0,BU,2435400.0,3854900.0,False,0.0,09:28:08
19500.0,2100,-450.0,0.0,BU,2427500.0,3854900.0,False,50.0,09:28:08
19450.0,100,-500.0,0.0,SD,2425400.0,3854900.0,False,-50.0,09:28:08
19500.0,400,-450.0,0.0,BU,2425400.0,3854800.0,False,50.0,09:28:07
19450.0,3500,-500.0,0.0,SD,2425000.0,3854800.0,False,0.0,09:28:07
19450.0,500,-500.0,0.0,SD,2425000.0,3851300.0,False,-50.0,09:28:07
19500.0,100,-450.0,0.0,BU,2425000.0,3850800.0,False,0.0,09:28:06
19500.0,200,-450.0,0.0,BU,2424900.0,3850800.0,False,0.0,09:28:06
19500.0,300,-450.0,0.0,BU,2424700.0,3850800.0,False,0.0,09:28:05
19500.0,200,-450.0,0.0,BU,2424400.0,3850800.0,False,50.0,09:28:05
19450.0,2100,-500.0,0.0,SD,2424200.0,3850800.0,False,0.0,09:28:05
19450.0,100,-500.0,0.0,SD,2424200.0,3848700.0,False,0.0,09:28:05
19450.0,800,-500.0,0.0,SD,2424200.0,3848600.0,False,0.0,09:28:05
19450.0,200,-500.0,0.0,SD,2424200.0,3847800.0,False,0.0,09:28:04
19450.0,2000,-500.0,0.0,SD,2424200.0,3847600.0,False,0.0,09:28:04
19450.0,200,-500.0,0.0,SD,2424200.0,3845600.0,False,0.0,09:28:04
19450.0,2000,-500.0,0.0,SD,2424200.0,3845400.0,False,0.0,09:28:04
19450.0,100,-500.0,0.0,SD,2424200.0,3843400.0,False,0.0,09:28:04
19450.0,500,-500.0,0.0,SD,2424200.0,3843300.0,False,-50.0,09:28:04
19500.0,100,-450.0,0.0,BU,2424200.0,3842800.0,False,0.0,09:28:02
19500.0,200,-450.0,0.0,BU,2424100.0,3842800.0,False,0.0,09:28:01
19500.0,200,-450.0,0.0,BU,2423900.0,3842800.0,False,0.0,09:28:00
19500.0,200,-450.0,0.0,BU,2423700.0,3842800.0,False,0.0,09:28:00
19500.0,300,-450.0,0.0,BU,2423500.0,3842800.0,False,0.0,09:28:00
19500.0,200,-450.0,0.0,BU,2423200.0,3842800.0,False,0.0,09:28:00
19500.0,500,-450.0,0.0,BU,2423000.0,3842800.0,False,50.0,09:28:00
19450.0,800,-500.0,0.0,SD,2422500.0,3842800.0,False,0.0,09:28:00
19450.0,500,-500.0,0.0,SD,2422500.0,3842000.0,False,0.0,09:28:00
19450.0,300,-500.0,0.0,SD,2422500.0,3841500.0,False,-50.0,09:28:00
19500.0,500,-450.0,0.0,BU,2422500.0,3841200.0,False,0.0,09:28:00
19500.0,1000,-450.0,0.0,BU,2422000.0,3841200.0,False,0.0,09:28:00
19500.0,500,-450.0,0.0,BU,2421000.0,3841200.0,False,50.0,09:28:00
19450.0,200,-500.0,0.0,SD,2420500.0,3841200.0,False,-50.0,09:27:58
19500.0,1500,-450.0,0.0,BU,2420500.0,3841000.0,False,0.0,09:27:58
19500.0,100,-450.0,0.0,BU,2419000.0,3841000.0,False,0.0,09:27:58
19500.0,8400,-450.0,0.0,BU,2418900.0,3841000.0,False,0.0,09:27:58
19500.0,3000,-450.0,0.0,BU,2410500.0,3841000.0,False,0.0,09:27:58
19500.0,300,-450.0,0.0,BU,2407500.0,3841000.0,False,0.0,09:27:57
19500.0,500,-450.0,0.0,BU,2407200.0,3841000.0,False,0.0,09:27:57
19500.0,500,-450.0,0.0,BU,2406700.0,3841000.0,False,0.0,09:27:57
19500.0,500,-450.0,0.0,BU,2406200.0,3841000.0,False,0.0,09:27:56
19500.0,1500,-450.0,0.0,BU,2405700.0,3841000.0,False,0.0,09:27:56
19500.0,100,-450.0,0.0,BU,2404200.0,3841000.0,False,0.0,09:27:55
19500.0,2000,-450.0,0.0,BU,2404100.0,3841000.0,False,0.0,09:27:55
19500.0,1100,-450.0,0.0,BU,2402100.0,3841000.0,False,0.0,09:27:55
19500.0,300,-450.0,0.0,BU,2401000.0,3841000.0,False,50.0,09:27:55
19450.0,200,-500.0,0.0,SD,2400700.0,3841000.0,False,0.0,09:27:54
19450.0,100,-500.0,0.0,SD,2400700.0,3840800.0,False,0.0,09:27:54
19450.0,200,-500.0,0.0,SD,2400700.0,3840700.0,False,0.0,09:27:54
19450.0,100,-500.0,0.0,SD,2400700.0,3840500.0,False,0.0,09:27:54
19450.0,400,-500.0,0.0,SD,2400700.0,3840400.0,False,-50.0,09:27:54
19500.0,200,-450.0,0.0,BU,2400700.0,3840000.0,False,0.0,09:27:54
19500.0,4700,-450.0,0.0,BU,2400500.0,3840000.0,False,0.0,09:27:52
19500.0,1100,-450.0,0.0,BU,2395800.0,3840000.0,False,0.0,09:27:52
19500.0,400,-450.0,0.0,BU,2394700.0,3840000.0,False,0.0,09:27:51
19500.0,1100,-450.0,0.0,BU,2394300.0,3840000.0,False,0.0,09:27:51
19500.0,5000,-450.0,0.0,BU,2393200.0,3840000.0,False,0.0,09:27:51
19500.0,100,-450.0,0.0,BU,2388200.0,3840000.0,False,0.0,09:27:51
19500.0,100,-450.0,0.0,BU,2388100.0,3840000.0,False,0.0,09:27:51
19500.0,1000,-450.0,0.0,BU,2388000.0,3840000.0,False,50.0,09:27:49
19450.0,400,-500.0,0.0,SD,2387000.0,3840000.0,False,-50.0,09:27:49
19500.0,200,-450.0,0.0,BU,2387000.0,3839600.0,False,0.0,09:27:48
19500.0,100,-450.0,0.0,BU,2386800.0,3839600.0,False,0.0,09:27:47
19500.0,400,-450.0,0.0,BU,2386700.0,3839600.0,False,0.0,09:27:47
19500.0,100,-450.0,0.0,BU,2386300.0,3839600.0,False,0.0,09:27:46
19500.0,500,-450.0,0.0,BU,2386200.0,3839600.0,False,0.0,09:27:45
19500.0,200,-450.0,0.0,BU,2385700.0,3839600.0,False,0.0,09:27:44
19500.0,100,-450.0,0.0,BU,2385500.0,3839600.0,False,0.0,09:27:44
19500.0,100,-450.0,0.0,BU,2385400.0,3839600.0,False,0.0,09:27:44
19500.0,100,-450.0,0.0,BU,2385300.0,3839600.0,False,0.0,09:27:44
19500.0,1000,-450.0,0.0,BU,2385200.0,3839600.0,False,0.0,09:27:44
19500.0,500,-450.0,0.0,BU,2384200.0,3839600.0,False,0.0,09:27:44
19500.0,300,-450.0,0.0,BU,2383700.0,3839600.0,False,0.0,09:27:44
19500.0,2000,-450.0,0.0,BU,2383400.0,3839600.0,False,0.0,09:27:44
19500.0,1200,-450.0,0.0,BU,2381400.0,3839600.0,False,0.0,09:27:44
19500.0,200,-450.0,0.0,BU,2380200.0,3839600.0,False,0.0,09:27:44
19500.0,100,-450.0,0.0,BU,2380000.0,3839600.0,False,0.0,09:27:44
19500.0,100,-450.0,0.0,SD,2379900.0,3839600.0,False,0.0,09:27:42
19500.0,300,-450.0,0.0,SD,2379900.0,3839500.0,False,0.0,09:27:41
19500.0,100,-450.0,0.0,SD,2379900.0,3839200.0,False,0.0,09:27:41
19500.0,200,-450.0,0.0,SD,2379900.0,3839100.0,False,0.0,09:27:41
19500.0,100,-450.0,0.0,SD,2379900.0,3838900.0,False,0.0,09:27:41
19500.0,1000,-450.0,0.0,SD,2379900.0,3838800.0,False,0.0,09:27:41
19500.0,3000,-450.0,0.0,SD,2379900.0,3837800.0,False,0.0,09:27:41
19500.0,100,-450.0,0.0,SD,2379900.0,3834800.0,False,0.0,09:27:41
19500.0,200,-450.0,0.0,SD,2379900.0,3834700.0,False,0.0,09:27:41
19500.0,1000,-450.0,0.0,SD,2379900.0,3834500.0,False,0.0,09:27:41
19500.0,100,-450.0,0.0,SD,2379900.0,3833500.0,False,0.0,09:27:41
19500.0,100,-450.0,0.0,SD,2379900.0,3833400.0,False,0.0,09:27:41
19500.0,200,-450.0,0.0,SD,2379900.0,3833300.0,False,0.0,09:27:41
19500.0,100,-450.0,0.0,SD,2379900.0,3833100.0,False,0.0,09:27:41
19500.0,1000,-450.0,0.0,SD,2379900.0,3833000.0,False,0.0,09:27:41
19500.0,2400,-450.0,0.0,SD,2379900.0,3832000.0,False,0.0,09:27:41
19500.0,500,-450.0,0.0,SD,2379900.0,3829600.0,False,0.0,09:27:41
19500.0,100,-450.0,0.0,SD,2379900.0,3829100.0,False,0.0,09:27:41
19500.0,500,-450.0,0.0,SD,2379900.0,3829000.0,False,0.0,09:27:41
19500.0,100,-450.0,0.0,SD,2379900.0,3828500.0,False,0.0,09:27:41
19500.0,10000,-450.0,0.0,SD,2379900.0,3828400.0,False,0.0,09:27:41
19500.0,500,-450.0,0.0,SD,2379900.0,3818400.0,False,0.0,09:27:41
19500.0,1000,-450.0,0.0,SD,2379900.0,3817900.0,False,0.0,09:27:41
19500.0,300,-450.0,0.0,SD,2379900.0,3816900.0,False,0.0,09:27:41
19500.0,1000,-450.0,0.0,SD,2379900.0,3816600.0,False,0.0,09:27:41
19500.0,300,-450.0,0.0,SD,2379900.0,3815600.0,False,0.0,09:27:41
19500.0,100,-450.0,0.0,SD,2379900.0,3815300.0,False,0.0,09:27:41
19500.0,100,-450.0,0.0,SD,2379900.0,3815200.0,False,0.0,09:27:41
19500.0,100,-450.0,0.0,SD,2379900.0,3815100.0,False,0.0,09:27:41
19500.0,1300,-450.0,0.0,SD,2379900.0,3815000.0,False,0.0,09:27:41
19500.0,2000,-450.0,0.0,SD,2379900.0,3813700.0,False,0.0,09:27:41
19500.0,200,-450.0,0.0,SD,2379900.0,3811700.0,False,0.0,09:27:41
19500.0,2000,-450.0,0.0,SD,2379900.0,3811500.0,False,0.0,09:27:41
19500.0,100,-450.0,0.0,SD,2379900.0,3809500.0,False,0.0,09:27:41
19500.0,100,-450.0,0.0,SD,2379900.0,3809400.0,False,0.0,09:27:41
19500.0,1000,-450.0,0.0,SD,2379900.0,3809300.0,False,0.0,09:27:41
19500.0,200,-450.0,0.0,SD,2379900.0,3808300.0,False,0.0,09:27:41
19500.0,100,-450.0,0.0,SD,2379900.0,3808100.0,False,0.0,09:27:41
19500.0,4000,-450.0,0.0,SD,2379900.0,3808000.0,False,0.0,09:27:41
19500.0,1000,-450.0,0.0,SD,2379900.0,3804000.0,False,0.0,09:27:41
19500.0,100,-450.0,0.0,SD,2379900.0,3803000.0,False,0.0,09:27:41
19500.0,500,-450.0,0.0,SD,2379900.0,3802900.0,False,0.0,09:27:41
19500.0,5000,-450.0,0.0,SD,2379900.0,3802400.0,False,0.0,09:27:41
19500.0,200,-450.0,0.0,SD,2379900.0,3797400.0,False,0.0,09:27:41
19500.0,100,-450.0,0.0,SD,2379900.0,3797200.0,False,0.0,09:27:41
19500.0,1000,-450.0,0.0,SD,2379900.0,3797100.0,False,0.0,09:27:41
19500.0,300,-450.0,0.0,SD,2379900.0,3796100.0,False,0.0,09:27:41
19500.0,200,-450.0,0.0,SD,2379900.0,3795800.0,False,0.0,09:27:41
19500.0,100,-450.0,0.0,SD,2379900.0,3795600.0,False,0.0,09:27:41
19500.0,100,-450.0,0.0,SD,2379900.0,3795500.0,False,0.0,09:27:41
19500.0,200,-450.0,0.0,SD,2379900.0,3795400.0,False,0.0,09:27:41
19500.0,2000,-450.0,0.0,SD,2379900.0,3795200.0,False,0.0,09:27:41
19500.0,100,-450.0,0.0,SD,2379900.0,3793200.0,False,0.0,09:27:41
19500.0,1500,-450.0,0.0,SD,2379900.0,3793100.0,False,0.0,09:27:41
19500.0,200,-450.0,0.0,SD,2379900.0,3791600.0,False,0.0,09:27:41
19500.0,100,-450.0,0.0,SD,2379900.0,3791400.0,False,0.0,09:27:41
19500.0,700,-450.0,0.0,SD,2379900.0,3791300.0,False,0.0,09:27:41
19500.0,100,-450.0,0.0,SD,2379900.0,3790600.0,False,0.0,09:27:41
19500.0,500,-450.0,0.0,SD,2379900.0,3790500.0,False,0.0,09:27:41
19500.0,300,-450.0,0.0,SD,2379900.0,3790000.0,False,0.0,09:27:41
19500.0,200,-450.0,0.0,SD,2379900.0,3789700.0,False,0.0,09:27:41
19500.0,100,-450.0,0.0,SD,2379900.0,3789500.0,False,0.0,09:27:41
19500.0,1000,-450.0,0.0,SD,2379900.0,3789400.0,False,0.0,09:27:41
19500.0,200,-450.0,0.0,SD,2379900.0,3788400.0,False,0.0,09:27:41
19500.0,20000,-450.0,0.0,SD,2379900.0,3788200.0,True,0.0,09:27:41
19500.0,3000,-450.0,0.0,SD,2379900.0,3768200.0,False,0.0,09:27:41
19500.0,4000,-450.0,0.0,SD,2379900.0,3765200.0,False,0.0,09:27:41
19500.0,200,-450.0,0.0,SD,2379900.0,3761200.0,False,0.0,09:27:41
19500.0,100,-450.0,0.0,SD,2379900.0,3761000.0,False,0.0,09:27:41
19500.0,1000,-450.0,0.0,SD,2379900.0,3760900.0,False,0.0,09:27:41
19500.0,300,-450.0,0.0,SD,2379900.0,3759900.0,False,0.0,09:27:41
19500.0,300,-450.0,0.0,SD,2379900.0,3759600.0,False,0.0,09:27:41
19500.0,3000,-450.0,0.0,SD,2379900.0,3759300.0,False,0.0,09:27:41
19500.0,16800,-450.0,0.0,SD,2379900.0,3756300.0,True,0.0,09:27:41
19500.0,1000,-450.0,0.0,SD,2379900.0,3739500.0,False,-50.0,09:27:41
19550.0,100,-400.0,0.0,BU,2379900.0,3738500.0,False,50.0,09:27:40
19500.0,2000,-450.0,0.0,SD,2379800.0,3738500.0,False,0.0,09:27:39
19500.0,200,-450.0,0.0,SD,2379800.0,3736500.0,False,0.0,09:27:39
19500.0,800,-450.0,0.0,SD,2379800.0,3736300.0,False,0.0,09:27:38
19500.0,100,-450.0,0.0,SD,2379800.0,3735500.0,False,0.0,09:27:38
19500.0,1000,-450.0,0.0,SD,2379800.0,3735400.0,False,0.0,09:27:38
19500.0,1000,-450.0,0.0,SD,2379800.0,3734400.0,False,0.0,09:27:38
19500.0,1000,-450.0,0.0,SD,2379800.0,3733400.0,False,0.0,09:27:38
19500.0,300,-450.0,0.0,SD,2379800.0,3732400.0,False,0.0,09:27:38
19500.0,1000,-450.0,0.0,SD,2379800.0,3732100.0,False,0.0,09:27:38
19500.0,5000,-450.0,0.0,SD,2379800.0,3731100.0,False,0.0,09:27:38
19500.0,100,-450.0,0.0,SD,2379800.0,3726100.0,False,0.0,09:27:38
19500.0,4000,-450.0,0.0,SD,2379800.0,3726000.0,False,0.0,09:27:38
19500.0,5000,-450.0,0.0,SD,2379800.0,3722000.0,False,0.0,09:27:38
19500.0,500,-450.0,0.0,SD,2379800.0,3717000.0,False,0.0,09:27:38
19500.0,200,-450.0,0.0,SD,2379800.0,3716500.0,False,-50.0,09:27:38
19550.0,100,-400.0,0.0,BU,2379800.0,3716300.0,False,50.0,09:27:38
19500.0,100,-450.0,0.0,SD,2379700.0,3716300.0,False,0.0,09:27:38
19500.0,100,-450.0,0.0,SD,2379700.0,3716200.0,False,-50.0,09:27:38
19550.0,500,-400.0,0.0,BU,2379700.0,3716100.0,False,50.0,09:27:38
19500.0,200,-450.0,0.0,SD,2379200.0,3716100.0,False,0.0,09:27:37
19500.0,100,-450.0,0.0,SD,2379200.0,3715900.0,False,-50.0,09:27:36
19550.0,100,-400.0,0.0,BU,2379200.0,3715800.0,False,0.0,09:27:36
19550.0,3000,-400.0,0.0,BU,2379100.0,3715800.0,False,50.0,09:27:35
19500.0,5000,-450.0,0.0,SD,2376100.0,3715800.0,False,0.0,09:27:35
19500.0,1000,-450.0,0.0,SD,2376100.0,3710800.0,False,0.0,09:27:33
19500.0,700,-450.0,0.0,SD,2376100.0,3709800.0,False,-50.0,09:27:32
19550.0,500,-400.0,0.0,BU,2376100.0,3709100.0,False,0.0,09:27:31
19550.0,100,-400.0,0.0,BU,2375600.0,3709100.0,False,50.0,09:27:31
19500.0,1800,-450.0,0.0,SD,2375500.0,3709100.0,False,-50.0,09:27:31
19550.0,100,-400.0,0.0,BU,2375500.0,3707300.0,False,50.0,09:27:31
19500.0,1000,-450.0,0.0,SD,2375400.0,3707300.0,False,-50.0,09:27:30
19550.0,100,-400.0,0.0,BU,2375400.0,3706300.0,False,50.0,09:27:29
19500.0,200,-450.0,0.0,SD,2375300.0,3706300.0,False,0.0,09:27:29
19500.0,100,-450.0,0.0,SD,2375300.0,3706100.0,False,0.0,09:27:28
19500.0,500,-450.0,0.0,SD,2375300.0,3706000.0,False,0.0,09:27:28
19500.0,7400,-450.0,0.0,SD,2375300.0,3705500.0,False,0.0,09:27:28
19500.0,200,-450.0,0.0,SD,2375300.0,3698100.0,False,0.0,09:27:28
19500.0,1900,-450.0,0.0,SD,2375300.0,3697900.0,False,0.0,09:27:28
19500.0,400,-450.0,0.0,SD,2375300.0,3696000.0,False,0.0,09:27:28
19500.0,200,-450.0,0.0,SD,2375300.0,3695600.0,False,0.0,09:27:28
19500.0,100,-450.0,0.0,SD,2375300.0,3695400.0,False,0.0,09:27:28
19500.0,1000,-450.0,0.0,SD,2375300.0,3695300.0,False,0.0,09:27:28
19500.0,100,-450.0,0.0,SD,2375300.0,3694300.0,False,0.0,09:27:28
19500.0,1000,-450.0,0.0,SD,2375300.0,3694200.0,False,0.0,09:27:28
19500.0,100,-450.0,0.0,SD,2375300.0,3693200.0,False,0.0,09:27:28
19500.0,200,-450.0,0.0,SD,2375300.0,3693100.0,False,0.0,09:27:28
19500.0,100,-450.0,0.0,SD,2375300.0,3692900.0,False,0.0,09:27:28
19500.0,200,-450.0,0.0,SD,2375300.0,3692800.0,False,0.0,09:27:28
19500.0,5000,-450.0,0.0,SD,2375300.0,3692600.0,False,0.0,09:27:28
19500.0,200,-450.0,0.0,SD,2375300.0,3687600.0,False,0.0,09:27:28
19500.0,200,-450.0,0.0,SD,2375300.0,3687400.0,False,0.0,09:27:28
19500.0,100,-450.0,0.0,SD,2375300.0,3687200.0,False,0.0,09:27:28
19500.0,500,-450.0,0.0,SD,2375300.0,3687100.0,False,0.0,09:27:28
19500.0,300,-450.0,0.0,SD,2375300.0,3686600.0,False,0.0,09:27:28
19500.0,2000,-450.0,0.0,SD,2375300.0,3686300.0,False,0.0,09:27:28
19500.0,1500,-450.0,0.0,SD,2375300.0,3684300.0,False,0.0,09:27:28
19500.0,5000,-450.0,0.0,SD,2375300.0,3682800.0,False,0.0,09:27:28
19500.0,500,-450.0,0.0,SD,2375300.0,3677800.0,False,0.0,09:27:28
19500.0,500,-450.0,0.0,SD,2375300.0,3677300.0,False,0.0,09:27:28
19500.0,300,-450.0,0.0,SD,2375300.0,3676800.0,False,0.0,09:27:28
19500.0,500,-450.0,0.0,SD,2375300.0,3676500.0,False,0.0,09:27:28
19500.0,300,-450.0,0.0,SD,2375300.0,3676000.0,False,0.0,09:27:28
19500.0,200,-450.0,0.0,SD,2375300.0,3675700.0,False,0.0,09:27:28
19500.0,300,-450.0,0.0,SD,2375300.0,3675500.0,False,0.0,09:27:28
19500.0,1000,-450.0,0.0,SD,2375300.0,3675200.0,False,0.0,09:27:28
19500.0,5000,-450.0,0.0,SD,2375300.0,3674200.0,False,0.0,09:27:28
19500.0,500,-450.0,0.0,SD,2375300.0,3669200.0,False,0.0,09:27:28
19500.0,100,-450.0,0.0,SD,2375300.0,3668700.0,False,0.0,09:27:28
19500.0,500,-450.0,0.0,SD,2375300.0,3668600.0,False,0.0,09:27:28
19500.0,1000,-450.0,0.0,SD,2375300.0,3668100.0,False,0.0,09:27:28
19500.0,200,-450.0,0.0,SD,2375300.0,3667100.0,False,0.0,09:27:28
19500.0,100,-450.0,0.0,SD,2375300.0,3666900.0,False,0.0,09:27:28
19500.0,300,-450.0,0.0,SD,2375300.0,3666800.0,False,0.0,09:27:28
19500.0,1000,-450.0,0.0,SD,2375300.0,3666500.0,False,0.0,09:27:28
19500.0,400,-450.0,0.0,SD,2375300.0,3665500.0,False,0.0,09:27:28
19500.0,100,-450.0,0.0,SD,2375300.0,3665100.0,False,0.0,09:27:28
19500.0,5000,-450.0,0.0,SD,2375300.0,3665000.0,False,0.0,09:27:28
19500.0,500,-450.0,0.0,SD,2375300.0,3660000.0,False,0.0,09:27:28
19500.0,100,-450.0,0.0,SD,2375300.0,3659500.0,False,0.0,09:27:28
19500.0,1000,-450.0,0.0,SD,2375300.0,3659400.0,False,0.0,09:27:28
19500.0,100,-450.0,0.0,SD,2375300.0,3658400.0,False,0.0,09:27:28
19500.0,500,-450.0,0.0,SD,2375300.0,3658300.0,False,0.0,09:27:28
19500.0,2000,-450.0,0.0,SD,2375300.0,3657800.0,False,0.0,09:27:28
19500.0,100,-450.0,0.0,SD,2375300.0,3655800.0,False,0.0,09:27:28
19500.0,1000,-450.0,0.0,SD,2375300.0,3655700.0,False,0.0,09:27:28
19500.0,1000,-450.0,0.0,SD,2375300.0,3654700.0,False,0.0,09:27:28
19500.0,1000,-450.0,0.0,SD,2375300.0,3653700.0,False,0.0,09:27:28
19500.0,3000,-450.0,0.0,SD,2375300.0,3652700.0,False,0.0,09:27:28
19500.0,200,-450.0,0.0,SD,2375300.0,3649700.0,False,0.0,09:27:28
19500.0,5000,-450.0,0.0,SD,2375300.0,3649500.0,False,0.0,09:27:28
19500.0,200,-450.0,0.0,SD,2375300.0,3644500.0,False,0.0,09:27:28
19500.0,200,-450.0,0.0,SD,2375300.0,3644300.0,False,0.0,09:27:28
19500.0,1000,-450.0,0.0,SD,2375300.0,3644100.0,False,0.0,09:27:28
19500.0,100,-450.0,0.0,SD,2375300.0,3643100.0,False,0.0,09:27:28
19500.0,1000,-450.0,0.0,SD,2375300.0,3643000.0,False,0.0,09:27:28
19500.0,200,-450.0,0.0,SD,2375300.0,3642000.0,False,0.0,09:27:28
19500.0,100,-450.0,0.0,SD,2375300.0,3641800.0,False,0.0,09:27:28
19500.0,500,-450.0,0.0,SD,2375300.0,3641700.0,False,0.0,09:27:28
19500.0,200,-450.0,0.0,SD,2375300.0,3641200.0,False,0.0,09:27:28
19500.0,500,-450.0,0.0,SD,2375300.0,3641000.0,False,0.0,09:27:28
19500.0,1000,-450.0,0.0,SD,2375300.0,3640500.0,False,0.0,09:27:28
19500.0,100,-450.0,0.0,SD,2375300.0,3639500.0,False,0.0,09:27:28
19500.0,100,-450.0,0.0,SD,2375300.0,3639400.0,False,0.0,09:27:28
19500.0,200,-450.0,0.0,SD,2375300.0,3639300.0,False,0.0,09:27:28
19500.0,100,-450.0,0.0,SD,2375300.0,3639100.0,False,0.0,09:27:28
19500.0,500,-450.0,0.0,SD,2375300.0,3639000.0,False,0.0,09:27:28
19500.0,5000,-450.0,0.0,SD,2375300.0,3638500.0,False,0.0,09:27:28
19500.0,1000,-450.0,0.0,SD,2375300.0,3633500.0,False,0.0,09:27:28
19500.0,100,-450.0,0.0,SD,2375300.0,3632500.0,False,0.0,09:27:28
19500.0,400,-450.0,0.0,SD,2375300.0,3632400.0,False,0.0,09:27:28
19500.0,300,-450.0,0.0,SD,2375300.0,3632000.0,False,0.0,09:27:28
19500.0,200,-450.0,0.0,SD,2375300.0,3631700.0,False,0.0,09:27:28
19500.0,100,-450.0,0.0,SD,2375300.0,3631500.0,False,0.0,09:27:28
19500.0,200,-450.0,0.0,SD,2375300.0,3631400.0,False,0.0,09:27:28
19500.0,1000,-450.0,0.0,SD,2375300.0,3631200.0,False,0.0,09:27:28
19500.0,5000,-450.0,0.0,SD,2375300.0,3630200.0,False,0.0,09:27:28
19500.0,100,-450.0,0.0,SD,2375300.0,3625200.0,False,0.0,09:27:28
19500.0,500,-450.0,0.0,SD,2375300.0,3625100.0,False,0.0,09:27:28
19500.0,900,-450.0,0.0,SD,2375300.0,3624600.0,False,0.0,09:27:28
19500.0,100,-450.0,0.0,SD,2375300.0,3623700.0,False,0.0,09:27:28
19500.0,400,-450.0,0.0,SD,2375300.0,3623600.0,False,0.0,09:27:28
19500.0,2000,-450.0,0.0,SD,2375300.0,3623200.0,False,0.0,09:27:28
19500.0,200,-450.0,0.0,SD,2375300.0,3621200.0,False,0.0,09:27:28
19500.0,200,-450.0,0.0,SD,2375300.0,3621000.0,False,0.0,09:27:28
19500.0,300,-450.0,0.0,SD,2375300.0,3620800.0,False,0.0,09:27:28
19500.0,300,-450.0,0.0,SD,2375300.0,3620500.0,False,0.0,09:27:28
19500.0,1000,-450.0,0.0,SD,2375300.0,3620200.0,False,0.0,09:27:28
19500.0,1000,-450.0,0.0,SD,2375300.0,3619200.0,False,0.0,09:27:28
19500.0,500,-450.0,0.0,SD,2375300.0,3618200.0,False,0.0,09:27:28
19500.0,2500,-450.0,0.0,SD,2375300.0,3617700.0,False,0.0,09:27:28
19500.0,1000,-450.0,0.0,SD,2375300.0,3615200.0,False,0.0,09:27:28
19500.0,2000,-450.0,0.0,SD,2375300.0,3614200.0,False,0.0,09:27:28
19500.0,200,-450.0,0.0,SD,2375300.0,3612200.0,False,0.0,09:27:28
19500.0,2000,-450.0,0.0,SD,2375300.0,3612000.0,False,0.0,09:27:28
19500.0,2000,-450.0,0.0,SD,2375300.0,3610000.0,False,0.0,09:27:27
19500.0,100,-450.0,0.0,SD,2375300.0,3608000.0,False,0.0,09:27:27
19500.0,2000,-450.0,0.0,SD,2375300.0,3607900.0,False,0.0,09:27:27
19500.0,100,-450.0,0.0,SD,2375300.0,3605900.0,False,0.0,09:27:27
19500.0,500,-450.0,0.0,SD,2375300.0,3605800.0,False,0.0,09:27:27
19500.0,500,-450.0,0.0,SD,2375300.0,3605300.0,False,0.0,09:27:27
19500.0,6700,-450.0,0.0,SD,2375300.0,3604800.0,False,0.0,09:27:27
19500.0,800,-450.0,0.0,SD,2375300.0,3598100.0,False,-50.0,09:27:25
19550.0,100,-400.0,0.0,BU,2375300.0,3597300.0,False,0.0,09:27:25
19550.0,400,-400.0,0.0,BU,2375200.0,3597300.0,False,0.0,09:27:21
19550.0,3400,-400.0,0.0,BU,2374800.0,3597300.0,False,0.0,09:27:21
19550.0,100,-400.0,0.0,BU,2371400.0,3597300.0,False,0.0,09:27:21
19550.0,100,-400.0,0.0,BU,2371300.0,3597300.0,False,0.0,09:27:21
19550.0,100,-400.0,0.0,SD,2371200.0,3597300.0,False,0.0,09:27:20
19550.0,100,-400.0,0.0,SD,2371200.0,3597200.0,False,0.0,09:27:20
19550.0,100,-400.0,0.0,SD,2371200.0,3597100.0,False,0.0,09:27:20
19550.0,500,-400.0,0.0,SD,2371200.0,3597000.0,False,0.0,09:27:20
19550.0,100,-400.0,0.0,SD,2371200.0,3596500.0,False,0.0,09:27:20
19550.0,900,-400.0,0.0,SD,2371200.0,3596400.0,False,0.0,09:27:20
19550.0,100,-400.0,0.0,SD,2371200.0,3595500.0,False,0.0,09:27:20
19550.0,200,-400.0,0.0,SD,2371200.0,3595400.0,False,0.0,09:27:20
19550.0,200,-400.0,0.0,SD,2371200.0,3595200.0,False,0.0,09:27:20
19550.0,800,-400.0,0.0,SD,2371200.0,3595000.0,False,0.0,09:27:20
19550.0,300,-400.0,0.0,SD,2371200.0,3594200.0,False,0.0,09:27:20
19550.0,7900,-400.0,0.0,SD,2371200.0,3593900.0,False,0.0,09:27:20
19550.0,500,-400.0,0.0,SD,2371200.0,3586000.0,False,0.0,09:27:20
19550.0,200,-400.0,0.0,SD,2371200.0,3585500.0,False,0.0,09:27:20
19550.0,10000,-400.0,0.0,SD,2371200.0,3585300.0,False,0.0,09:27:19
19550.0,1000,-400.0,0.0,SD,2371200.0,3575300.0,False,0.0,09:27:18
19550.0,2000,-400.0,0.0,SD,2371200.0,3574300.0,False,0.0,09:27:18
19550.0,3400,-400.0,0.0,SD,2371200.0,3572300.0,False,0.0,09:27:17
19550.0,200,-400.0,0.0,SD,2371200.0,3568900.0,False,0.0,09:27:17
19550.0,1000,-400.0,0.0,SD,2371200.0,3568700.0,False,0.0,09:27:17
19550.0,1000,-400.0,0.0,SD,2371200.0,3567700.0,False,0.0,09:27:17
19550.0,200,-400.0,0.0,SD,2371200.0,3566700.0,False,0.0,09:27:17
19550.0,200,-400.0,0.0,SD,2371200.0,3566500.0,False,0.0,09:27:17
19550.0,400,-400.0,0.0,SD,2371200.0,3566300.0,False,0.0,09:27:17
19550.0,100,-400.0,0.0,SD,2371200.0,3565900.0,False,0.0,09:27:17
19550.0,1000,-400.0,0.0,SD,2371200.0,3565800.0,False,0.0,09:27:17
19550.0,1000,-400.0,0.0,SD,2371200.0,3564800.0,False,0.0,09:27:17
19550.0,200,-400.0,0.0,SD,2371200.0,3563800.0,False,0.0,09:27:17
19550.0,4000,-400.0,0.0,SD,2371200.0,3563600.0,False,0.0,09:27:17
19550.0,2500,-400.0,0.0,SD,2371200.0,3559600.0,False,0.0,09:27:17
19550.0,200,-400.0,0.0,SD,2371200.0,3557100.0,False,0.0,09:27:17
19550.0,800,-400.0,0.0,SD,2371200.0,3556900.0,False,0.0,09:27:17
19550.0,1000,-400.0,0.0,SD,2371200.0,3556100.0,False,0.0,09:27:17
19550.0,200,-400.0,0.0,SD,2371200.0,3555100.0,False,0.0,09:27:17
19550.0,1000,-400.0,0.0,SD,2371200.0,3554900.0,False,0.0,09:27:17
19550.0,1600,-400.0,0.0,SD,2371200.0,3553900.0,False,0.0,09:27:17
19550.0,200,-400.0,0.0,SD,2371200.0,3552300.0,False,0.0,09:27:17
19550.0,200,-400.0,0.0,SD,2371200.0,3552100.0,False,0.0,09:27:17
19550.0,100,-400.0,0.0,SD,2371200.0,3551900.0,False,0.0,09:27:17
19550.0,100,-400.0,0.0,SD,2371200.0,3551800.0,False,0.0,09:27:17
19550.0,4600,-400.0,0.0,SD,2371200.0,3551700.0,False,0.0,09:27:17
19550.0,5000,-400.0,0.0,SD,2371200.0,3547100.0,False,-50.0,09:27:17
19600.0,1000,-350.0,0.0,BU,2371200.0,3542100.0,False,0.0,09:27:16
19600.0,100,-350.0,0.0,BU,2370200.0,3542100.0,False,50.0,09:27:16
19550.0,3000,-400.0,0.0,SD,2370100.0,3542100.0,False,0.0,09:27:15
19550.0,10000,-400.0,0.0,SD,2370100.0,3539100.0,False,0.0,09:27:15
19550.0,1000,-400.0,0.0,SD,2370100.0,3529100.0,False,0.0,09:27:15
19550.0,3500,-400.0,0.0,SD,2370100.0,3528100.0,False,0.0,09:27:14
19550.0,100,-400.0,0.0,SD,2370100.0,3524600.0,False,0.0,09:27:12
19550.0,22800,-400.0,0.0,SD,2370100.0,3524500.0,True,0.0,09:27:11
19550.0,200,-400.0,0.0,SD,2370100.0,3501700.0,False,0.0,09:27:11
19550.0,1000,-400.0,0.0,SD,2370100.0,3501500.0,False,0.0,09:27:11
19550.0,100,-400.0,0.0,SD,2370100.0,3500500.0,False,0.0,09:27:11
19550.0,2000,-400.0,0.0,SD,2370100.0,3500400.0,False,0.0,09:27:11
19550.0,100,-400.0,0.0,SD,2370100.0,3498400.0,False,0.0,09:27:11
19550.0,100,-400.0,0.0,SD,2370100.0,3498300.0,False,0.0,09:27:11
19550.0,100,-400.0,0.0,SD,2370100.0,3498200.0,False,0.0,09:27:11
19550.0,100,-400.0,0.0,SD,2370100.0,3498100.0,False,0.0,09:27:11
19550.0,1000,-400.0,0.0,SD,2370100.0,3498000.0,False,0.0,09:27:11
19550.0,200,-400.0,0.0,SD,2370100.0,3497000.0,False,0.0,09:27:11
19550.0,200,-400.0,0.0,SD,2370100.0,3496800.0,False,0.0,09:27:11
19550.0,1000,-400.0,0.0,SD,2370100.0,3496600.0,False,0.0,09:27:11
19550.0,100,-400.0,0.0,SD,2370100.0,3495600.0,False,0.0,09:27:11
19550.0,1000,-400.0,0.0,SD,2370100.0,3495500.0,False,-50.0,09:27:11
19600.0,100,-350.0,0.0,BU,2370100.0,3494500.0,False,0.0,09:27:11
19600.0,100,-350.0,0.0,BU,2370000.0,3494500.0,False,0.0,09:27:11
19600.0,1000,-350.0,0.0,BU,2369900.0,3494500.0,False,0.0,09:27:10
19600.0,300,-350.0,0.0,BU,2368900.0,3494500.0,False,0.0,09:27:10
19600.0,500,-350.0,0.0,BU,2368600.0,3494500.0,False,0.0,09:27:10
19600.0,300,-350.0,0.0,BU,2368100.0,3494500.0,False,0.0,09:27:10
19600.0,500,-350.0,0.0,BU,2367800.0,3494500.0,False,0.0,09:27:09
19600.0,1500,-350.0,0.0,BU,2367300.0,3494500.0,False,0.0,09:27:09
19600.0,3000,-350.0,0.0,BU,2365800.0,3494500.0,False,0.0,09:27:07
19600.0,200,-350.0,0.0,BU,2362800.0,3494500.0,False,0.0,09:27:06
19600.0,100,-350.0,0.0,BU,2362600.0,3494500.0,False,0.0,09:27:06
19600.0,100,-350.0,0.0,BU,2362500.0,3494500.0,False,0.0,09:27:05
19600.0,300,-350.0,0.0,BU,2362400.0,3494500.0,False,0.0,09:27:04
19600.0,200,-350.0,0.0,BU,2362100.0,3494500.0,False,0.0,09:27:04
19600.0,300,-350.0,0.0,BU,2361900.0,3494500.0,False,0.0,09:27:04
19600.0,300,-350.0,0.0,BU,2361600.0,3494500.0,False,0.0,09:27:03
19600.0,500,-350.0,0.0,BU,2361300.0,3494500.0,False,0.0,09:27:03
19600.0,1000,-350.0,0.0,BU,2360800.0,3494500.0,False,0.0,09:27:03
19600.0,2100,-350.0,0.0,BU,2359800.0,3494500.0,False,0.0,09:27:03
19600.0,300,-350.0,0.0,BU,2357700.0,3494500.0,False,0.0,09:27:03
19600.0,100,-350.0,0.0,BU,2357400.0,3494500.0,False,0.0,09:27:03
19600.0,2000,-350.0,0.0,BU,2357300.0,3494500.0,False,0.0,09:27:03
19600.0,3000,-350.0,0.0,BU,2355300.0,3494500.0,False,0.0,09:27:03
19600.0,500,-350.0,0.0,BU,2352300.0,3494500.0,False,0.0,09:27:03
19600.0,100,-350.0,0.0,BU,2351800.0,3494500.0,False,0.0,09:27:03
19600.0,100,-350.0,0.0,BU,2351700.0,3494500.0,False,0.0,09:27:03
19600.0,200,-350.0,0.0,BU,2351600.0,3494500.0,False,0.0,09:27:03
19600.0,300,-350.0,0.0,BU,2351400.0,3494500.0,False,0.0,09:27:03
19600.0,1900,-350.0,0.0,BU,2351100.0,3494500.0,False,0.0,09:27:03
19600.0,100,-350.0,0.0,BU,2349200.0,3494500.0,False,0.0,09:27:03
19600.0,200,-350.0,0.0,BU,2349100.0,3494500.0,False,0.0,09:27:03
19600.0,200,-350.0,0.0,BU,2348900.0,3494500.0,False,0.0,09:27:03
19600.0,100,-350.0,0.0,BU,2348700.0,3494500.0,False,0.0,09:27:03
19600.0,1000,-350.0,0.0,BU,2348600.0,3494500.0,False,0.0,09:27:03
19600.0,300,-350.0,0.0,BU,2347600.0,3494500.0,False,0.0,09:27:03
19600.0,100,-350.0,0.0,BU,2347300.0,3494500.0,False,0.0,09:27:03
19600.0,600,-350.0,0.0,SD,2347200.0,3494500.0,False,0.0,09:27:03
19600.0,200,-350.0,0.0,SD,2347200.0,3493900.0,False,0.0,09:27:03
19600.0,200,-350.0,0.0,SD,2347200.0,3493700.0,False,0.0,09:27:03
19600.0,1000,-350.0,0.0,SD,2347200.0,3493500.0,False,0.0,09:27:03
19600.0,2000,-350.0,0.0,SD,2347200.0,3492500.0,False,0.0,09:27:03
19600.0,200,-350.0,0.0,SD,2347200.0,3490500.0,False,0.0,09:27:03
19600.0,1000,-350.0,0.0,SD,2347200.0,3490300.0,False,0.0,09:27:03
19600.0,100,-350.0,0.0,SD,2347200.0,3489300.0,False,0.0,09:27:03
19600.0,100,-350.0,0.0,SD,2347200.0,3489200.0,False,0.0,09:27:03
19600.0,500,-350.0,0.0,SD,2347200.0,3489100.0,False,0.0,09:27:03
19600.0,200,-350.0,0.0,SD,2347200.0,3488600.0,False,0.0,09:27:03
19600.0,2000,-350.0,0.0,SD,2347200.0,3488400.0,False,0.0,09:27:03
19600.0,500,-350.0,0.0,SD,2347200.0,3486400.0,False,0.0,09:27:03
19600.0,1000,-350.0,0.0,SD,2347200.0,3485900.0,False,0.0,09:27:03
19600.0,200,-350.0,0.0,SD,2347200.0,3484900.0,False,0.0,09:27:03
19600.0,100,-350.0,0.0,SD,2347200.0,3484700.0,False,0.0,09:27:03
19600.0,200,-350.0,0.0,SD,2347200.0,3484600.0,False,0.0,09:27:03
19600.0,400,-350.0,0.0,SD,2347200.0,3484400.0,False,0.0,09:27:03
19600.0,1000,-350.0,0.0,SD,2347200.0,3484000.0,False,0.0,09:27:03
19600.0,1000,-350.0,0.0,SD,2347200.0,3483000.0,False,0.0,09:27:03
19600.0,400,-350.0,0.0,SD,2347200.0,3482000.0,False,0.0,09:27:03
19600.0,100,-350.0,0.0,SD,2347200.0,3481600.0,False,0.0,09:27:03
19600.0,100,-350.0,0.0,SD,2347200.0,3481500.0,False,0.0,09:27:03
19600.0,300,-350.0,0.0,SD,2347200.0,3481400.0,False,0.0,09:27:03
19600.0,1000,-350.0,0.0,SD,2347200.0,3481100.0,False,0.0,09:27:03
19600.0,300,-350.0,0.0,SD,2347200.0,3480100.0,False,0.0,09:27:03
19600.0,1000,-350.0,0.0,SD,2347200.0,3479800.0,False,0.0,09:27:03
19600.0,1600,-350.0,0.0,SD,2347200.0,3478800.0,False,0.0,09:27:03
19600.0,25000,-350.0,0.0,SD,2347200.0,3477200.0,True,0.0,09:27:03
19600.0,1000,-350.0,0.0,SD,2347200.0,3452200.0,False,0.0,09:27:03
19600.0,500,-350.0,0.0,SD,2347200.0,3451200.0,False,0.0,09:27:03
19600.0,200,-350.0,0.0,SD,2347200.0,3450700.0,False,0.0,09:27:03
19600.0,100,-350.0,0.0,SD,2347200.0,3450500.0,False,0.0,09:27:03
19600.0,100,-350.0,0.0,SD,2347200.0,3450400.0,False,0.0,09:27:03
19600.0,100,-350.0,0.0,SD,2347200.0,3450300.0,False,0.0,09:27:03
19600.0,1000,-350.0,0.0,SD,2347200.0,3450200.0,False,0.0,09:27:03
19600.0,200,-350.0,0.0,SD,2347200.0,3449200.0,False,0.0,09:27:03
19600.0,500,-350.0,0.0,SD,2347200.0,3449000.0,False,0.0,09:27:03
19600.0,100,-350.0,0.0,SD,2347200.0,3448500.0,False,0.0,09:27:03
19600.0,2000,-350.0,0.0,SD,2347200.0,3448400.0,False,0.0,09:27:03
19600.0,100,-350.0,0.0,SD,2347200.0,3446400.0,False,0.0,09:27:03
19600.0,100,-350.0,0.0,SD,2347200.0,3446300.0,False,0.0,09:27:03
19600.0,400,-350.0,0.0,SD,2347200.0,3446200.0,False,0.0,09:27:03
19600.0,500,-350.0,0.0,SD,2347200.0,3445800.0,False,0.0,09:27:03
19600.0,1000,-350.0,0.0,SD,2347200.0,3445300.0,False,0.0,09:27:03
19600.0,1100,-350.0,0.0,SD,2347200.0,3444300.0,False,0.0,09:27:03
19600.0,2000,-350.0,0.0,SD,2347200.0,3443200.0,False,0.0,09:27:03
19600.0,2500,-350.0,0.0,SD,2347200.0,3441200.0,False,0.0,09:27:03
19600.0,1000,-350.0,0.0,SD,2347200.0,3438700.0,False,0.0,09:27:03
19600.0,200,-350.0,0.0,SD,2347200.0,3437700.0,False,0.0,09:27:03
19600.0,200,-350.0,0.0,SD,2347200.0,3437500.0,False,0.0,09:27:03
19600.0,300,-350.0,0.0,SD,2347200.0,3437300.0,False,0.0,09:27:03
19600.0,500,-350.0,0.0,SD,2347200.0,3437000.0,False,0.0,09:27:03
19600.0,1600,-350.0,0.0,SD,2347200.0,3436500.0,False,0.0,09:27:03
19600.0,5000,-350.0,0.0,SD,2347200.0,3434900.0,False,0.0,09:27:03
19600.0,100,-350.0,0.0,SD,2347200.0,3429900.0,False,0.0,09:27:03
19600.0,200,-350.0,0.0,SD,2347200.0,3429800.0,False,0.0,09:27:03
19600.0,200,-350.0,0.0,SD,2347200.0,3429600.0,False,0.0,09:27:03
19600.0,200,-350.0,0.0,SD,2347200.0,3429400.0,False,0.0,09:27:03
19600.0,100,-350.0,0.0,SD,2347200.0,3429200.0,False,0.0,09:27:03
19600.0,100,-350.0,0.0,SD,2347200.0,3429100.0,False,0.0,09:27:03
19600.0,800,-350.0,0.0,SD,2347200.0,3429000.0,False,0.0,09:27:03
19600.0,500,-350.0,0.0,SD,2347200.0,3428200.0,False,0.0,09:27:03
19600.0,100,-350.0,0.0,SD,2347200.0,3427700.0,False,0.0,09:27:03
19600.0,10000,-350.0,0.0,SD,2347200.0,3427600.0,False,0.0,09:27:03
19600.0,100,-350.0,0.0,SD,2347200.0,3417600.0,False,0.0,09:27:03
19600.0,100,-350.0,0.0,SD,2347200.0,3417500.0,False,0.0,09:27:03
19600.0,400,-350.0,0.0,SD,2347200.0,3417400.0,False,0.0,09:27:03
19600.0,5000,-350.0,0.0,SD,2347200.0,3417000.0,False,0.0,09:27:03
19600.0,1000,-350.0,0.0,SD,2347200.0,3412000.0,False,0.0,09:27:03
19600.0,1000,-350.0,0.0,SD,2347200.0,3411000.0,False,0.0,09:27:03
19600.0,500,-350.0,0.0,SD,2347200.0,3410000.0,False,-50.0,09:27:03
19650.0,200,-300.0,0.0,BU,2347200.0,3409500.0,False,50.0,09:27:02
19600.0,2000,-350.0,0.0,SD,2347000.0,3409500.0,False,0.0,09:27:02
19600.0,300,-350.0,0.0,SD,2347000.0,3407500.0,False,0.0,09:27:02
19600.0,500,-350.0,0.0,SD,2347000.0,3407200.0,False,0.0,09:27:02
19600.0,100,-350.0,0.0,SD,2347000.0,3406700.0,False,0.0,09:27:02
19600.0,400,-350.0,0.0,SD,2347000.0,3406600.0,False,0.0,09:27:02
19600.0,500,-350.0,0.0,SD,2347000.0,3406200.0,False,0.0,09:27:02
19600.0,300,-350.0,0.0,SD,2347000.0,3405700.0,False,0.0,09:27:02
19600.0,100,-350.0,0.0,SD,2347000.0,3405400.0,False,0.0,09:27:02
19600.0,1000,-350.0,0.0,SD,2347000.0,3405300.0,False,0.0,09:27:02
19600.0,100,-350.0,0.0,SD,2347000.0,3404300.0,False,0.0,09:27:02
19600.0,2000,-350.0,0.0,SD,2347000.0,3404200.0,False,0.0,09:27:02
19600.0,700,-350.0,0.0,SD,2347000.0,3402200.0,False,0.0,09:27:02
19600.0,1600,-350.0,0.0,SD,2347000.0,3401500.0,False,-50.0,09:27:01
19650.0,100,-300.0,0.0,BU,2347000.0,3399900.0,False,50.0,09:27:01
19600.0,9900,-350.0,0.0,SD,2346900.0,3399900.0,False,-50.0,09:26:59
19650.0,200,-300.0,0.0,BU,2346900.0,3390000.0,False,50.0,09:26:59
19600.0,200,-350.0,0.0,SD,2346700.0,3390000.0,False,-50.0,09:26:58
19650.0,100,-300.0,0.0,BU,2346700.0,3389800.0,False,0.0,09:26:54
19650.0,100,-300.0,0.0,BU,2346600.0,3389800.0,False,0.0,09:26:53
19650.0,200,-300.0,0.0,BU,2346500.0,3389800.0,False,0.0,09:26:52
19650.0,2300,-300.0,0.0,BU,2346300.0,3389800.0,False,0.0,09:26:51
19650.0,100,-300.0,0.0,BU,2344000.0,3389800.0,False,50.0,09:26:51
19600.0,500,-350.0,0.0,SD,2343900.0,3389800.0,False,-50.0,09:26:50
19650.0,100,-300.0,0.0,SD,2343900.0,3389300.0,False,0.0,09:26:50
19650.0,5000,-300.0,0.0,SD,2343900.0,3389200.0,False,0.0,09:26:50
19650.0,100,-300.0,0.0,SD,2343900.0,3384200.0,False,0.0,09:26:50
19650.0,200,-300.0,0.0,SD,2343900.0,3384100.0,False,0.0,09:26:50
19650.0,800,-300.0,0.0,SD,2343900.0,3383900.0,False,0.0,09:26:50
19650.0,200,-300.0,0.0,SD,2343900.0,3383100.0,False,0.0,09:26:50
19650.0,500,-300.0,0.0,SD,2343900.0,3382900.0,False,0.0,09:26:50
19650.0,300,-300.0,0.0,SD,2343900.0,3382400.0,False,0.0,09:26:50
19650.0,100,-300.0,0.0,SD,2343900.0,3382100.0,False,0.0,09:26:50
19650.0,100,-300.0,0.0,SD,2343900.0,3382000.0,False,0.0,09:26:50
19650.0,100,-300.0,0.0,SD,2343900.0,3381900.0,False,0.0,09:26:50
19650.0,800,-300.0,0.0,SD,2343900.0,3381800.0,False,0.0,09:26:50
19650.0,100,-300.0,0.0,SD,2343900.0,3381000.0,False,0.0,09:26:50
19650.0,1000,-300.0,0.0,SD,2343900.0,3380900.0,False,0.0,09:26:50
19650.0,200,-300.0,0.0,SD,2343900.0,3379900.0,False,0.0,09:26:50
19650.0,800,-300.0,0.0,SD,2343900.0,3379700.0,False,-50.0,09:26:50
19700.0,100,-250.0,0.0,BU,2343900.0,3378900.0,False,0.0,09:26:46
19700.0,1900,-250.0,0.0,BU,2343800.0,3378900.0,False,0.0,09:26:45
19700.0,200,-250.0,0.0,BU,2341900.0,3378900.0,False,0.0,09:26:45
19700.0,300,-250.0,0.0,BU,2341700.0,3378900.0,False,50.0,09:26:45
19650.0,800,-300.0,0.0,SD,2341400.0,3378900.0,False,0.0,09:26:45
19650.0,500,-300.0,0.0,SD,2341400.0,3378100.0,False,0.0,09:26:45
19650.0,500,-300.0,0.0,SD,2341400.0,3377600.0,False,0.0,09:26:45
19650.0,100,-300.0,0.0,SD,2341400.0,3377100.0,False,0.0,09:26:45
19650.0,1000,-300.0,0.0,SD,2341400.0,3377000.0,False,0.0,09:26:45
19650.0,100,-300.0,0.0,SD,2341400.0,3376000.0,False,-50.0,09:26:45
19700.0,3000,-250.0,0.0,BU,2341400.0,3375900.0,False,50.0,09:26:45
19650.0,1000,-300.0,0.0,SD,2338400.0,3375900.0,False,0.0,09:26:45
19650.0,300,-300.0,0.0,SD,2338400.0,3374900.0,False,0.0,09:26:45
19650.0,100,-300.0,0.0,SD,2338400.0,3374600.0,False,0.0,09:26:45
19650.0,100,-300.0,0.0,SD,2338400.0,3374500.0,False,-50.0,09:26:45
19700.0,300,-250.0,0.0,BU,2338400.0,3374400.0,False,0.0,09:26:45
19700.0,100,-250.0,0.0,BU,2338100.0,3374400.0,False,0.0,09:26:44
19700.0,300,-250.0,0.0,BU,2338000.0,3374400.0,False,50.0,09:26:44
19650.0,900,-300.0,0.0,SD,2337700.0,3374400.0,False,0.0,09:26:44
19650.0,100,-300.0,0.0,SD,2337700.0,3373500.0,False,0.0,09:26:44
19650.0,1000,-300.0,0.0,SD,2337700.0,3373400.0,False,0.0,09:26:44
19650.0,700,-300.0,0.0,SD,2337700.0,3372400.0,False,0.0,09:26:44
19650.0,1000,-300.0,0.0,SD,2337700.0,3371700.0,False,0.0,09:26:44
19650.0,1000,-300.0,0.0,SD,2337700.0,3370700.0,False,0.0,09:26:44
19650.0,100,-300.0,0.0,SD,2337700.0,3369700.0,False,0.0,09:26:44
19650.0,200,-300.0,0.0,SD,2337700.0,3369600.0,False,0.0,09:26:44
19650.0,900,-300.0,0.0,SD,2337700.0,3369400.0,False,0.0,09:26:44
19650.0,100,-300.0,0.0,SD,2337700.0,3368500.0,False,-50.0,09:26:44
19700.0,100,-250.0,0.0,BU,2337700.0,3368400.0,False,0.0,09:26:42
19700.0,500,-250.0,0.0,BU,2337600.0,3368400.0,False,0.0,09:26:42
19700.0,3000,-250.0,0.0,BU,2337100.0,3368400.0,False,0.0,09:26:38
19700.0,5000,-250.0,0.0,BU,2334100.0,3368400.0,False,50.0,09:26:38
19650.0,200,-300.0,0.0,SD,2329100.0,3368400.0,False,0.0,09:26:38
19650.0,1000,-300.0,0.0,SD,2329100.0,3368200.0,False,0.0,09:26:38
19650.0,1000,-300.0,0.0,SD,2329100.0,3367200.0,False,0.0,09:26:38
19650.0,500,-300.0,0.0,SD,2329100.0,3366200.0,False,0.0,09:26:38
19650.0,1000,-300.0,0.0,SD,2329100.0,3365700.0,False,0.0,09:26:38
19650.0,200,-300.0,0.0,SD,2329100.0,3364700.0,False,0.0,09:26:38
19650.0,1000,-300.0,0.0,SD,2329100.0,3364500.0,False,0.0,09:26:38
19650.0,100,-300.0,0.0,SD,2329100.0,3363500.0,False,0.0,09:26:38
19650.0,5000,-300.0,0.0,SD,2329100.0,3363400.0,False,-50.0,09:26:38
19700.0,1000,-250.0,0.0,BU,2329100.0,3358400.0,False,0.0,09:26:37
19700.0,100,-250.0,0.0,BU,2328100.0,3358400.0,False,0.0,09:26:37
19700.0,200,-250.0,0.0,BU,2328000.0,3358400.0,False,0.0,09:26:36
19700.0,400,-250.0,0.0,BU,2327800.0,3358400.0,False,0.0,09:26:36
19700.0,100,-250.0,0.0,BU,2327400.0,3358400.0,False,0.0,09:26:36
19700.0,1000,-250.0,0.0,BU,2327300.0,3358400.0,False,0.0,09:26:36
19700.0,10000,-250.0,0.0,BU,2326300.0,3358400.0,False,0.0,09:26:36
19700.0,100,-250.0,0.0,BU,2316300.0,3358400.0,False,0.0,09:26:36
19700.0,100,-250.0,0.0,BU,2316200.0,3358400.0,False,0.0,09:26:36
19700.0,1000,-250.0,0.0,BU,2316100.0,3358400.0,False,0.0,09:26:36
19700.0,100,-250.0,0.0,BU,2315100.0,3358400.0,False,0.0,09:26:36
19700.0,200,-250.0,0.0,SD,2315000.0,3358400.0,False,0.0,09:26:36
19700.0,500,-250.0,0.0,SD,2315000.0,3358200.0,False,0.0,09:26:36
19700.0,100,-250.0,0.0,SD,2315000.0,3357700.0,False,0.0,09:26:36
19700.0,1000,-250.0,0.0,SD,2315000.0,3357600.0,False,0.0,09:26:36
19700.0,500,-250.0,0.0,SD,2315000.0,3356600.0,False,0.0,09:26:36
19700.0,900,-250.0,0.0,SD,2315000.0,3356100.0,False,0.0,09:26:36
19700.0,3000,-250.0,0.0,SD,2315000.0,3355200.0,False,0.0,09:26:36
19700.0,2000,-250.0,0.0,SD,2315000.0,3352200.0,False,0.0,09:26:36
19700.0,900,-250.0,0.0,SD,2315000.0,3350200.0,False,0.0,09:26:36
19700.0,1000,-250.0,0.0,SD,2315000.0,3349300.0,False,0.0,09:26:36
19700.0,500,-250.0,0.0,SD,2315000.0,3348300.0,False,0.0,09:26:36
19700.0,2000,-250.0,0.0,SD,2315000.0,3347800.0,False,0.0,09:26:36
19700.0,1200,-250.0,0.0,SD,2315000.0,3345800.0,False,0.0,09:26:36
19700.0,100,-250.0,0.0,SD,2315000.0,3344600.0,False,0.0,09:26:36
19700.0,9800,-250.0,0.0,SD,2315000.0,3344500.0,False,0.0,09:26:36
19700.0,800,-250.0,0.0,SD,2315000.0,3334700.0,False,0.0,09:26:36
19700.0,100,-250.0,0.0,SD,2315000.0,3333900.0,False,0.0,09:26:36
19700.0,300,-250.0,0.0,SD,2315000.0,3333800.0,False,0.0,09:26:36
19700.0,500,-250.0,0.0,SD,2315000.0,3333500.0,False,0.0,09:26:36
19700.0,200,-250.0,0.0,SD,2315000.0,3333000.0,False,0.0,09:26:36
19700.0,1000,-250.0,0.0,SD,2315000.0,3332800.0,False,0.0,09:26:36
19700.0,1000,-250.0,0.0,SD,2315000.0,3331800.0,False,0.0,09:26:36
19700.0,1000,-250.0,0.0,SD,2315000.0,3330800.0,False,0.0,09:26:36
19700.0,500,-250.0,0.0,SD,2315000.0,3329800.0,False,0.0,09:26:36
19700.0,100,-250.0,0.0,SD,2315000.0,3329300.0,False,0.0,09:26:36
19700.0,200,-250.0,0.0,SD,2315000.0,3329200.0,False,0.0,09:26:36
19700.0,200,-250.0,0.0,SD,2315000.0,3329000.0,False,0.0,09:26:36
19700.0,100,-250.0,0.0,SD,2315000.0,3328800.0,False,0.0,09:26:36
19700.0,2000,-250.0,0.0,SD,2315000.0,3328700.0,False,0.0,09:26:36
19700.0,100,-250.0,0.0,SD,2315000.0,3326700.0,False,0.0,09:26:36
19700.0,2300,-250.0,0.0,SD,2315000.0,3326600.0,False,0.0,09:26:36
19700.0,1500,-250.0,0.0,SD,2315000.0,3324300.0,False,-50.0,09:26:36
19750.0,500,-200.0,0.0,BU,2315000.0,3322800.0,False,0.0,09:26:36
19750.0,500,-200.0,0.0,BU,2314500.0,3322800.0,False,0.0,09:26:35
19750.0,500,-200.0,0.0,BU,2314000.0,3322800.0,False,0.0,09:26:35
19750.0,200,-200.0,0.0,BU,2313500.0,3322800.0,False,0.0,09:26:35
19750.0,800,-200.0,0.0,BU,2313300.0,3322800.0,False,0.0,09:26:35
19750.0,200,-200.0,0.0,BU,2312500.0,3322800.0,False,50.0,09:26:35
19700.0,500,-250.0,0.0,SD,2312300.0,3322800.0,False,0.0,09:26:34
19700.0,200,-250.0,0.0,SD,2312300.0,3322300.0,False,-50.0,09:26:34
19750.0,800,-200.0,0.0,BU,2312300.0,3322100.0,False,0.0,09:26:34
19750.0,100,-200.0,0.0,BU,2311500.0,3322100.0,False,0.0,09:26:34
19750.0,200,-200.0,0.0,BU,2311400.0,3322100.0,False,50.0,09:26:34
19700.0,300,-250.0,0.0,SD,2311200.0,3322100.0,False,0.0,09:26:34
19700.0,200,-250.0,0.0,SD,2311200.0,3321800.0,False,0.0,09:26:34
19700.0,1000,-250.0,0.0,SD,2311200.0,3321600.0,False,0.0,09:26:34
19700.0,100,-250.0,0.0,SD,2311200.0,3320600.0,False,0.0,09:26:34
19700.0,100,-250.0,0.0,SD,2311200.0,3320500.0,False,0.0,09:26:34
19700.0,400,-250.0,0.0,SD,2311200.0,3320400.0,False,0.0,09:26:34
19700.0,100,-250.0,0.0,SD,2311200.0,3320000.0,False,0.0,09:26:34
19700.0,1800,-250.0,0.0,SD,2311200.0,3319900.0,False,0.0,09:26:34
19700.0,8200,-250.0,0.0,SD,2311200.0,3318100.0,False,0.0,09:26:33
19700.0,1000,-250.0,0.0,SD,2311200.0,3309900.0,False,0.0,09:26:33
19700.0,1000,-250.0,0.0,SD,2311200.0,3308900.0,False,0.0,09:26:33
19700.0,1000,-250.0,0.0,SD,2311200.0,3307900.0,False,0.0,09:26:33
19700.0,100,-250.0,0.0,SD,2311200.0,3306900.0,False,0.0,09:26:33
19700.0,100,-250.0,0.0,SD,2311200.0,3306800.0,False,0.0,09:26:33
19700.0,100,-250.0,0.0,SD,2311200.0,3306700.0,False,0.0,09:26:33
19700.0,500,-250.0,0.0,SD,2311200.0,3306600.0,False,0.0,09:26:33
19700.0,1000,-250.0,0.0,SD,2311200.0,3306100.0,False,0.0,09:26:33
19700.0,2000,-250.0,0.0,SD,2311200.0,3305100.0,False,0.0,09:26:33
19700.0,300,-250.0,0.0,SD,2311200.0,3303100.0,False,0.0,09:26:33
19700.0,100,-250.0,0.0,SD,2311200.0,3302800.0,False,0.0,09:26:33
19700.0,1500,-250.0,0.0,SD,2311200.0,3302700.0,False,0.0,09:26:33
19700.0,200,-250.0,0.0,SD,2311200.0,3301200.0,False,0.0,09:26:33
19700.0,1000,-250.0,0.0,SD,2311200.0,3301000.0,False,0.0,09:26:33
19700.0,1000,-250.0,0.0,SD,2311200.0,3300000.0,False,0.0,09:26:33
19700.0,200,-250.0,0.0,SD,2311200.0,3299000.0,False,0.0,09:26:33
19700.0,100,-250.0,0.0,SD,2311200.0,3298800.0,False,0.0,09:26:33
19700.0,100,-250.0,0.0,SD,2311200.0,3298700.0,False,0.0,09:26:33
19700.0,100,-250.0,0.0,SD,2311200.0,3298600.0,False,0.0,09:26:33
19700.0,400,-250.0,0.0,SD,2311200.0,3298500.0,False,0.0,09:26:33
19700.0,200,-250.0,0.0,SD,2311200.0,3298100.0,False,0.0,09:26:33
19700.0,1000,-250.0,0.0,SD,2311200.0,3297900.0,False,0.0,09:26:33
19700.0,100,-250.0,0.0,SD,2311200.0,3296900.0,False,0.0,09:26:33
19700.0,500,-250.0,0.0,SD,2311200.0,3296800.0,False,0.0,09:26:33
19700.0,5900,-250.0,0.0,SD,2311200.0,3296300.0,False,-50.0,09:26:33
19750.0,400,-200.0,0.0,BU,2311200.0,3290400.0,False,0.0,09:26:33
19750.0,800,-200.0,0.0,BU,2310800.0,3290400.0,False,50.0,09:26:33
19700.0,500,-250.0,0.0,SD,2310000.0,3290400.0,False,-50.0,09:26:33
19750.0,400,-200.0,0.0,BU,2310000.0,3289900.0,False,0.0,09:26:32
19750.0,1000,-200.0,0.0,BU,2309600.0,3289900.0,False,50.0,09:26:32
19700.0,21800,-250.0,0.0,SD,2308600.0,3289900.0,True,-50.0,09:26:32
19750.0,100,-200.0,0.0,BU,2308600.0,3268100.0,False,0.0,09:26:31
19750.0,1000,-200.0,0.0,BU,2308500.0,3268100.0,False,50.0,09:26:31
19700.0,2000,-250.0,0.0,SD,2307500.0,3268100.0,False,-50.0,09:26:31
19750.0,100,-200.0,0.0,BU,2307500.0,3266100.0,False,0.0,09:26:30
19750.0,500,-200.0,0.0,BU,2307400.0,3266100.0,False,50.0,09:26:29
19700.0,500,-250.0,0.0,SD,2306900.0,3266100.0,False,-50.0,09:26:29
19750.0,3000,-200.0,0.0,BU,2306900.0,3265600.0,False,0.0,09:26:29
19750.0,200,-200.0,0.0,BU,2303900.0,3265600.0,False,0.0,09:26:29
19750.0,500,-200.0,0.0,BU,2303700.0,3265600.0,False,0.0,09:26:28
19750.0,2000,-200.0,0.0,BU,2303200.0,3265600.0,False,0.0,09:26:27
19750.0,500,-200.0,0.0,BU,2301200.0,3265600.0,False,0.0,09:26:26
19750.0,100,-200.0,0.0,BU,2300700.0,3265600.0,False,0.0,09:26:26
19750.0,200,-200.0,0.0,BU,2300600.0,3265600.0,False,0.0,09:26:26
19750.0,500,-200.0,0.0,BU,2300400.0,3265600.0,False,0.0,09:26:26
19750.0,100,-200.0,0.0,BU,2299900.0,3265600.0,False,0.0,09:26:26
19750.0,300,-200.0,0.0,BU,2299800.0,3265600.0,False,-50.0,09:26:26
19800.0,500,-150.0,0.0,BU,2299500.0,3265600.0,False,50.0,09:26:25
19750.0,100,-200.0,0.0,SD,2299000.0,3265600.0,False,0.0,09:26:25
19750.0,1000,-200.0,0.0,SD,2299000.0,3265500.0,False,0.0,09:26:25
19750.0,600,-200.0,0.0,SD,2299000.0,3264500.0,False,0.0,09:26:25
19750.0,1000,-200.0,0.0,SD,2299000.0,3263900.0,False,0.0,09:26:25
19750.0,3900,-200.0,0.0,SD,2299000.0,3262900.0,False,0.0,09:26:25
19750.0,2000,-200.0,0.0,SD,2299000.0,3259000.0,False,0.0,09:26:25
19750.0,300,-200.0,0.0,SD,2299000.0,3257000.0,False,0.0,09:26:25
19750.0,3000,-200.0,0.0,SD,2299000.0,3256700.0,False,0.0,09:26:25
19750.0,1000,-200.0,0.0,SD,2299000.0,3253700.0,False,0.0,09:26:25
19750.0,1000,-200.0,0.0,SD,2299000.0,3252700.0,False,0.0,09:26:25
19750.0,500,-200.0,0.0,SD,2299000.0,3251700.0,False,0.0,09:26:25
19750.0,200,-200.0,0.0,SD,2299000.0,3251200.0,False,0.0,09:26:25
19750.0,100,-200.0,0.0,SD,2299000.0,3251000.0,False,0.0,09:26:25
19750.0,200,-200.0,0.0,SD,2299000.0,3250900.0,False,0.0,09:26:25
19750.0,100,-200.0,0.0,SD,2299000.0,3250700.0,False,0.0,09:26:25
19750.0,100,-200.0,0.0,SD,2299000.0,3250600.0,False,0.0,09:26:25
19750.0,200,-200.0,0.0,SD,2299000.0,3250500.0,False,0.0,09:26:25
19750.0,100,-200.0,0.0,SD,2299000.0,3250300.0,False,0.0,09:26:25
19750.0,200,-200.0,0.0,SD,2299000.0,3250200.0,False,0.0,09:26:25
19750.0,100,-200.0,0.0,SD,2299000.0,3250000.0,False,0.0,09:26:25
19750.0,200,-200.0,0.0,SD,2299000.0,3249900.0,False,0.0,09:26:25
19750.0,100,-200.0,0.0,SD,2299000.0,3249700.0,False,0.0,09:26:25
19750.0,4300,-200.0,0.0,SD,2299000.0,3249600.0,False,0.0,09:26:25
19750.0,100,-200.0,0.0,SD,2299000.0,3245300.0,False,0.0,09:26:25
19750.0,200,-200.0,0.0,SD,2299000.0,3245200.0,False,0.0,09:26:25
19750.0,200,-200.0,0.0,SD,2299000.0,3245000.0,False,0.0,09:26:25
19750.0,600,-200.0,0.0,SD,2299000.0,3244800.0,False,0.0,09:26:25
19750.0,5000,-200.0,0.0,SD,2299000.0,3244200.0,False,0.0,09:26:25
19750.0,1500,-200.0,0.0,SD,2299000.0,3239200.0,False,0.0,09:26:25
19750.0,200,-200.0,0.0,SD,2299000.0,3237700.0,False,0.0,09:26:25
19750.0,100,-200.0,0.0,SD,2299000.0,3237500.0,False,0.0,09:26:25
19750.0,100,-200.0,0.0,SD,2299000.0,3237400.0,False,0.0,09:26:25
19750.0,12800,-200.0,0.0,SD,2299000.0,3237300.0,True,0.0,09:26:25
19750.0,200,-200.0,0.0,SD,2299000.0,3224500.0,False,0.0,09:26:24
19750.0,6500,-200.0,0.0,SD,2299000.0,3224300.0,False,0.0,09:26:24
19750.0,500,-200.0,0.0,SD,2299000.0,3217800.0,False,0.0,09:26:24
19750.0,200,-200.0,0.0,SD,2299000.0,3217300.0,False,0.0,09:26:24
19750.0,200,-200.0,0.0,SD,2299000.0,3217100.0,False,0.0,09:26:24
19750.0,300,-200.0,0.0,SD,2299000.0,3216900.0,False,0.0,09:26:24
19750.0,100,-200.0,0.0,SD,2299000.0,3216600.0,False,0.0,09:26:24
19750.0,1900,-200.0,0.0,SD,2299000.0,3216500.0,False,0.0,09:26:24
19750.0,100,-200.0,0.0,SD,2299000.0,3214600.0,False,0.0,09:26:24
19750.0,5000,-200.0,0.0,SD,2299000.0,3214500.0,False,0.0,09:26:24
19750.0,5000,-200.0,0.0,SD,2299000.0,3209500.0,False,0.0,09:26:24
19750.0,3000,-200.0,0.0,SD,2299000.0,3204500.0,False,0.0,09:26:23
19750.0,100,-200.0,0.0,SD,2299000.0,3201500.0,False,0.0,09:26:23
19750.0,300,-200.0,0.0,SD,2299000.0,3201400.0,False,0.0,09:26:23
19750.0,400,-200.0,0.0,SD,2299000.0,3201100.0,False,0.0,09:26:23
19750.0,200,-200.0,0.0,SD,2299000.0,3200700.0,False,-50.0,09:26:23
19800.0,500,-150.0,0.0,BU,2299000.0,3200500.0,False,0.0,09:26:22
19800.0,500,-150.0,0.0,BU,2298500.0,3200500.0,False,50.0,09:26:22
19750.0,200,-200.0,0.0,SD,2298000.0,3200500.0,False,0.0,09:26:22
19750.0,4100,-200.0,0.0,SD,2298000.0,3200300.0,False,0.0,09:26:22
19750.0,34600,-200.0,0.0,SD,2298000.0,3196200.0,True,0.0,09:26:22
19750.0,500,-200.0,0.0,SD,2298000.0,3161600.0,False,-50.0,09:26:22
19800.0,100,-150.0,0.0,BU,2298000.0,3161100.0,False,50.0,09:26:21
19750.0,1000,-200.0,0.0,SD,2297900.0,3161100.0,False,0.0,09:26:21
19750.0,10000,-200.0,0.0,SD,2297900.0,3160100.0,False,-50.0,09:26:20
19800.0,300,-150.0,0.0,BU,2297900.0,3150100.0,False,50.0,09:26:20
19750.0,3900,-200.0,0.0,SD,2297600.0,3150100.0,False,0.0,09:26:20
19750.0,1000,-200.0,0.0,SD,2297600.0,3146200.0,False,0.0,09:26:20
19750.0,100,-200.0,0.0,SD,2297600.0,3145200.0,False,0.0,09:26:20
19750.0,100,-200.0,0.0,SD,2297600.0,3145100.0,False,0.0,09:26:20
19750.0,900,-200.0,0.0,SD,2297600.0,3145000.0,False,0.0,09:26:20
19750.0,100,-200.0,0.0,SD,2297600.0,3144100.0,False,0.0,09:26:20
19750.0,100,-200.0,0.0,SD,2297600.0,3144000.0,False,0.0,09:26:20
19750.0,100,-200.0,0.0,SD,2297600.0,3143900.0,False,0.0,09:26:20
19750.0,2000,-200.0,0.0,SD,2297600.0,3143800.0,False,0.0,09:26:20
19750.0,100,-200.0,0.0,SD,2297600.0,3141800.0,False,0.0,09:26:19
19750.0,200,-200.0,0.0,SD,2297600.0,3141700.0,False,-50.0,09:26:18
19800.0,500,-150.0,0.0,BU,2297600.0,3141500.0,False,50.0,09:26:18
19750.0,500,-200.0,0.0,SD,2297100.0,3141500.0,False,0.0,09:26:18
19750.0,100,-200.0,0.0,SD,2297100.0,3141000.0,False,0.0,09:26:18
19750.0,400,-200.0,0.0,SD,2297100.0,3140900.0,False,0.0,09:26:17
19750.0,2000,-200.0,0.0,SD,2297100.0,3140500.0,False,0.0,09:26:17
19750.0,100,-200.0,0.0,SD,2297100.0,3138500.0,False,0.0,09:26:17
19750.0,500,-200.0,0.0,SD,2297100.0,3138400.0,False,0.0,09:26:17
19750.0,1000,-200.0,0.0,SD,2297100.0,3137900.0,False,0.0,09:26:17
19750.0,500,-200.0,0.0,SD,2297100.0,3136900.0,False,0.0,09:26:17
19750.0,200,-200.0,0.0,SD,2297100.0,3136400.0,False,0.0,09:26:17
19750.0,1000,-200.0,0.0,SD,2297100.0,3136200.0,False,0.0,09:26:17
19750.0,5000,-200.0,0.0,SD,2297100.0,3135200.0,False,0.0,09:26:17
19750.0,1300,-200.0,0.0,SD,2297100.0,3130200.0,False,0.0,09:26:17
19750.0,1000,-200.0,0.0,SD,2297100.0,3128900.0,False,0.0,09:26:17
19750.0,200,-200.0,0.0,SD,2297100.0,3127900.0,False,0.0,09:26:17
19750.0,100,-200.0,0.0,SD,2297100.0,3127700.0,False,0.0,09:26:17
19750.0,1000,-200.0,0.0,SD,2297100.0,3127600.0,False,0.0,09:26:17
19750.0,100,-200.0,0.0,SD,2297100.0,3126600.0,False,0.0,09:26:17
19750.0,200,-200.0,0.0,SD,2297100.0,3126500.0,False,0.0,09:26:17
19750.0,200,-200.0,0.0,SD,2297100.0,3126300.0,False,0.0,09:26:17
19750.0,200,-200.0,0.0,SD,2297100.0,3126100.0,False,0.0,09:26:17
19750.0,500,-200.0,0.0,SD,2297100.0,3125900.0,False,0.0,09:26:17
19750.0,100,-200.0,0.0,SD,2297100.0,3125400.0,False,0.0,09:26:17
19750.0,200,-200.0,0.0,SD,2297100.0,3125300.0,False,0.0,09:26:16
19750.0,100,-200.0,0.0,SD,2297100.0,3125100.0,False,0.0,09:26:16
19750.0,1000,-200.0,0.0,SD,2297100.0,3125000.0,False,0.0,09:26:16
19750.0,100,-200.0,0.0,SD,2297100.0,3124000.0,False,0.0,09:26:16
19750.0,500,-200.0,0.0,SD,2297100.0,3123900.0,False,0.0,09:26:16
19750.0,100,-200.0,0.0,SD,2297100.0,3123400.0,False,0.0,09:26:16
19750.0,100,-200.0,0.0,SD,2297100.0,3123300.0,False,0.0,09:26:16
19750.0,500,-200.0,0.0,SD,2297100.0,3123200.0,False,0.0,09:26:16
19750.0,400,-200.0,0.0,SD,2297100.0,3122700.0,False,0.0,09:26:16
19750.0,100,-200.0,0.0,SD,2297100.0,3122300.0,False,0.0,09:26:15
19750.0,100,-200.0,0.0,SD,2297100.0,3122200.0,False,0.0,09:26:15
19750.0,300,-200.0,0.0,SD,2297100.0,3122100.0,False,0.0,09:26:15
19750.0,2000,-200.0,0.0,SD,2297100.0,3121800.0,False,-50.0,09:26:15
19800.0,100,-150.0,0.0,BU,2297100.0,3119800.0,False,0.0,09:26:14
19800.0,400,-150.0,0.0,BU,2297000.0,3119800.0,False,50.0,09:26:14
19750.0,200,-200.0,0.0,SD,2296600.0,3119800.0,False,0.0,09:26:14
19750.0,2500,-200.0,0.0,SD,2296600.0,3119600.0,False,0.0,09:26:13
19750.0,2500,-200.0,0.0,SD,2296600.0,3117100.0,False,0.0,09:26:13
19750.0,5000,-200.0,0.0,SD,2296600.0,3114600.0,False,0.0,09:26:13
19750.0,600,-200.0,0.0,SD,2296600.0,3109600.0,False,0.0,09:26:11
19750.0,1100,-200.0,0.0,SD,2296600.0,3109000.0,False,-50.0,09:26:11
19800.0,100,-150.0,0.0,BU,2296600.0,3107900.0,False,50.0,09:26:11
19750.0,100,-200.0,0.0,SD,2296500.0,3107900.0,False,0.0,09:26:10
19750.0,500,-200.0,0.0,SD,2296500.0,3107800.0,False,-50.0,09:26:09
19800.0,500,-150.0,0.0,BU,2296500.0,3107300.0,False,0.0,09:26:08
19800.0,300,-150.0,0.0,BU,2296000.0,3107300.0,False,50.0,09:26:08
19750.0,200,-200.0,0.0,SD,2295700.0,3107300.0,False,0.0,09:26:07
19750.0,100,-200.0,0.0,SD,2295700.0,3107100.0,False,0.0,09:26:07
19750.0,4700,-200.0,0.0,SD,2295700.0,3107000.0,False,-50.0,09:26:07
19800.0,100,-150.0,0.0,BU,2295700.0,3102300.0,False,0.0,09:26:06
19800.0,500,-150.0,0.0,BU,2295600.0,3102300.0,False,0.0,09:26:06
19800.0,500,-150.0,0.0,BU,2295100.0,3102300.0,False,0.0,09:26:06
19800.0,500,-150.0,0.0,BU,2294600.0,3102300.0,False,0.0,09:26:06
19800.0,500,-150.0,0.0,BU,2294100.0,3102300.0,False,0.0,09:26:06
19800.0,100,-150.0,0.0,BU,2293600.0,3102300.0,False,0.0,09:26:04
19800.0,200,-150.0,0.0,BU,2293500.0,3102300.0,False,0.0,09:26:04
19800.0,100,-150.0,0.0,BU,2293300.0,3102300.0,False,0.0,09:26:04
19800.0,100,-150.0,0.0,BU,2293200.0,3102300.0,False,0.0,09:26:04
19800.0,100,-150.0,0.0,BU,2293100.0,3102300.0,False,0.0,09:26:04
19800.0,300,-150.0,0.0,BU,2293000.0,3102300.0,False,50.0,09:26:03
19750.0,2000,-200.0,0.0,SD,2292700.0,3102300.0,False,0.0,09:26:02
19750.0,500,-200.0,0.0,SD,2292700.0,3100300.0,False,0.0,09:26:01
19750.0,2800,-200.0,0.0,SD,2292700.0,3099800.0,False,0.0,09:26:01
19750.0,1900,-200.0,0.0,SD,2292700.0,3097000.0,False,0.0,09:26:01
19750.0,1000,-200.0,0.0,SD,2292700.0,3095100.0,False,0.0,09:26:01
19750.0,100,-200.0,0.0,SD,2292700.0,3094100.0,False,0.0,09:26:01
19750.0,3000,-200.0,0.0,SD,2292700.0,3094000.0,False,0.0,09:26:01
19750.0,1000,-200.0,0.0,SD,2292700.0,3091000.0,False,0.0,09:26:01
19750.0,200,-200.0,0.0,SD,2292700.0,3090000.0,False,-50.0,09:26:01
19800.0,500,-150.0,0.0,BU,2292700.0,3089800.0,False,0.0,09:26:01
19800.0,1000,-150.0,0.0,BU,2292200.0,3089800.0,False,0.0,09:26:01
19800.0,100,-150.0,0.0,BU,2291200.0,3089800.0,False,0.0,09:26:00
19800.0,3900,-150.0,0.0,BU,2291100.0,3089800.0,False,0.0,09:25:59
19800.0,100,-150.0,0.0,BU,2287200.0,3089800.0,False,0.0,09:25:59
19800.0,200,-150.0,0.0,BU,2287100.0,3089800.0,False,0.0,09:25:59
19800.0,100,-150.0,0.0,BU,2286900.0,3089800.0,False,0.0,09:25:59
19800.0,700,-150.0,0.0,BU,2286800.0,3089800.0,False,0.0,09:25:59
19800.0,1000,-150.0,0.0,BU,2286100.0,3089800.0,False,0.0,09:25:59
19800.0,4000,-150.0,0.0,BU,2285100.0,3089800.0,False,0.0,09:25:59
19800.0,3000,-150.0,0.0,BU,2281100.0,3089800.0,False,0.0,09:25:59
19800.0,100,-150.0,0.0,BU,2278100.0,3089800.0,False,0.0,09:25:59
19800.0,500,-150.0,0.0,BU,2278000.0,3089800.0,False,0.0,09:25:59
19800.0,100,-150.0,0.0,BU,2277500.0,3089800.0,False,0.0,09:25:59
19800.0,100,-150.0,0.0,BU,2277400.0,3089800.0,False,0.0,09:25:59
19800.0,200,-150.0,0.0,BU,2277300.0,3089800.0,False,0.0,09:25:59
19800.0,400,-150.0,0.0,BU,2277100.0,3089800.0,False,0.0,09:25:59
19800.0,5000,-150.0,0.0,BU,2276700.0,3089800.0,False,0.0,09:25:59
19800.0,500,-150.0,0.0,BU,2271700.0,3089800.0,False,0.0,09:25:59
19800.0,500,-150.0,0.0,BU,2271200.0,3089800.0,False,0.0,09:25:59
19800.0,100,-150.0,0.0,BU,2270700.0,3089800.0,False,0.0,09:25:59
19800.0,1000,-150.0,0.0,BU,2270600.0,3089800.0,False,0.0,09:25:59
19800.0,1000,-150.0,0.0,BU,2269600.0,3089800.0,False,0.0,09:25:59
19800.0,3000,-150.0,0.0,BU,2268600.0,3089800.0,False,0.0,09:25:59
19800.0,1500,-150.0,0.0,BU,2265600.0,3089800.0,False,0.0,09:25:59
19800.0,1000,-150.0,0.0,BU,2264100.0,3089800.0,False,0.0,09:25:59
19800.0,200,-150.0,0.0,BU,2263100.0,3089800.0,False,0.0,09:25:59
19800.0,1000,-150.0,0.0,BU,2262900.0,3089800.0,False,0.0,09:25:59
19800.0,10000,-150.0,0.0,BU,2261900.0,3089800.0,False,0.0,09:25:59
19800.0,2000,-150.0,0.0,BU,2251900.0,3089800.0,False,0.0,09:25:59
19800.0,2000,-150.0,0.0,BU,2249900.0,3089800.0,False,0.0,09:25:59
19800.0,16800,-150.0,0.0,BU,2247900.0,3089800.0,True,50.0,09:25:59
19750.0,5000,-200.0,0.0,SD,2231100.0,3089800.0,False,-50.0,09:25:59
19800.0,100,-150.0,0.0,BU,2231100.0,3084800.0,False,0.0,09:25:59
19800.0,1000,-150.0,0.0,BU,2231000.0,3084800.0,False,50.0,09:25:59
19750.0,500,-200.0,0.0,SD,2230000.0,3084800.0,False,0.0,09:25:59
19750.0,200,-200.0,0.0,SD,2230000.0,3084300.0,False,-50.0,09:25:59
19800.0,5000,-150.0,0.0,BU,2230000.0,3084100.0,False,0.0,09:25:57
19800.0,2000,-150.0,0.0,BU,2225000.0,3084100.0,False,50.0,09:25:57
19750.0,50000,-200.0,0.0,SD,2223000.0,3084100.0,True,-50.0,09:25:57
19800.0,200,-150.0,0.0,BU,2223000.0,3034100.0,False,50.0,09:25:56
19750.0,5000,-200.0,0.0,SD,2222800.0,3034100.0,False,0.0,09:25:54
19750.0,17200,-200.0,0.0,SD,2222800.0,3029100.0,True,-50.0,09:25:54
19800.0,2000,-150.0,0.0,BU,2222800.0,3011900.0,False,0.0,09:25:53
19800.0,100,-150.0,0.0,BU,2220800.0,3011900.0,False,0.0,09:25:52
19800.0,100,-150.0,0.0,BU,2220700.0,3011900.0,False,0.0,09:25:51
19800.0,1000,-150.0,0.0,BU,2220600.0,3011900.0,False,50.0,09:25:50
19750.0,10000,-200.0,0.0,SD,2219600.0,3011900.0,False,0.0,09:25:49
19750.0,700,-200.0,0.0,SD,2219600.0,3001900.0,False,-50.0,09:25:48
19800.0,300,-150.0,0.0,BU,2219600.0,3001200.0,False,0.0,09:25:48
19800.0,800,-150.0,0.0,BU,2219300.0,3001200.0,False,0.0,09:25:47
19800.0,1000,-150.0,0.0,BU,2218500.0,3001200.0,False,0.0,09:25:45
19800.0,1000,-150.0,0.0,BU,2217500.0,3001200.0,False,0.0,09:25:45
19800.0,1000,-150.0,0.0,BU,2216500.0,3001200.0,False,0.0,09:25:44
19800.0,1000,-150.0,0.0,BU,2215500.0,3001200.0,False,0.0,09:25:43
19800.0,100,-150.0,0.0,BU,2214500.0,3001200.0,False,0.0,09:25:42
19800.0,300,-150.0,0.0,BU,2214400.0,3001200.0,False,50.0,09:25:40
19750.0,2500,-200.0,0.0,SD,2214100.0,3001200.0,False,-50.0,09:25:39
19800.0,500,-150.0,0.0,BU,2214100.0,2998700.0,False,0.0,09:25:39
19800.0,700,-150.0,0.0,BU,2213600.0,2998700.0,False,0.0,09:25:38
19800.0,100,-150.0,0.0,BU,2212900.0,2998700.0,False,0.0,09:25:38
19800.0,500,-150.0,0.0,BU,2212800.0,2998700.0,False,0.0,09:25:38
19800.0,1000,-150.0,0.0,BU,2212300.0,2998700.0,False,0.0,09:25:38
19800.0,100,-150.0,0.0,BU,2211300.0,2998700.0,False,0.0,09:25:38
19800.0,100,-150.0,0.0,BU,2211200.0,2998700.0,False,0.0,09:25:38
19800.0,1000,-150.0,0.0,BU,2211100.0,2998700.0,False,0.0,09:25:38
19800.0,100,-150.0,0.0,BU,2210100.0,2998700.0,False,0.0,09:25:38
19800.0,500,-150.0,0.0,BU,2210000.0,2998700.0,False,0.0,09:25:38
19800.0,5900,-150.0,0.0,BU,2209500.0,2998700.0,False,0.0,09:25:38
19800.0,800,-150.0,0.0,BU,2203600.0,2998700.0,False,0.0,09:25:37
19800.0,800,-150.0,0.0,BU,2202800.0,2998700.0,False,0.0,09:25:37
19800.0,200,-150.0,0.0,BU,2202000.0,2998700.0,False,0.0,09:25:37
19800.0,2000,-150.0,0.0,BU,2201800.0,2998700.0,False,0.0,09:25:36
19800.0,400,-150.0,0.0,BU,2199800.0,2998700.0,False,0.0,09:25:35
19800.0,1000,-150.0,0.0,BU,2199400.0,2998700.0,False,50.0,09:25:35
19750.0,5000,-200.0,0.0,SD,2198400.0,2998700.0,False,-50.0,09:25:34
19800.0,900,-150.0,0.0,BU,2198400.0,2993700.0,False,0.0,09:25:33
19800.0,100,-150.0,0.0,BU,2197500.0,2993700.0,False,0.0,09:25:33
19800.0,500,-150.0,0.0,BU,2197400.0,2993700.0,False,50.0,09:25:33
19750.0,300,-200.0,0.0,SD,2196900.0,2993700.0,False,-50.0,09:25:31
19800.0,1400,-150.0,0.0,BU,2196900.0,2993400.0,False,0.0,09:25:31
19800.0,1000,-150.0,0.0,BU,2195500.0,2993400.0,False,0.0,09:25:31
19800.0,5000,-150.0,0.0,BU,2194500.0,2993400.0,False,0.0,09:25:31
19800.0,100,-150.0,0.0,BU,2189500.0,2993400.0,False,0.0,09:25:31
19800.0,1000,-150.0,0.0,BU,2189400.0,2993400.0,False,0.0,09:25:31
19800.0,300,-150.0,0.0,BU,2188400.0,2993400.0,False,0.0,09:25:31
19800.0,400,-150.0,0.0,BU,2188100.0,2993400.0,False,0.0,09:25:31
19800.0,500,-150.0,0.0,BU,2187700.0,2993400.0,False,0.0,09:25:31
19800.0,600,-150.0,0.0,BU,2187200.0,2993400.0,False,0.0,09:25:31
19800.0,7200,-150.0,0.0,BU,2186600.0,2993400.0,False,0.0,09:25:31
19800.0,5000,-150.0,0.0,BU,2179400.0,2993400.0,False,0.0,09:25:30
19800.0,2000,-150.0,0.0,BU,2174400.0,2993400.0,False,0.0,09:25:30
19800.0,700,-150.0,0.0,BU,2172400.0,2993400.0,False,0.0,09:25:29
19800.0,2000,-150.0,0.0,BU,2171700.0,2993400.0,False,50.0,09:25:29
19750.0,800,-200.0,0.0,SD,2169700.0,2993400.0,False,0.0,09:25:29
19750.0,2500,-200.0,0.0,SD,2169700.0,2992600.0,False,-50.0,09:25:28
19800.0,400,-150.0,0.0,BU,2169700.0,2990100.0,False,0.0,09:25:28
19800.0,100,-150.0,0.0,BU,2169300.0,2990100.0,False,0.0,09:25:26
19800.0,400,-150.0,0.0,BU,2169200.0,2990100.0,False,0.0,09:25:26
19800.0,400,-150.0,0.0,BU,2168800.0,2990100.0,False,0.0,09:25:24
19800.0,500,-150.0,0.0,BU,2168400.0,2990100.0,False,0.0,09:25:23
19800.0,700,-150.0,0.0,BU,2167900.0,2990100.0,False,0.0,09:25:23
19800.0,100,-150.0,0.0,BU,2167200.0,2990100.0,False,0.0,09:25:23
19800.0,800,-150.0,0.0,BU,2167100.0,2990100.0,False,0.0,09:25:22
19800.0,2000,-150.0,0.0,BU,2166300.0,2990100.0,False,0.0,09:25:20
19800.0,100,-150.0,0.0,BU,2164300.0,2990100.0,False,50.0,09:25:20
19750.0,4000,-200.0,0.0,SD,2164200.0,2990100.0,False,-50.0,09:25:19
19800.0,1500,-150.0,0.0,BU,2164200.0,2986100.0,False,50.0,09:25:18
19750.0,300,-200.0,0.0,SD,2162700.0,2986100.0,False,-50.0,09:25:16
19800.0,100,-150.0,0.0,BU,2162700.0,2985800.0,False,0.0,09:25:16
19800.0,500,-150.0,0.0,BU,2162600.0,2985800.0,False,0.0,09:25:16
19800.0,200,-150.0,0.0,BU,2162100.0,2985800.0,False,0.0,09:25:15
19800.0,100,-150.0,0.0,BU,2161900.0,2985800.0,False,0.0,09:25:15
19800.0,100,-150.0,0.0,BU,2161800.0,2985800.0,False,0.0,09:25:15
19800.0,200,-150.0,0.0,BU,2161700.0,2985800.0,False,0.0,09:25:14
19800.0,200,-150.0,0.0,BU,2161500.0,2985800.0,False,0.0,09:25:14
19800.0,200,-150.0,0.0,BU,2161300.0,2985800.0,False,0.0,09:25:13
19800.0,100,-150.0,0.0,BU,2161100.0,2985800.0,False,0.0,09:25:12
19800.0,300,-150.0,0.0,BU,2161000.0,2985800.0,False,0.0,09:25:12
19800.0,7000,-150.0,0.0,BU,2160700.0,2985800.0,False,0.0,09:25:11
19800.0,500,-150.0,0.0,BU,2153700.0,2985800.0,False,0.0,09:25:11
19800.0,100,-150.0,0.0,BU,2153200.0,2985800.0,False,0.0,09:25:10
19800.0,500,-150.0,0.0,BU,2153100.0,2985800.0,False,0.0,09:25:09
19800.0,300,-150.0,0.0,BU,2152600.0,2985800.0,False,0.0,09:25:08
19800.0,100,-150.0,0.0,BU,2152300.0,2985800.0,False,0.0,09:25:08
19800.0,1000,-150.0,0.0,BU,2152200.0,2985800.0,False,0.0,09:25:08
19800.0,100,-150.0,0.0,BU,2151200.0,2985800.0,False,0.0,09:25:08
19800.0,700,-150.0,0.0,BU,2151100.0,2985800.0,False,0.0,09:25:06
19800.0,100,-150.0,0.0,BU,2150400.0,2985800.0,False,0.0,09:25:06
19800.0,100,-150.0,0.0,BU,2150300.0,2985800.0,False,0.0,09:25:06
19800.0,1400,-150.0,0.0,BU,2150200.0,2985800.0,False,0.0,09:25:05
19800.0,2000,-150.0,0.0,BU,2148800.0,2985800.0,False,0.0,09:25:05
19800.0,1000,-150.0,0.0,BU,2146800.0,2985800.0,False,50.0,09:25:04
19750.0,700,-200.0,0.0,SD,2145800.0,2985800.0,False,-50.0,09:25:04
19800.0,9200,-150.0,0.0,BU,2145800.0,2985100.0,False,0.0,09:25:03
19800.0,300,-150.0,0.0,BU,2136600.0,2985100.0,False,0.0,09:25:03
19800.0,300,-150.0,0.0,BU,2136300.0,2985100.0,False,0.0,09:25:03
19800.0,200,-150.0,0.0,BU,2136000.0,2985100.0,False,0.0,09:25:03
19800.0,100,-150.0,0.0,BU,2135800.0,2985100.0,False,0.0,09:25:03
19800.0,100,-150.0,0.0,BU,2135700.0,2985100.0,False,0.0,09:25:03
19800.0,200,-150.0,0.0,BU,2135600.0,2985100.0,False,0.0,09:25:03
19800.0,100,-150.0,0.0,BU,2135400.0,2985100.0,False,0.0,09:25:03
19800.0,500,-150.0,0.0,BU,2135300.0,2985100.0,False,50.0,09:25:03
19750.0,5000,-200.0,0.0,SD,2134800.0,2985100.0,False,-50.0,09:25:02
19800.0,400,-150.0,0.0,BU,2134800.0,2980100.0,False,0.0,09:25:01
19800.0,600,-150.0,0.0,BU,2134400.0,2980100.0,False,0.0,09:25:01
19800.0,100,-150.0,0.0,BU,2133800.0,2980100.0,False,0.0,09:25:01
19800.0,100,-150.0,0.0,BU,2133700.0,2980100.0,False,0.0,09:25:00
19800.0,200,-150.0,0.0,BU,2133600.0,2980100.0,False,0.0,09:25:00
19800.0,1000,-150.0,0.0,BU,2133400.0,2980100.0,False,0.0,09:25:00
19800.0,100,-150.0,0.0,BU,2132400.0,2980100.0,False,0.0,09:24:59
19800.0,3600,-150.0,0.0,BU,2132300.0,2980100.0,False,0.0,09:24:59
19800.0,100,-150.0,0.0,BU,2128700.0,2980100.0,False,0.0,09:24:59
19800.0,500,-150.0,0.0,BU,2128600.0,2980100.0,False,0.0,09:24:59
19800.0,100,-150.0,0.0,BU,2128100.0,2980100.0,False,0.0,09:24:59
19800.0,300,-150.0,0.0,BU,2128000.0,2980100.0,False,0.0,09:24:59
19800.0,500,-150.0,0.0,BU,2127700.0,2980100.0,False,0.0,09:24:59
19800.0,1500,-150.0,0.0,BU,2127200.0,2980100.0,False,0.0,09:24:59
19800.0,200,-150.0,0.0,BU,2125700.0,2980100.0,False,0.0,09:24:59
19800.0,1300,-150.0,0.0,BU,2125500.0,2980100.0,False,0.0,09:24:59
19800.0,200,-150.0,0.0,BU,2124200.0,2980100.0,False,0.0,09:24:57
19800.0,100,-150.0,0.0,BU,2124000.0,2980100.0,False,0.0,09:24:57
19800.0,1700,-150.0,0.0,BU,2123900.0,2980100.0,False,0.0,09:24:57
19800.0,100,-150.0,0.0,BU,2122200.0,2980100.0,False,0.0,09:24:55
19800.0,100,-150.0,0.0,BU,2122100.0,2980100.0,False,0.0,09:24:55
19800.0,100,-150.0,0.0,BU,2122000.0,2980100.0,False,0.0,09:24:55
19800.0,800,-150.0,0.0,BU,2121900.0,2980100.0,False,0.0,09:24:55
19800.0,100,-150.0,0.0,BU,2121100.0,2980100.0,False,0.0,09:24:55
19800.0,100,-150.0,0.0,BU,2121000.0,2980100.0,False,0.0,09:24:54
19800.0,9800,-150.0,0.0,BU,2120900.0,2980100.0,False,0.0,09:24:54
19800.0,200,-150.0,0.0,BU,2111100.0,2980100.0,False,0.0,09:24:54
19800.0,200,-150.0,0.0,BU,2110900.0,2980100.0,False,0.0,09:24:54
19800.0,1000,-150.0,0.0,BU,2110700.0,2980100.0,False,0.0,09:24:54
19800.0,800,-150.0,0.0,BU,2109700.0,2980100.0,False,0.0,09:24:54
19800.0,1000,-150.0,0.0,BU,2108900.0,2980100.0,False,0.0,09:24:54
19800.0,1800,-150.0,0.0,BU,2107900.0,2980100.0,False,0.0,09:24:54
19800.0,100,-150.0,0.0,BU,2106100.0,2980100.0,False,0.0,09:24:52
19800.0,100,-150.0,0.0,BU,2106000.0,2980100.0,False,0.0,09:24:52
19800.0,500,-150.0,0.0,BU,2105900.0,2980100.0,False,0.0,09:24:52
19800.0,900,-150.0,0.0,BU,2105400.0,2980100.0,False,0.0,09:24:52
19800.0,1000,-150.0,0.0,BU,2104500.0,2980100.0,False,0.0,09:24:52
19800.0,5000,-150.0,0.0,BU,2103500.0,2980100.0,False,0.0,09:24:52
19800.0,2000,-150.0,0.0,BU,2098500.0,2980100.0,False,0.0,09:24:51
19800.0,200,-150.0,0.0,BU,2096500.0,2980100.0,False,0.0,09:24:51
19800.0,300,-150.0,0.0,BU,2096300.0,2980100.0,False,0.0,09:24:50
19800.0,1000,-150.0,0.0,BU,2096000.0,2980100.0,False,0.0,09:24:49
19800.0,300,-150.0,0.0,BU,2095000.0,2980100.0,False,0.0,09:24:48
19800.0,400,-150.0,0.0,BU,2094700.0,2980100.0,False,0.0,09:24:47
19800.0,200,-150.0,0.0,BU,2094300.0,2980100.0,False,0.0,09:24:46
19800.0,1700,-150.0,0.0,BU,2094100.0,2980100.0,False,0.0,09:24:46
19800.0,200,-150.0,0.0,BU,2092400.0,2980100.0,False,0.0,09:24:46
19800.0,200,-150.0,0.0,BU,2092200.0,2980100.0,False,0.0,09:24:46
19800.0,500,-150.0,0.0,BU,2092000.0,2980100.0,False,0.0,09:24:46
19800.0,100,-150.0,0.0,BU,2091500.0,2980100.0,False,0.0,09:24:45
19800.0,500,-150.0,0.0,BU,2091400.0,2980100.0,False,0.0,09:24:44
19800.0,100,-150.0,0.0,BU,2090900.0,2980100.0,False,50.0,09:24:43
19750.0,200,-200.0,0.0,SD,2090800.0,2980100.0,False,-50.0,09:24:43
19800.0,100,-150.0,0.0,BU,2090800.0,2979900.0,False,0.0,09:24:42
19800.0,500,-150.0,0.0,BU,2090700.0,2979900.0,False,0.0,09:24:41
19800.0,3000,-150.0,0.0,BU,2090200.0,2979900.0,False,0.0,09:24:41
19800.0,3000,-150.0,0.0,BU,2087200.0,2979900.0,False,0.0,09:24:41
19800.0,1000,-150.0,0.0,BU,2084200.0,2979900.0,False,0.0,09:24:41
19800.0,100,-150.0,0.0,BU,2083200.0,2979900.0,False,0.0,09:24:41
19800.0,100,-150.0,0.0,BU,2083100.0,2979900.0,False,0.0,09:24:41
19800.0,200,-150.0,0.0,BU,2083000.0,2979900.0,False,0.0,09:24:41
19800.0,300,-150.0,0.0,BU,2082800.0,2979900.0,False,0.0,09:24:41
19800.0,1800,-150.0,0.0,BU,2082500.0,2979900.0,False,0.0,09:24:41
19800.0,300,-150.0,0.0,BU,2080700.0,2979900.0,False,0.0,09:24:41
19800.0,900,-150.0,0.0,BU,2080400.0,2979900.0,False,0.0,09:24:41
19800.0,1100,-150.0,0.0,BU,2079500.0,2979900.0,False,0.0,09:24:41
19800.0,2900,-150.0,0.0,BU,2078400.0,2979900.0,False,0.0,09:24:40
19800.0,100,-150.0,0.0,BU,2075500.0,2979900.0,False,0.0,09:24:40
19800.0,2000,-150.0,0.0,BU,2075400.0,2979900.0,False,50.0,09:24:40
19750.0,5000,-200.0,0.0,SD,2073400.0,2979900.0,False,-50.0,09:24:40
19800.0,1000,-150.0,0.0,BU,2073400.0,2974900.0,False,0.0,09:24:39
19800.0,1000,-150.0,0.0,BU,2072400.0,2974900.0,False,0.0,09:24:39
19800.0,100,-150.0,0.0,BU,2071400.0,2974900.0,False,50.0,09:24:38
19750.0,1100,-200.0,0.0,SD,2071300.0,2974900.0,False,-50.0,09:24:36
19800.0,600,-150.0,0.0,BU,2071300.0,2973800.0,False,50.0,09:24:36
19750.0,1000,-200.0,0.0,SD,2070700.0,2973800.0,False,0.0,09:24:36
19750.0,100,-200.0,0.0,SD,2070700.0,2972800.0,False,-50.0,09:24:36
19800.0,5000,-150.0,0.0,BU,2070700.0,2972700.0,False,0.0,09:24:33
19800.0,100,-150.0,0.0,BU,2065700.0,2972700.0,False,0.0,09:24:33
19800.0,200,-150.0,0.0,BU,2065600.0,2972700.0,False,0.0,09:24:33
19800.0,300,-150.0,0.0,BU,2065400.0,2972700.0,False,50.0,09:24:33
19750.0,1200,-200.0,0.0,SD,2065100.0,2972700.0,False,-50.0,09:24:31
19800.0,100,-150.0,0.0,BU,2065100.0,2971500.0,False,50.0,09:24:30
19750.0,200,-200.0,0.0,SD,2065000.0,2971500.0,False,-50.0,09:24:30
19800.0,100,-150.0,0.0,BU,2065000.0,2971300.0,False,50.0,09:24:26
19750.0,2000,-200.0,0.0,SD,2064900.0,2971300.0,False,0.0,09:24:25
19750.0,15000,-200.0,0.0,SD,2064900.0,2969300.0,True,0.0,09:24:23
19750.0,1000,-200.0,0.0,SD,2064900.0,2954300.0,False,0.0,09:24:22
19750.0,700,-200.0,0.0,SD,2064900.0,2953300.0,False,0.0,09:24:21
19750.0,4500,-200.0,0.0,SD,2064900.0,2952600.0,False,0.0,09:24:21
19750.0,400,-200.0,0.0,SD,2064900.0,2948100.0,False,0.0,09:24:21
19750.0,2000,-200.0,0.0,SD,2064900.0,2947700.0,False,0.0,09:24:21
19750.0,500,-200.0,0.0,SD,2064900.0,2945700.0,False,0.0,09:24:21
19750.0,1000,-200.0,0.0,SD,2064900.0,2945200.0,False,0.0,09:24:21
19750.0,300,-200.0,0.0,SD,2064900.0,2944200.0,False,0.0,09:24:21
19750.0,500,-200.0,0.0,SD,2064900.0,2943900.0,False,0.0,09:24:21
19750.0,1000,-200.0,0.0,SD,2064900.0,2943400.0,False,0.0,09:24:21
19750.0,100,-200.0,0.0,SD,2064900.0,2942400.0,False,0.0,09:24:21
19750.0,100,-200.0,0.0,SD,2064900.0,2942300.0,False,0.0,09:24:21
19750.0,100,-200.0,0.0,SD,2064900.0,2942200.0,False,0.0,09:24:21
19750.0,5000,-200.0,0.0,SD,2064900.0,2942100.0,False,0.0,09:24:21
19750.0,300,-200.0,0.0,SD,2064900.0,2937100.0,False,0.0,09:24:21
19750.0,5000,-200.0,0.0,SD,2064900.0,2936800.0,False,0.0,09:24:21
19750.0,1000,-200.0,0.0,SD,2064900.0,2931800.0,False,0.0,09:24:21
19750.0,1000,-200.0,0.0,SD,2064900.0,2930800.0,False,0.0,09:24:21
19750.0,5000,-200.0,0.0,SD,2064900.0,2929800.0,False,0.0,09:24:21
19750.0,1000,-200.0,0.0,SD,2064900.0,2924800.0,False,0.0,09:24:21
19750.0,100,-200.0,0.0,SD,2064900.0,2923800.0,False,0.0,09:24:21
19750.0,2000,-200.0,0.0,SD,2064900.0,2923700.0,False,0.0,09:24:21
19750.0,1000,-200.0,0.0,SD,2064900.0,2921700.0,False,0.0,09:24:21
19750.0,30000,-200.0,0.0,SD,2064900.0,2920700.0,True,0.0,09:24:21
19750.0,200,-200.0,0.0,SD,2064900.0,2890700.0,False,0.0,09:24:21
19750.0,300,-200.0,0.0,SD,2064900.0,2890500.0,False,0.0,09:24:21
19750.0,200,-200.0,0.0,SD,2064900.0,2890200.0,False,0.0,09:24:21
19750.0,100,-200.0,0.0,BU,2064900.0,2890000.0,False,0.0,09:24:21
19750.0,100,-200.0,0.0,BU,2064800.0,2890000.0,False,0.0,09:24:21
19750.0,100,-200.0,0.0,BU,2064700.0,2890000.0,False,0.0,09:24:18
19750.0,300,-200.0,0.0,BU,2064600.0,2890000.0,False,50.0,09:24:18
19700.0,2300,-250.0,0.0,SD,2064300.0,2890000.0,False,0.0,09:24:18
19700.0,100,-250.0,0.0,SD,2064300.0,2887700.0,False,0.0,09:24:18
19700.0,2000,-250.0,0.0,SD,2064300.0,2887600.0,False,0.0,09:24:18
19700.0,100,-250.0,0.0,SD,2064300.0,2885600.0,False,0.0,09:24:18
19700.0,200,-250.0,0.0,SD,2064300.0,2885500.0,False,0.0,09:24:18
19700.0,100,-250.0,0.0,SD,2064300.0,2885300.0,False,0.0,09:24:18
19700.0,100,-250.0,0.0,SD,2064300.0,2885200.0,False,0.0,09:24:18
19700.0,100,-250.0,0.0,SD,2064300.0,2885100.0,False,0.0,09:24:18
19700.0,200,-250.0,0.0,SD,2064300.0,2885000.0,False,0.0,09:24:18
19700.0,900,-250.0,0.0,SD,2064300.0,2884800.0,False,0.0,09:24:18
19700.0,1000,-250.0,0.0,SD,2064300.0,2883900.0,False,0.0,09:24:18
19700.0,2900,-250.0,0.0,SD,2064300.0,2882900.0,False,-50.0,09:24:18
19750.0,200,-200.0,0.0,BU,2064300.0,2880000.0,False,0.0,09:24:18
19750.0,100,-200.0,0.0,BU,2064100.0,2880000.0,False,0.0,09:24:18
19750.0,500,-200.0,0.0,BU,2064000.0,2880000.0,False,0.0,09:24:17
19750.0,200,-200.0,0.0,BU,2063500.0,2880000.0,False,50.0,09:24:17
19700.0,100,-250.0,0.0,SD,2063300.0,2880000.0,False,-50.0,09:24:16
19750.0,100,-200.0,0.0,BU,2063300.0,2879900.0,False,0.0,09:24:16
19750.0,3400,-200.0,0.0,BU,2063200.0,2879900.0,False,0.0,09:24:16
19750.0,100,-200.0,0.0,BU,2059800.0,2879900.0,False,0.0,09:24:16
19750.0,100,-200.0,0.0,BU,2059700.0,2879900.0,False,0.0,09:24:16
19750.0,1000,-200.0,0.0,BU,2059600.0,2879900.0,False,0.0,09:24:16
19750.0,8400,-200.0,0.0,BU,2058600.0,2879900.0,False,0.0,09:24:16
19750.0,100,-200.0,0.0,BU,2050200.0,2879900.0,False,0.0,09:24:15
19750.0,400,-200.0,0.0,BU,2050100.0,2879900.0,False,0.0,09:24:15
19750.0,800,-200.0,0.0,BU,2049700.0,2879900.0,False,0.0,09:24:14
19750.0,300,-200.0,0.0,BU,2048900.0,2879900.0,False,0.0,09:24:14
19750.0,100,-200.0,0.0,BU,2048600.0,2879900.0,False,0.0,09:24:14
19750.0,100,-200.0,0.0,BU,2048500.0,2879900.0,False,0.0,09:24:14
19750.0,200,-200.0,0.0,BU,2048400.0,2879900.0,False,0.0,09:24:12
19750.0,100,-200.0,0.0,BU,2048200.0,2879900.0,False,0.0,09:24:12
19750.0,100,-200.0,0.0,BU,2048100.0,2879900.0,False,0.0,09:24:11
19750.0,300,-200.0,0.0,BU,2048000.0,2879900.0,False,0.0,09:24:10
19750.0,5300,-200.0,0.0,BU,2047700.0,2879900.0,False,0.0,09:24:10
19750.0,200,-200.0,0.0,BU,2042400.0,2879900.0,False,0.0,09:24:09
19750.0,2600,-200.0,0.0,BU,2042200.0,2879900.0,False,0.0,09:24:09
19750.0,500,-200.0,0.0,BU,2039600.0,2879900.0,False,0.0,09:24:08
19750.0,600,-200.0,0.0,BU,2039100.0,2879900.0,False,0.0,09:24:08
19750.0,1000,-200.0,0.0,BU,2038500.0,2879900.0,False,0.0,09:24:08
19750.0,400,-200.0,0.0,BU,2037500.0,2879900.0,False,0.0,09:24:08
19750.0,100,-200.0,0.0,BU,2037100.0,2879900.0,False,0.0,09:24:08
19750.0,1000,-200.0,0.0,BU,2037000.0,2879900.0,False,0.0,09:24:08
19750.0,700,-200.0,0.0,BU,2036000.0,2879900.0,False,0.0,09:24:07
19750.0,200,-200.0,0.0,BU,2035300.0,2879900.0,False,0.0,09:24:06
19750.0,500,-200.0,0.0,BU,2035100.0,2879900.0,False,0.0,09:24:05
19750.0,500,-200.0,0.0,BU,2034600.0,2879900.0,False,0.0,09:24:05
19750.0,1000,-200.0,0.0,BU,2034100.0,2879900.0,False,0.0,09:24:05
19750.0,2000,-200.0,0.0,BU,2033100.0,2879900.0,False,0.0,09:24:04
19750.0,500,-200.0,0.0,BU,2031100.0,2879900.0,False,0.0,09:24:04
19750.0,1000,-200.0,0.0,BU,2030600.0,2879900.0,False,0.0,09:24:03
19750.0,1200,-200.0,0.0,BU,2029600.0,2879900.0,False,0.0,09:24:03
19750.0,100,-200.0,0.0,BU,2028400.0,2879900.0,False,0.0,09:24:03
19750.0,100,-200.0,0.0,BU,2028300.0,2879900.0,False,0.0,09:24:03
19750.0,2000,-200.0,0.0,BU,2028200.0,2879900.0,False,0.0,09:24:02
19750.0,3000,-200.0,0.0,BU,2026200.0,2879900.0,False,0.0,09:24:02
19750.0,100,-200.0,0.0,BU,2023200.0,2879900.0,False,0.0,09:24:02
19750.0,2000,-200.0,0.0,BU,2023100.0,2879900.0,False,0.0,09:24:01
19750.0,100,-200.0,0.0,BU,2021100.0,2879900.0,False,0.0,09:24:01
19750.0,100,-200.0,0.0,BU,2021000.0,2879900.0,False,0.0,09:24:00
19750.0,1000,-200.0,0.0,BU,2020900.0,2879900.0,False,0.0,09:23:59
19750.0,500,-200.0,0.0,BU,2019900.0,2879900.0,False,0.0,09:23:59
19750.0,10000,-200.0,0.0,BU,2019400.0,2879900.0,False,0.0,09:23:59
19750.0,1400,-200.0,0.0,BU,2009400.0,2879900.0,False,0.0,09:23:58
19750.0,100,-200.0,0.0,BU,2008000.0,2879900.0,False,0.0,09:23:58
19750.0,200,-200.0,0.0,BU,2007900.0,2879900.0,False,50.0,09:23:58
19700.0,100,-250.0,0.0,SD,2007700.0,2879900.0,False,-50.0,09:23:58
19750.0,2000,-200.0,0.0,BU,2007700.0,2879800.0,False,0.0,09:23:58
19750.0,600,-200.0,0.0,BU,2005700.0,2879800.0,False,50.0,09:23:57
19700.0,100,-250.0,0.0,SD,2005100.0,2879800.0,False,0.0,09:23:57
19700.0,1000,-250.0,0.0,SD,2005100.0,2879700.0,False,0.0,09:23:57
19700.0,100,-250.0,0.0,SD,2005100.0,2878700.0,False,0.0,09:23:57
19700.0,1000,-250.0,0.0,SD,2005100.0,2878600.0,False,0.0,09:23:57
19700.0,100,-250.0,0.0,SD,2005100.0,2877600.0,False,0.0,09:23:57
19700.0,1000,-250.0,0.0,SD,2005100.0,2877500.0,False,0.0,09:23:57
19700.0,3000,-250.0,0.0,SD,2005100.0,2876500.0,False,0.0,09:23:57
19700.0,100,-250.0,0.0,SD,2005100.0,2873500.0,False,0.0,09:23:57
19700.0,100,-250.0,0.0,SD,2005100.0,2873400.0,False,0.0,09:23:57
19700.0,200,-250.0,0.0,SD,2005100.0,2873300.0,False,0.0,09:23:57
19700.0,2000,-250.0,0.0,SD,2005100.0,2873100.0,False,0.0,09:23:57
19700.0,500,-250.0,0.0,SD,2005100.0,2871100.0,False,0.0,09:23:57
19700.0,500,-250.0,0.0,SD,2005100.0,2870600.0,False,0.0,09:23:57
19700.0,800,-250.0,0.0,SD,2005100.0,2870100.0,False,0.0,09:23:57
19700.0,100,-250.0,0.0,SD,2005100.0,2869300.0,False,0.0,09:23:57
19700.0,300,-250.0,0.0,SD,2005100.0,2869200.0,False,0.0,09:23:57
19700.0,100,-250.0,0.0,SD,2005100.0,2868900.0,False,0.0,09:23:57
19700.0,100,-250.0,0.0,SD,2005100.0,2868800.0,False,0.0,09:23:57
19700.0,500,-250.0,0.0,SD,2005100.0,2868700.0,False,0.0,09:23:57
19700.0,2000,-250.0,0.0,SD,2005100.0,2868200.0,False,0.0,09:23:57
19700.0,1000,-250.0,0.0,SD,2005100.0,2866200.0,False,0.0,09:23:57
19700.0,500,-250.0,0.0,SD,2005100.0,2865200.0,False,0.0,09:23:57
19700.0,100,-250.0,0.0,SD,2005100.0,2864700.0,False,0.0,09:23:57
19700.0,200,-250.0,0.0,SD,2005100.0,2864600.0,False,0.0,09:23:57
19700.0,600,-250.0,0.0,SD,2005100.0,2864400.0,False,0.0,09:23:57
19700.0,1000,-250.0,0.0,SD,2005100.0,2863800.0,False,0.0,09:23:57
19700.0,300,-250.0,0.0,SD,2005100.0,2862800.0,False,0.0,09:23:57
19700.0,100,-250.0,0.0,SD,2005100.0,2862500.0,False,0.0,09:23:57
19700.0,300,-250.0,0.0,SD,2005100.0,2862400.0,False,0.0,09:23:57
19700.0,5000,-250.0,0.0,SD,2005100.0,2862100.0,False,0.0,09:23:57
19700.0,200,-250.0,0.0,SD,2005100.0,2857100.0,False,0.0,09:23:57
19700.0,100,-250.0,0.0,SD,2005100.0,2856900.0,False,0.0,09:23:57
19700.0,22000,-250.0,0.0,SD,2005100.0,2856800.0,True,-50.0,09:23:57
19750.0,100,-200.0,0.0,BU,2005100.0,2834800.0,False,0.0,09:23:57
19750.0,200,-200.0,0.0,BU,2005000.0,2834800.0,False,0.0,09:23:57
19750.0,100,-200.0,0.0,BU,2004800.0,2834800.0,False,0.0,09:23:56
19750.0,5000,-200.0,0.0,BU,2004700.0,2834800.0,False,0.0,09:23:55
19750.0,100,-200.0,0.0,BU,1999700.0,2834800.0,False,0.0,09:23:54
19750.0,400,-200.0,0.0,BU,1999600.0,2834800.0,False,0.0,09:23:54
19750.0,500,-200.0,0.0,BU,1999200.0,2834800.0,False,0.0,09:23:54
19750.0,700,-200.0,0.0,BU,1998700.0,2834800.0,False,0.0,09:23:53
19750.0,100,-200.0,0.0,BU,1998000.0,2834800.0,False,0.0,09:23:53
19750.0,200,-200.0,0.0,BU,1997900.0,2834800.0,False,0.0,09:23:53
19750.0,800,-200.0,0.0,BU,1997700.0,2834800.0,False,0.0,09:23:53
19750.0,100,-200.0,0.0,BU,1996900.0,2834800.0,False,50.0,09:23:52
19700.0,3900,-250.0,0.0,SD,1996800.0,2834800.0,False,0.0,09:23:52
19700.0,1100,-250.0,0.0,SD,1996800.0,2830900.0,False,-50.0,09:23:52
19750.0,1100,-200.0,0.0,BU,1996800.0,2829800.0,False,0.0,09:23:51
19750.0,500,-200.0,0.0,BU,1995700.0,2829800.0,False,0.0,09:23:51
19750.0,1000,-200.0,0.0,BU,1995200.0,2829800.0,False,0.0,09:23:51
19750.0,100,-200.0,0.0,BU,1994200.0,2829800.0,False,0.0,09:23:51
19750.0,300,-200.0,0.0,BU,1994100.0,2829800.0,False,0.0,09:23:51
19750.0,200,-200.0,0.0,BU,1993800.0,2829800.0,False,0.0,09:23:50
19750.0,200,-200.0,0.0,BU,1993600.0,2829800.0,False,0.0,09:23:50
19750.0,200,-200.0,0.0,BU,1993400.0,2829800.0,False,0.0,09:23:50
19750.0,400,-200.0,0.0,BU,1993200.0,2829800.0,False,0.0,09:23:50
19750.0,1500,-200.0,0.0,BU,1992800.0,2829800.0,False,0.0,09:23:50
19750.0,100,-200.0,0.0,BU,1991300.0,2829800.0,False,0.0,09:23:50
19750.0,1000,-200.0,0.0,BU,1991200.0,2829800.0,False,0.0,09:23:50
19750.0,500,-200.0,0.0,BU,1990200.0,2829800.0,False,0.0,09:23:50
19750.0,200,-200.0,0.0,BU,1989700.0,2829800.0,False,0.0,09:23:50
19750.0,1000,-200.0,0.0,BU,1989500.0,2829800.0,False,0.0,09:23:50
19750.0,1000,-200.0,0.0,BU,1988500.0,2829800.0,False,50.0,09:23:50
19700.0,1900,-250.0,0.0,SD,1987500.0,2829800.0,False,0.0,09:23:49
19700.0,100,-250.0,0.0,SD,1987500.0,2827900.0,False,-50.0,09:23:49
19750.0,300,-200.0,0.0,BU,1987500.0,2827800.0,False,0.0,09:23:49
19750.0,500,-200.0,0.0,BU,1987200.0,2827800.0,False,0.0,09:23:48
19750.0,1900,-200.0,0.0,BU,1986700.0,2827800.0,False,0.0,09:23:48
19750.0,5600,-200.0,0.0,BU,1984800.0,2827800.0,False,0.0,09:23:48
19750.0,2000,-200.0,0.0,BU,1979200.0,2827800.0,False,0.0,09:23:47
19750.0,100,-200.0,0.0,BU,1977200.0,2827800.0,False,0.0,09:23:47
19750.0,300,-200.0,0.0,BU,1977100.0,2827800.0,False,0.0,09:23:47
19750.0,200,-200.0,0.0,BU,1976800.0,2827800.0,False,0.0,09:23:47
19750.0,200,-200.0,0.0,BU,1976600.0,2827800.0,False,0.0,09:23:47
19750.0,100,-200.0,0.0,BU,1976400.0,2827800.0,False,0.0,09:23:46
19750.0,100,-200.0,0.0,BU,1976300.0,2827800.0,False,0.0,09:23:45
19750.0,500,-200.0,0.0,BU,1976200.0,2827800.0,False,0.0,09:23:44
19750.0,200,-200.0,0.0,BU,1975700.0,2827800.0,False,0.0,09:23:44
19750.0,100,-200.0,0.0,BU,1975500.0,2827800.0,False,0.0,09:23:44
19750.0,100,-200.0,0.0,BU,1975400.0,2827800.0,False,0.0,09:23:44
19750.0,7000,-200.0,0.0,BU,1975300.0,2827800.0,False,0.0,09:23:43
19750.0,100,-200.0,0.0,BU,1968300.0,2827800.0,False,0.0,09:23:43
19750.0,500,-200.0,0.0,BU,1968200.0,2827800.0,False,0.0,09:23:42
19750.0,100,-200.0,0.0,BU,1967700.0,2827800.0,False,0.0,09:23:41
19750.0,2400,-200.0,0.0,BU,1967600.0,2827800.0,False,50.0,09:23:41
19700.0,100,-250.0,0.0,SD,1965200.0,2827800.0,False,-50.0,09:23:40
19750.0,100,-200.0,0.0,BU,1965200.0,2827700.0,False,0.0,09:23:39
19750.0,3300,-200.0,0.0,BU,1965100.0,2827700.0,False,0.0,09:23:39
19750.0,1000,-200.0,0.0,BU,1961800.0,2827700.0,False,0.0,09:23:39
19750.0,23700,-200.0,0.0,BU,1960800.0,2827700.0,True,0.0,09:23:39
19750.0,100,-200.0,0.0,BU,1937100.0,2827700.0,False,0.0,09:23:39
19750.0,200,-200.0,0.0,BU,1937000.0,2827700.0,False,0.0,09:23:39
19750.0,300,-200.0,0.0,BU,1936800.0,2827700.0,False,0.0,09:23:38
19750.0,500,-200.0,0.0,BU,1936500.0,2827700.0,False,0.0,09:23:38
19750.0,700,-200.0,0.0,BU,1936000.0,2827700.0,False,0.0,09:23:37
19750.0,2700,-200.0,0.0,BU,1935300.0,2827700.0,False,50.0,09:23:37
19700.0,300,-250.0,0.0,SD,1932600.0,2827700.0,False,0.0,09:23:37
19700.0,200,-250.0,0.0,SD,1932600.0,2827400.0,False,0.0,09:23:37
19700.0,500,-250.0,0.0,SD,1932600.0,2827200.0,False,0.0,09:23:37
19700.0,300,-250.0,0.0,SD,1932600.0,2826700.0,False,0.0,09:23:37
19700.0,1000,-250.0,0.0,SD,1932600.0,2826400.0,False,0.0,09:23:37
19700.0,700,-250.0,0.0,SD,1932600.0,2825400.0,False,-50.0,09:23:37
19750.0,700,-200.0,0.0,BU,1932600.0,2824700.0,False,0.0,09:23:34
19750.0,400,-200.0,0.0,BU,1931900.0,2824700.0,False,50.0,09:23:34
19700.0,300,-250.0,0.0,SD,1931500.0,2824700.0,False,0.0,09:23:34
19700.0,100,-250.0,0.0,SD,1931500.0,2824400.0,False,0.0,09:23:34
19700.0,600,-250.0,0.0,SD,1931500.0,2824300.0,False,0.0,09:23:34
19700.0,100,-250.0,0.0,SD,1931500.0,2823700.0,False,-50.0,09:23:33
19750.0,2000,-200.0,0.0,BU,1931500.0,2823600.0,False,50.0,09:23:32
19700.0,200,-250.0,0.0,SD,1929500.0,2823600.0,False,0.0,09:23:32
19700.0,300,-250.0,0.0,SD,1929500.0,2823400.0,False,-50.0,09:23:32
19750.0,200,-200.0,0.0,BU,1929500.0,2823100.0,False,50.0,09:23:31
19700.0,100,-250.0,0.0,SD,1929300.0,2823100.0,False,0.0,09:23:31
19700.0,100,-250.0,0.0,SD,1929300.0,2823000.0,False,0.0,09:23:30
19700.0,400,-250.0,0.0,SD,1929300.0,2822900.0,False,0.0,09:23:30
19700.0,600,-250.0,0.0,SD,1929300.0,2822500.0,False,0.0,09:23:28
19700.0,300,-250.0,0.0,SD,1929300.0,2821900.0,False,0.0,09:23:28
19700.0,300,-250.0,0.0,SD,1929300.0,2821600.0,False,0.0,09:23:28
19700.0,700,-250.0,0.0,SD,1929300.0,2821300.0,False,0.0,09:23:27
19700.0,100,-250.0,0.0,SD,1929300.0,2820600.0,False,0.0,09:23:26
19700.0,300,-250.0,0.0,SD,1929300.0,2820500.0,False,0.0,09:23:26
19700.0,500,-250.0,0.0,SD,1929300.0,2820200.0,False,0.0,09:23:26
19700.0,200,-250.0,0.0,SD,1929300.0,2819700.0,False,0.0,09:23:26
19700.0,100,-250.0,0.0,SD,1929300.0,2819500.0,False,0.0,09:23:24
19700.0,100,-250.0,0.0,SD,1929300.0,2819400.0,False,0.0,09:23:23
19700.0,100,-250.0,0.0,SD,1929300.0,2819300.0,False,0.0,09:23:23
19700.0,100,-250.0,0.0,BU,1929300.0,2819200.0,False,0.0,09:23:23
19700.0,900,-250.0,0.0,BU,1929200.0,2819200.0,False,0.0,09:23:23
19700.0,1800,-250.0,0.0,BU,1928300.0,2819200.0,False,0.0,09:23:22
19700.0,1000,-250.0,0.0,BU,1926500.0,2819200.0,False,0.0,09:23:22
19700.0,200,-250.0,0.0,BU,1925500.0,2819200.0,False,0.0,09:23:22
19700.0,1000,-250.0,0.0,BU,1925300.0,2819200.0,False,0.0,09:23:22
19700.0,100,-250.0,0.0,BU,1924300.0,2819200.0,False,50.0,09:23:22
19650.0,200,-300.0,0.0,SD,1924200.0,2819200.0,False,0.0,09:23:21
19650.0,1000,-300.0,0.0,SD,1924200.0,2819000.0,False,0.0,09:23:21
19650.0,5000,-300.0,0.0,SD,1924200.0,2818000.0,False,-50.0,09:23:20
19700.0,500,-250.0,0.0,BU,1924200.0,2813000.0,False,0.0,09:23:18
19700.0,1500,-250.0,0.0,BU,1923700.0,2813000.0,False,0.0,09:23:18
19700.0,6900,-250.0,0.0,BU,1922200.0,2813000.0,False,0.0,09:23:18
19700.0,400,-250.0,0.0,BU,1915300.0,2813000.0,False,0.0,09:23:18
19700.0,4000,-250.0,0.0,BU,1914900.0,2813000.0,False,0.0,09:23:18
19700.0,3100,-250.0,0.0,BU,1910900.0,2813000.0,False,0.0,09:23:18
19700.0,200,-250.0,0.0,BU,1907800.0,2813000.0,False,0.0,09:23:18
19700.0,100,-250.0,0.0,BU,1907600.0,2813000.0,False,50.0,09:23:18
19650.0,500,-300.0,0.0,SD,1907500.0,2813000.0,False,0.0,09:23:17
19650.0,100,-300.0,0.0,SD,1907500.0,2812500.0,False,-50.0,09:23:16
19700.0,500,-250.0,0.0,BU,1907500.0,2812400.0,False,50.0,09:23:16
19650.0,100,-300.0,0.0,BU,1907000.0,2812400.0,False,0.0,09:23:15
19650.0,800,-300.0,0.0,BU,1906900.0,2812400.0,False,0.0,09:23:15
19650.0,200,-300.0,0.0,BU,1906100.0,2812400.0,False,0.0,09:23:15
19650.0,100,-300.0,0.0,BU,1905900.0,2812400.0,False,0.0,09:23:15
19650.0,100,-300.0,0.0,BU,1905800.0,2812400.0,False,0.0,09:23:15
19650.0,1500,-300.0,0.0,BU,1905700.0,2812400.0,False,0.0,09:23:15
19650.0,400,-300.0,0.0,BU,1904200.0,2812400.0,False,0.0,09:23:15
19650.0,100,-300.0,0.0,BU,1903800.0,2812400.0,False,0.0,09:23:15
19650.0,500,-300.0,0.0,BU,1903700.0,2812400.0,False,0.0,09:23:15
19650.0,1400,-300.0,0.0,BU,1903200.0,2812400.0,False,0.0,09:23:15
19650.0,100,-300.0,0.0,BU,1901800.0,2812400.0,False,0.0,09:23:15
19650.0,200,-300.0,0.0,BU,1901700.0,2812400.0,False,0.0,09:23:15
19650.0,200,-300.0,0.0,BU,1901500.0,2812400.0,False,0.0,09:23:15
19650.0,200,-300.0,0.0,BU,1901300.0,2812400.0,False,0.0,09:23:15
19650.0,200,-300.0,0.0,BU,1901100.0,2812400.0,False,0.0,09:23:14
19650.0,100,-300.0,0.0,BU,1900900.0,2812400.0,False,0.0,09:23:14
19650.0,400,-300.0,0.0,BU,1900800.0,2812400.0,False,50.0,09:23:14
19600.0,100,-350.0,0.0,SD,1900400.0,2812400.0,False,0.0,09:23:14
19600.0,100,-350.0,0.0,SD,1900400.0,2812300.0,False,-50.0,09:23:14
19650.0,100,-300.0,0.0,BU,1900400.0,2812200.0,False,0.0,09:23:13
19650.0,900,-300.0,0.0,BU,1900300.0,2812200.0,False,0.0,09:23:13
19650.0,300,-300.0,0.0,BU,1899400.0,2812200.0,False,0.0,09:23:13
19650.0,200,-300.0,0.0,BU,1899100.0,2812200.0,False,0.0,09:23:13
19650.0,100,-300.0,0.0,BU,1898900.0,2812200.0,False,50.0,09:23:13
19600.0,1900,-350.0,0.0,SD,1898800.0,2812200.0,False,0.0,09:23:12
19600.0,1300,-350.0,0.0,SD,1898800.0,2810300.0,False,-50.0,09:23:12
19650.0,100,-300.0,0.0,BU,1898800.0,2809000.0,False,0.0,09:23:11
19650.0,100,-300.0,0.0,BU,1898700.0,2809000.0,False,0.0,09:23:11
19650.0,300,-300.0,0.0,BU,1898600.0,2809000.0,False,0.0,09:23:11
19650.0,1000,-300.0,0.0,BU,1898300.0,2809000.0,False,0.0,09:23:11
19650.0,1000,-300.0,0.0,BU,1897300.0,2809000.0,False,0.0,09:23:10
19650.0,500,-300.0,0.0,BU,1896300.0,2809000.0,False,0.0,09:23:10
19650.0,100,-300.0,0.0,BU,1895800.0,2809000.0,False,0.0,09:23:09
19650.0,1000,-300.0,0.0,BU,1895700.0,2809000.0,False,0.0,09:23:08
19650.0,100,-300.0,0.0,BU,1894700.0,2809000.0,False,0.0,09:23:08
19650.0,300,-300.0,0.0,BU,1894600.0,2809000.0,False,0.0,09:23:08
19650.0,100,-300.0,0.0,BU,1894300.0,2809000.0,False,0.0,09:23:07
19650.0,200,-300.0,0.0,BU,1894200.0,2809000.0,False,0.0,09:23:07
19650.0,2000,-300.0,0.0,BU,1894000.0,2809000.0,False,0.0,09:23:06
19650.0,200,-300.0,0.0,BU,1892000.0,2809000.0,False,0.0,09:23:06
19650.0,100,-300.0,0.0,BU,1891800.0,2809000.0,False,0.0,09:23:06
19650.0,2700,-300.0,0.0,BU,1891700.0,2809000.0,False,0.0,09:23:06
19650.0,2000,-300.0,0.0,BU,1889000.0,2809000.0,False,0.0,09:23:05
19650.0,500,-300.0,0.0,BU,1887000.0,2809000.0,False,0.0,09:23:05
19650.0,2000,-300.0,0.0,BU,1886500.0,2809000.0,False,0.0,09:23:05
19650.0,1000,-300.0,0.0,BU,1884500.0,2809000.0,False,50.0,09:23:05
19600.0,2400,-350.0,0.0,SD,1883500.0,2809000.0,False,-50.0,09:23:05
19650.0,200,-300.0,0.0,BU,1883500.0,2806600.0,False,0.0,09:23:04
19650.0,300,-300.0,0.0,BU,1883300.0,2806600.0,False,0.0,09:23:04
19650.0,300,-300.0,0.0,BU,1883000.0,2806600.0,False,0.0,09:23:04
19650.0,1000,-300.0,0.0,BU,1882700.0,2806600.0,False,0.0,09:23:03
19650.0,500,-300.0,0.0,BU,1881700.0,2806600.0,False,0.0,09:23:03
19650.0,400,-300.0,0.0,BU,1881200.0,2806600.0,False,0.0,09:23:03
19650.0,600,-300.0,0.0,BU,1880800.0,2806600.0,False,0.0,09:23:03
19650.0,100,-300.0,0.0,BU,1880200.0,2806600.0,False,0.0,09:23:02
19650.0,300,-300.0,0.0,BU,1880100.0,2806600.0,False,0.0,09:23:02
19650.0,100,-300.0,0.0,BU,1879800.0,2806600.0,False,0.0,09:23:01
19650.0,100,-300.0,0.0,BU,1879700.0,2806600.0,False,0.0,09:23:01
19650.0,700,-300.0,0.0,BU,1879600.0,2806600.0,False,0.0,09:23:01
19650.0,1100,-300.0,0.0,BU,1878900.0,2806600.0,False,50.0,09:23:01
19600.0,500,-350.0,0.0,SD,1877800.0,2806600.0,False,-50.0,09:23:00
19650.0,700,-300.0,0.0,BU,1877800.0,2806100.0,False,0.0,09:22:59
19650.0,200,-300.0,0.0,BU,1877100.0,2806100.0,False,50.0,09:22:58
19600.0,800,-350.0,0.0,BU,1876900.0,2806100.0,False,0.0,09:22:55
19600.0,500,-350.0,0.0,SD,1876100.0,2806100.0,False,0.0,09:22:55
19600.0,300,-350.0,0.0,SD,1876100.0,2805600.0,False,0.0,09:22:55
19600.0,1900,-350.0,0.0,SD,1876100.0,2805300.0,False,0.0,09:22:55
19600.0,100,-350.0,0.0,BU,1876100.0,2803400.0,False,0.0,09:22:54
19600.0,300,-350.0,0.0,BU,1876000.0,2803400.0,False,0.0,09:22:54
19600.0,100,-350.0,0.0,BU,1875700.0,2803400.0,False,0.0,09:22:54
19600.0,100,-350.0,0.0,BU,1875600.0,2803400.0,False,0.0,09:22:53
19600.0,3000,-350.0,0.0,BU,1875500.0,2803400.0,False,50.0,09:22:53
19550.0,1900,-400.0,0.0,SD,1872500.0,2803400.0,False,-50.0,09:22:53
19600.0,1000,-350.0,0.0,BU,1872500.0,2801500.0,False,0.0,09:22:53
19600.0,100,-350.0,0.0,BU,1871500.0,2801500.0,False,0.0,09:22:53
19600.0,200,-350.0,0.0,SD,1871400.0,2801500.0,False,0.0,09:22:53
19600.0,100,-350.0,0.0,SD,1871400.0,2801300.0,False,0.0,09:22:53
19600.0,100,-350.0,0.0,SD,1871400.0,2801200.0,False,0.0,09:22:53
19600.0,400,-350.0,0.0,SD,1871400.0,2801100.0,False,0.0,09:22:53
19600.0,300,-350.0,0.0,SD,1871400.0,2800700.0,False,0.0,09:22:53
19600.0,4300,-350.0,0.0,SD,1871400.0,2800400.0,False,0.0,09:22:53
19600.0,1200,-350.0,0.0,SD,1871400.0,2796100.0,False,0.0,09:22:52
19600.0,100,-350.0,0.0,SD,1871400.0,2794900.0,False,0.0,09:22:52
19600.0,2000,-350.0,0.0,SD,1871400.0,2794800.0,False,0.0,09:22:52
19600.0,1000,-350.0,0.0,SD,1871400.0,2792800.0,False,0.0,09:22:52
19600.0,100,-350.0,0.0,BU,1871400.0,2791800.0,False,0.0,09:22:52
19600.0,1000,-350.0,0.0,BU,1871300.0,2791800.0,False,0.0,09:22:52
19600.0,200,-350.0,0.0,BU,1870300.0,2791800.0,False,0.0,09:22:52
19600.0,100,-350.0,0.0,BU,1870100.0,2791800.0,False,0.0,09:22:52
19600.0,100,-350.0,0.0,BU,1870000.0,2791800.0,False,0.0,09:22:52
19600.0,400,-350.0,0.0,BU,1869900.0,2791800.0,False,0.0,09:22:52
19600.0,100,-350.0,0.0,BU,1869500.0,2791800.0,False,0.0,09:22:51
19600.0,100,-350.0,0.0,BU,1869400.0,2791800.0,False,0.0,09:22:51
19600.0,100,-350.0,0.0,BU,1869300.0,2791800.0,False,0.0,09:22:51
19600.0,200,-350.0,0.0,BU,1869200.0,2791800.0,False,0.0,09:22:51
19600.0,1600,-350.0,0.0,BU,1869000.0,2791800.0,False,0.0,09:22:51
19600.0,400,-350.0,0.0,BU,1867400.0,2791800.0,False,0.0,09:22:51
19600.0,2000,-350.0,0.0,BU,1867000.0,2791800.0,False,0.0,09:22:51
19600.0,900,-350.0,0.0,BU,1865000.0,2791800.0,False,0.0,09:22:51
19600.0,100,-350.0,0.0,BU,1864100.0,2791800.0,False,0.0,09:22:51
19600.0,1000,-350.0,0.0,BU,1864000.0,2791800.0,False,0.0,09:22:51
19600.0,600,-350.0,0.0,BU,1863000.0,2791800.0,False,0.0,09:22:51
19600.0,400,-350.0,0.0,BU,1862400.0,2791800.0,False,0.0,09:22:51
19600.0,100,-350.0,0.0,BU,1862000.0,2791800.0,False,0.0,09:22:51
19600.0,5000,-350.0,0.0,BU,1861900.0,2791800.0,False,0.0,09:22:51
19600.0,400,-350.0,0.0,BU,1856900.0,2791800.0,False,0.0,09:22:51
19600.0,400,-350.0,0.0,BU,1856500.0,2791800.0,False,0.0,09:22:50
19600.0,2000,-350.0,0.0,BU,1856100.0,2791800.0,False,0.0,09:22:50
19600.0,2000,-350.0,0.0,BU,1854100.0,2791800.0,False,50.0,09:22:50
19550.0,100,-400.0,0.0,SD,1852100.0,2791800.0,False,-50.0,09:22:50
19600.0,400,-350.0,0.0,BU,1852100.0,2791700.0,False,0.0,09:22:49
19600.0,200,-350.0,0.0,BU,1851700.0,2791700.0,False,0.0,09:22:49
19600.0,2000,-350.0,0.0,BU,1851500.0,2791700.0,False,0.0,09:22:49
19600.0,1000,-350.0,0.0,BU,1849500.0,2791700.0,False,0.0,09:22:49
19600.0,200,-350.0,0.0,BU,1848500.0,2791700.0,False,50.0,09:22:49
19550.0,1000,-400.0,0.0,SD,1848300.0,2791700.0,False,0.0,09:22:49
19550.0,5000,-400.0,0.0,SD,1848300.0,2790700.0,False,0.0,09:22:49
19550.0,300,-400.0,0.0,SD,1848300.0,2785700.0,False,0.0,09:22:49
19550.0,2000,-400.0,0.0,SD,1848300.0,2785400.0,False,0.0,09:22:49
19550.0,300,-400.0,0.0,SD,1848300.0,2783400.0,False,0.0,09:22:49
19550.0,800,-400.0,0.0,SD,1848300.0,2783100.0,False,0.0,09:22:49
19550.0,600,-400.0,0.0,SD,1848300.0,2782300.0,False,-50.0,09:22:49
19600.0,300,-350.0,0.0,BU,1848300.0,2781700.0,False,0.0,09:22:48
19600.0,10000,-350.0,0.0,BU,1848000.0,2781700.0,False,0.0,09:22:48
19600.0,7500,-350.0,0.0,BU,1838000.0,2781700.0,False,0.0,09:22:48
19600.0,100,-350.0,0.0,BU,1830500.0,2781700.0,False,0.0,09:22:48
19600.0,900,-350.0,0.0,BU,1830400.0,2781700.0,False,0.0,09:22:48
19600.0,2000,-350.0,0.0,BU,1829500.0,2781700.0,False,0.0,09:22:48
19600.0,100,-350.0,0.0,BU,1827500.0,2781700.0,False,0.0,09:22:48
19600.0,3500,-350.0,0.0,BU,1827400.0,2781700.0,False,0.0,09:22:48
19600.0,100,-350.0,0.0,BU,1823900.0,2781700.0,False,0.0,09:22:48
19600.0,200,-350.0,0.0,BU,1823800.0,2781700.0,False,0.0,09:22:48
19600.0,100,-350.0,0.0,BU,1823600.0,2781700.0,False,0.0,09:22:48
19600.0,1800,-350.0,0.0,BU,1823500.0,2781700.0,False,0.0,09:22:48
19600.0,4000,-350.0,0.0,BU,1821700.0,2781700.0,False,0.0,09:22:46
19600.0,600,-350.0,0.0,BU,1817700.0,2781700.0,False,0.0,09:22:46
19600.0,100,-350.0,0.0,BU,1817100.0,2781700.0,False,0.0,09:22:46
19600.0,100,-350.0,0.0,BU,1817000.0,2781700.0,False,0.0,09:22:45
19600.0,4000,-350.0,0.0,BU,1816900.0,2781700.0,False,0.0,09:22:45
19600.0,15000,-350.0,0.0,BU,1812900.0,2781700.0,True,0.0,09:22:45
19600.0,400,-350.0,0.0,BU,1797900.0,2781700.0,False,0.0,09:22:45
19600.0,100,-350.0,0.0,BU,1797500.0,2781700.0,False,50.0,09:22:45
19550.0,100,-400.0,0.0,SD,1797400.0,2781700.0,False,-50.0,09:22:45
19600.0,500,-350.0,0.0,BU,1797400.0,2781600.0,False,0.0,09:22:45
19600.0,1000,-350.0,0.0,BU,1796900.0,2781600.0,False,0.0,09:22:45
19600.0,1000,-350.0,0.0,BU,1795900.0,2781600.0,False,0.0,09:22:44
19600.0,100,-350.0,0.0,BU,1794900.0,2781600.0,False,0.0,09:22:44
19600.0,100,-350.0,0.0,BU,1794800.0,2781600.0,False,0.0,09:22:44
19600.0,19600,-350.0,0.0,BU,1794700.0,2781600.0,True,0.0,09:22:43
19600.0,200,-350.0,0.0,BU,1775100.0,2781600.0,False,0.0,09:22:43
19600.0,400,-350.0,0.0,BU,1774900.0,2781600.0,False,0.0,09:22:43
19600.0,200,-350.0,0.0,BU,1774500.0,2781600.0,False,0.0,09:22:43
19600.0,200,-350.0,0.0,BU,1774300.0,2781600.0,False,0.0,09:22:43
19600.0,5000,-350.0,0.0,BU,1774100.0,2781600.0,False,0.0,09:22:43
19600.0,1000,-350.0,0.0,BU,1769100.0,2781600.0,False,0.0,09:22:43
19600.0,100,-350.0,0.0,BU,1768100.0,2781600.0,False,0.0,09:22:43
19600.0,1000,-350.0,0.0,BU,1768000.0,2781600.0,False,0.0,09:22:42
19600.0,100,-350.0,0.0,BU,1767000.0,2781600.0,False,0.0,09:22:42
19600.0,1000,-350.0,0.0,BU,1766900.0,2781600.0,False,0.0,09:22:42
19600.0,1500,-350.0,0.0,BU,1765900.0,2781600.0,False,0.0,09:22:42
19600.0,100,-350.0,0.0,BU,1764400.0,2781600.0,False,0.0,09:22:41
19600.0,300,-350.0,0.0,BU,1764300.0,2781600.0,False,0.0,09:22:41
19600.0,1500,-350.0,0.0,BU,1764000.0,2781600.0,False,0.0,09:22:41
19600.0,500,-350.0,0.0,BU,1762500.0,2781600.0,False,0.0,09:22:41
19600.0,100,-350.0,0.0,BU,1762000.0,2781600.0,False,0.0,09:22:41
19600.0,400,-350.0,0.0,BU,1761900.0,2781600.0,False,0.0,09:22:41
19600.0,600,-350.0,0.0,BU,1761500.0,2781600.0,False,0.0,09:22:40
19600.0,1000,-350.0,0.0,BU,1760900.0,2781600.0,False,0.0,09:22:40
19600.0,6000,-350.0,0.0,BU,1759900.0,2781600.0,False,0.0,09:22:40
19600.0,1000,-350.0,0.0,BU,1753900.0,2781600.0,False,0.0,09:22:40
19600.0,2000,-350.0,0.0,BU,1752900.0,2781600.0,False,0.0,09:22:40
19600.0,800,-350.0,0.0,BU,1750900.0,2781600.0,False,0.0,09:22:40
19600.0,500,-350.0,0.0,BU,1750100.0,2781600.0,False,0.0,09:22:40
19600.0,100,-350.0,0.0,BU,1749600.0,2781600.0,False,0.0,09:22:40
19600.0,400,-350.0,0.0,BU,1749500.0,2781600.0,False,0.0,09:22:40
19600.0,4000,-350.0,0.0,BU,1749100.0,2781600.0,False,0.0,09:22:40
19600.0,200,-350.0,0.0,BU,1745100.0,2781600.0,False,0.0,09:22:40
19600.0,100,-350.0,0.0,BU,1744900.0,2781600.0,False,0.0,09:22:40
19600.0,1000,-350.0,0.0,BU,1744800.0,2781600.0,False,0.0,09:22:40
19600.0,500,-350.0,0.0,BU,1743800.0,2781600.0,False,0.0,09:22:40
19600.0,100,-350.0,0.0,BU,1743300.0,2781600.0,False,0.0,09:22:40
19600.0,1000,-350.0,0.0,BU,1743200.0,2781600.0,False,0.0,09:22:40
19600.0,1000,-350.0,0.0,BU,1742200.0,2781600.0,False,0.0,09:22:40
19600.0,100,-350.0,0.0,BU,1741200.0,2781600.0,False,0.0,09:22:40
19600.0,300,-350.0,0.0,BU,1741100.0,2781600.0,False,0.0,09:22:40
19600.0,10000,-350.0,0.0,BU,1740800.0,2781600.0,False,0.0,09:22:40
19600.0,200,-350.0,0.0,BU,1730800.0,2781600.0,False,0.0,09:22:40
19600.0,500,-350.0,0.0,BU,1730600.0,2781600.0,False,0.0,09:22:40
19600.0,2000,-350.0,0.0,BU,1730100.0,2781600.0,False,0.0,09:22:40
19600.0,200,-350.0,0.0,BU,1728100.0,2781600.0,False,0.0,09:22:40
19600.0,600,-350.0,0.0,BU,1727900.0,2781600.0,False,0.0,09:22:40
19600.0,1000,-350.0,0.0,BU,1727300.0,2781600.0,False,0.0,09:22:40
19600.0,3000,-350.0,0.0,BU,1726300.0,2781600.0,False,0.0,09:22:40
19600.0,7400,-350.0,0.0,BU,1723300.0,2781600.0,False,0.0,09:22:40
19600.0,700,-350.0,0.0,BU,1715900.0,2781600.0,False,0.0,09:22:39
19600.0,200,-350.0,0.0,BU,1715200.0,2781600.0,False,0.0,09:22:38
19600.0,500,-350.0,0.0,BU,1715000.0,2781600.0,False,0.0,09:22:38
19600.0,1000,-350.0,0.0,BU,1714500.0,2781600.0,False,0.0,09:22:37
19600.0,500,-350.0,0.0,BU,1713500.0,2781600.0,False,0.0,09:22:37
19600.0,2000,-350.0,0.0,BU,1713000.0,2781600.0,False,50.0,09:22:37
19550.0,1300,-400.0,0.0,SD,1711000.0,2781600.0,False,0.0,09:22:37
19550.0,300,-400.0,0.0,SD,1711000.0,2780300.0,False,0.0,09:22:37
19550.0,100,-400.0,0.0,SD,1711000.0,2780000.0,False,0.0,09:22:37
19550.0,1000,-400.0,0.0,SD,1711000.0,2779900.0,False,0.0,09:22:37
19550.0,1300,-400.0,0.0,SD,1711000.0,2778900.0,False,-50.0,09:22:37
19600.0,300,-350.0,0.0,BU,1711000.0,2777600.0,False,0.0,09:22:37
19600.0,100,-350.0,0.0,BU,1710700.0,2777600.0,False,50.0,09:22:36
19550.0,100,-400.0,0.0,SD,1710600.0,2777600.0,False,-50.0,09:22:36
19600.0,1000,-350.0,0.0,BU,1710600.0,2777500.0,False,0.0,09:22:35
19600.0,1000,-350.0,0.0,BU,1709600.0,2777500.0,False,0.0,09:22:35
19600.0,100,-350.0,0.0,BU,1708600.0,2777500.0,False,50.0,09:22:34
19550.0,500,-400.0,0.0,SD,1708500.0,2777500.0,False,0.0,09:22:34
19550.0,100,-400.0,0.0,SD,1708500.0,2777000.0,False,0.0,09:22:33
19550.0,100,-400.0,0.0,SD,1708500.0,2776900.0,False,-50.0,09:22:33
19600.0,100,-350.0,0.0,BU,1708500.0,2776800.0,False,50.0,09:22:33
19550.0,1000,-400.0,0.0,SD,1708400.0,2776800.0,False,0.0,09:22:33
19550.0,400,-400.0,0.0,SD,1708400.0,2775800.0,False,0.0,09:22:33
19550.0,1000,-400.0,0.0,SD,1708400.0,2775400.0,False,-50.0,09:22:33
19600.0,100,-350.0,0.0,BU,1708400.0,2774400.0,False,0.0,09:22:32
19600.0,1000,-350.0,0.0,BU,1708300.0,2774400.0,False,0.0,09:22:32
19600.0,5400,-350.0,0.0,BU,1707300.0,2774400.0,False,0.0,09:22:29
19600.0,100,-350.0,0.0,BU,1701900.0,2774400.0,False,0.0,09:22:29
19600.0,500,-350.0,0.0,BU,1701800.0,2774400.0,False,50.0,09:22:29
19550.0,100,-400.0,0.0,SD,1701300.0,2774400.0,False,0.0,09:22:28
19550.0,300,-400.0,0.0,SD,1701300.0,2774300.0,False,0.0,09:22:26
19550.0,100,-400.0,0.0,BU,1701300.0,2774000.0,False,0.0,09:22:25
19550.0,1000,-400.0,0.0,BU,1701200.0,2774000.0,False,0.0,09:22:24
19550.0,200,-400.0,0.0,BU,1700200.0,2774000.0,False,0.0,09:22:24
19550.0,800,-400.0,0.0,BU,1700000.0,2774000.0,False,0.0,09:22:24
19550.0,200,-400.0,0.0,BU,1699200.0,2774000.0,False,0.0,09:22:24
19550.0,300,-400.0,0.0,BU,1699000.0,2774000.0,False,0.0,09:22:24
19550.0,600,-400.0,0.0,BU,1698700.0,2774000.0,False,0.0,09:22:24
19550.0,200,-400.0,0.0,BU,1698100.0,2774000.0,False,0.0,09:22:24
19550.0,200,-400.0,0.0,BU,1697900.0,2774000.0,False,0.0,09:22:24
19550.0,1000,-400.0,0.0,BU,1697700.0,2774000.0,False,0.0,09:22:24
19550.0,2600,-400.0,0.0,BU,1696700.0,2774000.0,False,0.0,09:22:24
19550.0,300,-400.0,0.0,BU,1694100.0,2774000.0,False,0.0,09:22:24
19550.0,100,-400.0,0.0,BU,1693800.0,2774000.0,False,0.0,09:22:24
19550.0,500,-400.0,0.0,BU,1693700.0,2774000.0,False,0.0,09:22:23
19550.0,200,-400.0,0.0,BU,1693200.0,2774000.0,False,0.0,09:22:23
19550.0,400,-400.0,0.0,BU,1693000.0,2774000.0,False,0.0,09:22:23
19550.0,500,-400.0,0.0,BU,1692600.0,2774000.0,False,0.0,09:22:23
19550.0,1000,-400.0,0.0,BU,1692100.0,2774000.0,False,0.0,09:22:23
19550.0,200,-400.0,0.0,BU,1691100.0,2774000.0,False,0.0,09:22:23
19550.0,4900,-400.0,0.0,BU,1690900.0,2774000.0,False,0.0,09:22:23
19550.0,200,-400.0,0.0,BU,1686000.0,2774000.0,False,0.0,09:22:23
19550.0,200,-400.0,0.0,BU,1685800.0,2774000.0,False,0.0,09:22:22
19550.0,5000,-400.0,0.0,BU,1685600.0,2774000.0,False,0.0,09:22:22
19550.0,300,-400.0,0.0,BU,1680600.0,2774000.0,False,0.0,09:22:22
19550.0,100,-400.0,0.0,BU,1680300.0,2774000.0,False,0.0,09:22:22
19550.0,100,-400.0,0.0,BU,1680200.0,2774000.0,False,0.0,09:22:22
19550.0,1000,-400.0,0.0,BU,1680100.0,2774000.0,False,0.0,09:22:22
19550.0,100,-400.0,0.0,BU,1679100.0,2774000.0,False,0.0,09:22:21
19550.0,100,-400.0,0.0,BU,1679000.0,2774000.0,False,0.0,09:22:21
19550.0,500,-400.0,0.0,BU,1678900.0,2774000.0,False,0.0,09:22:21
19550.0,5600,-400.0,0.0,BU,1678400.0,2774000.0,False,0.0,09:22:21
19550.0,2000,-400.0,0.0,BU,1672800.0,2774000.0,False,0.0,09:22:21
19550.0,1000,-400.0,0.0,BU,1670800.0,2774000.0,False,0.0,09:22:21
19550.0,3000,-400.0,0.0,BU,1669800.0,2774000.0,False,0.0,09:22:21
19550.0,900,-400.0,0.0,BU,1666800.0,2774000.0,False,0.0,09:22:21
19550.0,200,-400.0,0.0,BU,1665900.0,2774000.0,False,0.0,09:22:20
19550.0,10000,-400.0,0.0,BU,1665700.0,2774000.0,False,0.0,09:22:20
19550.0,1000,-400.0,0.0,BU,1655700.0,2774000.0,False,0.0,09:22:20
19550.0,200,-400.0,0.0,BU,1654700.0,2774000.0,False,0.0,09:22:20
19550.0,100,-400.0,0.0,BU,1654500.0,2774000.0,False,0.0,09:22:20
19550.0,7100,-400.0,0.0,BU,1654400.0,2774000.0,False,0.0,09:22:19
19550.0,100,-400.0,0.0,BU,1647300.0,2774000.0,False,0.0,09:22:19
19550.0,200,-400.0,0.0,BU,1647200.0,2774000.0,False,0.0,09:22:19
19550.0,300,-400.0,0.0,BU,1647000.0,2774000.0,False,0.0,09:22:19
19550.0,600,-400.0,0.0,BU,1646700.0,2774000.0,False,0.0,09:22:19
19550.0,100,-400.0,0.0,BU,1646100.0,2774000.0,False,0.0,09:22:19
19550.0,500,-400.0,0.0,BU,1646000.0,2774000.0,False,0.0,09:22:19
19550.0,1000,-400.0,0.0,BU,1645500.0,2774000.0,False,0.0,09:22:19
19550.0,1100,-400.0,0.0,BU,1644500.0,2774000.0,False,0.0,09:22:19
19550.0,500,-400.0,0.0,BU,1643400.0,2774000.0,False,0.0,09:22:19
19550.0,1000,-400.0,0.0,BU,1642900.0,2774000.0,False,0.0,09:22:19
19550.0,300,-400.0,0.0,BU,1641900.0,2774000.0,False,0.0,09:22:19
19550.0,5100,-400.0,0.0,BU,1641600.0,2774000.0,False,0.0,09:22:19
19550.0,100,-400.0,0.0,BU,1636500.0,2774000.0,False,0.0,09:22:19
19550.0,1100,-400.0,0.0,BU,1636400.0,2774000.0,False,0.0,09:22:19
19550.0,800,-400.0,0.0,BU,1635300.0,2774000.0,False,0.0,09:22:18
19550.0,200,-400.0,0.0,BU,1634500.0,2774000.0,False,0.0,09:22:18
19550.0,100,-400.0,0.0,BU,1634300.0,2774000.0,False,0.0,09:22:18
19550.0,200,-400.0,0.0,BU,1634200.0,2774000.0,False,0.0,09:22:18
19550.0,300,-400.0,0.0,BU,1634000.0,2774000.0,False,50.0,09:22:17
19500.0,100,-450.0,0.0,SD,1633700.0,2774000.0,False,-50.0,09:22:17
19550.0,900,-400.0,0.0,BU,1633700.0,2773900.0,False,50.0,09:22:16
19500.0,100,-450.0,0.0,SD,1632800.0,2773900.0,False,-50.0,09:22:16
19550.0,300,-400.0,0.0,BU,1632800.0,2773800.0,False,50.0,09:22:16
19500.0,300,-450.0,0.0,SD,1632500.0,2773800.0,False,-50.0,09:22:16
19550.0,2400,-400.0,0.0,BU,1632500.0,2773500.0,False,0.0,09:22:16
19550.0,100,-400.0,0.0,BU,1630100.0,2773500.0,False,0.0,09:22:16
19550.0,100,-400.0,0.0,BU,1630000.0,2773500.0,False,0.0,09:22:15
19550.0,500,-400.0,0.0,BU,1629900.0,2773500.0,False,0.0,09:22:15
19550.0,200,-400.0,0.0,BU,1629400.0,2773500.0,False,0.0,09:22:15
19550.0,500,-400.0,0.0,BU,1629200.0,2773500.0,False,0.0,09:22:13
19550.0,100,-400.0,0.0,BU,1628700.0,2773500.0,False,0.0,09:22:13
19550.0,500,-400.0,0.0,BU,1628600.0,2773500.0,False,50.0,09:22:13
19500.0,5000,-450.0,0.0,SD,1628100.0,2773500.0,False,-50.0,09:22:12
19550.0,200,-400.0,0.0,BU,1628100.0,2768500.0,False,0.0,09:22:12
19550.0,100,-400.0,0.0,BU,1627900.0,2768500.0,False,50.0,09:22:11
19500.0,500,-450.0,0.0,SD,1627800.0,2768500.0,False,0.0,09:22:10
19500.0,300,-450.0,0.0,SD,1627800.0,2768000.0,False,0.0,09:22:08
19500.0,4000,-450.0,0.0,SD,1627800.0,2767700.0,False,-50.0,09:22:08
19550.0,300,-400.0,0.0,BU,1627800.0,2763700.0,False,50.0,09:22:08
19500.0,100,-450.0,0.0,SD,1627500.0,2763700.0,False,-50.0,09:22:07
19550.0,500,-400.0,0.0,BU,1627500.0,2763600.0,False,0.0,09:22:06
19550.0,500,-400.0,0.0,BU,1627000.0,2763600.0,False,50.0,09:22:06
19500.0,200,-450.0,0.0,BU,1626500.0,2763600.0,False,0.0,09:22:05
19500.0,1000,-450.0,0.0,BU,1626300.0,2763600.0,False,0.0,09:22:05
19500.0,1000,-450.0,0.0,BU,1625300.0,2763600.0,False,0.0,09:22:05
19500.0,400,-450.0,0.0,BU,1624300.0,2763600.0,False,0.0,09:22:05
19500.0,500,-450.0,0.0,BU,1623900.0,2763600.0,False,0.0,09:22:05
19500.0,3200,-450.0,0.0,BU,1623400.0,2763600.0,False,0.0,09:22:05
19500.0,2200,-450.0,0.0,BU,1620200.0,2763600.0,False,0.0,09:22:05
19500.0,500,-450.0,0.0,BU,1618000.0,2763600.0,False,0.0,09:22:05
19500.0,200,-450.0,0.0,BU,1617500.0,2763600.0,False,0.0,09:22:05
19500.0,100,-450.0,0.0,BU,1617300.0,2763600.0,False,0.0,09:22:05
19500.0,1000,-450.0,0.0,BU,1617200.0,2763600.0,False,0.0,09:22:05
19500.0,500,-450.0,0.0,BU,1616200.0,2763600.0,False,0.0,09:22:05
19500.0,5000,-450.0,0.0,BU,1615700.0,2763600.0,False,0.0,09:22:05
19500.0,4300,-450.0,0.0,BU,1610700.0,2763600.0,False,0.0,09:22:05
19500.0,1500,-450.0,0.0,BU,1606400.0,2763600.0,False,0.0,09:22:05
19500.0,2700,-450.0,0.0,BU,1604900.0,2763600.0,False,0.0,09:22:05
19500.0,5000,-450.0,0.0,BU,1602200.0,2763600.0,False,0.0,09:22:05
19500.0,500,-450.0,0.0,BU,1597200.0,2763600.0,False,0.0,09:22:05
19500.0,3000,-450.0,0.0,BU,1596700.0,2763600.0,False,0.0,09:22:05
19500.0,4300,-450.0,0.0,BU,1593700.0,2763600.0,False,0.0,09:22:05
19500.0,200,-450.0,0.0,BU,1589400.0,2763600.0,False,0.0,09:22:04
19500.0,200,-450.0,0.0,BU,1589200.0,2763600.0,False,0.0,09:22:04
19500.0,100,-450.0,0.0,BU,1589000.0,2763600.0,False,0.0,09:22:04
19500.0,400,-450.0,0.0,BU,1588900.0,2763600.0,False,0.0,09:22:04
19500.0,100,-450.0,0.0,BU,1588500.0,2763600.0,False,0.0,09:22:04
19500.0,100,-450.0,0.0,BU,1588400.0,2763600.0,False,0.0,09:22:04
19500.0,1000,-450.0,0.0,BU,1588300.0,2763600.0,False,0.0,09:22:03
19500.0,400,-450.0,0.0,BU,1587300.0,2763600.0,False,0.0,09:22:03
19500.0,100,-450.0,0.0,BU,1586900.0,2763600.0,False,0.0,09:22:03
19500.0,1100,-450.0,0.0,BU,1586800.0,2763600.0,False,0.0,09:22:03
19500.0,1000,-450.0,0.0,BU,1585700.0,2763600.0,False,0.0,09:22:03
19500.0,1000,-450.0,0.0,BU,1584700.0,2763600.0,False,0.0,09:22:03
19500.0,200,-450.0,0.0,BU,1583700.0,2763600.0,False,0.0,09:22:03
19500.0,23000,-450.0,0.0,BU,1583500.0,2763600.0,True,0.0,09:22:03
19500.0,100,-450.0,0.0,BU,1560500.0,2763600.0,False,0.0,09:22:02
19500.0,1500,-450.0,0.0,BU,1560400.0,2763600.0,False,0.0,09:22:02
19500.0,5000,-450.0,0.0,BU,1558900.0,2763600.0,False,0.0,09:22:02
19500.0,100,-450.0,0.0,BU,1553900.0,2763600.0,False,0.0,09:22:02
19500.0,100,-450.0,0.0,BU,1553800.0,2763600.0,False,0.0,09:22:02
19500.0,500,-450.0,0.0,BU,1553700.0,2763600.0,False,0.0,09:22:01
19500.0,300,-450.0,0.0,BU,1553200.0,2763600.0,False,0.0,09:22:01
19500.0,900,-450.0,0.0,BU,1552900.0,2763600.0,False,0.0,09:22:01
19500.0,100,-450.0,0.0,BU,1552000.0,2763600.0,False,0.0,09:22:01
19500.0,200,-450.0,0.0,BU,1551900.0,2763600.0,False,0.0,09:22:01
19500.0,2000,-450.0,0.0,BU,1551700.0,2763600.0,False,0.0,09:22:01
19500.0,1000,-450.0,0.0,BU,1549700.0,2763600.0,False,0.0,09:22:01
19500.0,300,-450.0,0.0,BU,1548700.0,2763600.0,False,0.0,09:22:00
19500.0,1000,-450.0,0.0,BU,1548400.0,2763600.0,False,0.0,09:22:00
19500.0,5000,-450.0,0.0,BU,1547400.0,2763600.0,False,0.0,09:22:00
19500.0,500,-450.0,0.0,BU,1542400.0,2763600.0,False,0.0,09:22:00
19500.0,200,-450.0,0.0,BU,1541900.0,2763600.0,False,0.0,09:22:00
19500.0,1000,-450.0,0.0,BU,1541700.0,2763600.0,False,0.0,09:22:00
19500.0,1000,-450.0,0.0,BU,1540700.0,2763600.0,False,0.0,09:22:00
19500.0,100,-450.0,0.0,BU,1539700.0,2763600.0,False,0.0,09:22:00
19500.0,100,-450.0,0.0,BU,1539600.0,2763600.0,False,0.0,09:22:00
19500.0,400,-450.0,0.0,BU,1539500.0,2763600.0,False,0.0,09:22:00
19500.0,100,-450.0,0.0,BU,1539100.0,2763600.0,False,0.0,09:21:59
19500.0,200,-450.0,0.0,BU,1539000.0,2763600.0,False,0.0,09:21:59
19500.0,100,-450.0,0.0,BU,1538800.0,2763600.0,False,0.0,09:21:59
19500.0,5000,-450.0,0.0,BU,1538700.0,2763600.0,False,0.0,09:21:59
19500.0,200,-450.0,0.0,BU,1533700.0,2763600.0,False,0.0,09:21:59
19500.0,300,-450.0,0.0,BU,1533500.0,2763600.0,False,0.0,09:21:59
19500.0,10000,-450.0,0.0,BU,1533200.0,2763600.0,False,0.0,09:21:59
19500.0,1000,-450.0,0.0,BU,1523200.0,2763600.0,False,0.0,09:21:58
19500.0,2000,-450.0,0.0,BU,1522200.0,2763600.0,False,0.0,09:21:58
19500.0,1900,-450.0,0.0,BU,1520200.0,2763600.0,False,0.0,09:21:58
19500.0,4000,-450.0,0.0,BU,1518300.0,2763600.0,False,0.0,09:21:58
19500.0,400,-450.0,0.0,BU,1514300.0,2763600.0,False,0.0,09:21:58
19500.0,1000,-450.0,0.0,BU,1513900.0,2763600.0,False,0.0,09:21:57
19500.0,2000,-450.0,0.0,BU,1512900.0,2763600.0,False,0.0,09:21:57
19500.0,500,-450.0,0.0,BU,1510900.0,2763600.0,False,0.0,09:21:57
19500.0,200,-450.0,0.0,BU,1510400.0,2763600.0,False,0.0,09:21:57
19500.0,600,-450.0,0.0,BU,1510200.0,2763600.0,False,0.0,09:21:57
19500.0,100,-450.0,0.0,BU,1509600.0,2763600.0,False,0.0,09:21:57
19500.0,2000,-450.0,0.0,BU,1509500.0,2763600.0,False,0.0,09:21:56
19500.0,1500,-450.0,0.0,BU,1507500.0,2763600.0,False,0.0,09:21:56
19500.0,1000,-450.0,0.0,BU,1506000.0,2763600.0,False,0.0,09:21:56
19500.0,3000,-450.0,0.0,BU,1505000.0,2763600.0,False,0.0,09:21:56
19500.0,8300,-450.0,0.0,BU,1502000.0,2763600.0,False,0.0,09:21:55
19500.0,100,-450.0,0.0,BU,1493700.0,2763600.0,False,0.0,09:21:55
19500.0,1500,-450.0,0.0,BU,1493600.0,2763600.0,False,0.0,09:21:55
19500.0,100,-450.0,0.0,BU,1492100.0,2763600.0,False,0.0,09:21:55
19500.0,100,-450.0,0.0,BU,1492000.0,2763600.0,False,0.0,09:21:55
19500.0,100,-450.0,0.0,BU,1491900.0,2763600.0,False,0.0,09:21:55
19500.0,600,-450.0,0.0,BU,1491800.0,2763600.0,False,0.0,09:21:55
19500.0,600,-450.0,0.0,BU,1491200.0,2763600.0,False,0.0,09:21:55
19500.0,400,-450.0,0.0,BU,1490600.0,2763600.0,False,0.0,09:21:55
19500.0,300,-450.0,0.0,BU,1490200.0,2763600.0,False,0.0,09:21:55
19500.0,100,-450.0,0.0,BU,1489900.0,2763600.0,False,0.0,09:21:55
19500.0,1100,-450.0,0.0,BU,1489800.0,2763600.0,False,0.0,09:21:55
19500.0,300,-450.0,0.0,BU,1488700.0,2763600.0,False,0.0,09:21:55
19500.0,5000,-450.0,0.0,BU,1488400.0,2763600.0,False,0.0,09:21:55
19500.0,1000,-450.0,0.0,BU,1483400.0,2763600.0,False,0.0,09:21:55
19500.0,2000,-450.0,0.0,BU,1482400.0,2763600.0,False,0.0,09:21:55
19500.0,2000,-450.0,0.0,BU,1480400.0,2763600.0,False,0.0,09:21:55
19500.0,200,-450.0,0.0,BU,1478400.0,2763600.0,False,0.0,09:21:55
19500.0,3000,-450.0,0.0,BU,1478200.0,2763600.0,False,0.0,09:21:55
19500.0,200,-450.0,0.0,BU,1475200.0,2763600.0,False,0.0,09:21:55
19500.0,200,-450.0,0.0,BU,1475000.0,2763600.0,False,0.0,09:21:55
19500.0,100,-450.0,0.0,BU,1474800.0,2763600.0,False,0.0,09:21:55
19500.0,300,-450.0,0.0,BU,1474700.0,2763600.0,False,0.0,09:21:55
19500.0,300,-450.0,0.0,BU,1474400.0,2763600.0,False,0.0,09:21:55
19500.0,300,-450.0,0.0,BU,1474100.0,2763600.0,False,0.0,09:21:55
19500.0,200,-450.0,0.0,BU,1473800.0,2763600.0,False,0.0,09:21:55
19500.0,300,-450.0,0.0,BU,1473600.0,2763600.0,False,0.0,09:21:55
19500.0,400,-450.0,0.0,BU,1473300.0,2763600.0,False,0.0,09:21:55
19500.0,100,-450.0,0.0,BU,1472900.0,2763600.0,False,0.0,09:21:55
19500.0,100,-450.0,0.0,BU,1472800.0,2763600.0,False,0.0,09:21:55
19500.0,300,-450.0,0.0,BU,1472700.0,2763600.0,False,50.0,09:21:54
19450.0,100,-500.0,0.0,SD,1472400.0,2763600.0,False,0.0,09:21:54
19450.0,100,-500.0,0.0,SD,1472400.0,2763500.0,False,0.0,09:21:54
19450.0,200,-500.0,0.0,SD,1472400.0,2763400.0,False,0.0,09:21:54
19450.0,100,-500.0,0.0,SD,1472400.0,2763200.0,False,-50.0,09:21:54
19500.0,1000,-450.0,0.0,BU,1472400.0,2763100.0,False,50.0,09:21:54
19450.0,500,-500.0,0.0,SD,1471400.0,2763100.0,False,-50.0,09:21:53
19500.0,100,-450.0,0.0,BU,1471400.0,2762600.0,False,0.0,09:21:53
19500.0,3400,-450.0,0.0,BU,1471300.0,2762600.0,False,0.0,09:21:52
19500.0,100,-450.0,0.0,BU,1467900.0,2762600.0,False,0.0,09:21:52
19500.0,100,-450.0,0.0,BU,1467800.0,2762600.0,False,0.0,09:21:52
19500.0,400,-450.0,0.0,BU,1467700.0,2762600.0,False,0.0,09:21:52
19500.0,300,-450.0,0.0,BU,1467300.0,2762600.0,False,0.0,09:21:52
19500.0,700,-450.0,0.0,BU,1467000.0,2762600.0,False,0.0,09:21:52
19500.0,1000,-450.0,0.0,BU,1466300.0,2762600.0,False,0.0,09:21:51
19500.0,100,-450.0,0.0,BU,1465300.0,2762600.0,False,0.0,09:21:50
19500.0,100,-450.0,0.0,BU,1465200.0,2762600.0,False,0.0,09:21:50
19500.0,300,-450.0,0.0,BU,1465100.0,2762600.0,False,0.0,09:21:50
19500.0,500,-450.0,0.0,BU,1464800.0,2762600.0,False,0.0,09:21:50
19500.0,100,-450.0,0.0,BU,1464300.0,2762600.0,False,0.0,09:21:50
19500.0,200,-450.0,0.0,BU,1464200.0,2762600.0,False,0.0,09:21:49
19500.0,500,-450.0,0.0,BU,1464000.0,2762600.0,False,0.0,09:21:48
19500.0,500,-450.0,0.0,BU,1463500.0,2762600.0,False,0.0,09:21:48
19500.0,1000,-450.0,0.0,BU,1463000.0,2762600.0,False,0.0,09:21:48
19500.0,1000,-450.0,0.0,BU,1462000.0,2762600.0,False,50.0,09:21:48
19450.0,500,-500.0,0.0,SD,1461000.0,2762600.0,False,-50.0,09:21:47
19500.0,5100,-450.0,0.0,BU,1461000.0,2762100.0,False,50.0,09:21:46
19450.0,2000,-500.0,0.0,SD,1455900.0,2762100.0,False,0.0,09:21:46
19450.0,500,-500.0,0.0,SD,1455900.0,2760100.0,False,-50.0,09:21:45
19500.0,1900,-450.0,0.0,BU,1455900.0,2759600.0,False,0.0,09:21:45
19500.0,8100,-450.0,0.0,BU,1454000.0,2759600.0,False,50.0,09:21:44
19450.0,5000,-500.0,0.0,SD,1445900.0,2759600.0,False,-50.0,09:21:44
19500.0,400,-450.0,0.0,BU,1445900.0,2754600.0,False,50.0,09:21:44
19450.0,100,-500.0,0.0,SD,1445500.0,2754600.0,False,0.0,09:21:41
19450.0,300,-500.0,0.0,BU,1445500.0,2754500.0,False,0.0,09:21:40
19450.0,1300,-500.0,0.0,BU,1445200.0,2754500.0,False,0.0,09:21:40
19450.0,100,-500.0,0.0,BU,1443900.0,2754500.0,False,0.0,09:21:40
19450.0,200,-500.0,0.0,BU,1443800.0,2754500.0,False,0.0,09:21:40
19450.0,9400,-500.0,0.0,BU,1443600.0,2754500.0,False,0.0,09:21:40
19450.0,5600,-500.0,0.0,BU,1434200.0,2754500.0,False,0.0,09:21:40
19450.0,1000,-500.0,0.0,BU,1428600.0,2754500.0,False,0.0,09:21:40
19450.0,1000,-500.0,0.0,BU,1427600.0,2754500.0,False,0.0,09:21:40
19450.0,500,-500.0,0.0,BU,1426600.0,2754500.0,False,0.0,09:21:40
19450.0,10000,-500.0,0.0,BU,1426100.0,2754500.0,False,0.0,09:21:40
19450.0,2500,-500.0,0.0,BU,1416100.0,2754500.0,False,0.0,09:21:40
19450.0,2000,-500.0,0.0,BU,1413600.0,2754500.0,False,0.0,09:21:40
19450.0,6000,-500.0,0.0,BU,1411600.0,2754500.0,False,0.0,09:21:40
19450.0,300,-500.0,0.0,BU,1405600.0,2754500.0,False,50.0,09:21:40
19400.0,3000,-550.0,0.0,SD,1405300.0,2754500.0,False,-50.0,09:21:39
19450.0,100,-500.0,0.0,BU,1405300.0,2751500.0,False,0.0,09:21:39
19450.0,100,-500.0,0.0,BU,1405200.0,2751500.0,False,0.0,09:21:39
19450.0,500,-500.0,0.0,BU,1405100.0,2751500.0,False,0.0,09:21:38
19450.0,1000,-500.0,0.0,BU,1404600.0,2751500.0,False,50.0,09:21:37
19400.0,300,-550.0,0.0,SD,1403600.0,2751500.0,False,0.0,09:21:37
19400.0,700,-550.0,0.0,SD,1403600.0,2751200.0,False,0.0,09:21:37
19400.0,400,-550.0,0.0,SD,1403600.0,2750500.0,False,-50.0,09:21:37
19450.0,300,-500.0,0.0,BU,1403600.0,2750100.0,False,0.0,09:21:35
19450.0,200,-500.0,0.0,BU,1403300.0,2750100.0,False,50.0,09:21:35
19400.0,1000,-550.0,0.0,SD,1403100.0,2750100.0,False,-50.0,09:21:35
19450.0,400,-500.0,0.0,BU,1403100.0,2749100.0,False,50.0,09:21:34
19400.0,400,-550.0,0.0,SD,1402700.0,2749100.0,False,-50.0,09:21:34
19450.0,400,-500.0,0.0,BU,1402700.0,2748700.0,False,0.0,09:21:34
19450.0,2000,-500.0,0.0,BU,1402300.0,2748700.0,False,0.0,09:21:33
19450.0,700,-500.0,0.0,BU,1400300.0,2748700.0,False,0.0,09:21:33
19450.0,300,-500.0,0.0,BU,1399600.0,2748700.0,False,50.0,09:21:33
19400.0,200,-550.0,0.0,SD,1399300.0,2748700.0,False,0.0,09:21:32
19400.0,2000,-550.0,0.0,SD,1399300.0,2748500.0,False,0.0,09:21:32
19400.0,2800,-550.0,0.0,SD,1399300.0,2746500.0,False,0.0,09:21:32
19400.0,700,-550.0,0.0,SD,1399300.0,2743700.0,False,0.0,09:21:31
19400.0,400,-550.0,0.0,SD,1399300.0,2743000.0,False,0.0,09:21:30
19400.0,100,-550.0,0.0,SD,1399300.0,2742600.0,False,0.0,09:21:28
19400.0,100,-550.0,0.0,SD,1399300.0,2742500.0,False,0.0,09:21:28
19400.0,5900,-550.0,0.0,SD,1399300.0,2742400.0,False,0.0,09:21:27
19400.0,1100,-550.0,0.0,BU,1399300.0,2736500.0,False,0.0,09:21:27
19400.0,100,-550.0,0.0,BU,1398200.0,2736500.0,False,0.0,09:21:27
19400.0,300,-550.0,0.0,BU,1398100.0,2736500.0,False,0.0,09:21:27
19400.0,1000,-550.0,0.0,BU,1397800.0,2736500.0,False,0.0,09:21:27
19400.0,100,-550.0,0.0,BU,1396800.0,2736500.0,False,0.0,09:21:27
19400.0,200,-550.0,0.0,BU,1396700.0,2736500.0,False,0.0,09:21:26
19400.0,100,-550.0,0.0,BU,1396500.0,2736500.0,False,0.0,09:21:26
19400.0,300,-550.0,0.0,BU,1396400.0,2736500.0,False,0.0,09:21:26
19400.0,200,-550.0,0.0,BU,1396100.0,2736500.0,False,0.0,09:21:26
19400.0,1500,-550.0,0.0,BU,1395900.0,2736500.0,False,0.0,09:21:26
19400.0,1000,-550.0,0.0,BU,1394400.0,2736500.0,False,0.0,09:21:26
19400.0,200,-550.0,0.0,BU,1393400.0,2736500.0,False,0.0,09:21:26
19400.0,2300,-550.0,0.0,BU,1393200.0,2736500.0,False,0.0,09:21:26
19400.0,100,-550.0,0.0,BU,1390900.0,2736500.0,False,0.0,09:21:26
19400.0,400,-550.0,0.0,BU,1390800.0,2736500.0,False,0.0,09:21:26
19400.0,500,-550.0,0.0,BU,1390400.0,2736500.0,False,0.0,09:21:26
19400.0,200,-550.0,0.0,BU,1389900.0,2736500.0,False,0.0,09:21:26
19400.0,100,-550.0,0.0,BU,1389700.0,2736500.0,False,0.0,09:21:26
19400.0,6400,-550.0,0.0,BU,1389600.0,2736500.0,False,0.0,09:21:25
19400.0,1200,-550.0,0.0,BU,1383200.0,2736500.0,False,0.0,09:21:25
19400.0,200,-550.0,0.0,BU,1382000.0,2736500.0,False,0.0,09:21:25
19400.0,1000,-550.0,0.0,BU,1381800.0,2736500.0,False,0.0,09:21:25
19400.0,200,-550.0,0.0,BU,1380800.0,2736500.0,False,0.0,09:21:25
19400.0,200,-550.0,0.0,BU,1380600.0,2736500.0,False,0.0,09:21:25
19400.0,100,-550.0,0.0,BU,1380400.0,2736500.0,False,0.0,09:21:25
19400.0,400,-550.0,0.0,BU,1380300.0,2736500.0,False,0.0,09:21:25
19400.0,1000,-550.0,0.0,BU,1379900.0,2736500.0,False,0.0,09:21:25
19400.0,4000,-550.0,0.0,BU,1378900.0,2736500.0,False,0.0,09:21:25
19400.0,200,-550.0,0.0,BU,1374900.0,2736500.0,False,0.0,09:21:25
19400.0,500,-550.0,0.0,BU,1374700.0,2736500.0,False,0.0,09:21:25
19400.0,200,-550.0,0.0,BU,1374200.0,2736500.0,False,0.0,09:21:25
19400.0,2900,-550.0,0.0,BU,1374000.0,2736500.0,False,0.0,09:21:25
19400.0,100,-550.0,0.0,BU,1371100.0,2736500.0,False,0.0,09:21:25
19400.0,1600,-550.0,0.0,BU,1371000.0,2736500.0,False,0.0,09:21:25
19400.0,4000,-550.0,0.0,BU,1369400.0,2736500.0,False,0.0,09:21:24
19400.0,2400,-550.0,0.0,BU,1365400.0,2736500.0,False,0.0,09:21:24
19400.0,500,-550.0,0.0,BU,1363000.0,2736500.0,False,0.0,09:21:24
19400.0,1500,-550.0,0.0,BU,1362500.0,2736500.0,False,0.0,09:21:24
19400.0,2600,-550.0,0.0,BU,1361000.0,2736500.0,False,0.0,09:21:24
19400.0,100,-550.0,0.0,BU,1358400.0,2736500.0,False,0.0,09:21:24
19400.0,600,-550.0,0.0,BU,1358300.0,2736500.0,False,0.0,09:21:24
19400.0,200,-550.0,0.0,BU,1357700.0,2736500.0,False,0.0,09:21:24
19400.0,100,-550.0,0.0,BU,1357500.0,2736500.0,False,0.0,09:21:23
19400.0,1500,-550.0,0.0,BU,1357400.0,2736500.0,False,0.0,09:21:23
19400.0,500,-550.0,0.0,BU,1355900.0,2736500.0,False,0.0,09:21:23
19400.0,100,-550.0,0.0,BU,1355400.0,2736500.0,False,0.0,09:21:23
19400.0,100,-550.0,0.0,BU,1355300.0,2736500.0,False,0.0,09:21:23
19400.0,100,-550.0,0.0,BU,1355200.0,2736500.0,False,0.0,09:21:23
19400.0,200,-550.0,0.0,BU,1355100.0,2736500.0,False,0.0,09:21:23
19400.0,2500,-550.0,0.0,BU,1354900.0,2736500.0,False,0.0,09:21:23
19400.0,300,-550.0,0.0,BU,1352400.0,2736500.0,False,0.0,09:21:23
19400.0,5000,-550.0,0.0,BU,1352100.0,2736500.0,False,0.0,09:21:23
19400.0,200,-550.0,0.0,BU,1347100.0,2736500.0,False,0.0,09:21:23
19400.0,4400,-550.0,0.0,BU,1346900.0,2736500.0,False,50.0,09:21:23
19350.0,500,-600.0,0.0,SD,1342500.0,2736500.0,False,-50.0,09:21:23
19400.0,100,-550.0,0.0,BU,1342500.0,2736000.0,False,50.0,09:21:23
19350.0,100,-600.0,0.0,SD,1342400.0,2736000.0,False,0.0,09:21:23
19350.0,400,-600.0,0.0,SD,1342400.0,2735900.0,False,0.0,09:21:23
19350.0,100,-600.0,0.0,SD,1342400.0,2735500.0,False,0.0,09:21:23
19350.0,500,-600.0,0.0,SD,1342400.0,2735400.0,False,0.0,09:21:23
19350.0,500,-600.0,0.0,SD,1342400.0,2734900.0,False,0.0,09:21:23
19350.0,100,-600.0,0.0,SD,1342400.0,2734400.0,False,0.0,09:21:23
19350.0,800,-600.0,0.0,SD,1342400.0,2734300.0,False,-50.0,09:21:23
19400.0,300,-550.0,0.0,BU,1342400.0,2733500.0,False,0.0,09:21:23
19400.0,500,-550.0,0.0,BU,1342100.0,2733500.0,False,0.0,09:21:23
19400.0,1000,-550.0,0.0,BU,1341600.0,2733500.0,False,0.0,09:21:23
19400.0,1000,-550.0,0.0,BU,1340600.0,2733500.0,False,0.0,09:21:22
19400.0,100,-550.0,0.0,BU,1339600.0,2733500.0,False,0.0,09:21:22
19400.0,2000,-550.0,0.0,BU,1339500.0,2733500.0,False,0.0,09:21:22
19400.0,1400,-550.0,0.0,BU,1337500.0,2733500.0,False,0.0,09:21:22
19400.0,100,-550.0,0.0,BU,1336100.0,2733500.0,False,0.0,09:21:22
19400.0,3500,-550.0,0.0,BU,1336000.0,2733500.0,False,0.0,09:21:22
19400.0,1500,-550.0,0.0,BU,1332500.0,2733500.0,False,0.0,09:21:22
19400.0,200,-550.0,0.0,BU,1331000.0,2733500.0,False,0.0,09:21:22
19400.0,300,-550.0,0.0,BU,1330800.0,2733500.0,False,50.0,09:21:21
19350.0,1300,-600.0,0.0,SD,1330500.0,2733500.0,False,-50.0,09:21:21
19400.0,100,-550.0,0.0,BU,1330500.0,2732200.0,False,0.0,09:21:21
19400.0,200,-550.0,0.0,BU,1330400.0,2732200.0,False,50.0,09:21:21
19350.0,400,-600.0,0.0,SD,1330200.0,2732200.0,False,0.0,09:21:21
19350.0,600,-600.0,0.0,SD,1330200.0,2731800.0,False,-50.0,09:21:21
19400.0,900,-550.0,0.0,BU,1330200.0,2731200.0,False,0.0,09:21:20
19400.0,100,-550.0,0.0,BU,1329300.0,2731200.0,False,0.0,09:21:20
19400.0,100,-550.0,0.0,BU,1329200.0,2731200.0,False,0.0,09:21:19
19400.0,3600,-550.0,0.0,BU,1329100.0,2731200.0,False,0.0,09:21:19
19400.0,500,-550.0,0.0,BU,1325500.0,2731200.0,False,0.0,09:21:19
19400.0,5900,-550.0,0.0,BU,1325000.0,2731200.0,False,0.0,09:21:19
19400.0,200,-550.0,0.0,BU,1319100.0,2731200.0,False,50.0,09:21:18
19350.0,100,-600.0,0.0,SD,1318900.0,2731200.0,False,0.0,09:21:18
19350.0,400,-600.0,0.0,SD,1318900.0,2731100.0,False,-50.0,09:21:18
19400.0,100,-550.0,0.0,BU,1318900.0,2730700.0,False,0.0,09:21:18
19400.0,100,-550.0,0.0,BU,1318800.0,2730700.0,False,0.0,09:21:16
19400.0,5000,-550.0,0.0,BU,1318700.0,2730700.0,False,50.0,09:21:16
19350.0,1300,-600.0,0.0,SD,1313700.0,2730700.0,False,-50.0,09:21:16
19400.0,100,-550.0,0.0,BU,1313700.0,2729400.0,False,50.0,09:21:15
19350.0,400,-600.0,0.0,SD,1313600.0,2729400.0,False,0.0,09:21:14
19350.0,1500,-600.0,0.0,SD,1313600.0,2729000.0,False,-50.0,09:21:14
19400.0,100,-550.0,0.0,BU,1313600.0,2727500.0,False,50.0,09:21:14
19350.0,500,-600.0,0.0,SD,1313500.0,2727500.0,False,0.0,09:21:14
19350.0,1500,-600.0,0.0,SD,1313500.0,2727000.0,False,0.0,09:21:13
19350.0,100,-600.0,0.0,SD,1313500.0,2725500.0,False,0.0,09:21:11
19350.0,2000,-600.0,0.0,BU,1313500.0,2725400.0,False,0.0,09:21:10
19350.0,2600,-600.0,0.0,BU,1311500.0,2725400.0,False,0.0,09:21:10
19350.0,200,-600.0,0.0,BU,1308900.0,2725400.0,False,0.0,09:21:10
19350.0,1200,-600.0,0.0,BU,1308700.0,2725400.0,False,0.0,09:21:10
19350.0,400,-600.0,0.0,BU,1307500.0,2725400.0,False,0.0,09:21:10
19350.0,600,-600.0,0.0,BU,1307100.0,2725400.0,False,0.0,09:21:10
19350.0,1500,-600.0,0.0,BU,1306500.0,2725400.0,False,0.0,09:21:10
19350.0,200,-600.0,0.0,BU,1305000.0,2725400.0,False,0.0,09:21:10
19350.0,1600,-600.0,0.0,BU,1304800.0,2725400.0,False,0.0,09:21:10
19350.0,300,-600.0,0.0,BU,1303200.0,2725400.0,False,0.0,09:21:10
19350.0,1300,-600.0,0.0,BU,1302900.0,2725400.0,False,0.0,09:21:10
19350.0,200,-600.0,0.0,BU,1301600.0,2725400.0,False,0.0,09:21:10
19350.0,500,-600.0,0.0,BU,1301400.0,2725400.0,False,50.0,09:21:10
19300.0,500,-650.0,0.0,SD,1300900.0,2725400.0,False,-50.0,09:21:10
19350.0,500,-600.0,0.0,BU,1300900.0,2724900.0,False,0.0,09:21:09
19350.0,200,-600.0,0.0,BU,1300400.0,2724900.0,False,0.0,09:21:09
19350.0,2000,-600.0,0.0,BU,1300200.0,2724900.0,False,0.0,09:21:09
19350.0,200,-600.0,0.0,BU,1298200.0,2724900.0,False,0.0,09:21:09
19350.0,1300,-600.0,0.0,BU,1298000.0,2724900.0,False,0.0,09:21:09
19350.0,5000,-600.0,0.0,BU,1296700.0,2724900.0,False,0.0,09:21:09
19350.0,3700,-600.0,0.0,BU,1291700.0,2724900.0,False,0.0,09:21:09
19350.0,1300,-600.0,0.0,BU,1288000.0,2724900.0,False,0.0,09:21:09
19350.0,100,-600.0,0.0,BU,1286700.0,2724900.0,False,0.0,09:21:09
19350.0,2300,-600.0,0.0,BU,1286600.0,2724900.0,False,0.0,09:21:09
19350.0,100,-600.0,0.0,BU,1284300.0,2724900.0,False,0.0,09:21:09
19350.0,700,-600.0,0.0,BU,1284200.0,2724900.0,False,0.0,09:21:09
19350.0,300,-600.0,0.0,BU,1283500.0,2724900.0,False,0.0,09:21:09
19350.0,500,-600.0,0.0,BU,1283200.0,2724900.0,False,0.0,09:21:09
19350.0,900,-600.0,0.0,BU,1282700.0,2724900.0,False,0.0,09:21:09
19350.0,1000,-600.0,0.0,BU,1281800.0,2724900.0,False,0.0,09:21:09
19350.0,500,-600.0,0.0,BU,1280800.0,2724900.0,False,0.0,09:21:09
19350.0,500,-600.0,0.0,BU,1280300.0,2724900.0,False,0.0,09:21:09
19350.0,2300,-600.0,0.0,BU,1279800.0,2724900.0,False,0.0,09:21:09
19350.0,2000,-600.0,0.0,BU,1277500.0,2724900.0,False,0.0,09:21:09
19350.0,1000,-600.0,0.0,BU,1275500.0,2724900.0,False,0.0,09:21:09
19350.0,100,-600.0,0.0,BU,1274500.0,2724900.0,False,0.0,09:21:09
19350.0,400,-600.0,0.0,BU,1274400.0,2724900.0,False,0.0,09:21:09
19350.0,200,-600.0,0.0,BU,1274000.0,2724900.0,False,0.0,09:21:09
19350.0,900,-600.0,0.0,BU,1273800.0,2724900.0,False,0.0,09:21:09
19350.0,500,-600.0,0.0,BU,1272900.0,2724900.0,False,0.0,09:21:09
19350.0,100,-600.0,0.0,BU,1272400.0,2724900.0,False,0.0,09:21:09
19350.0,1000,-600.0,0.0,BU,1272300.0,2724900.0,False,50.0,09:21:09
19300.0,100,-650.0,0.0,SD,1271300.0,2724900.0,False,-50.0,09:21:09
19350.0,500,-600.0,0.0,BU,1271300.0,2724800.0,False,0.0,09:21:09
19350.0,1000,-600.0,0.0,BU,1270800.0,2724800.0,False,0.0,09:21:09
19350.0,200,-600.0,0.0,BU,1269800.0,2724800.0,False,0.0,09:21:08
19350.0,3000,-600.0,0.0,BU,1269600.0,2724800.0,False,50.0,09:21:08
19300.0,800,-650.0,0.0,SD,1266600.0,2724800.0,False,-50.0,09:21:08
19350.0,5000,-600.0,0.0,BU,1266600.0,2724000.0,False,0.0,09:21:08
19350.0,500,-600.0,0.0,BU,1261600.0,2724000.0,False,0.0,09:21:08
19350.0,200,-600.0,0.0,BU,1261100.0,2724000.0,False,0.0,09:21:08
19350.0,900,-600.0,0.0,BU,1260900.0,2724000.0,False,0.0,09:21:08
19350.0,5000,-600.0,0.0,BU,1260000.0,2724000.0,False,0.0,09:21:08
19350.0,1000,-600.0,0.0,BU,1255000.0,2724000.0,False,0.0,09:21:08
19350.0,700,-600.0,0.0,BU,1254000.0,2724000.0,False,0.0,09:21:08
19350.0,500,-600.0,0.0,BU,1253300.0,2724000.0,False,0.0,09:21:08
19350.0,500,-600.0,0.0,BU,1252800.0,2724000.0,False,0.0,09:21:08
19350.0,200,-600.0,0.0,BU,1252300.0,2724000.0,False,0.0,09:21:07
19350.0,300,-600.0,0.0,BU,1252100.0,2724000.0,False,0.0,09:21:07
19350.0,800,-600.0,0.0,BU,1251800.0,2724000.0,False,0.0,09:21:07
19350.0,500,-600.0,0.0,BU,1251000.0,2724000.0,False,0.0,09:21:07
19350.0,700,-600.0,0.0,BU,1250500.0,2724000.0,False,0.0,09:21:07
19350.0,100,-600.0,0.0,BU,1249800.0,2724000.0,False,0.0,09:21:07
19350.0,1400,-600.0,0.0,BU,1249700.0,2724000.0,False,0.0,09:21:07
19350.0,2100,-600.0,0.0,BU,1248300.0,2724000.0,False,0.0,09:21:07
19350.0,1500,-600.0,0.0,BU,1246200.0,2724000.0,False,0.0,09:21:07
19350.0,2000,-600.0,0.0,BU,1244700.0,2724000.0,False,0.0,09:21:07
19350.0,1800,-600.0,0.0,BU,1242700.0,2724000.0,False,0.0,09:21:07
19350.0,500,-600.0,0.0,BU,1240900.0,2724000.0,False,0.0,09:21:07
19350.0,100,-600.0,0.0,BU,1240400.0,2724000.0,False,0.0,09:21:07
19350.0,100,-600.0,0.0,BU,1240300.0,2724000.0,False,0.0,09:21:06
19350.0,1500,-600.0,0.0,BU,1240200.0,2724000.0,False,0.0,09:21:06
19350.0,5000,-600.0,0.0,BU,1238700.0,2724000.0,False,0.0,09:21:06
19350.0,1000,-600.0,0.0,BU,1233700.0,2724000.0,False,0.0,09:21:06
19350.0,2400,-600.0,0.0,BU,1232700.0,2724000.0,False,0.0,09:21:06
19350.0,100,-600.0,0.0,BU,1230300.0,2724000.0,False,0.0,09:21:06
19350.0,2000,-600.0,0.0,BU,1230200.0,2724000.0,False,50.0,09:21:06
19300.0,800,-650.0,0.0,SD,1228200.0,2724000.0,False,-50.0,09:21:06
19350.0,100,-600.0,0.0,BU,1228200.0,2723200.0,False,50.0,09:21:06
19300.0,100,-650.0,0.0,SD,1228100.0,2723200.0,False,-50.0,09:21:05
19350.0,500,-600.0,0.0,BU,1228100.0,2723100.0,False,0.0,09:21:05
19350.0,100,-600.0,0.0,BU,1227600.0,2723100.0,False,0.0,09:21:05
19350.0,500,-600.0,0.0,BU,1227500.0,2723100.0,False,0.0,09:21:05
19350.0,200,-600.0,0.0,BU,1227000.0,2723100.0,False,0.0,09:21:05
19350.0,100,-600.0,0.0,BU,1226800.0,2723100.0,False,50.0,09:21:05
19300.0,7400,-650.0,0.0,SD,1226700.0,2723100.0,False,0.0,09:21:05
19300.0,500,-650.0,0.0,SD,1226700.0,2715700.0,False,0.0,09:21:04
19300.0,500,-650.0,0.0,SD,1226700.0,2715200.0,False,0.0,09:21:04
19300.0,31600,-650.0,0.0,SD,1226700.0,2714700.0,True,-50.0,09:21:04
19350.0,300,-600.0,0.0,BU,1226700.0,2683100.0,False,0.0,09:21:04
19350.0,200,-600.0,0.0,BU,1226400.0,2683100.0,False,50.0,09:21:04
19300.0,1000,-650.0,0.0,SD,1226200.0,2683100.0,False,-50.0,09:21:04
19350.0,100,-600.0,0.0,BU,1226200.0,2682100.0,False,0.0,09:21:04
19350.0,2000,-600.0,0.0,BU,1226100.0,2682100.0,False,0.0,09:21:04
19350.0,5000,-600.0,0.0,BU,1224100.0,2682100.0,False,0.0,09:21:03
19350.0,2000,-600.0,0.0,BU,1219100.0,2682100.0,False,50.0,09:21:03
19300.0,500,-650.0,0.0,SD,1217100.0,2682100.0,False,0.0,09:21:03
19300.0,1000,-650.0,0.0,SD,1217100.0,2681600.0,False,0.0,09:21:01
19300.0,2700,-650.0,0.0,SD,1217100.0,2680600.0,False,-50.0,09:21:00
19350.0,1000,-600.0,0.0,BU,1217100.0,2677900.0,False,50.0,09:20:59
19300.0,200,-650.0,0.0,SD,1216100.0,2677900.0,False,0.0,09:20:58
19300.0,700,-650.0,0.0,SD,1216100.0,2677700.0,False,-50.0,09:20:58
19350.0,400,-600.0,0.0,BU,1216100.0,2677000.0,False,50.0,09:20:56
19300.0,2300,-650.0,0.0,SD,1215700.0,2677000.0,False,0.0,09:20:56
19300.0,500,-650.0,0.0,SD,1215700.0,2674700.0,False,0.0,09:20:55
19300.0,800,-650.0,0.0,SD,1215700.0,2674200.0,False,0.0,09:20:55
19300.0,200,-650.0,0.0,SD,1215700.0,2673400.0,False,0.0,09:20:55
19300.0,3000,-650.0,0.0,SD,1215700.0,2673200.0,False,0.0,09:20:54
19300.0,5500,-650.0,0.0,SD,1215700.0,2670200.0,False,0.0,09:20:54
19300.0,1000,-650.0,0.0,SD,1215700.0,2664700.0,False,0.0,09:20:54
19300.0,9000,-650.0,0.0,SD,1215700.0,2663700.0,False,0.0,09:20:54
19300.0,1000,-650.0,0.0,SD,1215700.0,2654700.0,False,0.0,09:20:54
19300.0,600,-650.0,0.0,SD,1215700.0,2653700.0,False,0.0,09:20:54
19300.0,10900,-650.0,0.0,SD,1215700.0,2653100.0,True,0.0,09:20:54
19300.0,5000,-650.0,0.0,SD,1215700.0,2642200.0,False,0.0,09:20:53
19300.0,1800,-650.0,0.0,SD,1215700.0,2637200.0,False,0.0,09:20:53
19300.0,500,-650.0,0.0,SD,1215700.0,2635400.0,False,0.0,09:20:53
19300.0,5000,-650.0,0.0,SD,1215700.0,2634900.0,False,0.0,09:20:53
19300.0,300,-650.0,0.0,SD,1215700.0,2629900.0,False,0.0,09:20:53
19300.0,1000,-650.0,0.0,SD,1215700.0,2629600.0,False,0.0,09:20:53
19300.0,500,-650.0,0.0,SD,1215700.0,2628600.0,False,0.0,09:20:53
19300.0,2000,-650.0,0.0,SD,1215700.0,2628100.0,False,0.0,09:20:53
19300.0,3000,-650.0,0.0,SD,1215700.0,2626100.0,False,0.0,09:20:53
19300.0,300,-650.0,0.0,SD,1215700.0,2623100.0,False,0.0,09:20:53
19300.0,100,-650.0,0.0,SD,1215700.0,2622800.0,False,0.0,09:20:53
19300.0,500,-650.0,0.0,SD,1215700.0,2622700.0,False,0.0,09:20:53
19300.0,200,-650.0,0.0,SD,1215700.0,2622200.0,False,0.0,09:20:53
19300.0,2000,-650.0,0.0,SD,1215700.0,2622000.0,False,0.0,09:20:53
19300.0,500,-650.0,0.0,SD,1215700.0,2620000.0,False,0.0,09:20:53
19300.0,5000,-650.0,0.0,SD,1215700.0,2619500.0,False,0.0,09:20:53
19300.0,2000,-650.0,0.0,SD,1215700.0,2614500.0,False,0.0,09:20:53
19300.0,1000,-650.0,0.0,SD,1215700.0,2612500.0,False,0.0,09:20:53
19300.0,800,-650.0,0.0,SD,1215700.0,2611500.0,False,0.0,09:20:53
19300.0,500,-650.0,0.0,SD,1215700.0,2610700.0,False,0.0,09:20:53
19300.0,500,-650.0,0.0,SD,1215700.0,2610200.0,False,0.0,09:20:53
19300.0,1000,-650.0,0.0,SD,1215700.0,2609700.0,False,0.0,09:20:53
19300.0,500,-650.0,0.0,SD,1215700.0,2608700.0,False,0.0,09:20:53
19300.0,5000,-650.0,0.0,SD,1215700.0,2608200.0,False,0.0,09:20:53
19300.0,100,-650.0,0.0,SD,1215700.0,2603200.0,False,0.0,09:20:53
19300.0,300,-650.0,0.0,BU,1215700.0,2603100.0,False,0.0,09:20:53
19300.0,100,-650.0,0.0,BU,1215400.0,2603100.0,False,0.0,09:20:53
19300.0,100,-650.0,0.0,BU,1215300.0,2603100.0,False,0.0,09:20:53
19300.0,500,-650.0,0.0,BU,1215200.0,2603100.0,False,0.0,09:20:53
19300.0,100,-650.0,0.0,BU,1214700.0,2603100.0,False,0.0,09:20:53
19300.0,400,-650.0,0.0,BU,1214600.0,2603100.0,False,0.0,09:20:53
19300.0,600,-650.0,0.0,BU,1214200.0,2603100.0,False,0.0,09:20:53
19300.0,200,-650.0,0.0,BU,1213600.0,2603100.0,False,0.0,09:20:53
19300.0,500,-650.0,0.0,BU,1213400.0,2603100.0,False,0.0,09:20:53
19300.0,1400,-650.0,0.0,BU,1212900.0,2603100.0,False,0.0,09:20:53
19300.0,3600,-650.0,0.0,BU,1211500.0,2603100.0,False,0.0,09:20:53
19300.0,5400,-650.0,0.0,BU,1207900.0,2603100.0,False,0.0,09:20:53
19300.0,42600,-650.0,0.0,BU,1202500.0,2603100.0,True,0.0,09:20:53
19300.0,2000,-650.0,0.0,BU,1159900.0,2603100.0,False,0.0,09:20:53
19300.0,1000,-650.0,0.0,BU,1157900.0,2603100.0,False,0.0,09:20:52
19300.0,800,-650.0,0.0,BU,1156900.0,2603100.0,False,0.0,09:20:52
19300.0,300,-650.0,0.0,BU,1156100.0,2603100.0,False,0.0,09:20:52
19300.0,100,-650.0,0.0,BU,1155800.0,2603100.0,False,0.0,09:20:52
19300.0,1000,-650.0,0.0,BU,1155700.0,2603100.0,False,0.0,09:20:52
19300.0,700,-650.0,0.0,BU,1154700.0,2603100.0,False,0.0,09:20:52
19300.0,1500,-650.0,0.0,BU,1154000.0,2603100.0,False,0.0,09:20:52
19300.0,200,-650.0,0.0,BU,1152500.0,2603100.0,False,0.0,09:20:52
19300.0,3300,-650.0,0.0,BU,1152300.0,2603100.0,False,0.0,09:20:52
19300.0,1000,-650.0,0.0,BU,1149000.0,2603100.0,False,0.0,09:20:51
19300.0,100,-650.0,0.0,BU,1148000.0,2603100.0,False,0.0,09:20:51
19300.0,600,-650.0,0.0,BU,1147900.0,2603100.0,False,0.0,09:20:51
19300.0,500,-650.0,0.0,BU,1147300.0,2603100.0,False,0.0,09:20:51
19300.0,8900,-650.0,0.0,BU,1146800.0,2603100.0,False,0.0,09:20:51
19300.0,500,-650.0,0.0,BU,1137900.0,2603100.0,False,0.0,09:20:51
19300.0,500,-650.0,0.0,BU,1137400.0,2603100.0,False,0.0,09:20:51
19300.0,100,-650.0,0.0,BU,1136900.0,2603100.0,False,0.0,09:20:51
19300.0,200,-650.0,0.0,BU,1136800.0,2603100.0,False,0.0,09:20:51
19300.0,100,-650.0,0.0,BU,1136600.0,2603100.0,False,0.0,09:20:51
19300.0,1600,-650.0,0.0,BU,1136500.0,2603100.0,False,0.0,09:20:51
19300.0,1000,-650.0,0.0,BU,1134900.0,2603100.0,False,0.0,09:20:51
19300.0,400,-650.0,0.0,BU,1133900.0,2603100.0,False,0.0,09:20:51
19300.0,100,-650.0,0.0,BU,1133500.0,2603100.0,False,0.0,09:20:51
19300.0,1300,-650.0,0.0,BU,1133400.0,2603100.0,False,0.0,09:20:51
19300.0,400,-650.0,0.0,BU,1132100.0,2603100.0,False,0.0,09:20:51
19300.0,100,-650.0,0.0,BU,1131700.0,2603100.0,False,0.0,09:20:51
19300.0,300,-650.0,0.0,BU,1131600.0,2603100.0,False,0.0,09:20:51
19300.0,1500,-650.0,0.0,BU,1131300.0,2603100.0,False,0.0,09:20:51
19300.0,100,-650.0,0.0,BU,1129800.0,2603100.0,False,0.0,09:20:51
19300.0,600,-650.0,0.0,BU,1129700.0,2603100.0,False,0.0,09:20:51
19300.0,200,-650.0,0.0,BU,1129100.0,2603100.0,False,0.0,09:20:50
19300.0,8200,-650.0,0.0,BU,1128900.0,2603100.0,False,0.0,09:20:50
19300.0,2500,-650.0,0.0,BU,1120700.0,2603100.0,False,0.0,09:20:50
19300.0,3100,-650.0,0.0,BU,1118200.0,2603100.0,False,0.0,09:20:50
19300.0,1100,-650.0,0.0,BU,1115100.0,2603100.0,False,0.0,09:20:50
19300.0,500,-650.0,0.0,BU,1114000.0,2603100.0,False,0.0,09:20:50
19300.0,3000,-650.0,0.0,BU,1113500.0,2603100.0,False,0.0,09:20:50
19300.0,600,-650.0,0.0,BU,1110500.0,2603100.0,False,0.0,09:20:50
19300.0,5000,-650.0,0.0,BU,1109900.0,2603100.0,False,0.0,09:20:50
19300.0,1000,-650.0,0.0,BU,1104900.0,2603100.0,False,0.0,09:20:50
19300.0,300,-650.0,0.0,BU,1103900.0,2603100.0,False,0.0,09:20:50
19300.0,2700,-650.0,0.0,BU,1103600.0,2603100.0,False,0.0,09:20:50
19300.0,2000,-650.0,0.0,BU,1100900.0,2603100.0,False,0.0,09:20:50
19300.0,100,-650.0,0.0,BU,1098900.0,2603100.0,False,0.0,09:20:50
19300.0,800,-650.0,0.0,BU,1098800.0,2603100.0,False,0.0,09:20:50
19300.0,100,-650.0,0.0,BU,1098000.0,2603100.0,False,0.0,09:20:50
19300.0,300,-650.0,0.0,BU,1097900.0,2603100.0,False,0.0,09:20:50
19300.0,800,-650.0,0.0,BU,1097600.0,2603100.0,False,0.0,09:20:50
19300.0,200,-650.0,0.0,BU,1096800.0,2603100.0,False,0.0,09:20:50
19300.0,3000,-650.0,0.0,BU,1096600.0,2603100.0,False,0.0,09:20:49
19300.0,10000,-650.0,0.0,BU,1093600.0,2603100.0,False,0.0,09:20:49
19300.0,7000,-650.0,0.0,BU,1083600.0,2603100.0,False,0.0,09:20:49
19300.0,100,-650.0,0.0,BU,1076600.0,2603100.0,False,0.0,09:20:49
19300.0,3000,-650.0,0.0,BU,1076500.0,2603100.0,False,0.0,09:20:49
19300.0,200,-650.0,0.0,BU,1073500.0,2603100.0,False,0.0,09:20:49
19300.0,100,-650.0,0.0,BU,1073300.0,2603100.0,False,0.0,09:20:49
19300.0,100,-650.0,0.0,BU,1073200.0,2603100.0,False,50.0,09:20:49
19250.0,1500,-700.0,0.0,SD,1073100.0,2603100.0,False,0.0,09:20:49
19250.0,500,-700.0,0.0,SD,1073100.0,2601600.0,False,0.0,09:20:49
19250.0,2600,-700.0,0.0,SD,1073100.0,2601100.0,False,0.0,09:20:49
19250.0,100,-700.0,0.0,SD,1073100.0,2598500.0,False,0.0,09:20:49
19250.0,300,-700.0,0.0,SD,1073100.0,2598400.0,False,-50.0,09:20:49
19300.0,5000,-650.0,0.0,BU,1073100.0,2598100.0,False,0.0,09:20:49
19300.0,200,-650.0,0.0,BU,1068100.0,2598100.0,False,0.0,09:20:49
19300.0,300,-650.0,0.0,BU,1067900.0,2598100.0,False,0.0,09:20:49
19300.0,200,-650.0,0.0,BU,1067600.0,2598100.0,False,0.0,09:20:49
19300.0,500,-650.0,0.0,BU,1067400.0,2598100.0,False,0.0,09:20:48
19300.0,500,-650.0,0.0,BU,1066900.0,2598100.0,False,0.0,09:20:47
19300.0,100,-650.0,0.0,BU,1066400.0,2598100.0,False,0.0,09:20:47
19300.0,1700,-650.0,0.0,BU,1066300.0,2598100.0,False,0.0,09:20:47
19300.0,700,-650.0,0.0,BU,1064600.0,2598100.0,False,0.0,09:20:47
19300.0,1500,-650.0,0.0,BU,1063900.0,2598100.0,False,0.0,09:20:47
19300.0,8500,-650.0,0.0,BU,1062400.0,2598100.0,False,0.0,09:20:47
19300.0,3000,-650.0,0.0,BU,1053900.0,2598100.0,False,0.0,09:20:47
19300.0,300,-650.0,0.0,BU,1050900.0,2598100.0,False,0.0,09:20:47
19300.0,600,-650.0,0.0,BU,1050600.0,2598100.0,False,0.0,09:20:47
19300.0,300,-650.0,0.0,BU,1050000.0,2598100.0,False,0.0,09:20:47
19300.0,1000,-650.0,0.0,BU,1049700.0,2598100.0,False,0.0,09:20:47
19300.0,500,-650.0,0.0,BU,1048700.0,2598100.0,False,0.0,09:20:47
19300.0,31900,-650.0,0.0,BU,1048200.0,2598100.0,True,50.0,09:20:47
19250.0,200,-700.0,0.0,SD,1016300.0,2598100.0,False,-50.0,09:20:47
19300.0,200,-650.0,0.0,BU,1016300.0,2597900.0,False,0.0,09:20:47
19300.0,1000,-650.0,0.0,BU,1016100.0,2597900.0,False,0.0,09:20:47
19300.0,10000,-650.0,0.0,BU,1015100.0,2597900.0,False,0.0,09:20:47
19300.0,200,-650.0,0.0,BU,1005100.0,2597900.0,False,0.0,09:20:47
19300.0,800,-650.0,0.0,BU,1004900.0,2597900.0,False,0.0,09:20:47
19300.0,5900,-650.0,0.0,BU,1004100.0,2597900.0,False,0.0,09:20:46
19300.0,400,-650.0,0.0,BU,998200.0,2597900.0,False,0.0,09:20:46
19300.0,3700,-650.0,0.0,BU,997800.0,2597900.0,False,0.0,09:20:46
19300.0,500,-650.0,0.0,BU,994100.0,2597900.0,False,50.0,09:20:46
19250.0,300,-700.0,0.0,SD,993600.0,2597900.0,False,0.0,09:20:45
19250.0,1000,-700.0,0.0,SD,993600.0,2597600.0,False,0.0,09:20:45
19250.0,1000,-700.0,0.0,SD,993600.0,2596600.0,False,0.0,09:20:45
19250.0,100,-700.0,0.0,SD,993600.0,2595600.0,False,0.0,09:20:45
19250.0,100,-700.0,0.0,SD,993600.0,2595500.0,False,0.0,09:20:45
19250.0,100,-700.0,0.0,SD,993600.0,2595400.0,False,0.0,09:20:45
19250.0,100,-700.0,0.0,SD,993600.0,2595300.0,False,0.0,09:20:45
19250.0,200,-700.0,0.0,SD,993600.0,2595200.0,False,0.0,09:20:45
19250.0,1800,-700.0,0.0,SD,993600.0,2595000.0,False,0.0,09:20:45
19250.0,1000,-700.0,0.0,SD,993600.0,2593200.0,False,0.0,09:20:45
19250.0,500,-700.0,0.0,SD,993600.0,2592200.0,False,0.0,09:20:45
19250.0,500,-700.0,0.0,SD,993600.0,2591700.0,False,0.0,09:20:45
19250.0,3300,-700.0,0.0,SD,993600.0,2591200.0,False,-50.0,09:20:45
19300.0,700,-650.0,0.0,BU,993600.0,2587900.0,False,0.0,09:20:45
19300.0,300,-650.0,0.0,BU,992900.0,2587900.0,False,0.0,09:20:45
19300.0,1000,-650.0,0.0,BU,992600.0,2587900.0,False,50.0,09:20:45
19250.0,500,-700.0,0.0,SD,991600.0,2587900.0,False,-50.0,09:20:45
19300.0,500,-650.0,0.0,BU,991600.0,2587400.0,False,0.0,09:20:44
19300.0,200,-650.0,0.0,BU,991100.0,2587400.0,False,0.0,09:20:44
19300.0,2500,-650.0,0.0,BU,990900.0,2587400.0,False,0.0,09:20:44
19300.0,400,-650.0,0.0,BU,988400.0,2587400.0,False,0.0,09:20:44
19300.0,1000,-650.0,0.0,BU,988000.0,2587400.0,False,0.0,09:20:44
19300.0,400,-650.0,0.0,BU,987000.0,2587400.0,False,0.0,09:20:44
19300.0,700,-650.0,0.0,BU,986600.0,2587400.0,False,0.0,09:20:44
19300.0,500,-650.0,0.0,BU,985900.0,2587400.0,False,0.0,09:20:44
19300.0,100,-650.0,0.0,BU,985400.0,2587400.0,False,0.0,09:20:43
19300.0,100,-650.0,0.0,BU,985300.0,2587400.0,False,0.0,09:20:43
19300.0,1200,-650.0,0.0,BU,985200.0,2587400.0,False,50.0,09:20:42
19250.0,1000,-700.0,0.0,SD,984000.0,2587400.0,False,-50.0,09:20:42
19300.0,200,-650.0,0.0,BU,984000.0,2586400.0,False,0.0,09:20:42
19300.0,100,-650.0,0.0,BU,983800.0,2586400.0,False,50.0,09:20:41
19250.0,500,-700.0,0.0,SD,983700.0,2586400.0,False,-50.0,09:20:41
19300.0,1300,-650.0,0.0,BU,983700.0,2585900.0,False,0.0,09:20:41
19300.0,1000,-650.0,0.0,BU,982400.0,2585900.0,False,0.0,09:20:40
19300.0,100,-650.0,0.0,BU,981400.0,2585900.0,False,0.0,09:20:40
19300.0,400,-650.0,0.0,BU,981300.0,2585900.0,False,0.0,09:20:40
19300.0,1200,-650.0,0.0,BU,980900.0,2585900.0,False,0.0,09:20:40
19300.0,200,-650.0,0.0,BU,979700.0,2585900.0,False,50.0,09:20:40
19250.0,3000,-700.0,0.0,SD,979500.0,2585900.0,False,-50.0,09:20:40
19300.0,1000,-650.0,0.0,BU,979500.0,2582900.0,False,0.0,09:20:38
19300.0,4200,-650.0,0.0,BU,978500.0,2582900.0,False,0.0,09:20:38
19300.0,300,-650.0,0.0,BU,974300.0,2582900.0,False,0.0,09:20:38
19300.0,400,-650.0,0.0,BU,974000.0,2582900.0,False,0.0,09:20:38
19300.0,1000,-650.0,0.0,BU,973600.0,2582900.0,False,0.0,09:20:38
19300.0,1500,-650.0,0.0,BU,972600.0,2582900.0,False,0.0,09:20:38
19300.0,300,-650.0,0.0,BU,971100.0,2582900.0,False,0.0,09:20:38
19300.0,100,-650.0,0.0,BU,970800.0,2582900.0,False,0.0,09:20:38
19300.0,500,-650.0,0.0,BU,970700.0,2582900.0,False,0.0,09:20:38
19300.0,1200,-650.0,0.0,BU,970200.0,2582900.0,False,0.0,09:20:38
19300.0,300,-650.0,0.0,BU,969000.0,2582900.0,False,0.0,09:20:38
19300.0,100,-650.0,0.0,BU,968700.0,2582900.0,False,0.0,09:20:38
19300.0,600,-650.0,0.0,BU,968600.0,2582900.0,False,0.0,09:20:38
19300.0,300,-650.0,0.0,BU,968000.0,2582900.0,False,0.0,09:20:38
19300.0,200,-650.0,0.0,BU,967700.0,2582900.0,False,0.0,09:20:38
19300.0,1300,-650.0,0.0,BU,967500.0,2582900.0,False,0.0,09:20:38
19300.0,5000,-650.0,0.0,BU,966200.0,2582900.0,False,0.0,09:20:38
19300.0,2000,-650.0,0.0,BU,961200.0,2582900.0,False,0.0,09:20:38
19300.0,15000,-650.0,0.0,BU,959200.0,2582900.0,True,0.0,09:20:38
19300.0,300,-650.0,0.0,BU,944200.0,2582900.0,False,0.0,09:20:38
19300.0,1000,-650.0,0.0,BU,943900.0,2582900.0,False,0.0,09:20:38
19300.0,100,-650.0,0.0,BU,942900.0,2582900.0,False,0.0,09:20:38
19300.0,1500,-650.0,0.0,BU,942800.0,2582900.0,False,0.0,09:20:38
19300.0,1400,-650.0,0.0,BU,941300.0,2582900.0,False,0.0,09:20:38
19300.0,1400,-650.0,0.0,BU,939900.0,2582900.0,False,0.0,09:20:38
19300.0,600,-650.0,0.0,BU,938500.0,2582900.0,False,0.0,09:20:37
19300.0,1400,-650.0,0.0,BU,937900.0,2582900.0,False,0.0,09:20:37
19300.0,1500,-650.0,0.0,BU,936500.0,2582900.0,False,0.0,09:20:37
19300.0,500,-650.0,0.0,BU,935000.0,2582900.0,False,50.0,09:20:37
19250.0,100,-700.0,0.0,SD,934500.0,2582900.0,False,-50.0,09:20:37
19300.0,300,-650.0,0.0,BU,934500.0,2582800.0,False,0.0,09:20:36
19300.0,200,-650.0,0.0,BU,934200.0,2582800.0,False,0.0,09:20:36
19300.0,200,-650.0,0.0,BU,934000.0,2582800.0,False,0.0,09:20:36
19300.0,100,-650.0,0.0,BU,933800.0,2582800.0,False,0.0,09:20:36
19300.0,500,-650.0,0.0,BU,933700.0,2582800.0,False,50.0,09:20:36
19250.0,200,-700.0,0.0,SD,933200.0,2582800.0,False,0.0,09:20:36
19250.0,100,-700.0,0.0,SD,933200.0,2582600.0,False,0.0,09:20:36
19250.0,200,-700.0,0.0,SD,933200.0,2582500.0,False,0.0,09:20:36
19250.0,100,-700.0,0.0,SD,933200.0,2582300.0,False,0.0,09:20:36
19250.0,300,-700.0,0.0,SD,933200.0,2582200.0,False,0.0,09:20:36
19250.0,1000,-700.0,0.0,SD,933200.0,2581900.0,False,0.0,09:20:36
19250.0,100,-700.0,0.0,SD,933200.0,2580900.0,False,-50.0,09:20:36
19300.0,200,-650.0,0.0,BU,933200.0,2580800.0,False,0.0,09:20:36
19300.0,100,-650.0,0.0,BU,933000.0,2580800.0,False,50.0,09:20:36
19250.0,200,-700.0,0.0,SD,932900.0,2580800.0,False,0.0,09:20:35
19250.0,200,-700.0,0.0,SD,932900.0,2580600.0,False,0.0,09:20:35
19250.0,600,-700.0,0.0,SD,932900.0,2580400.0,False,-50.0,09:20:35
19300.0,1000,-650.0,0.0,BU,932900.0,2579800.0,False,0.0,09:20:35
19300.0,200,-650.0,0.0,BU,931900.0,2579800.0,False,0.0,09:20:35
19300.0,100,-650.0,0.0,BU,931700.0,2579800.0,False,0.0,09:20:35
19300.0,1000,-650.0,0.0,BU,931600.0,2579800.0,False,50.0,09:20:34
19250.0,1400,-700.0,0.0,SD,930600.0,2579800.0,False,0.0,09:20:33
19250.0,1600,-700.0,0.0,SD,930600.0,2578400.0,False,0.0,09:20:33
19250.0,1000,-700.0,0.0,SD,930600.0,2576800.0,False,0.0,09:20:33
19250.0,500,-700.0,0.0,SD,930600.0,2575800.0,False,0.0,09:20:33
19250.0,1000,-700.0,0.0,SD,930600.0,2575300.0,False,0.0,09:20:33
19250.0,500,-700.0,0.0,SD,930600.0,2574300.0,False,0.0,09:20:33
19250.0,100,-700.0,0.0,SD,930600.0,2573800.0,False,0.0,09:20:33
19250.0,200,-700.0,0.0,SD,930600.0,2573700.0,False,-50.0,09:20:32
19300.0,5000,-650.0,0.0,BU,930600.0,2573500.0,False,0.0,09:20:32
19300.0,100,-650.0,0.0,BU,925600.0,2573500.0,False,50.0,09:20:31
19250.0,100,-700.0,0.0,SD,925500.0,2573500.0,False,-50.0,09:20:30
19300.0,1000,-650.0,0.0,BU,925500.0,2573400.0,False,50.0,09:20:30
19250.0,100,-700.0,0.0,SD,924500.0,2573400.0,False,0.0,09:20:30
19250.0,1900,-700.0,0.0,SD,924500.0,2573300.0,False,0.0,09:20:30
19250.0,3000,-700.0,0.0,SD,924500.0,2571400.0,False,-50.0,09:20:28
19300.0,2000,-650.0,0.0,BU,924500.0,2568400.0,False,0.0,09:20:28
19300.0,700,-650.0,0.0,BU,922500.0,2568400.0,False,0.0,09:20:27
19300.0,2000,-650.0,0.0,BU,921800.0,2568400.0,False,50.0,09:20:27
19250.0,16900,-700.0,0.0,SD,919800.0,2568400.0,True,0.0,09:20:26
19250.0,100,-700.0,0.0,SD,919800.0,2551500.0,False,-50.0,09:20:26
19300.0,900,-650.0,0.0,BU,919800.0,2551400.0,False,50.0,09:20:26
19250.0,3500,-700.0,0.0,SD,918900.0,2551400.0,False,-50.0,09:20:26
19300.0,500,-650.0,0.0,BU,918900.0,2547900.0,False,0.0,09:20:25
19300.0,300,-650.0,0.0,BU,918400.0,2547900.0,False,50.0,09:20:25
19250.0,1800,-700.0,0.0,SD,918100.0,2547900.0,False,0.0,09:20:25
19250.0,2400,-700.0,0.0,SD,918100.0,2546100.0,False,0.0,09:20:25
19250.0,300,-700.0,0.0,SD,918100.0,2543700.0,False,-50.0,09:20:24
19300.0,5000,-650.0,0.0,BU,918100.0,2543400.0,False,0.0,09:20:24
19300.0,500,-650.0,0.0,BU,913100.0,2543400.0,False,50.0,09:20:23
19250.0,800,-700.0,0.0,SD,912600.0,2543400.0,False,0.0,09:20:23
19250.0,7800,-700.0,0.0,SD,912600.0,2542600.0,False,0.0,09:20:22
19250.0,1200,-700.0,0.0,SD,912600.0,2534800.0,False,0.0,09:20:22
19250.0,500,-700.0,0.0,SD,912600.0,2533600.0,False,-50.0,09:20:20
19300.0,200,-650.0,0.0,BU,912600.0,2533100.0,False,50.0,09:20:20
19250.0,500,-700.0,0.0,SD,912400.0,2533100.0,False,0.0,09:20:20
19250.0,500,-700.0,0.0,SD,912400.0,2532600.0,False,0.0,09:20:20
19250.0,900,-700.0,0.0,SD,912400.0,2532100.0,False,-50.0,09:20:20
19300.0,500,-650.0,0.0,BU,912400.0,2531200.0,False,0.0,09:20:19
19300.0,100,-650.0,0.0,BU,911900.0,2531200.0,False,50.0,09:20:19
19250.0,500,-700.0,0.0,SD,911800.0,2531200.0,False,0.0,09:20:19
19250.0,2000,-700.0,0.0,SD,911800.0,2530700.0,False,0.0,09:20:17
19250.0,2000,-700.0,0.0,SD,911800.0,2528700.0,False,0.0,09:20:17
19250.0,500,-700.0,0.0,SD,911800.0,2526700.0,False,0.0,09:20:17
19250.0,3200,-700.0,0.0,SD,911800.0,2526200.0,False,-50.0,09:20:17
19300.0,15000,-650.0,0.0,BU,911800.0,2523000.0,True,0.0,09:20:16
19300.0,5000,-650.0,0.0,BU,896800.0,2523000.0,False,50.0,09:20:16
19250.0,100,-700.0,0.0,SD,891800.0,2523000.0,False,0.0,09:20:16
19250.0,2700,-700.0,0.0,SD,891800.0,2522900.0,False,0.0,09:20:16
19250.0,6200,-700.0,0.0,SD,891800.0,2520200.0,False,-50.0,09:20:16
19300.0,200,-650.0,0.0,BU,891800.0,2514000.0,False,50.0,09:20:16
19250.0,600,-700.0,0.0,SD,891600.0,2514000.0,False,0.0,09:20:15
19250.0,1500,-700.0,0.0,SD,891600.0,2513400.0,False,0.0,09:20:15
19250.0,1000,-700.0,0.0,SD,891600.0,2511900.0,False,-50.0,09:20:14
19300.0,17900,-650.0,0.0,BU,891600.0,2510900.0,True,0.0,09:20:14
19300.0,500,-650.0,0.0,BU,873700.0,2510900.0,False,0.0,09:20:14
19300.0,1000,-650.0,0.0,BU,873200.0,2510900.0,False,0.0,09:20:14
19300.0,8100,-650.0,0.0,BU,872200.0,2510900.0,False,0.0,09:20:14
19300.0,1000,-650.0,0.0,BU,864100.0,2510900.0,False,0.0,09:20:14
19300.0,10000,-650.0,0.0,BU,863100.0,2510900.0,False,0.0,09:20:14
19300.0,3500,-650.0,0.0,BU,853100.0,2510900.0,False,0.0,09:20:14
19300.0,100,-650.0,0.0,BU,849600.0,2510900.0,False,0.0,09:20:14
19300.0,1000,-650.0,0.0,BU,849500.0,2510900.0,False,0.0,09:20:14
19300.0,300,-650.0,0.0,BU,848500.0,2510900.0,False,0.0,09:20:14
19300.0,5000,-650.0,0.0,BU,848200.0,2510900.0,False,0.0,09:20:14
19300.0,1600,-650.0,0.0,BU,843200.0,2510900.0,False,50.0,09:20:14
19250.0,5000,-700.0,0.0,SD,841600.0,2510900.0,False,0.0,09:20:14
19250.0,200,-700.0,0.0,SD,841600.0,2505900.0,False,-50.0,09:20:14
19300.0,100,-650.0,0.0,BU,841600.0,2505700.0,False,50.0,09:20:13
19250.0,4000,-700.0,0.0,SD,841500.0,2505700.0,False,0.0,09:20:13
19250.0,1000,-700.0,0.0,SD,841500.0,2501700.0,False,0.0,09:20:13
19250.0,200,-700.0,0.0,SD,841500.0,2500700.0,False,-50.0,09:20:12
19300.0,100,-650.0,0.0,BU,841500.0,2500500.0,False,50.0,09:20:12
19250.0,1000,-700.0,0.0,SD,841400.0,2500500.0,False,0.0,09:20:12
19250.0,200,-700.0,0.0,SD,841400.0,2499500.0,False,0.0,09:20:12
19250.0,4500,-700.0,0.0,SD,841400.0,2499300.0,False,0.0,09:20:12
19250.0,1000,-700.0,0.0,BU,841400.0,2494800.0,False,0.0,09:20:12
19250.0,2000,-700.0,0.0,BU,840400.0,2494800.0,False,0.0,09:20:12
19250.0,1200,-700.0,0.0,BU,838400.0,2494800.0,False,0.0,09:20:12
19250.0,5000,-700.0,0.0,BU,837200.0,2494800.0,False,50.0,09:20:12
19200.0,1000,-750.0,0.0,SD,832200.0,2494800.0,False,-50.0,09:20:12
19250.0,17300,-700.0,0.0,BU,832200.0,2493800.0,True,0.0,09:20:12
19250.0,600,-700.0,0.0,BU,814900.0,2493800.0,False,0.0,09:20:12
19250.0,2100,-700.0,0.0,BU,814300.0,2493800.0,False,0.0,09:20:11
19250.0,100,-700.0,0.0,BU,812200.0,2493800.0,False,0.0,09:20:11
19250.0,100,-700.0,0.0,BU,812100.0,2493800.0,False,0.0,09:20:11
19250.0,14700,-700.0,0.0,BU,812000.0,2493800.0,True,0.0,09:20:11
19250.0,200,-700.0,0.0,BU,797300.0,2493800.0,False,0.0,09:20:11
19250.0,600,-700.0,0.0,BU,797100.0,2493800.0,False,0.0,09:20:11
19250.0,2000,-700.0,0.0,BU,796500.0,2493800.0,False,0.0,09:20:11
19250.0,200,-700.0,0.0,BU,794500.0,2493800.0,False,0.0,09:20:11
19250.0,1000,-700.0,0.0,BU,794300.0,2493800.0,False,0.0,09:20:11
19250.0,1000,-700.0,0.0,BU,793300.0,2493800.0,False,0.0,09:20:10
19250.0,1600,-700.0,0.0,BU,792300.0,2493800.0,False,0.0,09:20:10
19250.0,400,-700.0,0.0,BU,790700.0,2493800.0,False,0.0,09:20:10
19250.0,1000,-700.0,0.0,BU,790300.0,2493800.0,False,0.0,09:20:10
19250.0,500,-700.0,0.0,BU,789300.0,2493800.0,False,0.0,09:20:10
19250.0,100,-700.0,0.0,BU,788800.0,2493800.0,False,0.0,09:20:10
19250.0,500,-700.0,0.0,BU,788700.0,2493800.0,False,0.0,09:20:10
19250.0,500,-700.0,0.0,BU,788200.0,2493800.0,False,0.0,09:20:10
19250.0,2000,-700.0,0.0,BU,787700.0,2493800.0,False,0.0,09:20:10
19250.0,1000,-700.0,0.0,SD,785700.0,2493800.0,False,0.0,09:20:10
19250.0,100,-700.0,0.0,SD,785700.0,2492800.0,False,0.0,09:20:10
19250.0,300,-700.0,0.0,SD,785700.0,2492700.0,False,0.0,09:20:10
19250.0,600,-700.0,0.0,SD,785700.0,2492400.0,False,0.0,09:20:10
19250.0,400,-700.0,0.0,SD,785700.0,2491800.0,False,0.0,09:20:09
19250.0,500,-700.0,0.0,SD,785700.0,2491400.0,False,0.0,09:20:09
19250.0,200,-700.0,0.0,SD,785700.0,2490900.0,False,0.0,09:20:09
19250.0,500,-700.0,0.0,SD,785700.0,2490700.0,False,0.0,09:20:09
19250.0,400,-700.0,0.0,SD,785700.0,2490200.0,False,0.0,09:20:09
19250.0,100,-700.0,0.0,SD,785700.0,2489800.0,False,0.0,09:20:09
19250.0,5000,-700.0,0.0,SD,785700.0,2489700.0,False,0.0,09:20:09
19250.0,300,-700.0,0.0,SD,785700.0,2484700.0,False,0.0,09:20:09
19250.0,1000,-700.0,0.0,SD,785700.0,2484400.0,False,0.0,09:20:09
19250.0,1000,-700.0,0.0,SD,785700.0,2483400.0,False,0.0,09:20:09
19250.0,2300,-700.0,0.0,SD,785700.0,2482400.0,False,-50.0,09:20:09
19300.0,200,-650.0,0.0,BU,785700.0,2480100.0,False,50.0,09:20:09
19250.0,200,-700.0,0.0,SD,785500.0,2480100.0,False,0.0,09:20:09
19250.0,800,-700.0,0.0,SD,785500.0,2479900.0,False,0.0,09:20:09
19250.0,300,-700.0,0.0,SD,785500.0,2479100.0,False,0.0,09:20:08
19250.0,3000,-700.0,0.0,SD,785500.0,2478800.0,False,0.0,09:20:08
19250.0,500,-700.0,0.0,SD,785500.0,2475800.0,False,0.0,09:20:08
19250.0,700,-700.0,0.0,SD,785500.0,2475300.0,False,0.0,09:20:08
19250.0,100,-700.0,0.0,SD,785500.0,2474600.0,False,0.0,09:20:08
19250.0,500,-700.0,0.0,SD,785500.0,2474500.0,False,0.0,09:20:08
19250.0,2500,-700.0,0.0,SD,785500.0,2474000.0,False,0.0,09:20:08
19250.0,12900,-700.0,0.0,SD,785500.0,2471500.0,True,0.0,09:20:08
19250.0,3000,-700.0,0.0,SD,785500.0,2458600.0,False,0.0,09:20:08
19250.0,100,-700.0,0.0,SD,785500.0,2455600.0,False,0.0,09:20:07
19250.0,300,-700.0,0.0,SD,785500.0,2455500.0,False,0.0,09:20:07
19250.0,100,-700.0,0.0,SD,785500.0,2455200.0,False,0.0,09:20:07
19250.0,400,-700.0,0.0,SD,785500.0,2455100.0,False,0.0,09:20:07
19250.0,1600,-700.0,0.0,SD,785500.0,2454700.0,False,0.0,09:20:07
19250.0,100,-700.0,0.0,SD,785500.0,2453100.0,False,0.0,09:20:07
19250.0,500,-700.0,0.0,SD,785500.0,2453000.0,False,0.0,09:20:07
19250.0,100,-700.0,0.0,SD,785500.0,2452500.0,False,0.0,09:20:07
19250.0,100,-700.0,0.0,SD,785500.0,2452400.0,False,0.0,09:20:07
19250.0,100,-700.0,0.0,SD,785500.0,2452300.0,False,0.0,09:20:07
19250.0,2500,-700.0,0.0,SD,785500.0,2452200.0,False,0.0,09:20:07
19250.0,500,-700.0,0.0,SD,785500.0,2449700.0,False,0.0,09:20:07
19250.0,100,-700.0,0.0,SD,785500.0,2449200.0,False,0.0,09:20:07
19250.0,1000,-700.0,0.0,SD,785500.0,2449100.0,False,0.0,09:20:07
19250.0,100,-700.0,0.0,SD,785500.0,2448100.0,False,0.0,09:20:07
19250.0,200,-700.0,0.0,SD,785500.0,2448000.0,False,0.0,09:20:07
19250.0,100,-700.0,0.0,SD,785500.0,2447800.0,False,0.0,09:20:07
19250.0,2000,-700.0,0.0,SD,785500.0,2447700.0,False,0.0,09:20:07
19250.0,100,-700.0,0.0,SD,785500.0,2445700.0,False,0.0,09:20:07
19250.0,700,-700.0,0.0,SD,785500.0,2445600.0,False,0.0,09:20:07
19250.0,100,-700.0,0.0,SD,785500.0,2444900.0,False,0.0,09:20:07
19250.0,200,-700.0,0.0,SD,785500.0,2444800.0,False,0.0,09:20:07
19250.0,2500,-700.0,0.0,SD,785500.0,2444600.0,False,0.0,09:20:07
19250.0,200,-700.0,0.0,SD,785500.0,2442100.0,False,0.0,09:20:07
19250.0,500,-700.0,0.0,SD,785500.0,2441900.0,False,0.0,09:20:07
19250.0,100,-700.0,0.0,SD,785500.0,2441400.0,False,0.0,09:20:07
19250.0,500,-700.0,0.0,SD,785500.0,2441300.0,False,0.0,09:20:07
19250.0,200,-700.0,0.0,SD,785500.0,2440800.0,False,0.0,09:20:07
19250.0,500,-700.0,0.0,SD,785500.0,2440600.0,False,0.0,09:20:07
19250.0,100,-700.0,0.0,SD,785500.0,2440100.0,False,0.0,09:20:07
19250.0,200,-700.0,0.0,SD,785500.0,2440000.0,False,0.0,09:20:07
19250.0,6000,-700.0,0.0,SD,785500.0,2439800.0,False,0.0,09:20:07
19250.0,300,-700.0,0.0,SD,785500.0,2433800.0,False,0.0,09:20:07
19250.0,200,-700.0,0.0,SD,785500.0,2433500.0,False,0.0,09:20:07
19250.0,1000,-700.0,0.0,SD,785500.0,2433300.0,False,0.0,09:20:07
19250.0,600,-700.0,0.0,SD,785500.0,2432300.0,False,0.0,09:20:07
19250.0,200,-700.0,0.0,SD,785500.0,2431700.0,False,0.0,09:20:07
19250.0,200,-700.0,0.0,SD,785500.0,2431500.0,False,0.0,09:20:07
19250.0,3500,-700.0,0.0,SD,785500.0,2431300.0,False,0.0,09:20:07
19250.0,9400,-700.0,0.0,SD,785500.0,2427800.0,False,-50.0,09:20:07
19300.0,500,-650.0,0.0,BU,785500.0,2418400.0,False,50.0,09:20:07
19250.0,2000,-700.0,0.0,SD,785000.0,2418400.0,False,0.0,09:20:06
19250.0,100,-700.0,0.0,SD,785000.0,2416400.0,False,0.0,09:20:06
19250.0,4500,-700.0,0.0,SD,785000.0,2416300.0,False,-50.0,09:20:06
19300.0,500,-650.0,0.0,BU,785000.0,2411800.0,False,50.0,09:20:06
19250.0,6200,-700.0,0.0,SD,784500.0,2411800.0,False,0.0,09:20:06
19250.0,2000,-700.0,0.0,SD,784500.0,2405600.0,False,0.0,09:20:06
19250.0,10000,-700.0,0.0,SD,784500.0,2403600.0,False,0.0,09:20:05
19250.0,500,-700.0,0.0,SD,784500.0,2393600.0,False,0.0,09:20:04
19250.0,100,-700.0,0.0,SD,784500.0,2393100.0,False,0.0,09:20:04
19250.0,5000,-700.0,0.0,SD,784500.0,2393000.0,False,0.0,09:20:04
19250.0,1000,-700.0,0.0,SD,784500.0,2388000.0,False,-50.0,09:20:03
19300.0,1300,-650.0,0.0,BU,784500.0,2387000.0,False,50.0,09:20:03
19250.0,1000,-700.0,0.0,SD,783200.0,2387000.0,False,0.0,09:20:03
19250.0,500,-700.0,0.0,SD,783200.0,2386000.0,False,0.0,09:20:03
19250.0,500,-700.0,0.0,SD,783200.0,2385500.0,False,0.0,09:20:03
19250.0,1200,-700.0,0.0,SD,783200.0,2385000.0,False,0.0,09:20:02
19250.0,2500,-700.0,0.0,SD,783200.0,2383800.0,False,0.0,09:20:02
19250.0,500,-700.0,0.0,SD,783200.0,2381300.0,False,0.0,09:20:02
19250.0,500,-700.0,0.0,SD,783200.0,2380800.0,False,0.0,09:20:01
19250.0,500,-700.0,0.0,SD,783200.0,2380300.0,False,0.0,09:20:01
19250.0,500,-700.0,0.0,SD,783200.0,2379800.0,False,0.0,09:20:01
19250.0,1000,-700.0,0.0,SD,783200.0,2379300.0,False,0.0,09:19:59
19250.0,1000,-700.0,0.0,SD,783200.0,2378300.0,False,0.0,09:19:59
19250.0,100,-700.0,0.0,SD,783200.0,2377300.0,False,0.0,09:19:59
19250.0,600,-700.0,0.0,SD,783200.0,2377200.0,False,0.0,09:19:59
19250.0,400,-700.0,0.0,SD,783200.0,2376600.0,False,0.0,09:19:59
19250.0,100,-700.0,0.0,SD,783200.0,2376200.0,False,0.0,09:19:59
19250.0,2000,-700.0,0.0,SD,783200.0,2376100.0,False,0.0,09:19:59
19250.0,2000,-700.0,0.0,SD,783200.0,2374100.0,False,0.0,09:19:59
19250.0,4900,-700.0,0.0,SD,783200.0,2372100.0,False,0.0,09:19:58
19250.0,100,-700.0,0.0,SD,783200.0,2367200.0,False,-50.0,09:19:58
19300.0,100,-650.0,0.0,BU,783200.0,2367100.0,False,50.0,09:19:58
19250.0,1000,-700.0,0.0,SD,783100.0,2367100.0,False,0.0,09:19:58
19250.0,700,-700.0,0.0,SD,783100.0,2366100.0,False,0.0,09:19:58
19250.0,900,-700.0,0.0,SD,783100.0,2365400.0,False,0.0,09:19:58
19250.0,2000,-700.0,0.0,SD,783100.0,2364500.0,False,0.0,09:19:58
19250.0,200,-700.0,0.0,SD,783100.0,2362500.0,False,0.0,09:19:58
19250.0,100,-700.0,0.0,SD,783100.0,2362300.0,False,0.0,09:19:58
19250.0,1000,-700.0,0.0,SD,783100.0,2362200.0,False,0.0,09:19:58
19250.0,1200,-700.0,0.0,SD,783100.0,2361200.0,False,0.0,09:19:58
19250.0,1000,-700.0,0.0,SD,783100.0,2360000.0,False,0.0,09:19:58
19250.0,5000,-700.0,0.0,SD,783100.0,2359000.0,False,0.0,09:19:58
19250.0,1000,-700.0,0.0,SD,783100.0,2354000.0,False,0.0,09:19:57
19250.0,5000,-700.0,0.0,SD,783100.0,2353000.0,False,0.0,09:19:57
19250.0,5000,-700.0,0.0,SD,783100.0,2348000.0,False,0.0,09:19:57
19250.0,600,-700.0,0.0,SD,783100.0,2343000.0,False,0.0,09:19:57
19250.0,2000,-700.0,0.0,SD,783100.0,2342400.0,False,0.0,09:19:57
19250.0,500,-700.0,0.0,SD,783100.0,2340400.0,False,0.0,09:19:57
19250.0,2900,-700.0,0.0,SD,783100.0,2339900.0,False,0.0,09:19:56
19250.0,300,-700.0,0.0,SD,783100.0,2337000.0,False,0.0,09:19:56
19250.0,1000,-700.0,0.0,SD,783100.0,2336700.0,False,0.0,09:19:56
19250.0,100,-700.0,0.0,BU,783100.0,2335700.0,False,0.0,09:19:55
19250.0,5000,-700.0,0.0,BU,783000.0,2335700.0,False,0.0,09:19:55
19250.0,18300,-700.0,0.0,BU,778000.0,2335700.0,True,0.0,09:19:55
19250.0,300,-700.0,0.0,BU,759700.0,2335700.0,False,0.0,09:19:55
19250.0,1000,-700.0,0.0,BU,759400.0,2335700.0,False,0.0,09:19:55
19250.0,200,-700.0,0.0,BU,758400.0,2335700.0,False,50.0,09:19:55
19200.0,700,-750.0,0.0,SD,758200.0,2335700.0,False,0.0,09:19:55
19200.0,100,-750.0,0.0,SD,758200.0,2335000.0,False,0.0,09:19:55
19200.0,100,-750.0,0.0,SD,758200.0,2334900.0,False,0.0,09:19:55
19200.0,500,-750.0,0.0,SD,758200.0,2334800.0,False,0.0,09:19:55
19200.0,400,-750.0,0.0,SD,758200.0,2334300.0,False,0.0,09:19:55
19200.0,100,-750.0,0.0,SD,758200.0,2333900.0,False,0.0,09:19:55
19200.0,100,-750.0,0.0,SD,758200.0,2333800.0,False,0.0,09:19:55
19200.0,1000,-750.0,0.0,SD,758200.0,2333700.0,False,0.0,09:19:55
19200.0,1000,-750.0,0.0,SD,758200.0,2332700.0,False,0.0,09:19:55
19200.0,1000,-750.0,0.0,SD,758200.0,2331700.0,False,-50.0,09:19:55
19250.0,200,-700.0,0.0,SD,758200.0,2330700.0,False,50.0,09:19:55
19200.0,2000,-750.0,0.0,SD,758200.0,2330500.0,False,0.0,09:19:54
19200.0,200,-750.0,0.0,SD,758200.0,2328500.0,False,0.0,09:19:54
19200.0,500,-750.0,0.0,SD,758200.0,2328300.0,False,0.0,09:19:54
19200.0,100,-750.0,0.0,SD,758200.0,2327800.0,False,0.0,09:19:54
19200.0,100,-750.0,0.0,SD,758200.0,2327700.0,False,0.0,09:19:54
19200.0,100,-750.0,0.0,SD,758200.0,2327600.0,False,0.0,09:19:54
19200.0,500,-750.0,0.0,SD,758200.0,2327500.0,False,0.0,09:19:54
19200.0,100,-750.0,0.0,SD,758200.0,2327000.0,False,0.0,09:19:54
19200.0,100,-750.0,0.0,SD,758200.0,2326900.0,False,0.0,09:19:54
19200.0,1000,-750.0,0.0,SD,758200.0,2326800.0,False,0.0,09:19:54
19200.0,100,-750.0,0.0,SD,758200.0,2325800.0,False,0.0,09:19:54
19200.0,100,-750.0,0.0,SD,758200.0,2325700.0,False,0.0,09:19:54
19200.0,1000,-750.0,0.0,SD,758200.0,2325600.0,False,0.0,09:19:54
19200.0,1000,-750.0,0.0,SD,758200.0,2324600.0,False,0.0,09:19:54
19200.0,100,-750.0,0.0,SD,758200.0,2323600.0,False,0.0,09:19:54
19200.0,500,-750.0,0.0,SD,758200.0,2323500.0,False,0.0,09:19:54
19200.0,1800,-750.0,0.0,SD,758200.0,2323000.0,False,0.0,09:19:54
19200.0,1100,-750.0,0.0,SD,758200.0,2321200.0,False,0.0,09:19:54
19200.0,500,-750.0,0.0,SD,758200.0,2320100.0,False,0.0,09:19:54
19200.0,900,-750.0,0.0,SD,758200.0,2319600.0,False,0.0,09:19:54
19200.0,100,-750.0,0.0,SD,758200.0,2318700.0,False,0.0,09:19:54
19200.0,1000,-750.0,0.0,SD,758200.0,2318600.0,False,0.0,09:19:54
19200.0,2500,-750.0,0.0,SD,758200.0,2317600.0,False,0.0,09:19:54
19200.0,100,-750.0,0.0,SD,758200.0,2315100.0,False,0.0,09:19:54
19200.0,500,-750.0,0.0,SD,758200.0,2315000.0,False,0.0,09:19:54
19200.0,200,-750.0,0.0,SD,758200.0,2314500.0,False,0.0,09:19:54
19200.0,300,-750.0,0.0,SD,758200.0,2314300.0,False,0.0,09:19:54
19200.0,100,-750.0,0.0,SD,758200.0,2314000.0,False,0.0,09:19:54
19200.0,100,-750.0,0.0,SD,758200.0,2313900.0,False,0.0,09:19:54
19200.0,100,-750.0,0.0,SD,758200.0,2313800.0,False,0.0,09:19:54
19200.0,1000,-750.0,0.0,SD,758200.0,2313700.0,False,0.0,09:19:54
19200.0,700,-750.0,0.0,SD,758200.0,2312700.0,False,0.0,09:19:54
19200.0,2000,-750.0,0.0,SD,758200.0,2312000.0,False,0.0,09:19:54
19200.0,500,-750.0,0.0,SD,758200.0,2310000.0,False,0.0,09:19:54
19200.0,200,-750.0,0.0,SD,758200.0,2309500.0,False,0.0,09:19:54
19200.0,200,-750.0,0.0,SD,758200.0,2309300.0,False,0.0,09:19:54
19200.0,500,-750.0,0.0,SD,758200.0,2309100.0,False,0.0,09:19:54
19200.0,100,-750.0,0.0,SD,758200.0,2308600.0,False,0.0,09:19:54
19200.0,100,-750.0,0.0,SD,758200.0,2308500.0,False,0.0,09:19:54
19200.0,100,-750.0,0.0,SD,758200.0,2308400.0,False,0.0,09:19:54
19200.0,100,-750.0,0.0,SD,758200.0,2308300.0,False,0.0,09:19:54
19200.0,600,-750.0,0.0,SD,758200.0,2308200.0,False,0.0,09:19:54
19200.0,100,-750.0,0.0,SD,758200.0,2307600.0,False,0.0,09:19:54
19200.0,200,-750.0,0.0,SD,758200.0,2307500.0,False,0.0,09:19:54
19200.0,1000,-750.0,0.0,SD,758200.0,2307300.0,False,0.0,09:19:54
19200.0,7400,-750.0,0.0,SD,758200.0,2306300.0,False,-50.0,09:19:54
19250.0,3000,-700.0,0.0,SD,758200.0,2298900.0,False,0.0,09:19:54
19250.0,1000,-700.0,0.0,SD,758200.0,2295900.0,False,0.0,09:19:54
19250.0,300,-700.0,0.0,SD,758200.0,2294900.0,False,0.0,09:19:54
19250.0,200,-700.0,0.0,SD,758200.0,2294600.0,False,0.0,09:19:54
19250.0,100,-700.0,0.0,SD,758200.0,2294400.0,False,0.0,09:19:54
19250.0,500,-700.0,0.0,SD,758200.0,2294300.0,False,0.0,09:19:54
19250.0,500,-700.0,0.0,SD,758200.0,2293800.0,False,0.0,09:19:54
19250.0,200,-700.0,0.0,SD,758200.0,2293300.0,False,0.0,09:19:54
19250.0,5000,-700.0,0.0,SD,758200.0,2293100.0,False,0.0,09:19:54
19250.0,1000,-700.0,0.0,SD,758200.0,2288100.0,False,0.0,09:19:54
19250.0,6600,-700.0,0.0,SD,758200.0,2287100.0,False,0.0,09:19:54
19250.0,500,-700.0,0.0,SD,758200.0,2280500.0,False,0.0,09:19:54
19250.0,1100,-700.0,0.0,SD,758200.0,2280000.0,False,0.0,09:19:54
19250.0,2100,-700.0,0.0,SD,758200.0,2278900.0,False,0.0,09:19:53
19250.0,1000,-700.0,0.0,SD,758200.0,2276800.0,False,0.0,09:19:53
19250.0,100,-700.0,0.0,SD,758200.0,2275800.0,False,0.0,09:19:53
19250.0,1000,-700.0,0.0,SD,758200.0,2275700.0,False,0.0,09:19:53
19250.0,1500,-700.0,0.0,SD,758200.0,2274700.0,False,0.0,09:19:53
19250.0,4000,-700.0,0.0,SD,758200.0,2273200.0,False,0.0,09:19:53
19250.0,1000,-700.0,0.0,SD,758200.0,2269200.0,False,-50.0,09:19:52
19300.0,900,-650.0,0.0,BU,758200.0,2268200.0,False,50.0,09:19:52
19250.0,4000,-700.0,0.0,SD,757300.0,2268200.0,False,0.0,09:19:52
19250.0,1000,-700.0,0.0,SD,757300.0,2264200.0,False,0.0,09:19:52
19250.0,10000,-700.0,0.0,BU,757300.0,2263200.0,False,0.0,09:19:51
19250.0,1000,-700.0,0.0,BU,747300.0,2263200.0,False,0.0,09:19:51
19250.0,500,-700.0,0.0,BU,746300.0,2263200.0,False,0.0,09:19:51
19250.0,2000,-700.0,0.0,BU,745800.0,2263200.0,False,0.0,09:19:51
19250.0,100,-700.0,0.0,BU,743800.0,2263200.0,False,0.0,09:19:51
19250.0,200,-700.0,0.0,BU,743700.0,2263200.0,False,0.0,09:19:51
19250.0,1000,-700.0,0.0,BU,743500.0,2263200.0,False,0.0,09:19:51
19250.0,200,-700.0,0.0,BU,742500.0,2263200.0,False,0.0,09:19:51
19250.0,1000,-700.0,0.0,BU,742300.0,2263200.0,False,0.0,09:19:51
19250.0,5000,-700.0,0.0,BU,741300.0,2263200.0,False,0.0,09:19:51
19250.0,4200,-700.0,0.0,BU,736300.0,2263200.0,False,0.0,09:19:51
19250.0,1500,-700.0,0.0,BU,732100.0,2263200.0,False,0.0,09:19:51
19250.0,4400,-700.0,0.0,BU,730600.0,2263200.0,False,0.0,09:19:51
19250.0,200,-700.0,0.0,BU,726200.0,2263200.0,False,0.0,09:19:51
19250.0,1000,-700.0,0.0,BU,726000.0,2263200.0,False,50.0,09:19:50
19200.0,2600,-750.0,0.0,SD,725000.0,2263200.0,False,0.0,09:19:50
19200.0,1000,-750.0,0.0,SD,725000.0,2260600.0,False,0.0,09:19:50
19200.0,300,-750.0,0.0,SD,725000.0,2259600.0,False,0.0,09:19:50
19200.0,200,-750.0,0.0,SD,725000.0,2259300.0,False,0.0,09:19:50
19200.0,200,-750.0,0.0,SD,725000.0,2259100.0,False,0.0,09:19:50
19200.0,500,-750.0,0.0,SD,725000.0,2258900.0,False,0.0,09:19:50
19200.0,200,-750.0,0.0,SD,725000.0,2258400.0,False,0.0,09:19:50
19200.0,100,-750.0,0.0,SD,725000.0,2258200.0,False,-50.0,09:19:50
19250.0,200,-700.0,0.0,BU,725000.0,2258100.0,False,0.0,09:19:50
19250.0,200,-700.0,0.0,BU,724800.0,2258100.0,False,0.0,09:19:48
19250.0,100,-700.0,0.0,BU,724600.0,2258100.0,False,0.0,09:19:48
19250.0,11200,-700.0,0.0,BU,724500.0,2258100.0,True,0.0,09:19:48
19250.0,100,-700.0,0.0,BU,713300.0,2258100.0,False,0.0,09:19:48
19250.0,100,-700.0,0.0,BU,713200.0,2258100.0,False,0.0,09:19:48
19250.0,500,-700.0,0.0,BU,713100.0,2258100.0,False,0.0,09:19:48
19250.0,1000,-700.0,0.0,BU,712600.0,2258100.0,False,0.0,09:19:48
19250.0,200,-700.0,0.0,BU,711600.0,2258100.0,False,0.0,09:19:48
19250.0,3000,-700.0,0.0,BU,711400.0,2258100.0,False,0.0,09:19:48
19250.0,200,-700.0,0.0,BU,708400.0,2258100.0,False,0.0,09:19:48
19250.0,200,-700.0,0.0,BU,708200.0,2258100.0,False,0.0,09:19:48
19250.0,200,-700.0,0.0,BU,708000.0,2258100.0,False,0.0,09:19:48
19250.0,200,-700.0,0.0,BU,707800.0,2258100.0,False,50.0,09:19:48
19200.0,100,-750.0,0.0,SD,707600.0,2258100.0,False,0.0,09:19:48
19200.0,300,-750.0,0.0,SD,707600.0,2258000.0,False,-50.0,09:19:48
19250.0,100,-700.0,0.0,BU,707600.0,2257700.0,False,0.0,09:19:48
19250.0,1000,-700.0,0.0,BU,707500.0,2257700.0,False,0.0,09:19:48
19250.0,10000,-700.0,0.0,BU,706500.0,2257700.0,False,50.0,09:19:48
19200.0,700,-750.0,0.0,SD,696500.0,2257700.0,False,0.0,09:19:47
19200.0,100,-750.0,0.0,SD,696500.0,2257000.0,False,0.0,09:19:47
19200.0,200,-750.0,0.0,SD,696500.0,2256900.0,False,-50.0,09:19:47
19250.0,100,-700.0,0.0,BU,696500.0,2256700.0,False,0.0,09:19:47
19250.0,200,-700.0,0.0,BU,696400.0,2256700.0,False,50.0,09:19:47
19200.0,800,-750.0,0.0,SD,696200.0,2256700.0,False,0.0,09:19:46
19200.0,500,-750.0,0.0,SD,696200.0,2255900.0,False,0.0,09:19:46
19200.0,100,-750.0,0.0,SD,696200.0,2255400.0,False,-50.0,09:19:46
19250.0,100,-700.0,0.0,BU,696200.0,2255300.0,False,50.0,09:19:46
19200.0,100,-750.0,0.0,SD,696100.0,2255300.0,False,-50.0,09:19:46
19250.0,2000,-700.0,0.0,BU,696100.0,2255200.0,False,0.0,09:19:46
19250.0,1000,-700.0,0.0,BU,694100.0,2255200.0,False,0.0,09:19:46
19250.0,200,-700.0,0.0,BU,693100.0,2255200.0,False,50.0,09:19:45
19200.0,300,-750.0,0.0,SD,692900.0,2255200.0,False,0.0,09:19:45
19200.0,300,-750.0,0.0,SD,692900.0,2254900.0,False,-50.0,09:19:45
19250.0,200,-700.0,0.0,BU,692900.0,2254600.0,False,0.0,09:19:45
19250.0,1000,-700.0,0.0,BU,692700.0,2254600.0,False,0.0,09:19:45
19250.0,300,-700.0,0.0,BU,691700.0,2254600.0,False,0.0,09:19:45
19250.0,1700,-700.0,0.0,SD,691400.0,2254600.0,False,0.0,09:19:45
19250.0,300,-700.0,0.0,SD,691400.0,2252900.0,False,0.0,09:19:45
19250.0,1000,-700.0,0.0,SD,691400.0,2252600.0,False,0.0,09:19:45
19250.0,700,-700.0,0.0,SD,691400.0,2251600.0,False,0.0,09:19:45
19250.0,1000,-700.0,0.0,BU,691400.0,2250900.0,False,50.0,09:19:44
19200.0,100,-750.0,0.0,SD,690400.0,2250900.0,False,0.0,09:19:44
19200.0,9700,-750.0,0.0,SD,690400.0,2250800.0,False,0.0,09:19:44
19200.0,2000,-750.0,0.0,SD,690400.0,2241100.0,False,0.0,09:19:44
19200.0,200,-750.0,0.0,SD,690400.0,2239100.0,False,0.0,09:19:44
19200.0,500,-750.0,0.0,SD,690400.0,2238900.0,False,0.0,09:19:44
19200.0,100,-750.0,0.0,SD,690400.0,2238400.0,False,0.0,09:19:44
19200.0,2800,-750.0,0.0,SD,690400.0,2238300.0,False,0.0,09:19:44
19200.0,100,-750.0,0.0,SD,690400.0,2235500.0,False,0.0,09:19:44
19200.0,500,-750.0,0.0,SD,690400.0,2235400.0,False,0.0,09:19:44
19200.0,700,-750.0,0.0,SD,690400.0,2234900.0,False,0.0,09:19:44
19200.0,200,-750.0,0.0,SD,690400.0,2234200.0,False,0.0,09:19:44
19200.0,300,-750.0,0.0,SD,690400.0,2234000.0,False,0.0,09:19:44
19200.0,1300,-750.0,0.0,SD,690400.0,2233700.0,False,0.0,09:19:44
19200.0,100,-750.0,0.0,SD,690400.0,2232400.0,False,0.0,09:19:44
19200.0,100,-750.0,0.0,SD,690400.0,2232300.0,False,0.0,09:19:44
19200.0,1000,-750.0,0.0,SD,690400.0,2232200.0,False,0.0,09:19:44
19200.0,2000,-750.0,0.0,SD,690400.0,2231200.0,False,0.0,09:19:44
19200.0,2000,-750.0,0.0,SD,690400.0,2229200.0,False,0.0,09:19:44
19200.0,100,-750.0,0.0,SD,690400.0,2227200.0,False,0.0,09:19:44
19200.0,1000,-750.0,0.0,SD,690400.0,2227100.0,False,0.0,09:19:44
19200.0,800,-750.0,0.0,SD,690400.0,2226100.0,False,0.0,09:19:44
19200.0,200,-750.0,0.0,SD,690400.0,2225300.0,False,0.0,09:19:44
19200.0,2000,-750.0,0.0,SD,690400.0,2225100.0,False,0.0,09:19:44
19200.0,300,-750.0,0.0,SD,690400.0,2223100.0,False,0.0,09:19:44
19200.0,100,-750.0,0.0,SD,690400.0,2222800.0,False,0.0,09:19:44
19200.0,1000,-750.0,0.0,SD,690400.0,2222700.0,False,0.0,09:19:44
19200.0,100,-750.0,0.0,SD,690400.0,2221700.0,False,0.0,09:19:44
19200.0,1000,-750.0,0.0,SD,690400.0,2221600.0,False,0.0,09:19:44
19200.0,100,-750.0,0.0,SD,690400.0,2220600.0,False,0.0,09:19:44
19200.0,1000,-750.0,0.0,SD,690400.0,2220500.0,False,0.0,09:19:44
19200.0,500,-750.0,0.0,SD,690400.0,2219500.0,False,0.0,09:19:44
19200.0,400,-750.0,0.0,SD,690400.0,2219000.0,False,0.0,09:19:44
19200.0,500,-750.0,0.0,SD,690400.0,2218600.0,False,0.0,09:19:44
19200.0,1000,-750.0,0.0,SD,690400.0,2218100.0,False,0.0,09:19:44
19200.0,100,-750.0,0.0,SD,690400.0,2217100.0,False,0.0,09:19:44
19200.0,5200,-750.0,0.0,SD,690400.0,2217000.0,False,0.0,09:19:44
19200.0,2000,-750.0,0.0,SD,690400.0,2211800.0,False,0.0,09:19:44
19200.0,100,-750.0,0.0,SD,690400.0,2209800.0,False,0.0,09:19:44
19200.0,100,-750.0,0.0,SD,690400.0,2209700.0,False,0.0,09:19:44
19200.0,2000,-750.0,0.0,SD,690400.0,2209600.0,False,0.0,09:19:44
19200.0,5000,-750.0,0.0,SD,690400.0,2207600.0,False,0.0,09:19:44
19200.0,100,-750.0,0.0,SD,690400.0,2202600.0,False,0.0,09:19:44
19200.0,200,-750.0,0.0,SD,690400.0,2202500.0,False,0.0,09:19:44
19200.0,300,-750.0,0.0,SD,690400.0,2202300.0,False,0.0,09:19:44
19200.0,100,-750.0,0.0,SD,690400.0,2202000.0,False,0.0,09:19:44
19200.0,100,-750.0,0.0,SD,690400.0,2201900.0,False,0.0,09:19:44
19200.0,1500,-750.0,0.0,SD,690400.0,2201800.0,False,0.0,09:19:44
19200.0,200,-750.0,0.0,SD,690400.0,2200300.0,False,0.0,09:19:44
19200.0,1000,-750.0,0.0,SD,690400.0,2200100.0,False,0.0,09:19:44
19200.0,200,-750.0,0.0,SD,690400.0,2199100.0,False,0.0,09:19:44
19200.0,100,-750.0,0.0,SD,690400.0,2198900.0,False,0.0,09:19:44
19200.0,200,-750.0,0.0,SD,690400.0,2198800.0,False,0.0,09:19:44
19200.0,100,-750.0,0.0,SD,690400.0,2198600.0,False,0.0,09:19:44
19200.0,3000,-750.0,0.0,SD,690400.0,2198500.0,False,0.0,09:19:44
19200.0,3000,-750.0,0.0,SD,690400.0,2195500.0,False,0.0,09:19:44
19200.0,200,-750.0,0.0,SD,690400.0,2192500.0,False,0.0,09:19:44
19200.0,1000,-750.0,0.0,SD,690400.0,2192300.0,False,0.0,09:19:44
19200.0,200,-750.0,0.0,SD,690400.0,2191300.0,False,0.0,09:19:44
19200.0,100,-750.0,0.0,SD,690400.0,2191100.0,False,0.0,09:19:44
19200.0,2400,-750.0,0.0,SD,690400.0,2191000.0,False,0.0,09:19:44
19200.0,100,-750.0,0.0,SD,690400.0,2188600.0,False,0.0,09:19:44
19200.0,100,-750.0,0.0,SD,690400.0,2188500.0,False,0.0,09:19:44
19200.0,500,-750.0,0.0,SD,690400.0,2188400.0,False,0.0,09:19:44
19200.0,1000,-750.0,0.0,SD,690400.0,2187900.0,False,0.0,09:19:44
19200.0,100,-750.0,0.0,SD,690400.0,2186900.0,False,0.0,09:19:44
19200.0,500,-750.0,0.0,SD,690400.0,2186800.0,False,0.0,09:19:44
19200.0,400,-750.0,0.0,SD,690400.0,2186300.0,False,0.0,09:19:44
19200.0,1800,-750.0,0.0,SD,690400.0,2185900.0,False,0.0,09:19:44
19200.0,5000,-750.0,0.0,SD,690400.0,2184100.0,False,0.0,09:19:44
19200.0,100,-750.0,0.0,SD,690400.0,2179100.0,False,0.0,09:19:44
19200.0,100,-750.0,0.0,SD,690400.0,2179000.0,False,0.0,09:19:44
19200.0,200,-750.0,0.0,SD,690400.0,2178900.0,False,0.0,09:19:44
19200.0,300,-750.0,0.0,SD,690400.0,2178700.0,False,0.0,09:19:44
19200.0,5000,-750.0,0.0,SD,690400.0,2178400.0,False,0.0,09:19:44
19200.0,100,-750.0,0.0,SD,690400.0,2173400.0,False,0.0,09:19:44
19200.0,400,-750.0,0.0,SD,690400.0,2173300.0,False,0.0,09:19:44
19200.0,100,-750.0,0.0,SD,690400.0,2172900.0,False,0.0,09:19:44
19200.0,300,-750.0,0.0,SD,690400.0,2172800.0,False,0.0,09:19:44
19200.0,500,-750.0,0.0,SD,690400.0,2172500.0,False,0.0,09:19:44
19200.0,300,-750.0,0.0,SD,690400.0,2172000.0,False,0.0,09:19:44
19200.0,500,-750.0,0.0,SD,690400.0,2171700.0,False,0.0,09:19:44
19200.0,200,-750.0,0.0,SD,690400.0,2171200.0,False,0.0,09:19:44
19200.0,100,-750.0,0.0,SD,690400.0,2171000.0,False,0.0,09:19:44
19200.0,100,-750.0,0.0,SD,690400.0,2170900.0,False,0.0,09:19:44
19200.0,100,-750.0,0.0,SD,690400.0,2170800.0,False,0.0,09:19:44
19200.0,300,-750.0,0.0,SD,690400.0,2170700.0,False,0.0,09:19:44
19200.0,10500,-750.0,0.0,SD,690400.0,2170400.0,True,0.0,09:19:44
19200.0,100,-750.0,0.0,SD,690400.0,2159900.0,False,0.0,09:19:44
19200.0,200,-750.0,0.0,SD,690400.0,2159800.0,False,0.0,09:19:44
19200.0,1200,-750.0,0.0,SD,690400.0,2159600.0,False,0.0,09:19:44
19200.0,200,-750.0,0.0,SD,690400.0,2158400.0,False,0.0,09:19:44
19200.0,1000,-750.0,0.0,SD,690400.0,2158200.0,False,0.0,09:19:44
19200.0,100,-750.0,0.0,SD,690400.0,2157200.0,False,0.0,09:19:44
19200.0,100,-750.0,0.0,SD,690400.0,2157100.0,False,0.0,09:19:44
19200.0,1000,-750.0,0.0,SD,690400.0,2157000.0,False,0.0,09:19:44
19200.0,100,-750.0,0.0,SD,690400.0,2156000.0,False,0.0,09:19:44
19200.0,5000,-750.0,0.0,SD,690400.0,2155900.0,False,-50.0,09:19:44
19250.0,300,-700.0,0.0,BU,690400.0,2150900.0,False,0.0,09:19:44
19250.0,1300,-700.0,0.0,BU,690100.0,2150900.0,False,0.0,09:19:44
19250.0,1000,-700.0,0.0,BU,688800.0,2150900.0,False,0.0,09:19:44
19250.0,5300,-700.0,0.0,BU,687800.0,2150900.0,False,0.0,09:19:44
19250.0,500,-700.0,0.0,BU,682500.0,2150900.0,False,0.0,09:19:44
19250.0,200,-700.0,0.0,BU,682000.0,2150900.0,False,0.0,09:19:44
19250.0,6800,-700.0,0.0,BU,681800.0,2150900.0,False,0.0,09:19:44
19250.0,4600,-700.0,0.0,BU,675000.0,2150900.0,False,0.0,09:19:44
19250.0,10400,-700.0,0.0,BU,670400.0,2150900.0,True,0.0,09:19:44
19250.0,100,-700.0,0.0,BU,660000.0,2150900.0,False,0.0,09:19:44
19250.0,4900,-700.0,0.0,BU,659900.0,2150900.0,False,0.0,09:19:44
19250.0,1000,-700.0,0.0,BU,655000.0,2150900.0,False,0.0,09:19:44
19250.0,1000,-700.0,0.0,BU,654000.0,2150900.0,False,0.0,09:19:44
19250.0,3000,-700.0,0.0,BU,653000.0,2150900.0,False,0.0,09:19:44
19250.0,4600,-700.0,0.0,BU,650000.0,2150900.0,False,0.0,09:19:44
19250.0,1500,-700.0,0.0,BU,645400.0,2150900.0,False,50.0,09:19:43
19200.0,5000,-750.0,0.0,SD,643900.0,2150900.0,False,-50.0,09:19:43
19250.0,1300,-700.0,0.0,BU,643900.0,2145900.0,False,0.0,09:19:43
19250.0,2000,-700.0,0.0,BU,642600.0,2145900.0,False,0.0,09:19:43
19250.0,500,-700.0,0.0,BU,640600.0,2145900.0,False,0.0,09:19:43
19250.0,200,-700.0,0.0,BU,640100.0,2145900.0,False,0.0,09:19:43
19250.0,3000,-700.0,0.0,BU,639900.0,2145900.0,False,0.0,09:19:43
19250.0,500,-700.0,0.0,BU,636900.0,2145900.0,False,50.0,09:19:43
19200.0,1000,-750.0,0.0,SD,636400.0,2145900.0,False,-50.0,09:19:43
19250.0,300,-700.0,0.0,BU,636400.0,2144900.0,False,0.0,09:19:42
19250.0,500,-700.0,0.0,BU,636100.0,2144900.0,False,50.0,09:19:42
19200.0,100,-750.0,0.0,SD,635600.0,2144900.0,False,0.0,09:19:42
19200.0,500,-750.0,0.0,SD,635600.0,2144800.0,False,-50.0,09:19:41
19250.0,100,-700.0,0.0,BU,635600.0,2144300.0,False,0.0,09:19:41
19250.0,400,-700.0,0.0,BU,635500.0,2144300.0,False,0.0,09:19:41
19250.0,200,-700.0,0.0,BU,635100.0,2144300.0,False,0.0,09:19:40
19250.0,1000,-700.0,0.0,BU,634900.0,2144300.0,False,0.0,09:19:40
19250.0,500,-700.0,0.0,BU,633900.0,2144300.0,False,0.0,09:19:40
19250.0,100,-700.0,0.0,BU,633400.0,2144300.0,False,0.0,09:19:40
19250.0,500,-700.0,0.0,BU,633300.0,2144300.0,False,0.0,09:19:40
19250.0,1000,-700.0,0.0,BU,632800.0,2144300.0,False,0.0,09:19:40
19250.0,100,-700.0,0.0,SD,631800.0,2144300.0,False,0.0,09:19:39
19250.0,100,-700.0,0.0,SD,631800.0,2144200.0,False,0.0,09:19:39
19250.0,1000,-700.0,0.0,SD,631800.0,2144100.0,False,0.0,09:19:39
19250.0,600,-700.0,0.0,SD,631800.0,2143100.0,False,0.0,09:19:39
19250.0,1000,-700.0,0.0,SD,631800.0,2142500.0,False,0.0,09:19:39
19250.0,300,-700.0,0.0,SD,631800.0,2141500.0,False,0.0,09:19:39
19250.0,100,-700.0,0.0,BU,631800.0,2141200.0,False,0.0,09:19:38
19250.0,200,-700.0,0.0,BU,631700.0,2141200.0,False,0.0,09:19:38
19250.0,200,-700.0,0.0,BU,631500.0,2141200.0,False,0.0,09:19:38
19250.0,200,-700.0,0.0,BU,631300.0,2141200.0,False,0.0,09:19:38
19250.0,300,-700.0,0.0,BU,631100.0,2141200.0,False,50.0,09:19:38
19200.0,4700,-750.0,0.0,SD,630800.0,2141200.0,False,0.0,09:19:38
19200.0,2000,-750.0,0.0,SD,630800.0,2136500.0,False,0.0,09:19:38
19200.0,1500,-750.0,0.0,SD,630800.0,2134500.0,False,0.0,09:19:38
19200.0,100,-750.0,0.0,SD,630800.0,2133000.0,False,0.0,09:19:38
19200.0,500,-750.0,0.0,SD,630800.0,2132900.0,False,0.0,09:19:38
19200.0,2000,-750.0,0.0,SD,630800.0,2132400.0,False,0.0,09:19:38
19200.0,500,-750.0,0.0,SD,630800.0,2130400.0,False,0.0,09:19:38
19200.0,100,-750.0,0.0,SD,630800.0,2129900.0,False,0.0,09:19:38
19200.0,8400,-750.0,0.0,SD,630800.0,2129800.0,False,-50.0,09:19:38
19250.0,700,-700.0,0.0,BU,630800.0,2121400.0,False,0.0,09:19:38
19250.0,1000,-700.0,0.0,BU,630100.0,2121400.0,False,0.0,09:19:38
19250.0,100,-700.0,0.0,BU,629100.0,2121400.0,False,0.0,09:19:38
19250.0,200,-700.0,0.0,BU,629000.0,2121400.0,False,50.0,09:19:38
19200.0,2000,-750.0,0.0,SD,628800.0,2121400.0,False,-50.0,09:19:38
19250.0,200,-700.0,0.0,BU,628800.0,2119400.0,False,0.0,09:19:37
19250.0,100,-700.0,0.0,BU,628600.0,2119400.0,False,0.0,09:19:37
19250.0,2500,-700.0,0.0,BU,628500.0,2119400.0,False,0.0,09:19:37
19250.0,300,-700.0,0.0,BU,626000.0,2119400.0,False,0.0,09:19:37
19250.0,200,-700.0,0.0,BU,625700.0,2119400.0,False,0.0,09:19:37
19250.0,2000,-700.0,0.0,BU,625500.0,2119400.0,False,0.0,09:19:37
19250.0,1000,-700.0,0.0,BU,623500.0,2119400.0,False,0.0,09:19:37
19250.0,100,-700.0,0.0,BU,622500.0,2119400.0,False,0.0,09:19:37
19250.0,200,-700.0,0.0,BU,622400.0,2119400.0,False,0.0,09:19:37
19250.0,300,-700.0,0.0,BU,622200.0,2119400.0,False,0.0,09:19:36
19250.0,100,-700.0,0.0,BU,621900.0,2119400.0,False,0.0,09:19:36
19250.0,100,-700.0,0.0,BU,621800.0,2119400.0,False,0.0,09:19:36
19250.0,100,-700.0,0.0,BU,621700.0,2119400.0,False,50.0,09:19:36
19200.0,1000,-750.0,0.0,SD,621600.0,2119400.0,False,0.0,09:19:36
19200.0,5000,-750.0,0.0,SD,621600.0,2118400.0,False,-50.0,09:19:35
19250.0,2000,-700.0,0.0,BU,621600.0,2113400.0,False,0.0,09:19:35
19250.0,900,-700.0,0.0,BU,619600.0,2113400.0,False,0.0,09:19:35
19250.0,2000,-700.0,0.0,SD,618700.0,2113400.0,False,0.0,09:19:35
19250.0,200,-700.0,0.0,SD,618700.0,2111400.0,False,-50.0,09:19:35
19300.0,5000,-650.0,0.0,BU,618700.0,2111200.0,False,50.0,09:19:35
19250.0,1800,-700.0,0.0,SD,613700.0,2111200.0,False,0.0,09:19:35
19250.0,600,-700.0,0.0,SD,613700.0,2109400.0,False,0.0,09:19:35
19250.0,500,-700.0,0.0,SD,613700.0,2108800.0,False,0.0,09:19:35
19250.0,100,-700.0,0.0,SD,613700.0,2108300.0,False,0.0,09:19:35
19250.0,100,-700.0,0.0,SD,613700.0,2108200.0,False,0.0,09:19:35
19250.0,100,-700.0,0.0,SD,613700.0,2108100.0,False,0.0,09:19:35
19250.0,500,-700.0,0.0,SD,613700.0,2108000.0,False,0.0,09:19:35
19250.0,5000,-700.0,0.0,SD,613700.0,2107500.0,False,0.0,09:19:35
19250.0,6300,-700.0,0.0,SD,613700.0,2102500.0,False,0.0,09:19:35
19250.0,400,-700.0,0.0,SD,613700.0,2096200.0,False,0.0,09:19:35
19250.0,3300,-700.0,0.0,SD,613700.0,2095800.0,False,0.0,09:19:35
19250.0,100,-700.0,0.0,SD,613700.0,2092500.0,False,0.0,09:19:34
19250.0,100,-700.0,0.0,SD,613700.0,2092400.0,False,0.0,09:19:34
19250.0,200,-700.0,0.0,SD,613700.0,2092300.0,False,0.0,09:19:34
19250.0,100,-700.0,0.0,SD,613700.0,2092100.0,False,0.0,09:19:34
19250.0,100,-700.0,0.0,SD,613700.0,2092000.0,False,0.0,09:19:34
19250.0,500,-700.0,0.0,SD,613700.0,2091900.0,False,0.0,09:19:34
19250.0,1000,-700.0,0.0,SD,613700.0,2091400.0,False,0.0,09:19:34
19250.0,100,-700.0,0.0,SD,613700.0,2090400.0,False,0.0,09:19:34
19250.0,3300,-700.0,0.0,SD,613700.0,2090300.0,False,0.0,09:19:34
19250.0,1000,-700.0,0.0,SD,613700.0,2087000.0,False,0.0,09:19:34
19250.0,800,-700.0,0.0,SD,613700.0,2086000.0,False,0.0,09:19:34
19250.0,300,-700.0,0.0,SD,613700.0,2085200.0,False,0.0,09:19:34
19250.0,900,-700.0,0.0,SD,613700.0,2084900.0,False,0.0,09:19:34
19250.0,600,-700.0,0.0,SD,613700.0,2084000.0,False,0.0,09:19:34
19250.0,1300,-700.0,0.0,SD,613700.0,2083400.0,False,0.0,09:19:34
19250.0,1000,-700.0,0.0,SD,613700.0,2082100.0,False,0.0,09:19:34
19250.0,1000,-700.0,0.0,SD,613700.0,2081100.0,False,0.0,09:19:34
19250.0,200,-700.0,0.0,SD,613700.0,2080100.0,False,0.0,09:19:34
19250.0,300,-700.0,0.0,SD,613700.0,2079900.0,False,0.0,09:19:34
19250.0,100,-700.0,0.0,SD,613700.0,2079600.0,False,0.0,09:19:34
19250.0,700,-700.0,0.0,SD,613700.0,2079500.0,False,0.0,09:19:34
19250.0,200,-700.0,0.0,SD,613700.0,2078800.0,False,0.0,09:19:34
19250.0,200,-700.0,0.0,SD,613700.0,2078600.0,False,0.0,09:19:34
19250.0,100,-700.0,0.0,SD,613700.0,2078400.0,False,0.0,09:19:34
19250.0,4900,-700.0,0.0,SD,613700.0,2078300.0,False,0.0,09:19:34
19250.0,100,-700.0,0.0,SD,613700.0,2073400.0,False,0.0,09:19:34
19250.0,500,-700.0,0.0,SD,613700.0,2073300.0,False,0.0,09:19:34
19250.0,1200,-700.0,0.0,SD,613700.0,2072800.0,False,0.0,09:19:33
19250.0,500,-700.0,0.0,SD,613700.0,2071600.0,False,0.0,09:19:33
19250.0,1000,-700.0,0.0,SD,613700.0,2071100.0,False,0.0,09:19:33
19250.0,400,-700.0,0.0,SD,613700.0,2070100.0,False,0.0,09:19:32
19250.0,1000,-700.0,0.0,SD,613700.0,2069700.0,False,0.0,09:19:32
19250.0,400,-700.0,0.0,SD,613700.0,2068700.0,False,0.0,09:19:32
19250.0,1200,-700.0,0.0,SD,613700.0,2068300.0,False,0.0,09:19:32
19250.0,400,-700.0,0.0,SD,613700.0,2067100.0,False,0.0,09:19:32
19250.0,300,-700.0,0.0,SD,613700.0,2066700.0,False,0.0,09:19:31
19250.0,100,-700.0,0.0,SD,613700.0,2066400.0,False,0.0,09:19:31
19250.0,8200,-700.0,0.0,SD,613700.0,2066300.0,False,0.0,09:19:31
19250.0,5100,-700.0,0.0,SD,613700.0,2058100.0,False,0.0,09:19:30
19250.0,100,-700.0,0.0,SD,613700.0,2053000.0,False,0.0,09:19:30
19250.0,900,-700.0,0.0,SD,613700.0,2052900.0,False,0.0,09:19:30
19250.0,100,-700.0,0.0,SD,613700.0,2052000.0,False,0.0,09:19:30
19250.0,100,-700.0,0.0,SD,613700.0,2051900.0,False,0.0,09:19:30
19250.0,500,-700.0,0.0,SD,613700.0,2051800.0,False,0.0,09:19:29
19250.0,600,-700.0,0.0,SD,613700.0,2051300.0,False,0.0,09:19:29
19250.0,1400,-700.0,0.0,SD,613700.0,2050700.0,False,0.0,09:19:29
19250.0,2000,-700.0,0.0,SD,613700.0,2049300.0,False,0.0,09:19:29
19250.0,1000,-700.0,0.0,SD,613700.0,2047300.0,False,0.0,09:19:28
19250.0,800,-700.0,0.0,SD,613700.0,2046300.0,False,0.0,09:19:28
19250.0,1000,-700.0,0.0,SD,613700.0,2045500.0,False,0.0,09:19:28
19250.0,2000,-700.0,0.0,SD,613700.0,2044500.0,False,0.0,09:19:28
19250.0,1600,-700.0,0.0,SD,613700.0,2042500.0,False,-50.0,09:19:28
19300.0,1800,-650.0,0.0,BU,613700.0,2040900.0,False,50.0,09:19:28
19250.0,500,-700.0,0.0,SD,611900.0,2040900.0,False,0.0,09:19:27
19250.0,500,-700.0,0.0,SD,611900.0,2040400.0,False,0.0,09:19:27
19250.0,400,-700.0,0.0,SD,611900.0,2039900.0,False,0.0,09:19:27
19250.0,300,-700.0,0.0,SD,611900.0,2039500.0,False,-50.0,09:19:27
19300.0,1200,-650.0,0.0,BU,611900.0,2039200.0,False,50.0,09:19:27
19250.0,1200,-700.0,0.0,BU,610700.0,2039200.0,False,0.0,09:19:27
19250.0,500,-700.0,0.0,BU,609500.0,2039200.0,False,0.0,09:19:26
19250.0,10100,-700.0,0.0,BU,609000.0,2039200.0,False,0.0,09:19:26
19250.0,200,-700.0,0.0,BU,598900.0,2039200.0,False,0.0,09:19:26
19250.0,100,-700.0,0.0,BU,598700.0,2039200.0,False,0.0,09:19:26
19250.0,400,-700.0,0.0,BU,598600.0,2039200.0,False,0.0,09:19:26
19250.0,2500,-700.0,0.0,BU,598200.0,2039200.0,False,0.0,09:19:26
19250.0,600,-700.0,0.0,SD,595700.0,2039200.0,False,0.0,09:19:26
19250.0,1000,-700.0,0.0,SD,595700.0,2038600.0,False,0.0,09:19:26
19250.0,300,-700.0,0.0,SD,595700.0,2037600.0,False,0.0,09:19:26
19250.0,100,-700.0,0.0,SD,595700.0,2037300.0,False,0.0,09:19:26
19250.0,1500,-700.0,0.0,SD,595700.0,2037200.0,False,0.0,09:19:26
19250.0,2500,-700.0,0.0,SD,595700.0,2035700.0,False,-50.0,09:19:25
19300.0,1000,-650.0,0.0,BU,595700.0,2033200.0,False,50.0,09:19:25
19250.0,100,-700.0,0.0,SD,594700.0,2033200.0,False,0.0,09:19:25
19250.0,400,-700.0,0.0,SD,594700.0,2033100.0,False,0.0,09:19:25
19250.0,600,-700.0,0.0,SD,594700.0,2032700.0,False,0.0,09:19:25
19250.0,400,-700.0,0.0,SD,594700.0,2032100.0,False,0.0,09:19:25
19250.0,1000,-700.0,0.0,SD,594700.0,2031700.0,False,0.0,09:19:25
19250.0,500,-700.0,0.0,SD,594700.0,2030700.0,False,0.0,09:19:25
19250.0,100,-700.0,0.0,SD,594700.0,2030200.0,False,0.0,09:19:25
19250.0,1500,-700.0,0.0,SD,594700.0,2030100.0,False,0.0,09:19:25
19250.0,400,-700.0,0.0,SD,594700.0,2028600.0,False,0.0,09:19:25
19250.0,200,-700.0,0.0,SD,594700.0,2028200.0,False,0.0,09:19:25
19250.0,1000,-700.0,0.0,SD,594700.0,2028000.0,False,0.0,09:19:25
19250.0,1000,-700.0,0.0,SD,594700.0,2027000.0,False,0.0,09:19:25
19250.0,100,-700.0,0.0,SD,594700.0,2026000.0,False,0.0,09:19:25
19250.0,2000,-700.0,0.0,SD,594700.0,2025900.0,False,0.0,09:19:24
19250.0,1500,-700.0,0.0,SD,594700.0,2023900.0,False,-50.0,09:19:24
19300.0,2000,-650.0,0.0,BU,594700.0,2022400.0,False,50.0,09:19:24
19250.0,5000,-700.0,0.0,SD,592700.0,2022400.0,False,0.0,09:19:24
19250.0,2000,-700.0,0.0,SD,592700.0,2017400.0,False,0.0,09:19:24
19250.0,2000,-700.0,0.0,SD,592700.0,2015400.0,False,0.0,09:19:24
19250.0,100,-700.0,0.0,SD,592700.0,2013400.0,False,0.0,09:19:24
19250.0,100,-700.0,0.0,SD,592700.0,2013300.0,False,0.0,09:19:24
19250.0,5000,-700.0,0.0,SD,592700.0,2013200.0,False,0.0,09:19:24
19250.0,3000,-700.0,0.0,SD,592700.0,2008200.0,False,0.0,09:19:24
19250.0,300,-700.0,0.0,SD,592700.0,2005200.0,False,0.0,09:19:23
19250.0,3000,-700.0,0.0,SD,592700.0,2004900.0,False,0.0,09:19:23
19250.0,5000,-700.0,0.0,SD,592700.0,2001900.0,False,0.0,09:19:23
19250.0,500,-700.0,0.0,SD,592700.0,1996900.0,False,0.0,09:19:23
19250.0,2000,-700.0,0.0,SD,592700.0,1996400.0,False,0.0,09:19:22
19250.0,500,-700.0,0.0,SD,592700.0,1994400.0,False,0.0,09:19:22
19250.0,500,-700.0,0.0,SD,592700.0,1993900.0,False,-50.0,09:19:22
19300.0,400,-650.0,0.0,BU,592700.0,1993400.0,False,50.0,09:19:22
19250.0,300,-700.0,0.0,SD,592300.0,1993400.0,False,0.0,09:19:21
19250.0,100,-700.0,0.0,SD,592300.0,1993100.0,False,0.0,09:19:21
19250.0,1000,-700.0,0.0,SD,592300.0,1993000.0,False,0.0,09:19:21
19250.0,1600,-700.0,0.0,SD,592300.0,1992000.0,False,0.0,09:19:21
19250.0,400,-700.0,0.0,SD,592300.0,1990400.0,False,0.0,09:19:21
19250.0,200,-700.0,0.0,SD,592300.0,1990000.0,False,0.0,09:19:21
19250.0,1000,-700.0,0.0,SD,592300.0,1989800.0,False,0.0,09:19:21
19250.0,600,-700.0,0.0,SD,592300.0,1988800.0,False,0.0,09:19:21
19250.0,3000,-700.0,0.0,SD,592300.0,1988200.0,False,0.0,09:19:21
19250.0,3000,-700.0,0.0,BU,592300.0,1985200.0,False,0.0,09:19:21
19250.0,500,-700.0,0.0,BU,589300.0,1985200.0,False,0.0,09:19:21
19250.0,300,-700.0,0.0,BU,588800.0,1985200.0,False,0.0,09:19:21
19250.0,700,-700.0,0.0,BU,588500.0,1985200.0,False,0.0,09:19:21
19250.0,1500,-700.0,0.0,BU,587800.0,1985200.0,False,0.0,09:19:21
19250.0,1000,-700.0,0.0,BU,586300.0,1985200.0,False,0.0,09:19:21
19250.0,200,-700.0,0.0,BU,585300.0,1985200.0,False,50.0,09:19:21
19200.0,3400,-750.0,0.0,SD,585100.0,1985200.0,False,0.0,09:19:21
19200.0,200,-750.0,0.0,SD,585100.0,1981800.0,False,0.0,09:19:21
19200.0,800,-750.0,0.0,SD,585100.0,1981600.0,False,0.0,09:19:21
19200.0,200,-750.0,0.0,SD,585100.0,1980800.0,False,0.0,09:19:20
19200.0,200,-750.0,0.0,SD,585100.0,1980600.0,False,0.0,09:19:20
19200.0,600,-750.0,0.0,SD,585100.0,1980400.0,False,-50.0,09:19:20
19250.0,1000,-700.0,0.0,BU,585100.0,1979800.0,False,50.0,09:19:20
19200.0,400,-750.0,0.0,SD,584100.0,1979800.0,False,0.0,09:19:19
19200.0,100,-750.0,0.0,SD,584100.0,1979400.0,False,0.0,09:19:19
19200.0,100,-750.0,0.0,SD,584100.0,1979300.0,False,0.0,09:19:19
19200.0,400,-750.0,0.0,SD,584100.0,1979200.0,False,-50.0,09:19:19
19250.0,200,-700.0,0.0,BU,584100.0,1978800.0,False,0.0,09:19:19
19250.0,3600,-700.0,0.0,BU,583900.0,1978800.0,False,0.0,09:19:19
19250.0,400,-700.0,0.0,BU,580300.0,1978800.0,False,0.0,09:19:19
19250.0,700,-700.0,0.0,BU,579900.0,1978800.0,False,0.0,09:19:19
19250.0,1000,-700.0,0.0,BU,579200.0,1978800.0,False,0.0,09:19:19
19250.0,1000,-700.0,0.0,BU,578200.0,1978800.0,False,0.0,09:19:19
19250.0,1000,-700.0,0.0,BU,577200.0,1978800.0,False,0.0,09:19:19
19250.0,100,-700.0,0.0,BU,576200.0,1978800.0,False,0.0,09:19:19
19250.0,1000,-700.0,0.0,BU,576100.0,1978800.0,False,0.0,09:19:19
19250.0,300,-700.0,0.0,BU,575100.0,1978800.0,False,0.0,09:19:19
19250.0,900,-700.0,0.0,BU,574800.0,1978800.0,False,0.0,09:19:19
19250.0,1000,-700.0,0.0,BU,573900.0,1978800.0,False,0.0,09:19:19
19250.0,500,-700.0,0.0,BU,572900.0,1978800.0,False,50.0,09:19:18
19200.0,600,-750.0,0.0,SD,572400.0,1978800.0,False,0.0,09:19:18
19200.0,100,-750.0,0.0,SD,572400.0,1978200.0,False,0.0,09:19:18
19200.0,500,-750.0,0.0,SD,572400.0,1978100.0,False,0.0,09:19:18
19200.0,200,-750.0,0.0,SD,572400.0,1977600.0,False,0.0,09:19:18
19200.0,500,-750.0,0.0,SD,572400.0,1977400.0,False,0.0,09:19:18
19200.0,500,-750.0,0.0,SD,572400.0,1976900.0,False,0.0,09:19:18
19200.0,100,-750.0,0.0,SD,572400.0,1976400.0,False,0.0,09:19:18
19200.0,200,-750.0,0.0,SD,572400.0,1976300.0,False,0.0,09:19:18
19200.0,1200,-750.0,0.0,SD,572400.0,1976100.0,False,0.0,09:19:18
19200.0,1500,-750.0,0.0,SD,572400.0,1974900.0,False,-50.0,09:19:18
19250.0,2600,-700.0,0.0,BU,572400.0,1973400.0,False,0.0,09:19:18
19250.0,500,-700.0,0.0,BU,569800.0,1973400.0,False,0.0,09:19:18
19250.0,100,-700.0,0.0,BU,569300.0,1973400.0,False,0.0,09:19:18
19250.0,200,-700.0,0.0,BU,569200.0,1973400.0,False,0.0,09:19:18
19250.0,300,-700.0,0.0,BU,569000.0,1973400.0,False,50.0,09:19:18
19200.0,900,-750.0,0.0,SD,568700.0,1973400.0,False,0.0,09:19:18
19200.0,1200,-750.0,0.0,SD,568700.0,1972500.0,False,0.0,09:19:17
19200.0,3000,-750.0,0.0,SD,568700.0,1971300.0,False,0.0,09:19:17
19200.0,400,-750.0,0.0,SD,568700.0,1968300.0,False,0.0,09:19:17
19200.0,1000,-750.0,0.0,SD,568700.0,1967900.0,False,0.0,09:19:17
19200.0,2000,-750.0,0.0,SD,568700.0,1966900.0,False,0.0,09:19:17
19200.0,100,-750.0,0.0,SD,568700.0,1964900.0,False,0.0,09:19:17
19200.0,100,-750.0,0.0,SD,568700.0,1964800.0,False,0.0,09:19:17
19200.0,100,-750.0,0.0,SD,568700.0,1964700.0,False,0.0,09:19:17
19200.0,200,-750.0,0.0,SD,568700.0,1964600.0,False,0.0,09:19:17
19200.0,1000,-750.0,0.0,SD,568700.0,1964400.0,False,-50.0,09:19:17
19250.0,500,-700.0,0.0,BU,568700.0,1963400.0,False,0.0,09:19:17
19250.0,300,-700.0,0.0,BU,568200.0,1963400.0,False,50.0,09:19:17
19200.0,1400,-750.0,0.0,SD,567900.0,1963400.0,False,0.0,09:19:16
19200.0,300,-750.0,0.0,SD,567900.0,1962000.0,False,-50.0,09:19:16
19250.0,300,-700.0,0.0,BU,567900.0,1961700.0,False,0.0,09:19:16
19250.0,700,-700.0,0.0,BU,567600.0,1961700.0,False,0.0,09:19:16
19250.0,500,-700.0,0.0,BU,566900.0,1961700.0,False,0.0,09:19:16
19250.0,100,-700.0,0.0,BU,566400.0,1961700.0,False,50.0,09:19:16
19200.0,2000,-750.0,0.0,SD,566300.0,1961700.0,False,-50.0,09:19:16
19250.0,100,-700.0,0.0,BU,566300.0,1959700.0,False,0.0,09:19:16
19250.0,500,-700.0,0.0,BU,566200.0,1959700.0,False,0.0,09:19:15
19250.0,100,-700.0,0.0,BU,565700.0,1959700.0,False,50.0,09:19:15
19200.0,5100,-750.0,0.0,SD,565600.0,1959700.0,False,0.0,09:19:14
19200.0,1000,-750.0,0.0,SD,565600.0,1954600.0,False,0.0,09:19:14
19200.0,100,-750.0,0.0,SD,565600.0,1953600.0,False,0.0,09:19:14
19200.0,900,-750.0,0.0,SD,565600.0,1953500.0,False,0.0,09:19:14
19200.0,100,-750.0,0.0,SD,565600.0,1952600.0,False,0.0,09:19:14
19200.0,100,-750.0,0.0,SD,565600.0,1952500.0,False,-50.0,09:19:14
19250.0,1000,-700.0,0.0,BU,565600.0,1952400.0,False,0.0,09:19:14
19250.0,300,-700.0,0.0,BU,564600.0,1952400.0,False,0.0,09:19:14
19250.0,200,-700.0,0.0,BU,564300.0,1952400.0,False,50.0,09:19:14
19200.0,800,-750.0,0.0,SD,564100.0,1952400.0,False,0.0,09:19:14
19200.0,100,-750.0,0.0,SD,564100.0,1951600.0,False,0.0,09:19:14
19200.0,1000,-750.0,0.0,SD,564100.0,1951500.0,False,0.0,09:19:14
19200.0,300,-750.0,0.0,SD,564100.0,1950500.0,False,0.0,09:19:14
19200.0,500,-750.0,0.0,SD,564100.0,1950200.0,False,0.0,09:19:14
19200.0,500,-750.0,0.0,SD,564100.0,1949700.0,False,0.0,09:19:14
19200.0,1000,-750.0,0.0,SD,564100.0,1949200.0,False,-50.0,09:19:14
19250.0,100,-700.0,0.0,BU,564100.0,1948200.0,False,50.0,09:19:14
19200.0,100,-750.0,0.0,SD,564000.0,1948200.0,False,0.0,09:19:13
19200.0,100,-750.0,0.0,SD,564000.0,1948100.0,False,0.0,09:19:13
19200.0,1300,-750.0,0.0,SD,564000.0,1948000.0,False,-50.0,09:19:13
19250.0,100,-700.0,0.0,BU,564000.0,1946700.0,False,50.0,09:19:13
19200.0,700,-750.0,0.0,SD,563900.0,1946700.0,False,0.0,09:19:13
19200.0,100,-750.0,0.0,SD,563900.0,1946000.0,False,-50.0,09:19:13
19250.0,500,-700.0,0.0,BU,563900.0,1945900.0,False,0.0,09:19:13
19250.0,100,-700.0,0.0,BU,563400.0,1945900.0,False,0.0,09:19:13
19250.0,400,-700.0,0.0,BU,563300.0,1945900.0,False,50.0,09:19:13
19200.0,2000,-750.0,0.0,SD,562900.0,1945900.0,False,-50.0,09:19:13
19250.0,100,-700.0,0.0,SD,562900.0,1943900.0,False,50.0,09:19:13
19200.0,900,-750.0,0.0,SD,562900.0,1943800.0,False,0.0,09:19:13
19200.0,400,-750.0,0.0,SD,562900.0,1942900.0,False,-50.0,09:19:13
19250.0,600,-700.0,0.0,SD,562900.0,1942500.0,False,0.0,09:19:13
19250.0,400,-700.0,0.0,SD,562900.0,1941900.0,False,-50.0,09:19:12
19300.0,100,-650.0,0.0,BU,562900.0,1941500.0,False,0.0,09:19:12
19300.0,400,-650.0,0.0,BU,562800.0,1941500.0,False,50.0,09:19:12
19250.0,400,-700.0,0.0,SD,562400.0,1941500.0,False,0.0,09:19:12
19250.0,100,-700.0,0.0,SD,562400.0,1941100.0,False,0.0,09:19:12
19250.0,100,-700.0,0.0,SD,562400.0,1941000.0,False,0.0,09:19:12
19250.0,600,-700.0,0.0,SD,562400.0,1940900.0,False,0.0,09:19:12
19250.0,100,-700.0,0.0,SD,562400.0,1940300.0,False,0.0,09:19:12
19250.0,300,-700.0,0.0,SD,562400.0,1940200.0,False,0.0,09:19:12
19250.0,1200,-700.0,0.0,SD,562400.0,1939900.0,False,0.0,09:19:12
19250.0,1000,-700.0,0.0,SD,562400.0,1938700.0,False,0.0,09:19:11
19250.0,1000,-700.0,0.0,SD,562400.0,1937700.0,False,0.0,09:19:11
19250.0,10000,-700.0,0.0,SD,562400.0,1936700.0,False,0.0,09:19:11
19250.0,3000,-700.0,0.0,SD,562400.0,1926700.0,False,-50.0,09:19:11
19300.0,1000,-650.0,0.0,BU,562400.0,1923700.0,False,50.0,09:19:11
19250.0,1300,-700.0,0.0,SD,561400.0,1923700.0,False,-50.0,09:19:10
19300.0,600,-650.0,0.0,BU,561400.0,1922400.0,False,0.0,09:19:10
19300.0,500,-650.0,0.0,BU,560800.0,1922400.0,False,0.0,09:19:10
19300.0,400,-650.0,0.0,BU,560300.0,1922400.0,False,0.0,09:19:10
19300.0,1500,-650.0,0.0,BU,559900.0,1922400.0,False,50.0,09:19:10
19250.0,500,-700.0,0.0,SD,558400.0,1922400.0,False,0.0,09:19:10
19250.0,2000,-700.0,0.0,SD,558400.0,1921900.0,False,0.0,09:19:10
19250.0,2000,-700.0,0.0,SD,558400.0,1919900.0,False,0.0,09:19:10
19250.0,10000,-700.0,0.0,SD,558400.0,1917900.0,False,0.0,09:19:10
19250.0,2700,-700.0,0.0,SD,558400.0,1907900.0,False,0.0,09:19:10
19250.0,400,-700.0,0.0,SD,558400.0,1905200.0,False,0.0,09:19:10
19250.0,6000,-700.0,0.0,SD,558400.0,1904800.0,False,0.0,09:19:10
19250.0,3000,-700.0,0.0,SD,558400.0,1898800.0,False,0.0,09:19:10
19250.0,2000,-700.0,0.0,SD,558400.0,1895800.0,False,0.0,09:19:10
19250.0,1000,-700.0,0.0,SD,558400.0,1893800.0,False,0.0,09:19:10
19250.0,500,-700.0,0.0,SD,558400.0,1892800.0,False,0.0,09:19:10
19250.0,2000,-700.0,0.0,SD,558400.0,1892300.0,False,0.0,09:19:10
19250.0,100,-700.0,0.0,SD,558400.0,1890300.0,False,0.0,09:19:10
19250.0,500,-700.0,0.0,BU,558400.0,1890200.0,False,0.0,09:19:10
19250.0,500,-700.0,0.0,BU,557900.0,1890200.0,False,50.0,09:19:10
19200.0,3000,-750.0,0.0,SD,557400.0,1890200.0,False,-50.0,09:19:09
19250.0,100,-700.0,0.0,BU,557400.0,1887200.0,False,50.0,09:19:08
19200.0,300,-750.0,0.0,SD,557300.0,1887200.0,False,0.0,09:19:08
19200.0,3300,-750.0,0.0,SD,557300.0,1886900.0,False,0.0,09:19:08
19200.0,100,-750.0,0.0,SD,557300.0,1883600.0,False,0.0,09:19:08
19200.0,100,-750.0,0.0,SD,557300.0,1883500.0,False,0.0,09:19:08
19200.0,200,-750.0,0.0,SD,557300.0,1883400.0,False,0.0,09:19:08
19200.0,200,-750.0,0.0,SD,557300.0,1883200.0,False,0.0,09:19:08
19200.0,2000,-750.0,0.0,SD,557300.0,1883000.0,False,0.0,09:19:08
19200.0,13300,-750.0,0.0,SD,557300.0,1881000.0,True,0.0,09:19:08
19200.0,900,-750.0,0.0,SD,557300.0,1867700.0,False,-50.0,09:19:08
19250.0,200,-700.0,0.0,BU,557300.0,1866800.0,False,0.0,09:19:08
19250.0,100,-700.0,0.0,BU,557100.0,1866800.0,False,0.0,09:19:08
19250.0,100,-700.0,0.0,BU,557000.0,1866800.0,False,0.0,09:19:08
19250.0,200,-700.0,0.0,BU,556900.0,1866800.0,False,0.0,09:19:07
19250.0,100,-700.0,0.0,BU,556700.0,1866800.0,False,50.0,09:19:07
19200.0,100,-750.0,0.0,SD,556600.0,1866800.0,False,-50.0,09:19:07
19250.0,2700,-700.0,0.0,BU,556600.0,1866700.0,False,50.0,09:19:07
19200.0,1000,-750.0,0.0,SD,553900.0,1866700.0,False,-50.0,09:19:06
19250.0,100,-700.0,0.0,BU,553900.0,1865700.0,False,0.0,09:19:06
19250.0,1500,-700.0,0.0,BU,553800.0,1865700.0,False,0.0,09:19:06
19250.0,100,-700.0,0.0,BU,552300.0,1865700.0,False,0.0,09:19:06
19250.0,200,-700.0,0.0,BU,552200.0,1865700.0,False,0.0,09:19:06
19250.0,100,-700.0,0.0,BU,552000.0,1865700.0,False,0.0,09:19:06
19250.0,100,-700.0,0.0,BU,551900.0,1865700.0,False,50.0,09:19:05
19200.0,1800,-750.0,0.0,SD,551800.0,1865700.0,False,-50.0,09:19:05
19250.0,500,-700.0,0.0,BU,551800.0,1863900.0,False,50.0,09:19:05
19200.0,2900,-750.0,0.0,SD,551300.0,1863900.0,False,0.0,09:19:05
19200.0,2000,-750.0,0.0,SD,551300.0,1861000.0,False,0.0,09:19:05
19200.0,100,-750.0,0.0,SD,551300.0,1859000.0,False,-50.0,09:19:05
19250.0,500,-700.0,0.0,SD,551300.0,1858900.0,False,0.0,09:19:05
19250.0,1000,-700.0,0.0,SD,551300.0,1858400.0,False,0.0,09:19:05
19250.0,100,-700.0,0.0,SD,551300.0,1857400.0,False,0.0,09:19:05
19250.0,4000,-700.0,0.0,SD,551300.0,1857300.0,False,0.0,09:19:05
19250.0,100,-700.0,0.0,SD,551300.0,1853300.0,False,0.0,09:19:05
19250.0,7100,-700.0,0.0,SD,551300.0,1853200.0,False,-50.0,09:19:05
19300.0,100,-650.0,0.0,BU,551300.0,1846100.0,False,50.0,09:19:04
19250.0,1200,-700.0,0.0,SD,551200.0,1846100.0,False,0.0,09:19:04
19250.0,1700,-700.0,0.0,SD,551200.0,1844900.0,False,0.0,09:19:04
19250.0,1000,-700.0,0.0,BU,551200.0,1843200.0,False,0.0,09:19:04
19250.0,200,-700.0,0.0,BU,550200.0,1843200.0,False,0.0,09:19:04
19250.0,500,-700.0,0.0,BU,550000.0,1843200.0,False,0.0,09:19:04
19250.0,100,-700.0,0.0,BU,549500.0,1843200.0,False,0.0,09:19:03
19250.0,1000,-700.0,0.0,BU,549400.0,1843200.0,False,50.0,09:19:03
19200.0,400,-750.0,0.0,SD,548400.0,1843200.0,False,0.0,09:19:03
19200.0,400,-750.0,0.0,SD,548400.0,1842800.0,False,-50.0,09:19:03
19250.0,100,-700.0,0.0,BU,548400.0,1842400.0,False,0.0,09:19:03
19250.0,600,-700.0,0.0,BU,548300.0,1842400.0,False,0.0,09:19:03
19250.0,200,-700.0,0.0,BU,547700.0,1842400.0,False,0.0,09:19:03
19250.0,6300,-700.0,0.0,BU,547500.0,1842400.0,False,0.0,09:19:02
19250.0,1700,-700.0,0.0,BU,541200.0,1842400.0,False,0.0,09:19:02
19250.0,300,-700.0,0.0,BU,539500.0,1842400.0,False,0.0,09:19:02
19250.0,100,-700.0,0.0,BU,539200.0,1842400.0,False,0.0,09:19:02
19250.0,100,-700.0,0.0,BU,539100.0,1842400.0,False,0.0,09:19:02
19250.0,300,-700.0,0.0,BU,539000.0,1842400.0,False,0.0,09:19:02
19250.0,700,-700.0,0.0,BU,538700.0,1842400.0,False,0.0,09:19:01
19250.0,1000,-700.0,0.0,BU,538000.0,1842400.0,False,0.0,09:19:01
19250.0,500,-700.0,0.0,BU,537000.0,1842400.0,False,0.0,09:19:01
19250.0,500,-700.0,0.0,BU,536500.0,1842400.0,False,0.0,09:19:01
19250.0,100,-700.0,0.0,BU,536000.0,1842400.0,False,0.0,09:19:01
19250.0,200,-700.0,0.0,BU,535900.0,1842400.0,False,50.0,09:19:01
19200.0,600,-750.0,0.0,SD,535700.0,1842400.0,False,0.0,09:19:01
19200.0,400,-750.0,0.0,SD,535700.0,1841800.0,False,0.0,09:19:01
19200.0,500,-750.0,0.0,SD,535700.0,1841400.0,False,0.0,09:19:01
19200.0,200,-750.0,0.0,SD,535700.0,1840900.0,False,0.0,09:19:01
19200.0,100,-750.0,0.0,SD,535700.0,1840700.0,False,0.0,09:19:01
19200.0,2700,-750.0,0.0,SD,535700.0,1840600.0,False,0.0,09:19:01
19200.0,3300,-750.0,0.0,SD,535700.0,1837900.0,False,0.0,09:19:00
19200.0,1700,-750.0,0.0,SD,535700.0,1834600.0,False,-50.0,09:19:00
19250.0,900,-700.0,0.0,BU,535700.0,1832900.0,False,0.0,09:19:00
19250.0,1000,-700.0,0.0,BU,534800.0,1832900.0,False,0.0,09:19:00
19250.0,1000,-700.0,0.0,SD,533800.0,1832900.0,False,0.0,09:19:00
19250.0,200,-700.0,0.0,SD,533800.0,1831900.0,False,0.0,09:19:00
19250.0,100,-700.0,0.0,SD,533800.0,1831700.0,False,50.0,09:19:00
19200.0,1100,-750.0,0.0,SD,533800.0,1831600.0,False,-50.0,09:19:00
19250.0,500,-700.0,0.0,SD,533800.0,1830500.0,False,0.0,09:19:00
19250.0,200,-700.0,0.0,SD,533800.0,1830000.0,False,0.0,09:19:00
19250.0,700,-700.0,0.0,SD,533800.0,1829800.0,False,0.0,09:18:59
19250.0,400,-700.0,0.0,SD,533800.0,1829100.0,False,0.0,09:18:59
19250.0,900,-700.0,0.0,SD,533800.0,1828700.0,False,0.0,09:18:59
19250.0,1100,-700.0,0.0,SD,533800.0,1827800.0,False,0.0,09:18:59
19250.0,400,-700.0,0.0,SD,533800.0,1826700.0,False,0.0,09:18:59
19250.0,500,-700.0,0.0,SD,533800.0,1826300.0,False,0.0,09:18:59
19250.0,300,-700.0,0.0,SD,533800.0,1825800.0,False,0.0,09:18:59
19250.0,700,-700.0,0.0,SD,533800.0,1825500.0,False,0.0,09:18:59
19250.0,700,-700.0,0.0,SD,533800.0,1824800.0,False,0.0,09:18:59
19250.0,100,-700.0,0.0,SD,533800.0,1824100.0,False,0.0,09:18:59
19250.0,100,-700.0,0.0,SD,533800.0,1824000.0,False,0.0,09:18:59
19250.0,200,-700.0,0.0,SD,533800.0,1823900.0,False,0.0,09:18:59
19250.0,100,-700.0,0.0,SD,533800.0,1823700.0,False,0.0,09:18:59
19250.0,100,-700.0,0.0,SD,533800.0,1823600.0,False,0.0,09:18:59
19250.0,100,-700.0,0.0,SD,533800.0,1823500.0,False,0.0,09:18:59
19250.0,100,-700.0,0.0,SD,533800.0,1823400.0,False,0.0,09:18:59
19250.0,1000,-700.0,0.0,SD,533800.0,1823300.0,False,0.0,09:18:59
19250.0,1500,-700.0,0.0,SD,533800.0,1822300.0,False,0.0,09:18:59
19250.0,800,-700.0,0.0,SD,533800.0,1820800.0,False,0.0,09:18:59
19250.0,500,-700.0,0.0,SD,533800.0,1820000.0,False,0.0,09:18:59
19250.0,100,-700.0,0.0,SD,533800.0,1819500.0,False,0.0,09:18:59
19250.0,100,-700.0,0.0,SD,533800.0,1819400.0,False,0.0,09:18:59
19250.0,500,-700.0,0.0,SD,533800.0,1819300.0,False,0.0,09:18:59
19250.0,500,-700.0,0.0,SD,533800.0,1818800.0,False,0.0,09:18:59
19250.0,100,-700.0,0.0,SD,533800.0,1818300.0,False,0.0,09:18:59
19250.0,100,-700.0,0.0,SD,533800.0,1818200.0,False,0.0,09:18:59
19250.0,500,-700.0,0.0,SD,533800.0,1818100.0,False,0.0,09:18:59
19250.0,2400,-700.0,0.0,SD,533800.0,1817600.0,False,0.0,09:18:59
19250.0,700,-700.0,0.0,SD,533800.0,1815200.0,False,0.0,09:18:59
19250.0,300,-700.0,0.0,SD,533800.0,1814500.0,False,0.0,09:18:59
19250.0,800,-700.0,0.0,SD,533800.0,1814200.0,False,0.0,09:18:59
19250.0,200,-700.0,0.0,SD,533800.0,1813400.0,False,0.0,09:18:58
19250.0,100,-700.0,0.0,SD,533800.0,1813200.0,False,0.0,09:18:58
19250.0,400,-700.0,0.0,SD,533800.0,1813100.0,False,0.0,09:18:58
19250.0,100,-700.0,0.0,SD,533800.0,1812700.0,False,0.0,09:18:58
19250.0,100,-700.0,0.0,SD,533800.0,1812600.0,False,0.0,09:18:58
19250.0,1100,-700.0,0.0,SD,533800.0,1812500.0,False,0.0,09:18:58
19250.0,300,-700.0,0.0,SD,533800.0,1811400.0,False,-50.0,09:18:58
19300.0,100,-650.0,0.0,BU,533800.0,1811100.0,False,0.0,09:18:58
19300.0,1000,-650.0,0.0,BU,533700.0,1811100.0,False,50.0,09:18:57
19250.0,300,-700.0,0.0,SD,532700.0,1811100.0,False,0.0,09:18:57
19250.0,2000,-700.0,0.0,SD,532700.0,1810800.0,False,0.0,09:18:57
19250.0,1300,-700.0,0.0,SD,532700.0,1808800.0,False,0.0,09:18:57
19250.0,100,-700.0,0.0,SD,532700.0,1807500.0,False,0.0,09:18:57
19250.0,500,-700.0,0.0,SD,532700.0,1807400.0,False,0.0,09:18:57
19250.0,100,-700.0,0.0,SD,532700.0,1806900.0,False,0.0,09:18:57
19250.0,3000,-700.0,0.0,SD,532700.0,1806800.0,False,0.0,09:18:57
19250.0,200,-700.0,0.0,SD,532700.0,1803800.0,False,-50.0,09:18:56
19300.0,400,-650.0,0.0,BU,532700.0,1803600.0,False,0.0,09:18:55
19300.0,2500,-650.0,0.0,BU,532300.0,1803600.0,False,0.0,09:18:55
19300.0,100,-650.0,0.0,BU,529800.0,1803600.0,False,0.0,09:18:55
19300.0,100,-650.0,0.0,BU,529700.0,1803600.0,False,0.0,09:18:55
19300.0,100,-650.0,0.0,BU,529600.0,1803600.0,False,50.0,09:18:55
19250.0,100,-700.0,0.0,SD,529500.0,1803600.0,False,-50.0,09:18:55
19300.0,100,-650.0,0.0,BU,529500.0,1803500.0,False,0.0,09:18:54
19300.0,100,-650.0,0.0,BU,529400.0,1803500.0,False,0.0,09:18:54
19300.0,100,-650.0,0.0,BU,529300.0,1803500.0,False,0.0,09:18:54
19300.0,300,-650.0,0.0,BU,529200.0,1803500.0,False,0.0,09:18:53
19300.0,100,-650.0,0.0,BU,528900.0,1803500.0,False,50.0,09:18:53
19250.0,200,-700.0,0.0,SD,528800.0,1803500.0,False,-50.0,09:18:53
19300.0,100,-650.0,0.0,BU,528800.0,1803300.0,False,0.0,09:18:53
19300.0,2000,-650.0,0.0,BU,528700.0,1803300.0,False,0.0,09:18:53
19300.0,300,-650.0,0.0,BU,526700.0,1803300.0,False,0.0,09:18:53
19300.0,100,-650.0,0.0,BU,526400.0,1803300.0,False,0.0,09:18:53
19300.0,400,-650.0,0.0,BU,526300.0,1803300.0,False,0.0,09:18:53
19300.0,300,-650.0,0.0,BU,525900.0,1803300.0,False,50.0,09:18:53
19250.0,100,-700.0,0.0,SD,525600.0,1803300.0,False,-50.0,09:18:53
19300.0,1700,-650.0,0.0,BU,525600.0,1803200.0,False,0.0,09:18:52
19300.0,800,-650.0,0.0,BU,523900.0,1803200.0,False,0.0,09:18:52
19300.0,1000,-650.0,0.0,BU,523100.0,1803200.0,False,0.0,09:18:52
19300.0,1800,-650.0,0.0,BU,522100.0,1803200.0,False,0.0,09:18:52
19300.0,300,-650.0,0.0,BU,520300.0,1803200.0,False,50.0,09:18:52
19250.0,3000,-700.0,0.0,SD,520000.0,1803200.0,False,-50.0,09:18:52
19300.0,1700,-650.0,0.0,BU,520000.0,1800200.0,False,0.0,09:18:52
19300.0,2000,-650.0,0.0,BU,518300.0,1800200.0,False,0.0,09:18:52
19300.0,100,-650.0,0.0,BU,516300.0,1800200.0,False,0.0,09:18:52
19300.0,500,-650.0,0.0,BU,516200.0,1800200.0,False,0.0,09:18:52
19300.0,1200,-650.0,0.0,BU,515700.0,1800200.0,False,0.0,09:18:52
19300.0,200,-650.0,0.0,BU,514500.0,1800200.0,False,0.0,09:18:51
19300.0,2000,-650.0,0.0,BU,514300.0,1800200.0,False,0.0,09:18:51
19300.0,500,-650.0,0.0,BU,512300.0,1800200.0,False,0.0,09:18:51
19300.0,100,-650.0,0.0,BU,511800.0,1800200.0,False,50.0,09:18:51
19250.0,400,-700.0,0.0,SD,511700.0,1800200.0,False,-50.0,09:18:51
19300.0,500,-650.0,0.0,BU,511700.0,1799800.0,False,0.0,09:18:51
19300.0,1000,-650.0,0.0,BU,511200.0,1799800.0,False,0.0,09:18:51
19300.0,1000,-650.0,0.0,BU,510200.0,1799800.0,False,0.0,09:18:50
19300.0,500,-650.0,0.0,BU,509200.0,1799800.0,False,0.0,09:18:49
19300.0,400,-650.0,0.0,BU,508700.0,1799800.0,False,0.0,09:18:49
19300.0,200,-650.0,0.0,BU,508300.0,1799800.0,False,0.0,09:18:49
19300.0,100,-650.0,0.0,BU,508100.0,1799800.0,False,0.0,09:18:49
19300.0,100,-650.0,0.0,BU,508000.0,1799800.0,False,0.0,09:18:48
19300.0,100,-650.0,0.0,BU,507900.0,1799800.0,False,0.0,09:18:48
19300.0,2000,-650.0,0.0,BU,507800.0,1799800.0,False,0.0,09:18:48
19300.0,1000,-650.0,0.0,BU,505800.0,1799800.0,False,0.0,09:18:48
19300.0,200,-650.0,0.0,BU,504800.0,1799800.0,False,0.0,09:18:48
19300.0,100,-650.0,0.0,BU,504600.0,1799800.0,False,0.0,09:18:47
19300.0,200,-650.0,0.0,BU,504500.0,1799800.0,False,0.0,09:18:47
19300.0,300,-650.0,0.0,BU,504300.0,1799800.0,False,0.0,09:18:47
19300.0,5000,-650.0,0.0,BU,504000.0,1799800.0,False,50.0,09:18:47
19250.0,12900,-700.0,0.0,SD,499000.0,1799800.0,True,0.0,09:18:47
19250.0,100,-700.0,0.0,SD,499000.0,1786900.0,False,0.0,09:18:47
19250.0,100,-700.0,0.0,SD,499000.0,1786800.0,False,0.0,09:18:47
19250.0,300,-700.0,0.0,SD,499000.0,1786700.0,False,0.0,09:18:46
19250.0,500,-700.0,0.0,SD,499000.0,1786400.0,False,0.0,09:18:46
19250.0,100,-700.0,0.0,SD,499000.0,1785900.0,False,0.0,09:18:46
19250.0,200,-700.0,0.0,SD,499000.0,1785800.0,False,0.0,09:18:46
19250.0,1000,-700.0,0.0,SD,499000.0,1785600.0,False,0.0,09:18:46
19250.0,100,-700.0,0.0,SD,499000.0,1784600.0,False,0.0,09:18:46
19250.0,1000,-700.0,0.0,SD,499000.0,1784500.0,False,0.0,09:18:46
19250.0,3700,-700.0,0.0,SD,499000.0,1783500.0,False,-50.0,09:18:46
19300.0,500,-650.0,0.0,BU,499000.0,1779800.0,False,0.0,09:18:46
19300.0,1000,-650.0,0.0,BU,498500.0,1779800.0,False,0.0,09:18:46
19300.0,400,-650.0,0.0,BU,497500.0,1779800.0,False,0.0,09:18:46
19300.0,200,-650.0,0.0,BU,497100.0,1779800.0,False,50.0,09:18:46
19250.0,100,-700.0,0.0,SD,496900.0,1779800.0,False,0.0,09:18:46
19250.0,1000,-700.0,0.0,SD,496900.0,1779700.0,False,0.0,09:18:46
19250.0,1300,-700.0,0.0,SD,496900.0,1778700.0,False,0.0,09:18:46
19250.0,200,-700.0,0.0,SD,496900.0,1777400.0,False,0.0,09:18:46
19250.0,100,-700.0,0.0,SD,496900.0,1777200.0,False,0.0,09:18:46
19250.0,100,-700.0,0.0,SD,496900.0,1777100.0,False,0.0,09:18:46
19250.0,2000,-700.0,0.0,SD,496900.0,1777000.0,False,0.0,09:18:46
19250.0,600,-700.0,0.0,SD,496900.0,1775000.0,False,0.0,09:18:46
19250.0,300,-700.0,0.0,SD,496900.0,1774400.0,False,0.0,09:18:46
19250.0,100,-700.0,0.0,SD,496900.0,1774100.0,False,0.0,09:18:46
19250.0,100,-700.0,0.0,SD,496900.0,1774000.0,False,0.0,09:18:46
19250.0,4100,-700.0,0.0,SD,496900.0,1773900.0,False,0.0,09:18:46
19250.0,600,-700.0,0.0,SD,496900.0,1769800.0,False,-50.0,09:18:46
19300.0,200,-650.0,0.0,BU,496900.0,1769200.0,False,50.0,09:18:45
19250.0,300,-700.0,0.0,SD,496700.0,1769200.0,False,-50.0,09:18:45
19300.0,100,-650.0,0.0,SD,496700.0,1768900.0,False,0.0,09:18:45
19300.0,1600,-650.0,0.0,SD,496700.0,1768800.0,False,0.0,09:18:45
19300.0,1000,-650.0,0.0,SD,496700.0,1767200.0,False,0.0,09:18:45
19300.0,2400,-650.0,0.0,SD,496700.0,1766200.0,False,0.0,09:18:45
19300.0,100,-650.0,0.0,SD,496700.0,1763800.0,False,0.0,09:18:45
19300.0,100,-650.0,0.0,SD,496700.0,1763700.0,False,0.0,09:18:45
19300.0,500,-650.0,0.0,SD,496700.0,1763600.0,False,0.0,09:18:45
19300.0,400,-650.0,0.0,SD,496700.0,1763100.0,False,0.0,09:18:45
19300.0,300,-650.0,0.0,SD,496700.0,1762700.0,False,0.0,09:18:45
19300.0,100,-650.0,0.0,SD,496700.0,1762400.0,False,0.0,09:18:45
19300.0,2000,-650.0,0.0,SD,496700.0,1762300.0,False,0.0,09:18:45
19300.0,1000,-650.0,0.0,SD,496700.0,1760300.0,False,0.0,09:18:45
19300.0,1900,-650.0,0.0,SD,496700.0,1759300.0,False,0.0,09:18:45
19300.0,1000,-650.0,0.0,SD,496700.0,1757400.0,False,0.0,09:18:45
19300.0,900,-650.0,0.0,SD,496700.0,1756400.0,False,0.0,09:18:45
19300.0,100,-650.0,0.0,SD,496700.0,1755500.0,False,0.0,09:18:45
19300.0,5100,-650.0,0.0,SD,496700.0,1755400.0,False,0.0,09:18:45
19300.0,3000,-650.0,0.0,SD,496700.0,1750300.0,False,0.0,09:18:45
19300.0,1000,-650.0,0.0,SD,496700.0,1747300.0,False,0.0,09:18:45
19300.0,100,-650.0,0.0,SD,496700.0,1746300.0,False,0.0,09:18:45
19300.0,100,-650.0,0.0,SD,496700.0,1746200.0,False,0.0,09:18:45
19300.0,100,-650.0,0.0,SD,496700.0,1746100.0,False,0.0,09:18:45
19300.0,2400,-650.0,0.0,SD,496700.0,1746000.0,False,0.0,09:18:45
19300.0,400,-650.0,0.0,SD,496700.0,1743600.0,False,0.0,09:18:45
19300.0,200,-650.0,0.0,SD,496700.0,1743200.0,False,0.0,09:18:45
19300.0,1000,-650.0,0.0,SD,496700.0,1743000.0,False,0.0,09:18:45
19300.0,2000,-650.0,0.0,SD,496700.0,1742000.0,False,0.0,09:18:45
19300.0,2500,-650.0,0.0,SD,496700.0,1740000.0,False,0.0,09:18:45
19300.0,200,-650.0,0.0,SD,496700.0,1737500.0,False,0.0,09:18:45
19300.0,100,-650.0,0.0,SD,496700.0,1737300.0,False,0.0,09:18:45
19300.0,100,-650.0,0.0,SD,496700.0,1737200.0,False,0.0,09:18:45
19300.0,300,-650.0,0.0,SD,496700.0,1737100.0,False,0.0,09:18:45
19300.0,6200,-650.0,0.0,SD,496700.0,1736800.0,False,0.0,09:18:45
19300.0,100,-650.0,0.0,SD,496700.0,1730600.0,False,0.0,09:18:45
19300.0,100,-650.0,0.0,SD,496700.0,1730500.0,False,0.0,09:18:45
19300.0,500,-650.0,0.0,SD,496700.0,1730400.0,False,0.0,09:18:45
19300.0,4500,-650.0,0.0,SD,496700.0,1729900.0,False,0.0,09:18:45
19300.0,100,-650.0,0.0,SD,496700.0,1725400.0,False,0.0,09:18:45
19300.0,100,-650.0,0.0,SD,496700.0,1725300.0,False,0.0,09:18:45
19300.0,1000,-650.0,0.0,SD,496700.0,1725200.0,False,0.0,09:18:45
19300.0,3000,-650.0,0.0,SD,496700.0,1724200.0,False,0.0,09:18:45
19300.0,2000,-650.0,0.0,SD,496700.0,1721200.0,False,0.0,09:18:45
19300.0,200,-650.0,0.0,SD,496700.0,1719200.0,False,0.0,09:18:45
19300.0,300,-650.0,0.0,SD,496700.0,1719000.0,False,0.0,09:18:45
19300.0,300,-650.0,0.0,SD,496700.0,1718700.0,False,0.0,09:18:45
19300.0,100,-650.0,0.0,SD,496700.0,1718400.0,False,0.0,09:18:45
19300.0,100,-650.0,0.0,SD,496700.0,1718300.0,False,0.0,09:18:45
19300.0,1000,-650.0,0.0,SD,496700.0,1718200.0,False,0.0,09:18:45
19300.0,100,-650.0,0.0,SD,496700.0,1717200.0,False,0.0,09:18:45
19300.0,2000,-650.0,0.0,SD,496700.0,1717100.0,False,0.0,09:18:45
19300.0,1000,-650.0,0.0,SD,496700.0,1715100.0,False,0.0,09:18:45
19300.0,500,-650.0,0.0,SD,496700.0,1714100.0,False,0.0,09:18:45
19300.0,100,-650.0,0.0,SD,496700.0,1713600.0,False,0.0,09:18:45
19300.0,100,-650.0,0.0,SD,496700.0,1713500.0,False,0.0,09:18:45
19300.0,1000,-650.0,0.0,SD,496700.0,1713400.0,False,0.0,09:18:45
19300.0,100,-650.0,0.0,SD,496700.0,1712400.0,False,0.0,09:18:45
19300.0,100,-650.0,0.0,SD,496700.0,1712300.0,False,0.0,09:18:45
19300.0,500,-650.0,0.0,SD,496700.0,1712200.0,False,0.0,09:18:45
19300.0,500,-650.0,0.0,SD,496700.0,1711700.0,False,0.0,09:18:45
19300.0,800,-650.0,0.0,SD,496700.0,1711200.0,False,0.0,09:18:45
19300.0,500,-650.0,0.0,SD,496700.0,1710400.0,False,0.0,09:18:45
19300.0,1000,-650.0,0.0,SD,496700.0,1709900.0,False,0.0,09:18:45
19300.0,900,-650.0,0.0,SD,496700.0,1708900.0,False,0.0,09:18:45
19300.0,1000,-650.0,0.0,SD,496700.0,1708000.0,False,0.0,09:18:45
19300.0,200,-650.0,0.0,SD,496700.0,1707000.0,False,0.0,09:18:45
19300.0,500,-650.0,0.0,SD,496700.0,1706800.0,False,0.0,09:18:45
19300.0,5000,-650.0,0.0,SD,496700.0,1706300.0,False,0.0,09:18:45
19300.0,1000,-650.0,0.0,SD,496700.0,1701300.0,False,0.0,09:18:45
19300.0,100,-650.0,0.0,SD,496700.0,1700300.0,False,0.0,09:18:45
19300.0,100,-650.0,0.0,SD,496700.0,1700200.0,False,0.0,09:18:45
19300.0,300,-650.0,0.0,SD,496700.0,1700100.0,False,0.0,09:18:45
19300.0,100,-650.0,0.0,SD,496700.0,1699800.0,False,0.0,09:18:45
19300.0,300,-650.0,0.0,SD,496700.0,1699700.0,False,0.0,09:18:45
19300.0,200,-650.0,0.0,SD,496700.0,1699400.0,False,0.0,09:18:45
19300.0,200,-650.0,0.0,SD,496700.0,1699200.0,False,0.0,09:18:45
19300.0,100,-650.0,0.0,SD,496700.0,1699000.0,False,0.0,09:18:45
19300.0,200,-650.0,0.0,SD,496700.0,1698900.0,False,0.0,09:18:45
19300.0,5000,-650.0,0.0,SD,496700.0,1698700.0,False,0.0,09:18:45
19300.0,2000,-650.0,0.0,SD,496700.0,1693700.0,False,0.0,09:18:45
19300.0,100,-650.0,0.0,SD,496700.0,1691700.0,False,0.0,09:18:45
19300.0,200,-650.0,0.0,SD,496700.0,1691600.0,False,0.0,09:18:45
19300.0,100,-650.0,0.0,SD,496700.0,1691400.0,False,0.0,09:18:45
19300.0,300,-650.0,0.0,SD,496700.0,1691300.0,False,0.0,09:18:45
19300.0,5000,-650.0,0.0,SD,496700.0,1691000.0,False,0.0,09:18:45
19300.0,100,-650.0,0.0,SD,496700.0,1686000.0,False,0.0,09:18:45
19300.0,100,-650.0,0.0,SD,496700.0,1685900.0,False,0.0,09:18:45
19300.0,100,-650.0,0.0,SD,496700.0,1685800.0,False,0.0,09:18:45
19300.0,200,-650.0,0.0,SD,496700.0,1685700.0,False,0.0,09:18:45
19300.0,200,-650.0,0.0,SD,496700.0,1685500.0,False,0.0,09:18:45
19300.0,1000,-650.0,0.0,SD,496700.0,1685300.0,False,0.0,09:18:45
19300.0,2000,-650.0,0.0,SD,496700.0,1684300.0,False,0.0,09:18:45
19300.0,100,-650.0,0.0,SD,496700.0,1682300.0,False,0.0,09:18:45
19300.0,200,-650.0,0.0,SD,496700.0,1682200.0,False,0.0,09:18:45
19300.0,100,-650.0,0.0,SD,496700.0,1682000.0,False,0.0,09:18:45
19300.0,1000,-650.0,0.0,SD,496700.0,1681900.0,False,0.0,09:18:45
19300.0,100,-650.0,0.0,SD,496700.0,1680900.0,False,0.0,09:18:45
19300.0,1400,-650.0,0.0,SD,496700.0,1680800.0,False,0.0,09:18:45
19300.0,1800,-650.0,0.0,SD,496700.0,1679400.0,False,-50.0,09:18:45
19350.0,100,-600.0,0.0,BU,496700.0,1677600.0,False,50.0,09:18:45
19300.0,100,-650.0,0.0,SD,496600.0,1677600.0,False,0.0,09:18:45
19300.0,300,-650.0,0.0,SD,496600.0,1677500.0,False,-50.0,09:18:44
19350.0,3000,-600.0,0.0,BU,496600.0,1677200.0,False,50.0,09:18:44
19300.0,100,-650.0,0.0,SD,493600.0,1677200.0,False,0.0,09:18:44
19300.0,1000,-650.0,0.0,SD,493600.0,1677100.0,False,0.0,09:18:44
19300.0,100,-650.0,0.0,SD,493600.0,1676100.0,False,0.0,09:18:44
19300.0,2500,-650.0,0.0,SD,493600.0,1676000.0,False,0.0,09:18:44
19300.0,5000,-650.0,0.0,SD,493600.0,1673500.0,False,0.0,09:18:44
19300.0,300,-650.0,0.0,SD,493600.0,1668500.0,False,0.0,09:18:43
19300.0,900,-650.0,0.0,SD,493600.0,1668200.0,False,0.0,09:18:43
19300.0,15000,-650.0,0.0,SD,493600.0,1667300.0,True,-50.0,09:18:43
19350.0,100,-600.0,0.0,BU,493600.0,1652300.0,False,50.0,09:18:43
19300.0,1000,-650.0,0.0,SD,493500.0,1652300.0,False,0.0,09:18:43
19300.0,5000,-650.0,0.0,SD,493500.0,1651300.0,False,0.0,09:18:43
19300.0,2000,-650.0,0.0,SD,493500.0,1646300.0,False,0.0,09:18:42
19300.0,300,-650.0,0.0,SD,493500.0,1644300.0,False,-50.0,09:18:42
19350.0,500,-600.0,0.0,BU,493500.0,1644000.0,False,0.0,09:18:42
19350.0,500,-600.0,0.0,BU,493000.0,1644000.0,False,50.0,09:18:42
19300.0,2000,-650.0,0.0,SD,492500.0,1644000.0,False,0.0,09:18:42
19300.0,3300,-650.0,0.0,SD,492500.0,1642000.0,False,0.0,09:18:41
19300.0,100,-650.0,0.0,SD,492500.0,1638700.0,False,0.0,09:18:41
19300.0,100,-650.0,0.0,SD,492500.0,1638600.0,False,0.0,09:18:41
19300.0,2500,-650.0,0.0,SD,492500.0,1638500.0,False,-50.0,09:18:41
19350.0,100,-600.0,0.0,BU,492500.0,1636000.0,False,50.0,09:18:41
19300.0,1400,-650.0,0.0,SD,492400.0,1636000.0,False,0.0,09:18:41
19300.0,1000,-650.0,0.0,SD,492400.0,1634600.0,False,0.0,09:18:41
19300.0,2000,-650.0,0.0,SD,492400.0,1633600.0,False,-50.0,09:18:40
19350.0,2000,-600.0,0.0,BU,492400.0,1631600.0,False,50.0,09:18:40
19300.0,300,-650.0,0.0,SD,490400.0,1631600.0,False,0.0,09:18:40
19300.0,500,-650.0,0.0,SD,490400.0,1631300.0,False,0.0,09:18:39
19300.0,6000,-650.0,0.0,SD,490400.0,1630800.0,False,0.0,09:18:39
19300.0,1000,-650.0,0.0,SD,490400.0,1624800.0,False,-50.0,09:18:39
19350.0,1000,-600.0,0.0,BU,490400.0,1623800.0,False,50.0,09:18:39
19300.0,100,-650.0,0.0,SD,489400.0,1623800.0,False,0.0,09:18:38
19300.0,10900,-650.0,0.0,SD,489400.0,1623700.0,True,0.0,09:18:38
19300.0,100,-650.0,0.0,SD,489400.0,1612800.0,False,0.0,09:18:38
19300.0,200,-650.0,0.0,SD,489400.0,1612700.0,False,0.0,09:18:38
19300.0,200,-650.0,0.0,SD,489400.0,1612500.0,False,0.0,09:18:38
19300.0,100,-650.0,0.0,SD,489400.0,1612300.0,False,0.0,09:18:38
19300.0,100,-650.0,0.0,SD,489400.0,1612200.0,False,0.0,09:18:38
19300.0,100,-650.0,0.0,SD,489400.0,1612100.0,False,0.0,09:18:38
19300.0,600,-650.0,0.0,SD,489400.0,1612000.0,False,0.0,09:18:38
19300.0,100,-650.0,0.0,SD,489400.0,1611400.0,False,0.0,09:18:38
19300.0,100,-650.0,0.0,SD,489400.0,1611300.0,False,0.0,09:18:38
19300.0,1000,-650.0,0.0,SD,489400.0,1611200.0,False,0.0,09:18:38
19300.0,100,-650.0,0.0,SD,489400.0,1610200.0,False,0.0,09:18:38
19300.0,100,-650.0,0.0,SD,489400.0,1610100.0,False,0.0,09:18:38
19300.0,200,-650.0,0.0,SD,489400.0,1610000.0,False,0.0,09:18:38
19300.0,500,-650.0,0.0,SD,489400.0,1609800.0,False,0.0,09:18:38
19300.0,600,-650.0,0.0,SD,489400.0,1609300.0,False,0.0,09:18:38
19300.0,400,-650.0,0.0,SD,489400.0,1608700.0,False,0.0,09:18:38
19300.0,600,-650.0,0.0,SD,489400.0,1608300.0,False,0.0,09:18:38
19300.0,1400,-650.0,0.0,SD,489400.0,1607700.0,False,0.0,09:18:38
19300.0,500,-650.0,0.0,SD,489400.0,1606300.0,False,0.0,09:18:38
19300.0,100,-650.0,0.0,SD,489400.0,1605800.0,False,0.0,09:18:38
19300.0,200,-650.0,0.0,SD,489400.0,1605700.0,False,0.0,09:18:37
19300.0,800,-650.0,0.0,SD,489400.0,1605500.0,False,0.0,09:18:37
19300.0,100,-650.0,0.0,SD,489400.0,1604700.0,False,0.0,09:18:37
19300.0,2100,-650.0,0.0,SD,489400.0,1604600.0,False,0.0,09:18:37
19300.0,2900,-650.0,0.0,SD,489400.0,1602500.0,False,0.0,09:18:37
19300.0,100,-650.0,0.0,SD,489400.0,1599600.0,False,0.0,09:18:37
19300.0,1000,-650.0,0.0,SD,489400.0,1599500.0,False,0.0,09:18:37
19300.0,100,-650.0,0.0,SD,489400.0,1598500.0,False,0.0,09:18:37
19300.0,1000,-650.0,0.0,SD,489400.0,1598400.0,False,0.0,09:18:37
19300.0,400,-650.0,0.0,SD,489400.0,1597400.0,False,0.0,09:18:37
19300.0,500,-650.0,0.0,SD,489400.0,1597000.0,False,0.0,09:18:37
19300.0,400,-650.0,0.0,SD,489400.0,1596500.0,False,0.0,09:18:37
19300.0,1500,-650.0,0.0,SD,489400.0,1596100.0,False,0.0,09:18:37
19300.0,5000,-650.0,0.0,SD,489400.0,1594600.0,False,0.0,09:18:37
19300.0,6000,-650.0,0.0,SD,489400.0,1589600.0,False,0.0,09:18:37
19300.0,700,-650.0,0.0,SD,489400.0,1583600.0,False,0.0,09:18:37
19300.0,400,-650.0,0.0,SD,489400.0,1582900.0,False,-50.0,09:18:37
19350.0,100,-600.0,0.0,BU,489400.0,1582500.0,False,0.0,09:18:37
19350.0,100,-600.0,0.0,BU,489300.0,1582500.0,False,0.0,09:18:37
19350.0,200,-600.0,0.0,BU,489200.0,1582500.0,False,50.0,09:18:37
19300.0,1000,-650.0,0.0,SD,489000.0,1582500.0,False,0.0,09:18:37
19300.0,20600,-650.0,0.0,SD,489000.0,1581500.0,True,0.0,09:18:37
19300.0,25000,-650.0,0.0,SD,489000.0,1560900.0,True,0.0,09:18:37
19300.0,1000,-650.0,0.0,SD,489000.0,1535900.0,False,0.0,09:18:37
19300.0,500,-650.0,0.0,SD,489000.0,1534900.0,False,0.0,09:18:37
19300.0,2900,-650.0,0.0,SD,489000.0,1534400.0,False,0.0,09:18:37
19300.0,1000,-650.0,0.0,SD,489000.0,1531500.0,False,0.0,09:18:37
19300.0,1000,-650.0,0.0,SD,489000.0,1530500.0,False,-50.0,09:18:36
19350.0,500,-600.0,0.0,BU,489000.0,1529500.0,False,50.0,09:18:36
19300.0,5000,-650.0,0.0,SD,488500.0,1529500.0,False,0.0,09:18:35
19300.0,500,-650.0,0.0,SD,488500.0,1524500.0,False,0.0,09:18:35
19300.0,400,-650.0,0.0,SD,488500.0,1524000.0,False,-50.0,09:18:35
19350.0,500,-600.0,0.0,BU,488500.0,1523600.0,False,50.0,09:18:35
19300.0,100,-650.0,0.0,SD,488000.0,1523600.0,False,-50.0,09:18:35
19350.0,200,-600.0,0.0,BU,488000.0,1523500.0,False,0.0,09:18:35
19350.0,1000,-600.0,0.0,BU,487800.0,1523500.0,False,50.0,09:18:35
19300.0,200,-650.0,0.0,SD,486800.0,1523500.0,False,-50.0,09:18:35
19350.0,100,-600.0,0.0,BU,486800.0,1523300.0,False,50.0,09:18:35
19300.0,600,-650.0,0.0,SD,486700.0,1523300.0,False,-50.0,09:18:35
19350.0,200,-600.0,0.0,BU,486700.0,1522700.0,False,0.0,09:18:35
19350.0,300,-600.0,0.0,BU,486500.0,1522700.0,False,0.0,09:18:34
19350.0,200,-600.0,0.0,BU,486200.0,1522700.0,False,0.0,09:18:34
19350.0,100,-600.0,0.0,BU,486000.0,1522700.0,False,50.0,09:18:34
19300.0,1000,-650.0,0.0,SD,485900.0,1522700.0,False,0.0,09:18:34
19300.0,2800,-650.0,0.0,SD,485900.0,1521700.0,False,0.0,09:18:34
19300.0,4500,-650.0,0.0,SD,485900.0,1518900.0,False,0.0,09:18:33
19300.0,500,-650.0,0.0,SD,485900.0,1514400.0,False,0.0,09:18:33
19300.0,1000,-650.0,0.0,SD,485900.0,1513900.0,False,0.0,09:18:33
19300.0,10000,-650.0,0.0,SD,485900.0,1512900.0,False,0.0,09:18:33
19300.0,500,-650.0,0.0,SD,485900.0,1502900.0,False,0.0,09:18:33
19300.0,500,-650.0,0.0,SD,485900.0,1502400.0,False,0.0,09:18:33
19300.0,6800,-650.0,0.0,SD,485900.0,1501900.0,False,-50.0,09:18:33
19350.0,6000,-600.0,0.0,BU,485900.0,1495100.0,False,0.0,09:18:33
19350.0,500,-600.0,0.0,BU,479900.0,1495100.0,False,0.0,09:18:33
19350.0,300,-600.0,0.0,BU,479400.0,1495100.0,False,0.0,09:18:33
19350.0,5000,-600.0,0.0,BU,479100.0,1495100.0,False,0.0,09:18:32
19350.0,50000,-600.0,0.0,BU,474100.0,1495100.0,True,50.0,09:18:32
19300.0,2400,-650.0,0.0,SD,424100.0,1495100.0,False,-50.0,09:18:31
19350.0,200,-600.0,0.0,BU,424100.0,1492700.0,False,0.0,09:18:31
19350.0,200,-600.0,0.0,BU,423900.0,1492700.0,False,50.0,09:18:31
19300.0,3200,-650.0,0.0,SD,423700.0,1492700.0,False,0.0,09:18:31
19300.0,2500,-650.0,0.0,SD,423700.0,1489500.0,False,-50.0,09:18:30
19350.0,5000,-600.0,0.0,BU,423700.0,1487000.0,False,0.0,09:18:29
19350.0,100,-600.0,0.0,BU,418700.0,1487000.0,False,0.0,09:18:28
19350.0,800,-600.0,0.0,BU,418600.0,1487000.0,False,0.0,09:18:28
19350.0,300,-600.0,0.0,BU,417800.0,1487000.0,False,0.0,09:18:27
19350.0,1000,-600.0,0.0,BU,417500.0,1487000.0,False,0.0,09:18:27
19350.0,100,-600.0,0.0,BU,416500.0,1487000.0,False,50.0,09:18:27
19300.0,200,-650.0,0.0,SD,416400.0,1487000.0,False,-50.0,09:18:27
19350.0,1000,-600.0,0.0,BU,416400.0,1486800.0,False,50.0,09:18:27
19300.0,3900,-650.0,0.0,SD,415400.0,1486800.0,False,0.0,09:18:27
19300.0,300,-650.0,0.0,SD,415400.0,1482900.0,False,0.0,09:18:27
19300.0,1000,-650.0,0.0,SD,415400.0,1482600.0,False,0.0,09:18:27
19300.0,200,-650.0,0.0,SD,415400.0,1481600.0,False,0.0,09:18:27
19300.0,100,-650.0,0.0,SD,415400.0,1481400.0,False,0.0,09:18:27
19300.0,300,-650.0,0.0,SD,415400.0,1481300.0,False,0.0,09:18:27
19300.0,100,-650.0,0.0,SD,415400.0,1481000.0,False,0.0,09:18:27
19300.0,200,-650.0,0.0,SD,415400.0,1480900.0,False,0.0,09:18:27
19300.0,1000,-650.0,0.0,SD,415400.0,1480700.0,False,0.0,09:18:27
19300.0,1000,-650.0,0.0,SD,415400.0,1479700.0,False,0.0,09:18:27
19300.0,7700,-650.0,0.0,SD,415400.0,1478700.0,False,0.0,09:18:27
19300.0,100,-650.0,0.0,SD,415400.0,1471000.0,False,0.0,09:18:26
19300.0,2000,-650.0,0.0,SD,415400.0,1470900.0,False,0.0,09:18:26
19300.0,200,-650.0,0.0,SD,415400.0,1468900.0,False,0.0,09:18:26
19300.0,1000,-650.0,0.0,SD,415400.0,1468700.0,False,0.0,09:18:26
19300.0,1000,-650.0,0.0,SD,415400.0,1467700.0,False,0.0,09:18:26
19300.0,100,-650.0,0.0,SD,415400.0,1466700.0,False,0.0,09:18:26
19300.0,200,-650.0,0.0,SD,415400.0,1466600.0,False,0.0,09:18:26
19300.0,100,-650.0,0.0,SD,415400.0,1466400.0,False,0.0,09:18:26
19300.0,100,-650.0,0.0,SD,415400.0,1466300.0,False,0.0,09:18:26
19300.0,2000,-650.0,0.0,SD,415400.0,1466200.0,False,0.0,09:18:26
19300.0,1000,-650.0,0.0,SD,415400.0,1464200.0,False,0.0,09:18:26
19300.0,200,-650.0,0.0,SD,415400.0,1463200.0,False,0.0,09:18:26
19300.0,1000,-650.0,0.0,SD,415400.0,1463000.0,False,0.0,09:18:26
19300.0,100,-650.0,0.0,SD,415400.0,1462000.0,False,0.0,09:18:26
19300.0,100,-650.0,0.0,SD,415400.0,1461900.0,False,0.0,09:18:26
19300.0,100,-650.0,0.0,SD,415400.0,1461800.0,False,-50.0,09:18:26
19350.0,100,-600.0,0.0,BU,415400.0,1461700.0,False,0.0,09:18:26
19350.0,2000,-600.0,0.0,BU,415300.0,1461700.0,False,0.0,09:18:25
19350.0,1000,-600.0,0.0,BU,413300.0,1461700.0,False,0.0,09:18:25
19350.0,1000,-600.0,0.0,SD,412300.0,1461700.0,False,50.0,09:18:25
19300.0,100,-650.0,0.0,SD,412300.0,1460700.0,False,0.0,09:18:24
19300.0,900,-650.0,0.0,SD,412300.0,1460600.0,False,0.0,09:18:24
19300.0,200,-650.0,0.0,SD,412300.0,1459700.0,False,0.0,09:18:24
19300.0,200,-650.0,0.0,SD,412300.0,1459500.0,False,0.0,09:18:24
19300.0,100,-650.0,0.0,SD,412300.0,1459300.0,False,0.0,09:18:24
19300.0,500,-650.0,0.0,SD,412300.0,1459200.0,False,0.0,09:18:24
19300.0,100,-650.0,0.0,SD,412300.0,1458700.0,False,0.0,09:18:24
19300.0,200,-650.0,0.0,SD,412300.0,1458600.0,False,0.0,09:18:24
19300.0,1800,-650.0,0.0,SD,412300.0,1458400.0,False,0.0,09:18:24
19300.0,300,-650.0,0.0,SD,412300.0,1456600.0,False,0.0,09:18:24
19300.0,300,-650.0,0.0,SD,412300.0,1456300.0,False,-50.0,09:18:24
19350.0,200,-600.0,0.0,SD,412300.0,1456000.0,False,0.0,09:18:24
19350.0,800,-600.0,0.0,SD,412300.0,1455800.0,False,0.0,09:18:24
19350.0,2000,-600.0,0.0,SD,412300.0,1455000.0,False,0.0,09:18:24
19350.0,200,-600.0,0.0,BU,412300.0,1453000.0,False,0.0,09:18:24
19350.0,400,-600.0,0.0,BU,412100.0,1453000.0,False,50.0,09:18:24
19300.0,500,-650.0,0.0,SD,411700.0,1453000.0,False,-50.0,09:18:23
19350.0,100,-600.0,0.0,BU,411700.0,1452500.0,False,0.0,09:18:23
19350.0,100,-600.0,0.0,BU,411600.0,1452500.0,False,0.0,09:18:23
19350.0,100,-600.0,0.0,SD,411500.0,1452500.0,False,0.0,09:18:22
19350.0,100,-600.0,0.0,SD,411500.0,1452400.0,False,0.0,09:18:22
19350.0,100,-600.0,0.0,SD,411500.0,1452300.0,False,0.0,09:18:22
19350.0,100,-600.0,0.0,SD,411500.0,1452200.0,False,0.0,09:18:22
19350.0,100,-600.0,0.0,SD,411500.0,1452100.0,False,0.0,09:18:22
19350.0,200,-600.0,0.0,SD,411500.0,1452000.0,False,0.0,09:18:22
19350.0,2000,-600.0,0.0,SD,411500.0,1451800.0,False,0.0,09:18:22
19350.0,1000,-600.0,0.0,SD,411500.0,1449800.0,False,0.0,09:18:22
19350.0,1700,-600.0,0.0,SD,411500.0,1448800.0,False,-50.0,09:18:22
19400.0,100,-550.0,0.0,BU,411500.0,1447100.0,False,0.0,09:18:22
19400.0,1000,-550.0,0.0,BU,411400.0,1447100.0,False,50.0,09:18:22
19350.0,300,-600.0,0.0,SD,410400.0,1447100.0,False,0.0,09:18:22
19350.0,100,-600.0,0.0,SD,410400.0,1446800.0,False,0.0,09:18:22
19350.0,600,-600.0,0.0,SD,410400.0,1446700.0,False,-50.0,09:18:22
19400.0,100,-550.0,0.0,BU,410400.0,1446100.0,False,50.0,09:18:21
19350.0,500,-600.0,0.0,SD,410300.0,1446100.0,False,-50.0,09:18:21
19400.0,500,-550.0,0.0,BU,410300.0,1445600.0,False,50.0,09:18:21
19350.0,2000,-600.0,0.0,SD,409800.0,1445600.0,False,0.0,09:18:21
19350.0,500,-600.0,0.0,SD,409800.0,1443600.0,False,-50.0,09:18:21
19400.0,1000,-550.0,0.0,BU,409800.0,1443100.0,False,50.0,09:18:21
19350.0,3400,-600.0,0.0,SD,408800.0,1443100.0,False,0.0,09:18:21
19350.0,2000,-600.0,0.0,SD,408800.0,1439700.0,False,0.0,09:18:20
19350.0,4400,-600.0,0.0,SD,408800.0,1437700.0,False,0.0,09:18:20
19350.0,3000,-600.0,0.0,SD,408800.0,1433300.0,False,0.0,09:18:19
19350.0,500,-600.0,0.0,SD,408800.0,1430300.0,False,0.0,09:18:19
19350.0,1700,-600.0,0.0,SD,408800.0,1429800.0,False,-50.0,09:18:19
19400.0,100,-550.0,0.0,BU,408800.0,1428100.0,False,0.0,09:18:19
19400.0,100,-550.0,0.0,BU,408700.0,1428100.0,False,0.0,09:18:19
19400.0,500,-550.0,0.0,BU,408600.0,1428100.0,False,0.0,09:18:19
19400.0,400,-550.0,0.0,BU,408100.0,1428100.0,False,0.0,09:18:19
19400.0,100,-550.0,0.0,BU,407700.0,1428100.0,False,50.0,09:18:18
19350.0,1300,-600.0,0.0,SD,407600.0,1428100.0,False,-50.0,09:18:18
19400.0,100,-550.0,0.0,BU,407600.0,1426800.0,False,50.0,09:18:18
19350.0,300,-600.0,0.0,SD,407500.0,1426800.0,False,0.0,09:18:18
19350.0,15000,-600.0,0.0,SD,407500.0,1426500.0,True,0.0,09:18:18
19350.0,14800,-600.0,0.0,SD,407500.0,1411500.0,True,0.0,09:18:17
19350.0,500,-600.0,0.0,SD,407500.0,1396700.0,False,0.0,09:18:17
19350.0,100,-600.0,0.0,SD,407500.0,1396200.0,False,0.0,09:18:17
19350.0,100,-600.0,0.0,SD,407500.0,1396100.0,False,0.0,09:18:17
19350.0,100,-600.0,0.0,SD,407500.0,1396000.0,False,0.0,09:18:17
19350.0,1000,-600.0,0.0,SD,407500.0,1395900.0,False,0.0,09:18:17
19350.0,100,-600.0,0.0,SD,407500.0,1394900.0,False,0.0,09:18:17
19350.0,500,-600.0,0.0,SD,407500.0,1394800.0,False,0.0,09:18:17
19350.0,100,-600.0,0.0,SD,407500.0,1394300.0,False,0.0,09:18:17
19350.0,100,-600.0,0.0,SD,407500.0,1394200.0,False,0.0,09:18:17
19350.0,100,-600.0,0.0,SD,407500.0,1394100.0,False,0.0,09:18:17
19350.0,200,-600.0,0.0,SD,407500.0,1394000.0,False,0.0,09:18:17
19350.0,2300,-600.0,0.0,SD,407500.0,1393800.0,False,0.0,09:18:17
19350.0,500,-600.0,0.0,SD,407500.0,1391500.0,False,0.0,09:18:17
19350.0,1600,-600.0,0.0,SD,407500.0,1391000.0,False,-50.0,09:18:16
19400.0,100,-550.0,0.0,BU,407500.0,1389400.0,False,50.0,09:18:16
19350.0,1100,-600.0,0.0,SD,407400.0,1389400.0,False,0.0,09:18:16
19350.0,200,-600.0,0.0,SD,407400.0,1388300.0,False,-50.0,09:18:16
19400.0,200,-550.0,0.0,BU,407400.0,1388100.0,False,0.0,09:18:16
19400.0,1000,-550.0,0.0,BU,407200.0,1388100.0,False,0.0,09:18:16
19400.0,100,-550.0,0.0,BU,406200.0,1388100.0,False,50.0,09:18:16
19350.0,1000,-600.0,0.0,SD,406100.0,1388100.0,False,0.0,09:18:15
19350.0,300,-600.0,0.0,SD,406100.0,1387100.0,False,0.0,09:18:15
19350.0,200,-600.0,0.0,SD,406100.0,1386800.0,False,0.0,09:18:15
19350.0,5000,-600.0,0.0,SD,406100.0,1386600.0,False,0.0,09:18:15
19350.0,2800,-600.0,0.0,SD,406100.0,1381600.0,False,0.0,09:18:15
19350.0,1500,-600.0,0.0,SD,406100.0,1378800.0,False,0.0,09:18:15
19350.0,200,-600.0,0.0,SD,406100.0,1377300.0,False,0.0,09:18:14
19350.0,300,-600.0,0.0,SD,406100.0,1377100.0,False,0.0,09:18:14
19350.0,500,-600.0,0.0,SD,406100.0,1376800.0,False,0.0,09:18:14
19350.0,200,-600.0,0.0,SD,406100.0,1376300.0,False,0.0,09:18:14
19350.0,100,-600.0,0.0,SD,406100.0,1376100.0,False,0.0,09:18:14
19350.0,1600,-600.0,0.0,SD,406100.0,1376000.0,False,-50.0,09:18:14
19400.0,21000,-550.0,0.0,BU,406100.0,1374400.0,True,0.0,09:18:14
19400.0,100,-550.0,0.0,BU,385100.0,1374400.0,False,50.0,09:18:14
19350.0,400,-600.0,0.0,SD,385000.0,1374400.0,False,0.0,09:18:14
19350.0,300,-600.0,0.0,SD,385000.0,1374000.0,False,0.0,09:18:14
19350.0,100,-600.0,0.0,SD,385000.0,1373700.0,False,0.0,09:18:14
19350.0,400,-600.0,0.0,SD,385000.0,1373600.0,False,0.0,09:18:14
19350.0,100,-600.0,0.0,SD,385000.0,1373200.0,False,0.0,09:18:14
19350.0,100,-600.0,0.0,SD,385000.0,1373100.0,False,0.0,09:18:14
19350.0,300,-600.0,0.0,SD,385000.0,1373000.0,False,0.0,09:18:14
19350.0,300,-600.0,0.0,SD,385000.0,1372700.0,False,0.0,09:18:14
19350.0,200,-600.0,0.0,SD,385000.0,1372400.0,False,0.0,09:18:14
19350.0,200,-600.0,0.0,SD,385000.0,1372200.0,False,0.0,09:18:14
19350.0,100,-600.0,0.0,SD,385000.0,1372000.0,False,0.0,09:18:14
19350.0,700,-600.0,0.0,SD,385000.0,1371900.0,False,-50.0,09:18:14
19400.0,100,-550.0,0.0,BU,385000.0,1371200.0,False,0.0,09:18:14
19400.0,100,-550.0,0.0,BU,384900.0,1371200.0,False,0.0,09:18:13
19400.0,3000,-550.0,0.0,BU,384800.0,1371200.0,False,0.0,09:18:13
19400.0,100,-550.0,0.0,BU,381800.0,1371200.0,False,0.0,09:18:13
19400.0,1000,-550.0,0.0,BU,381700.0,1371200.0,False,0.0,09:18:12
19400.0,100,-550.0,0.0,BU,380700.0,1371200.0,False,0.0,09:18:12
19400.0,600,-550.0,0.0,BU,380600.0,1371200.0,False,0.0,09:18:12
19400.0,100,-550.0,0.0,BU,380000.0,1371200.0,False,0.0,09:18:12
19400.0,500,-550.0,0.0,BU,379900.0,1371200.0,False,50.0,09:18:11
19350.0,300,-600.0,0.0,SD,379400.0,1371200.0,False,0.0,09:18:11
19350.0,2000,-600.0,0.0,SD,379400.0,1370900.0,False,0.0,09:18:11
19350.0,1000,-600.0,0.0,SD,379400.0,1368900.0,False,0.0,09:18:11
19350.0,100,-600.0,0.0,SD,379400.0,1367900.0,False,0.0,09:18:11
19350.0,200,-600.0,0.0,SD,379400.0,1367800.0,False,0.0,09:18:11
19350.0,100,-600.0,0.0,SD,379400.0,1367600.0,False,0.0,09:18:11
19350.0,1300,-600.0,0.0,SD,379400.0,1367500.0,False,0.0,09:18:11
19350.0,400,-600.0,0.0,SD,379400.0,1366200.0,False,0.0,09:18:11
19350.0,500,-600.0,0.0,SD,379400.0,1365800.0,False,0.0,09:18:10
19350.0,1800,-600.0,0.0,SD,379400.0,1365300.0,False,0.0,09:18:10
19350.0,200,-600.0,0.0,SD,379400.0,1363500.0,False,-50.0,09:18:10
19400.0,2000,-550.0,0.0,BU,379400.0,1363300.0,False,0.0,09:18:10
19400.0,3000,-550.0,0.0,BU,377400.0,1363300.0,False,0.0,09:18:10
19400.0,100,-550.0,0.0,BU,374400.0,1363300.0,False,0.0,09:18:09
19400.0,100,-550.0,0.0,BU,374300.0,1363300.0,False,0.0,09:18:09
19400.0,100,-550.0,0.0,BU,374200.0,1363300.0,False,0.0,09:18:08
19400.0,500,-550.0,0.0,BU,374100.0,1363300.0,False,0.0,09:18:08
19400.0,1000,-550.0,0.0,BU,373600.0,1363300.0,False,0.0,09:18:07
19400.0,1000,-550.0,0.0,BU,372600.0,1363300.0,False,0.0,09:18:07
19400.0,300,-550.0,0.0,BU,371600.0,1363300.0,False,0.0,09:18:07
19400.0,200,-550.0,0.0,SD,371300.0,1363300.0,False,0.0,09:18:06
19400.0,100,-550.0,0.0,SD,371300.0,1363100.0,False,0.0,09:18:06
19400.0,500,-550.0,0.0,SD,371300.0,1363000.0,False,0.0,09:18:06
19400.0,500,-550.0,0.0,SD,371300.0,1362500.0,False,0.0,09:18:06
19400.0,500,-550.0,0.0,SD,371300.0,1362000.0,False,0.0,09:18:06
19400.0,2800,-550.0,0.0,SD,371300.0,1361500.0,False,0.0,09:18:06
19400.0,100,-550.0,0.0,SD,371300.0,1358700.0,False,0.0,09:18:06
19400.0,100,-550.0,0.0,SD,371300.0,1358600.0,False,0.0,09:18:06
19400.0,900,-550.0,0.0,SD,371300.0,1358500.0,False,0.0,09:18:06
19400.0,1000,-550.0,0.0,SD,371300.0,1357600.0,False,0.0,09:18:06
19400.0,700,-550.0,0.0,SD,371300.0,1356600.0,False,0.0,09:18:06
19400.0,1800,-550.0,0.0,SD,371300.0,1355900.0,False,0.0,09:18:06
19400.0,200,-550.0,0.0,SD,371300.0,1354100.0,False,0.0,09:18:06
19400.0,300,-550.0,0.0,SD,371300.0,1353900.0,False,0.0,09:18:06
19400.0,100,-550.0,0.0,SD,371300.0,1353600.0,False,0.0,09:18:06
19400.0,500,-550.0,0.0,SD,371300.0,1353500.0,False,0.0,09:18:06
19400.0,100,-550.0,0.0,SD,371300.0,1353000.0,False,0.0,09:18:06
19400.0,200,-550.0,0.0,SD,371300.0,1352900.0,False,0.0,09:18:06
19400.0,200,-550.0,0.0,SD,371300.0,1352700.0,False,0.0,09:18:06
19400.0,400,-550.0,0.0,SD,371300.0,1352500.0,False,0.0,09:18:06
19400.0,100,-550.0,0.0,SD,371300.0,1352100.0,False,0.0,09:18:06
19400.0,2000,-550.0,0.0,SD,371300.0,1352000.0,False,0.0,09:18:06
19400.0,500,-550.0,0.0,SD,371300.0,1350000.0,False,0.0,09:18:06
19400.0,500,-550.0,0.0,SD,371300.0,1349500.0,False,0.0,09:18:06
19400.0,100,-550.0,0.0,SD,371300.0,1349000.0,False,0.0,09:18:06
19400.0,200,-550.0,0.0,SD,371300.0,1348900.0,False,0.0,09:18:06
19400.0,100,-550.0,0.0,SD,371300.0,1348700.0,False,0.0,09:18:06
19400.0,300,-550.0,0.0,SD,371300.0,1348600.0,False,-50.0,09:18:06
19450.0,1600,-500.0,0.0,BU,371300.0,1348300.0,False,0.0,09:18:06
19450.0,200,-500.0,0.0,BU,369700.0,1348300.0,False,50.0,09:18:06
19400.0,700,-550.0,0.0,SD,369500.0,1348300.0,False,0.0,09:18:06
19400.0,100,-550.0,0.0,SD,369500.0,1347600.0,False,0.0,09:18:06
19400.0,100,-550.0,0.0,SD,369500.0,1347500.0,False,0.0,09:18:06
19400.0,1000,-550.0,0.0,SD,369500.0,1347400.0,False,0.0,09:18:06
19400.0,100,-550.0,0.0,SD,369500.0,1346400.0,False,0.0,09:18:06
19400.0,2500,-550.0,0.0,SD,369500.0,1346300.0,False,0.0,09:18:06
19400.0,800,-550.0,0.0,SD,369500.0,1343800.0,False,-50.0,09:18:05
19450.0,100,-500.0,0.0,BU,369500.0,1343000.0,False,50.0,09:18:05
19400.0,1700,-550.0,0.0,SD,369400.0,1343000.0,False,0.0,09:18:05
19400.0,300,-550.0,0.0,SD,369400.0,1341300.0,False,0.0,09:18:05
19400.0,500,-550.0,0.0,SD,369400.0,1341000.0,False,-50.0,09:18:05
19450.0,100,-500.0,0.0,BU,369400.0,1340500.0,False,0.0,09:18:05
19450.0,200,-500.0,0.0,BU,369300.0,1340500.0,False,50.0,09:18:05
19400.0,5800,-550.0,0.0,SD,369100.0,1340500.0,False,-50.0,09:18:05
19450.0,100,-500.0,0.0,BU,369100.0,1334700.0,False,50.0,09:18:05
19400.0,2000,-550.0,0.0,SD,369000.0,1334700.0,False,0.0,09:18:05
19400.0,1100,-550.0,0.0,SD,369000.0,1332700.0,False,-50.0,09:18:05
19450.0,3600,-500.0,0.0,BU,369000.0,1331600.0,False,0.0,09:18:05
19450.0,1000,-500.0,0.0,BU,365400.0,1331600.0,False,0.0,09:18:05
19450.0,200,-500.0,0.0,BU,364400.0,1331600.0,False,50.0,09:18:05
19400.0,300,-550.0,0.0,SD,364200.0,1331600.0,False,0.0,09:18:04
19400.0,1000,-550.0,0.0,SD,364200.0,1331300.0,False,0.0,09:18:04
19400.0,200,-550.0,0.0,SD,364200.0,1330300.0,False,0.0,09:18:04
19400.0,1000,-550.0,0.0,SD,364200.0,1330100.0,False,0.0,09:18:03
19400.0,800,-550.0,0.0,SD,364200.0,1329100.0,False,0.0,09:18:03
19400.0,100,-550.0,0.0,SD,364200.0,1328300.0,False,0.0,09:18:03
19400.0,100,-550.0,0.0,SD,364200.0,1328200.0,False,-50.0,09:18:03
19450.0,1000,-500.0,0.0,BU,364200.0,1328100.0,False,50.0,09:18:03
19400.0,100,-550.0,0.0,SD,363200.0,1328100.0,False,0.0,09:18:02
19400.0,100,-550.0,0.0,SD,363200.0,1328000.0,False,0.0,09:18:02
19400.0,100,-550.0,0.0,SD,363200.0,1327900.0,False,0.0,09:18:02
19400.0,100,-550.0,0.0,SD,363200.0,1327800.0,False,0.0,09:18:02
19400.0,9600,-550.0,0.0,SD,363200.0,1327700.0,False,-50.0,09:18:02
19450.0,200,-500.0,0.0,BU,363200.0,1318100.0,False,0.0,09:18:02
19450.0,500,-500.0,0.0,BU,363000.0,1318100.0,False,50.0,09:18:02
19400.0,100,-550.0,0.0,SD,362500.0,1318100.0,False,0.0,09:18:01
19400.0,400,-550.0,0.0,SD,362500.0,1318000.0,False,0.0,09:18:01
19400.0,100,-550.0,0.0,SD,362500.0,1317600.0,False,0.0,09:18:01
19400.0,100,-550.0,0.0,SD,362500.0,1317500.0,False,0.0,09:18:01
19400.0,100,-550.0,0.0,SD,362500.0,1317400.0,False,0.0,09:18:01
19400.0,500,-550.0,0.0,SD,362500.0,1317300.0,False,0.0,09:18:01
19400.0,100,-550.0,0.0,SD,362500.0,1316800.0,False,0.0,09:18:01
19400.0,500,-550.0,0.0,SD,362500.0,1316700.0,False,0.0,09:18:01
19400.0,100,-550.0,0.0,SD,362500.0,1316200.0,False,0.0,09:18:01
19400.0,100,-550.0,0.0,SD,362500.0,1316100.0,False,0.0,09:18:01
19400.0,900,-550.0,0.0,SD,362500.0,1316000.0,False,-50.0,09:18:01
19450.0,1000,-500.0,0.0,BU,362500.0,1315100.0,False,0.0,09:18:01
19450.0,300,-500.0,0.0,BU,361500.0,1315100.0,False,50.0,09:18:01
19400.0,100,-550.0,0.0,SD,361200.0,1315100.0,False,0.0,09:18:00
19400.0,1000,-550.0,0.0,SD,361200.0,1315000.0,False,0.0,09:18:00
19400.0,3900,-550.0,0.0,SD,361200.0,1314000.0,False,0.0,09:18:00
19400.0,1000,-550.0,0.0,SD,361200.0,1310100.0,False,-50.0,09:18:00
19450.0,500,-500.0,0.0,BU,361200.0,1309100.0,False,0.0,09:18:00
19450.0,300,-500.0,0.0,BU,360700.0,1309100.0,False,0.0,09:18:00
19450.0,100,-500.0,0.0,BU,360400.0,1309100.0,False,0.0,09:18:00
19450.0,200,-500.0,0.0,BU,360300.0,1309100.0,False,0.0,09:17:59
19450.0,5000,-500.0,0.0,BU,360100.0,1309100.0,False,50.0,09:17:59
19400.0,100,-550.0,0.0,SD,355100.0,1309100.0,False,0.0,09:17:58
19400.0,500,-550.0,0.0,SD,355100.0,1309000.0,False,-50.0,09:17:58
19450.0,500,-500.0,0.0,BU,355100.0,1308500.0,False,0.0,09:17:58
19450.0,500,-500.0,0.0,BU,354600.0,1308500.0,False,0.0,09:17:58
19450.0,100,-500.0,0.0,BU,354100.0,1308500.0,False,50.0,09:17:58
19400.0,100,-550.0,0.0,SD,354000.0,1308500.0,False,0.0,09:17:58
19400.0,100,-550.0,0.0,SD,354000.0,1308400.0,False,0.0,09:17:58
19400.0,500,-550.0,0.0,SD,354000.0,1308300.0,False,0.0,09:17:58
19400.0,100,-550.0,0.0,SD,354000.0,1307800.0,False,0.0,09:17:58
19400.0,100,-550.0,0.0,SD,354000.0,1307700.0,False,0.0,09:17:58
19400.0,5000,-550.0,0.0,SD,354000.0,1307600.0,False,0.0,09:17:58
19400.0,400,-550.0,0.0,SD,354000.0,1302600.0,False,0.0,09:17:58
19400.0,1000,-550.0,0.0,SD,354000.0,1302200.0,False,0.0,09:17:58
19400.0,100,-550.0,0.0,SD,354000.0,1301200.0,False,0.0,09:17:58
19400.0,100,-550.0,0.0,SD,354000.0,1301100.0,False,0.0,09:17:58
19400.0,100,-550.0,0.0,SD,354000.0,1301000.0,False,0.0,09:17:58
19400.0,500,-550.0,0.0,SD,354000.0,1300900.0,False,0.0,09:17:58
19400.0,500,-550.0,0.0,SD,354000.0,1300400.0,False,0.0,09:17:58
19400.0,2000,-550.0,0.0,SD,354000.0,1299900.0,False,0.0,09:17:58
19400.0,100,-550.0,0.0,SD,354000.0,1297900.0,False,0.0,09:17:58
19400.0,200,-550.0,0.0,SD,354000.0,1297800.0,False,0.0,09:17:58
19400.0,100,-550.0,0.0,SD,354000.0,1297600.0,False,0.0,09:17:58
19400.0,500,-550.0,0.0,SD,354000.0,1297500.0,False,0.0,09:17:58
19400.0,200,-550.0,0.0,SD,354000.0,1297000.0,False,0.0,09:17:58
19400.0,100,-550.0,0.0,SD,354000.0,1296800.0,False,0.0,09:17:57
19400.0,500,-550.0,0.0,SD,354000.0,1296700.0,False,0.0,09:17:57
19400.0,500,-550.0,0.0,SD,354000.0,1296200.0,False,0.0,09:17:57
19400.0,100,-550.0,0.0,SD,354000.0,1295700.0,False,0.0,09:17:57
19400.0,300,-550.0,0.0,SD,354000.0,1295600.0,False,0.0,09:17:57
19400.0,4000,-550.0,0.0,SD,354000.0,1295300.0,False,0.0,09:17:57
19400.0,5000,-550.0,0.0,SD,354000.0,1291300.0,False,0.0,09:17:57
19400.0,200,-550.0,0.0,SD,354000.0,1286300.0,False,0.0,09:17:57
19400.0,1000,-550.0,0.0,SD,354000.0,1286100.0,False,0.0,09:17:57
19400.0,100,-550.0,0.0,SD,354000.0,1285100.0,False,0.0,09:17:57
19400.0,100,-550.0,0.0,SD,354000.0,1285000.0,False,0.0,09:17:57
19400.0,200,-550.0,0.0,SD,354000.0,1284900.0,False,0.0,09:17:57
19400.0,100,-550.0,0.0,SD,354000.0,1284700.0,False,0.0,09:17:57
19400.0,500,-550.0,0.0,SD,354000.0,1284600.0,False,0.0,09:17:57
19400.0,100,-550.0,0.0,SD,354000.0,1284100.0,False,0.0,09:17:57
19400.0,2000,-550.0,0.0,SD,354000.0,1284000.0,False,0.0,09:17:57
19400.0,200,-550.0,0.0,SD,354000.0,1282000.0,False,0.0,09:17:57
19400.0,600,-550.0,0.0,SD,354000.0,1281800.0,False,0.0,09:17:57
19400.0,7000,-550.0,0.0,SD,354000.0,1281200.0,False,0.0,09:17:57
19400.0,200,-550.0,0.0,SD,354000.0,1274200.0,False,0.0,09:17:57
19400.0,5000,-550.0,0.0,SD,354000.0,1274000.0,False,0.0,09:17:57
19400.0,200,-550.0,0.0,SD,354000.0,1269000.0,False,0.0,09:17:57
19400.0,1000,-550.0,0.0,SD,354000.0,1268800.0,False,0.0,09:17:57
19400.0,300,-550.0,0.0,SD,354000.0,1267800.0,False,0.0,09:17:57
19400.0,200,-550.0,0.0,SD,354000.0,1267500.0,False,0.0,09:17:57
19400.0,500,-550.0,0.0,SD,354000.0,1267300.0,False,0.0,09:17:57
19400.0,400,-550.0,0.0,SD,354000.0,1266800.0,False,0.0,09:17:57
19400.0,300,-550.0,0.0,SD,354000.0,1266400.0,False,0.0,09:17:57
19400.0,200,-550.0,0.0,SD,354000.0,1266100.0,False,0.0,09:17:57
19400.0,1000,-550.0,0.0,SD,354000.0,1265900.0,False,0.0,09:17:57
19400.0,100,-550.0,0.0,SD,354000.0,1264900.0,False,0.0,09:17:57
19400.0,100,-550.0,0.0,SD,354000.0,1264800.0,False,0.0,09:17:57
19400.0,100,-550.0,0.0,SD,354000.0,1264700.0,False,0.0,09:17:57
19400.0,100,-550.0,0.0,SD,354000.0,1264600.0,False,0.0,09:17:57
19400.0,5000,-550.0,0.0,SD,354000.0,1264500.0,False,0.0,09:17:57
19400.0,500,-550.0,0.0,SD,354000.0,1259500.0,False,0.0,09:17:57
19400.0,1000,-550.0,0.0,SD,354000.0,1259000.0,False,0.0,09:17:57
19400.0,200,-550.0,0.0,SD,354000.0,1258000.0,False,0.0,09:17:57
19400.0,2000,-550.0,0.0,SD,354000.0,1257800.0,False,0.0,09:17:57
19400.0,100,-550.0,0.0,SD,354000.0,1255800.0,False,0.0,09:17:57
19400.0,1000,-550.0,0.0,SD,354000.0,1255700.0,False,0.0,09:17:57
19400.0,4800,-550.0,0.0,SD,354000.0,1254700.0,False,0.0,09:17:57
19400.0,1900,-550.0,0.0,SD,354000.0,1249900.0,False,0.0,09:17:57
19400.0,1000,-550.0,0.0,SD,354000.0,1248000.0,False,0.0,09:17:57
19400.0,200,-550.0,0.0,SD,354000.0,1247000.0,False,0.0,09:17:57
19400.0,2000,-550.0,0.0,SD,354000.0,1246800.0,False,0.0,09:17:57
19400.0,2000,-550.0,0.0,SD,354000.0,1244800.0,False,0.0,09:17:57
19400.0,200,-550.0,0.0,SD,354000.0,1242800.0,False,0.0,09:17:57
19400.0,500,-550.0,0.0,SD,354000.0,1242600.0,False,0.0,09:17:57
19400.0,100,-550.0,0.0,SD,354000.0,1242100.0,False,0.0,09:17:57
19400.0,100,-550.0,0.0,SD,354000.0,1242000.0,False,0.0,09:17:57
19400.0,1000,-550.0,0.0,SD,354000.0,1241900.0,False,0.0,09:17:57
19400.0,1000,-550.0,0.0,SD,354000.0,1240900.0,False,0.0,09:17:57
19400.0,100,-550.0,0.0,SD,354000.0,1239900.0,False,0.0,09:17:57
19400.0,100,-550.0,0.0,SD,354000.0,1239800.0,False,0.0,09:17:57
19400.0,1200,-550.0,0.0,SD,354000.0,1239700.0,False,-50.0,09:17:57
19450.0,100,-500.0,0.0,BU,354000.0,1238500.0,False,0.0,09:17:57
19450.0,200,-500.0,0.0,BU,353900.0,1238500.0,False,0.0,09:17:57
19450.0,200,-500.0,0.0,BU,353700.0,1238500.0,False,50.0,09:17:57
19400.0,800,-550.0,0.0,SD,353500.0,1238500.0,False,0.0,09:17:57
19400.0,200,-550.0,0.0,SD,353500.0,1237700.0,False,-50.0,09:17:57
19450.0,300,-500.0,0.0,BU,353500.0,1237500.0,False,0.0,09:17:57
19450.0,200,-500.0,0.0,BU,353200.0,1237500.0,False,0.0,09:17:56
19450.0,200,-500.0,0.0,BU,353000.0,1237500.0,False,0.0,09:17:55
19450.0,100,-500.0,0.0,BU,352800.0,1237500.0,False,0.0,09:17:55
19450.0,500,-500.0,0.0,BU,352700.0,1237500.0,False,0.0,09:17:54
19450.0,100,-500.0,0.0,BU,352200.0,1237500.0,False,0.0,09:17:53
19450.0,100,-500.0,0.0,SD,352100.0,1237500.0,False,0.0,09:17:53
19450.0,500,-500.0,0.0,SD,352100.0,1237400.0,False,0.0,09:17:53
19450.0,100,-500.0,0.0,SD,352100.0,1236900.0,False,0.0,09:17:53
19450.0,1000,-500.0,0.0,SD,352100.0,1236800.0,False,0.0,09:17:53
19450.0,100,-500.0,0.0,SD,352100.0,1235800.0,False,0.0,09:17:53
19450.0,200,-500.0,0.0,SD,352100.0,1235700.0,False,0.0,09:17:53
19450.0,500,-500.0,0.0,SD,352100.0,1235500.0,False,0.0,09:17:53
19450.0,100,-500.0,0.0,SD,352100.0,1235000.0,False,0.0,09:17:53
19450.0,200,-500.0,0.0,SD,352100.0,1234900.0,False,0.0,09:17:53
19450.0,300,-500.0,0.0,SD,352100.0,1234700.0,False,0.0,09:17:53
19450.0,5500,-500.0,0.0,SD,352100.0,1234400.0,False,-50.0,09:17:53
19500.0,200,-450.0,0.0,BU,352100.0,1228900.0,False,50.0,09:17:53
19450.0,100,-500.0,0.0,SD,351900.0,1228900.0,False,0.0,09:17:52
19450.0,400,-500.0,0.0,SD,351900.0,1228800.0,False,0.0,09:17:52
19450.0,100,-500.0,0.0,SD,351900.0,1228400.0,False,0.0,09:17:52
19450.0,1000,-500.0,0.0,SD,351900.0,1228300.0,False,0.0,09:17:52
19450.0,1900,-500.0,0.0,SD,351900.0,1227300.0,False,0.0,09:17:52
19450.0,200,-500.0,0.0,SD,351900.0,1225400.0,False,0.0,09:17:52
19450.0,500,-500.0,0.0,SD,351900.0,1225200.0,False,0.0,09:17:52
19450.0,1400,-500.0,0.0,SD,351900.0,1224700.0,False,0.0,09:17:52
19450.0,3000,-500.0,0.0,SD,351900.0,1223300.0,False,-50.0,09:17:52
19500.0,100,-450.0,0.0,BU,351900.0,1220300.0,False,50.0,09:17:51
19450.0,600,-500.0,0.0,SD,351800.0,1220300.0,False,0.0,09:17:51
19450.0,500,-500.0,0.0,SD,351800.0,1219700.0,False,0.0,09:17:51
19450.0,300,-500.0,0.0,SD,351800.0,1219200.0,False,0.0,09:17:51
19450.0,200,-500.0,0.0,SD,351800.0,1218900.0,False,0.0,09:17:51
19450.0,100,-500.0,0.0,SD,351800.0,1218700.0,False,0.0,09:17:51
19450.0,100,-500.0,0.0,SD,351800.0,1218600.0,False,0.0,09:17:51
19450.0,4000,-500.0,0.0,SD,351800.0,1218500.0,False,0.0,09:17:51
19450.0,1000,-500.0,0.0,SD,351800.0,1214500.0,False,0.0,09:17:51
19450.0,3200,-500.0,0.0,SD,351800.0,1213500.0,False,-50.0,09:17:51
19500.0,300,-450.0,0.0,BU,351800.0,1210300.0,False,50.0,09:17:51
19450.0,2000,-500.0,0.0,SD,351500.0,1210300.0,False,0.0,09:17:51
19450.0,1000,-500.0,0.0,SD,351500.0,1208300.0,False,-50.0,09:17:51
19500.0,3000,-450.0,0.0,BU,351500.0,1207300.0,False,0.0,09:17:50
19500.0,200,-450.0,0.0,BU,348500.0,1207300.0,False,0.0,09:17:49
19500.0,100,-450.0,0.0,BU,348300.0,1207300.0,False,50.0,09:17:49
19450.0,2000,-500.0,0.0,SD,348200.0,1207300.0,False,0.0,09:17:49
19450.0,800,-500.0,0.0,SD,348200.0,1205300.0,False,0.0,09:17:49
19450.0,200,-500.0,0.0,SD,348200.0,1204500.0,False,0.0,09:17:49
19450.0,300,-500.0,0.0,SD,348200.0,1204300.0,False,0.0,09:17:49
19450.0,1000,-500.0,0.0,SD,348200.0,1204000.0,False,0.0,09:17:49
19450.0,1000,-500.0,0.0,SD,348200.0,1203000.0,False,0.0,09:17:49
19450.0,100,-500.0,0.0,SD,348200.0,1202000.0,False,0.0,09:17:49
19450.0,200,-500.0,0.0,SD,348200.0,1201900.0,False,0.0,09:17:49
19450.0,1000,-500.0,0.0,SD,348200.0,1201700.0,False,0.0,09:17:49
19450.0,100,-500.0,0.0,SD,348200.0,1200700.0,False,0.0,09:17:49
19450.0,500,-500.0,0.0,SD,348200.0,1200600.0,False,0.0,09:17:49
19450.0,100,-500.0,0.0,SD,348200.0,1200100.0,False,0.0,09:17:49
19450.0,100,-500.0,0.0,SD,348200.0,1200000.0,False,0.0,09:17:49
19450.0,200,-500.0,0.0,SD,348200.0,1199900.0,False,0.0,09:17:49
19450.0,100,-500.0,0.0,SD,348200.0,1199700.0,False,0.0,09:17:49
19450.0,200,-500.0,0.0,SD,348200.0,1199600.0,False,0.0,09:17:49
19450.0,100,-500.0,0.0,SD,348200.0,1199400.0,False,0.0,09:17:49
19450.0,1000,-500.0,0.0,SD,348200.0,1199300.0,False,0.0,09:17:49
19450.0,3300,-500.0,0.0,SD,348200.0,1198300.0,False,0.0,09:17:49
19450.0,6700,-500.0,0.0,SD,348200.0,1195000.0,False,0.0,09:17:49
19450.0,1800,-500.0,0.0,SD,348200.0,1188300.0,False,0.0,09:17:49
19450.0,100,-500.0,0.0,SD,348200.0,1186500.0,False,0.0,09:17:49
19450.0,200,-500.0,0.0,SD,348200.0,1186400.0,False,0.0,09:17:49
19450.0,100,-500.0,0.0,SD,348200.0,1186200.0,False,0.0,09:17:49
19450.0,100,-500.0,0.0,SD,348200.0,1186100.0,False,0.0,09:17:49
19450.0,100,-500.0,0.0,SD,348200.0,1186000.0,False,0.0,09:17:49
19450.0,200,-500.0,0.0,SD,348200.0,1185900.0,False,0.0,09:17:49
19450.0,200,-500.0,0.0,SD,348200.0,1185700.0,False,0.0,09:17:49
19450.0,200,-500.0,0.0,SD,348200.0,1185500.0,False,0.0,09:17:49
19450.0,400,-500.0,0.0,SD,348200.0,1185300.0,False,0.0,09:17:49
19450.0,2000,-500.0,0.0,SD,348200.0,1184900.0,False,0.0,09:17:49
19450.0,7900,-500.0,0.0,SD,348200.0,1182900.0,False,0.0,09:17:49
19450.0,100,-500.0,0.0,SD,348200.0,1175000.0,False,0.0,09:17:48
19450.0,3000,-500.0,0.0,SD,348200.0,1174900.0,False,-50.0,09:17:47
19500.0,2000,-450.0,0.0,BU,348200.0,1171900.0,False,0.0,09:17:47
19500.0,1000,-450.0,0.0,BU,346200.0,1171900.0,False,50.0,09:17:47
19450.0,800,-500.0,0.0,SD,345200.0,1171900.0,False,0.0,09:17:47
19450.0,1000,-500.0,0.0,SD,345200.0,1171100.0,False,0.0,09:17:46
19450.0,2000,-500.0,0.0,SD,345200.0,1170100.0,False,-50.0,09:17:46
19500.0,100,-450.0,0.0,BU,345200.0,1168100.0,False,50.0,09:17:46
19450.0,300,-500.0,0.0,SD,345100.0,1168100.0,False,0.0,09:17:46
19450.0,400,-500.0,0.0,SD,345100.0,1167800.0,False,-50.0,09:17:46
19500.0,1000,-450.0,0.0,BU,345100.0,1167400.0,False,50.0,09:17:46
19450.0,600,-500.0,0.0,SD,344100.0,1167400.0,False,-50.0,09:17:46
19500.0,2000,-450.0,0.0,BU,344100.0,1166800.0,False,0.0,09:17:45
19500.0,100,-450.0,0.0,BU,342100.0,1166800.0,False,50.0,09:17:45
19450.0,5100,-500.0,0.0,SD,342000.0,1166800.0,False,-50.0,09:17:45
19500.0,300,-450.0,0.0,BU,342000.0,1161700.0,False,0.0,09:17:45
19500.0,300,-450.0,0.0,BU,341700.0,1161700.0,False,50.0,09:17:45
19450.0,100,-500.0,0.0,SD,341400.0,1161700.0,False,-50.0,09:17:45
19500.0,1100,-450.0,0.0,BU,341400.0,1161600.0,False,0.0,09:17:44
19500.0,500,-450.0,0.0,BU,340300.0,1161600.0,False,0.0,09:17:43
19500.0,2000,-450.0,0.0,BU,339800.0,1161600.0,False,0.0,09:17:43
19500.0,400,-450.0,0.0,BU,337800.0,1161600.0,False,0.0,09:17:43
19500.0,100,-450.0,0.0,BU,337400.0,1161600.0,False,50.0,09:17:43
19450.0,100,-500.0,0.0,SD,337300.0,1161600.0,False,0.0,09:17:43
19450.0,2000,-500.0,0.0,SD,337300.0,1161500.0,False,0.0,09:17:42
19450.0,1000,-500.0,0.0,SD,337300.0,1159500.0,False,-50.0,09:17:42
19500.0,2500,-450.0,0.0,BU,337300.0,1158500.0,False,0.0,09:17:42
19500.0,1000,-450.0,0.0,BU,334800.0,1158500.0,False,50.0,09:17:42
19450.0,1000,-500.0,0.0,SD,333800.0,1158500.0,False,-50.0,09:17:42
19500.0,200,-450.0,0.0,BU,333800.0,1157500.0,False,50.0,09:17:40
19450.0,10000,-500.0,0.0,SD,333600.0,1157500.0,False,-50.0,09:17:40
19500.0,100,-450.0,0.0,BU,333600.0,1147500.0,False,0.0,09:17:39
19500.0,2000,-450.0,0.0,BU,333500.0,1147500.0,False,0.0,09:17:38
19500.0,100,-450.0,0.0,BU,331500.0,1147500.0,False,50.0,09:17:38
19450.0,800,-500.0,0.0,SD,331400.0,1147500.0,False,-50.0,09:17:38
19500.0,100,-450.0,0.0,BU,331400.0,1146700.0,False,50.0,09:17:38
19450.0,200,-500.0,0.0,SD,331300.0,1146700.0,False,0.0,09:17:38
19450.0,13600,-500.0,0.0,SD,331300.0,1146500.0,True,0.0,09:17:37
19450.0,500,-500.0,0.0,SD,331300.0,1132900.0,False,0.0,09:17:37
19450.0,500,-500.0,0.0,SD,331300.0,1132400.0,False,0.0,09:17:37
19450.0,1000,-500.0,0.0,SD,331300.0,1131900.0,False,0.0,09:17:37
19450.0,100,-500.0,0.0,SD,331300.0,1130900.0,False,0.0,09:17:37
19450.0,500,-500.0,0.0,SD,331300.0,1130800.0,False,0.0,09:17:37
19450.0,100,-500.0,0.0,SD,331300.0,1130300.0,False,0.0,09:17:37
19450.0,500,-500.0,0.0,SD,331300.0,1130200.0,False,0.0,09:17:37
19450.0,100,-500.0,0.0,SD,331300.0,1129700.0,False,0.0,09:17:37
19450.0,100,-500.0,0.0,SD,331300.0,1129600.0,False,0.0,09:17:37
19450.0,2000,-500.0,0.0,SD,331300.0,1129500.0,False,0.0,09:17:37
19450.0,1000,-500.0,0.0,SD,331300.0,1127500.0,False,-50.0,09:17:37
19500.0,1000,-450.0,0.0,BU,331300.0,1126500.0,False,0.0,09:17:37
19500.0,2000,-450.0,0.0,BU,330300.0,1126500.0,False,0.0,09:17:36
19500.0,1000,-450.0,0.0,BU,328300.0,1126500.0,False,0.0,09:17:36
19500.0,500,-450.0,0.0,BU,327300.0,1126500.0,False,0.0,09:17:35
19500.0,100,-450.0,0.0,BU,326800.0,1126500.0,False,0.0,09:17:35
19500.0,5000,-450.0,0.0,BU,326700.0,1126500.0,False,0.0,09:17:35
19500.0,100,-450.0,0.0,BU,321700.0,1126500.0,False,0.0,09:17:35
19500.0,1000,-450.0,0.0,BU,321600.0,1126500.0,False,0.0,09:17:34
19500.0,5000,-450.0,0.0,BU,320600.0,1126500.0,False,0.0,09:17:34
19500.0,100,-450.0,0.0,BU,315600.0,1126500.0,False,0.0,09:17:33
19500.0,500,-450.0,0.0,BU,315500.0,1126500.0,False,0.0,09:17:33
19500.0,1000,-450.0,0.0,BU,315000.0,1126500.0,False,0.0,09:17:33
19500.0,100,-450.0,0.0,BU,314000.0,1126500.0,False,0.0,09:17:32
19500.0,200,-450.0,0.0,BU,313900.0,1126500.0,False,0.0,09:17:31
19500.0,1000,-450.0,0.0,BU,313700.0,1126500.0,False,0.0,09:17:31
19500.0,500,-450.0,0.0,BU,312700.0,1126500.0,False,0.0,09:17:30
19500.0,700,-450.0,0.0,BU,312200.0,1126500.0,False,0.0,09:17:30
19500.0,100,-450.0,0.0,BU,311500.0,1126500.0,False,0.0,09:17:29
19500.0,9000,-450.0,0.0,BU,311400.0,1126500.0,False,0.0,09:17:29
19500.0,100,-450.0,0.0,BU,302400.0,1126500.0,False,0.0,09:17:29
19500.0,100,-450.0,0.0,BU,302300.0,1126500.0,False,0.0,09:17:29
19500.0,100,-450.0,0.0,BU,302200.0,1126500.0,False,0.0,09:17:29
19500.0,2700,-450.0,0.0,BU,302100.0,1126500.0,False,0.0,09:17:29
19500.0,8000,-450.0,0.0,BU,299400.0,1126500.0,False,0.0,09:17:29
19500.0,500,-450.0,0.0,BU,291400.0,1126500.0,False,0.0,09:17:29
19500.0,1000,-450.0,0.0,BU,290900.0,1126500.0,False,0.0,09:17:29
19500.0,300,-450.0,0.0,BU,289900.0,1126500.0,False,0.0,09:17:28
19500.0,1000,-450.0,0.0,BU,289600.0,1126500.0,False,0.0,09:17:28
19500.0,100,-450.0,0.0,BU,288600.0,1126500.0,False,0.0,09:17:27
19500.0,100,-450.0,0.0,BU,288500.0,1126500.0,False,0.0,09:17:27
19500.0,100,-450.0,0.0,BU,288400.0,1126500.0,False,0.0,09:17:27
19500.0,100,-450.0,0.0,BU,288300.0,1126500.0,False,0.0,09:17:27
19500.0,100,-450.0,0.0,BU,288200.0,1126500.0,False,0.0,09:17:27
19500.0,100,-450.0,0.0,BU,288100.0,1126500.0,False,0.0,09:17:27
19500.0,600,-450.0,0.0,BU,288000.0,1126500.0,False,0.0,09:17:27
19500.0,100,-450.0,0.0,BU,287400.0,1126500.0,False,0.0,09:17:27
19500.0,10000,-450.0,0.0,BU,287300.0,1126500.0,False,0.0,09:17:27
19500.0,100,-450.0,0.0,BU,277300.0,1126500.0,False,0.0,09:17:27
19500.0,100,-450.0,0.0,BU,277200.0,1126500.0,False,0.0,09:17:27
19500.0,2000,-450.0,0.0,SD,277100.0,1126500.0,False,0.0,09:17:27
19500.0,100,-450.0,0.0,SD,277100.0,1124500.0,False,0.0,09:17:27
19500.0,400,-450.0,0.0,SD,277100.0,1124400.0,False,-50.0,09:17:27
19550.0,900,-400.0,0.0,BU,277100.0,1124000.0,False,0.0,09:17:27
19550.0,500,-400.0,0.0,BU,276200.0,1124000.0,False,50.0,09:17:27
19500.0,600,-450.0,0.0,SD,275700.0,1124000.0,False,0.0,09:17:27
19500.0,100,-450.0,0.0,SD,275700.0,1123400.0,False,0.0,09:17:27
19500.0,100,-450.0,0.0,SD,275700.0,1123300.0,False,0.0,09:17:27
19500.0,200,-450.0,0.0,SD,275700.0,1123200.0,False,0.0,09:17:27
19500.0,500,-450.0,0.0,SD,275700.0,1123000.0,False,0.0,09:17:27
19500.0,100,-450.0,0.0,SD,275700.0,1122500.0,False,0.0,09:17:27
19500.0,1000,-450.0,0.0,SD,275700.0,1122400.0,False,0.0,09:17:27
19500.0,500,-450.0,0.0,SD,275700.0,1121400.0,False,0.0,09:17:27
19500.0,500,-450.0,0.0,SD,275700.0,1120900.0,False,0.0,09:17:27
19500.0,1000,-450.0,0.0,SD,275700.0,1120400.0,False,0.0,09:17:27
19500.0,100,-450.0,0.0,SD,275700.0,1119400.0,False,0.0,09:17:27
19500.0,1000,-450.0,0.0,SD,275700.0,1119300.0,False,-50.0,09:17:27
19550.0,100,-400.0,0.0,BU,275700.0,1118300.0,False,50.0,09:17:27
19500.0,200,-450.0,0.0,SD,275600.0,1118300.0,False,0.0,09:17:26
19500.0,700,-450.0,0.0,SD,275600.0,1118100.0,False,0.0,09:17:26
19500.0,100,-450.0,0.0,SD,275600.0,1117400.0,False,0.0,09:17:26
19500.0,100,-450.0,0.0,SD,275600.0,1117300.0,False,0.0,09:17:26
19500.0,200,-450.0,0.0,SD,275600.0,1117200.0,False,0.0,09:17:26
19500.0,1800,-450.0,0.0,SD,275600.0,1117000.0,False,0.0,09:17:26
19500.0,500,-450.0,0.0,SD,275600.0,1115200.0,False,0.0,09:17:26
19500.0,400,-450.0,0.0,SD,275600.0,1114700.0,False,0.0,09:17:26
19500.0,3000,-450.0,0.0,SD,275600.0,1114300.0,False,0.0,09:17:26
19500.0,100,-450.0,0.0,SD,275600.0,1111300.0,False,0.0,09:17:26
19500.0,300,-450.0,0.0,SD,275600.0,1111200.0,False,0.0,09:17:26
19500.0,500,-450.0,0.0,SD,275600.0,1110900.0,False,0.0,09:17:26
19500.0,2000,-450.0,0.0,SD,275600.0,1110400.0,False,0.0,09:17:26
19500.0,100,-450.0,0.0,SD,275600.0,1108400.0,False,0.0,09:17:26
19500.0,1000,-450.0,0.0,SD,275600.0,1108300.0,False,0.0,09:17:26
19500.0,300,-450.0,0.0,SD,275600.0,1107300.0,False,0.0,09:17:26
19500.0,3000,-450.0,0.0,SD,275600.0,1107000.0,False,0.0,09:17:26
19500.0,100,-450.0,0.0,SD,275600.0,1104000.0,False,0.0,09:17:26
19500.0,100,-450.0,0.0,SD,275600.0,1103900.0,False,0.0,09:17:26
19500.0,100,-450.0,0.0,SD,275600.0,1103800.0,False,0.0,09:17:26
19500.0,100,-450.0,0.0,SD,275600.0,1103700.0,False,0.0,09:17:26
19500.0,200,-450.0,0.0,SD,275600.0,1103600.0,False,0.0,09:17:26
19500.0,200,-450.0,0.0,SD,275600.0,1103400.0,False,0.0,09:17:26
19500.0,500,-450.0,0.0,SD,275600.0,1103200.0,False,0.0,09:17:26
19500.0,1500,-450.0,0.0,SD,275600.0,1102700.0,False,0.0,09:17:26
19500.0,1000,-450.0,0.0,SD,275600.0,1101200.0,False,0.0,09:17:26
19500.0,300,-450.0,0.0,SD,275600.0,1100200.0,False,0.0,09:17:26
19500.0,5000,-450.0,0.0,SD,275600.0,1099900.0,False,0.0,09:17:26
19500.0,200,-450.0,0.0,SD,275600.0,1094900.0,False,0.0,09:17:26
19500.0,200,-450.0,0.0,SD,275600.0,1094700.0,False,0.0,09:17:26
19500.0,200,-450.0,0.0,SD,275600.0,1094500.0,False,0.0,09:17:26
19500.0,1000,-450.0,0.0,SD,275600.0,1094300.0,False,0.0,09:17:26
19500.0,100,-450.0,0.0,SD,275600.0,1093300.0,False,0.0,09:17:26
19500.0,1900,-450.0,0.0,SD,275600.0,1093200.0,False,0.0,09:17:26
19500.0,2900,-450.0,0.0,SD,275600.0,1091300.0,False,0.0,09:17:26
19500.0,200,-450.0,0.0,SD,275600.0,1088400.0,False,0.0,09:17:26
19500.0,1000,-450.0,0.0,SD,275600.0,1088200.0,False,0.0,09:17:26
19500.0,500,-450.0,0.0,SD,275600.0,1087200.0,False,0.0,09:17:26
19500.0,100,-450.0,0.0,SD,275600.0,1086700.0,False,0.0,09:17:26
19500.0,100,-450.0,0.0,SD,275600.0,1086600.0,False,0.0,09:17:26
19500.0,1000,-450.0,0.0,SD,275600.0,1086500.0,False,0.0,09:17:26
19500.0,1000,-450.0,0.0,SD,275600.0,1085500.0,False,0.0,09:17:26
19500.0,200,-450.0,0.0,SD,275600.0,1084500.0,False,0.0,09:17:26
19500.0,300,-450.0,0.0,SD,275600.0,1084300.0,False,0.0,09:17:26
19500.0,600,-450.0,0.0,SD,275600.0,1084000.0,False,-50.0,09:17:26
19550.0,400,-400.0,0.0,BU,275600.0,1083400.0,False,0.0,09:17:25
19550.0,1000,-400.0,0.0,BU,275200.0,1083400.0,False,50.0,09:17:25
19500.0,1000,-450.0,0.0,SD,274200.0,1083400.0,False,0.0,09:17:25
19500.0,400,-450.0,0.0,SD,274200.0,1082400.0,False,0.0,09:17:25
19500.0,500,-450.0,0.0,SD,274200.0,1082000.0,False,0.0,09:17:25
19500.0,100,-450.0,0.0,SD,274200.0,1081500.0,False,0.0,09:17:25
19500.0,1000,-450.0,0.0,SD,274200.0,1081400.0,False,0.0,09:17:25
19500.0,100,-450.0,0.0,SD,274200.0,1080400.0,False,0.0,09:17:25
19500.0,500,-450.0,0.0,SD,274200.0,1080300.0,False,0.0,09:17:25
19500.0,2000,-450.0,0.0,SD,274200.0,1079800.0,False,0.0,09:17:25
19500.0,600,-450.0,0.0,SD,274200.0,1077800.0,False,0.0,09:17:25
19500.0,700,-450.0,0.0,SD,274200.0,1077200.0,False,0.0,09:17:25
19500.0,100,-450.0,0.0,SD,274200.0,1076500.0,False,0.0,09:17:25
19500.0,1000,-450.0,0.0,SD,274200.0,1076400.0,False,0.0,09:17:25
19500.0,100,-450.0,0.0,SD,274200.0,1075400.0,False,0.0,09:17:25
19500.0,500,-450.0,0.0,SD,274200.0,1075300.0,False,0.0,09:17:25
19500.0,1000,-450.0,0.0,SD,274200.0,1074800.0,False,0.0,09:17:25
19500.0,300,-450.0,0.0,SD,274200.0,1073800.0,False,0.0,09:17:25
19500.0,100,-450.0,0.0,SD,274200.0,1073500.0,False,0.0,09:17:25
19500.0,1900,-450.0,0.0,SD,274200.0,1073400.0,False,0.0,09:17:25
19500.0,500,-450.0,0.0,SD,274200.0,1071500.0,False,0.0,09:17:25
19500.0,100,-450.0,0.0,SD,274200.0,1071000.0,False,0.0,09:17:25
19500.0,100,-450.0,0.0,SD,274200.0,1070900.0,False,0.0,09:17:25
19500.0,500,-450.0,0.0,SD,274200.0,1070800.0,False,0.0,09:17:25
19500.0,300,-450.0,0.0,SD,274200.0,1070300.0,False,0.0,09:17:25
19500.0,100,-450.0,0.0,SD,274200.0,1070000.0,False,0.0,09:17:25
19500.0,100,-450.0,0.0,SD,274200.0,1069900.0,False,0.0,09:17:25
19500.0,100,-450.0,0.0,SD,274200.0,1069800.0,False,0.0,09:17:25
19500.0,500,-450.0,0.0,SD,274200.0,1069700.0,False,0.0,09:17:25
19500.0,200,-450.0,0.0,SD,274200.0,1069200.0,False,0.0,09:17:25
19500.0,1000,-450.0,0.0,SD,274200.0,1069000.0,False,0.0,09:17:25
19500.0,1000,-450.0,0.0,SD,274200.0,1068000.0,False,0.0,09:17:25
19500.0,2000,-450.0,0.0,SD,274200.0,1067000.0,False,0.0,09:17:25
19500.0,200,-450.0,0.0,SD,274200.0,1065000.0,False,0.0,09:17:25
19500.0,2000,-450.0,0.0,SD,274200.0,1064800.0,False,0.0,09:17:25
19500.0,1000,-450.0,0.0,SD,274200.0,1062800.0,False,0.0,09:17:25
19500.0,800,-450.0,0.0,SD,274200.0,1061800.0,False,0.0,09:17:25
19500.0,100,-450.0,0.0,SD,274200.0,1061000.0,False,0.0,09:17:25
19500.0,500,-450.0,0.0,SD,274200.0,1060900.0,False,0.0,09:17:25
19500.0,2000,-450.0,0.0,SD,274200.0,1060400.0,False,0.0,09:17:25
19500.0,2000,-450.0,0.0,SD,274200.0,1058400.0,False,0.0,09:17:25
19500.0,100,-450.0,0.0,SD,274200.0,1056400.0,False,0.0,09:17:25
19500.0,200,-450.0,0.0,SD,274200.0,1056300.0,False,0.0,09:17:25
19500.0,4000,-450.0,0.0,SD,274200.0,1056100.0,False,0.0,09:17:25
19500.0,5000,-450.0,0.0,SD,274200.0,1052100.0,False,0.0,09:17:25
19500.0,200,-450.0,0.0,SD,274200.0,1047100.0,False,0.0,09:17:25
19500.0,100,-450.0,0.0,SD,274200.0,1046900.0,False,0.0,09:17:25
19500.0,200,-450.0,0.0,SD,274200.0,1046800.0,False,0.0,09:17:25
19500.0,5000,-450.0,0.0,SD,274200.0,1046600.0,False,0.0,09:17:25
19500.0,900,-450.0,0.0,SD,274200.0,1041600.0,False,0.0,09:17:25
19500.0,100,-450.0,0.0,SD,274200.0,1040700.0,False,0.0,09:17:25
19500.0,1000,-450.0,0.0,SD,274200.0,1040600.0,False,0.0,09:17:25
19500.0,500,-450.0,0.0,SD,274200.0,1039600.0,False,0.0,09:17:25
19500.0,1000,-450.0,0.0,SD,274200.0,1039100.0,False,0.0,09:17:25
19500.0,200,-450.0,0.0,SD,274200.0,1038100.0,False,0.0,09:17:25
19500.0,100,-450.0,0.0,SD,274200.0,1037900.0,False,0.0,09:17:25
19500.0,100,-450.0,0.0,SD,274200.0,1037800.0,False,0.0,09:17:25
19500.0,2000,-450.0,0.0,SD,274200.0,1037700.0,False,0.0,09:17:25
19500.0,500,-450.0,0.0,SD,274200.0,1035700.0,False,0.0,09:17:25
19500.0,4000,-450.0,0.0,SD,274200.0,1035200.0,False,0.0,09:17:25
19500.0,1000,-450.0,0.0,SD,274200.0,1031200.0,False,0.0,09:17:25
19500.0,500,-450.0,0.0,SD,274200.0,1030200.0,False,0.0,09:17:25
19500.0,100,-450.0,0.0,SD,274200.0,1029700.0,False,0.0,09:17:25
19500.0,1200,-450.0,0.0,SD,274200.0,1029600.0,False,0.0,09:17:25
19500.0,2300,-450.0,0.0,SD,274200.0,1028400.0,False,0.0,09:17:25
19500.0,2000,-450.0,0.0,SD,274200.0,1026100.0,False,0.0,09:17:25
19500.0,200,-450.0,0.0,SD,274200.0,1024100.0,False,0.0,09:17:25
19500.0,100,-450.0,0.0,SD,274200.0,1023900.0,False,0.0,09:17:25
19500.0,4000,-450.0,0.0,SD,274200.0,1023800.0,False,0.0,09:17:25
19500.0,500,-450.0,0.0,SD,274200.0,1019800.0,False,0.0,09:17:25
19500.0,500,-450.0,0.0,SD,274200.0,1019300.0,False,0.0,09:17:25
19500.0,2000,-450.0,0.0,SD,274200.0,1018800.0,False,0.0,09:17:25
19500.0,100,-450.0,0.0,SD,274200.0,1016800.0,False,0.0,09:17:25
19500.0,1000,-450.0,0.0,SD,274200.0,1016700.0,False,0.0,09:17:25
19500.0,500,-450.0,0.0,SD,274200.0,1015700.0,False,0.0,09:17:25
19500.0,500,-450.0,0.0,SD,274200.0,1015200.0,False,0.0,09:17:25
19500.0,200,-450.0,0.0,SD,274200.0,1014700.0,False,0.0,09:17:25
19500.0,1000,-450.0,0.0,SD,274200.0,1014500.0,False,0.0,09:17:25
19500.0,100,-450.0,0.0,SD,274200.0,1013500.0,False,0.0,09:17:25
19500.0,1000,-450.0,0.0,SD,274200.0,1013400.0,False,0.0,09:17:25
19500.0,5000,-450.0,0.0,SD,274200.0,1012400.0,False,0.0,09:17:25
19500.0,100,-450.0,0.0,SD,274200.0,1007400.0,False,0.0,09:17:25
19500.0,200,-450.0,0.0,SD,274200.0,1007300.0,False,0.0,09:17:25
19500.0,500,-450.0,0.0,SD,274200.0,1007100.0,False,0.0,09:17:25
19500.0,100,-450.0,0.0,SD,274200.0,1006600.0,False,0.0,09:17:25
19500.0,100,-450.0,0.0,SD,274200.0,1006500.0,False,0.0,09:17:25
19500.0,2500,-450.0,0.0,SD,274200.0,1006400.0,False,0.0,09:17:25
19500.0,300,-450.0,0.0,SD,274200.0,1003900.0,False,0.0,09:17:25
19500.0,100,-450.0,0.0,SD,274200.0,1003600.0,False,0.0,09:17:25
19500.0,200,-450.0,0.0,SD,274200.0,1003500.0,False,0.0,09:17:25
19500.0,100,-450.0,0.0,SD,274200.0,1003300.0,False,0.0,09:17:25
19500.0,2000,-450.0,0.0,SD,274200.0,1003200.0,False,0.0,09:17:24
19500.0,500,-450.0,0.0,SD,274200.0,1001200.0,False,0.0,09:17:24
19500.0,200,-450.0,0.0,SD,274200.0,1000700.0,False,0.0,09:17:24
19500.0,500,-450.0,0.0,SD,274200.0,1000500.0,False,0.0,09:17:24
19500.0,500,-450.0,0.0,SD,274200.0,1000000.0,False,0.0,09:17:24
19500.0,100,-450.0,0.0,SD,274200.0,999500.0,False,0.0,09:17:24
19500.0,100,-450.0,0.0,SD,274200.0,999400.0,False,0.0,09:17:24
19500.0,200,-450.0,0.0,SD,274200.0,999300.0,False,0.0,09:17:24
19500.0,1000,-450.0,0.0,SD,274200.0,999100.0,False,0.0,09:17:24
19500.0,200,-450.0,0.0,SD,274200.0,998100.0,False,0.0,09:17:24
19500.0,2000,-450.0,0.0,SD,274200.0,997900.0,False,0.0,09:17:24
19500.0,3000,-450.0,0.0,SD,274200.0,995900.0,False,0.0,09:17:24
19500.0,500,-450.0,0.0,SD,274200.0,992900.0,False,0.0,09:17:24
19500.0,200,-450.0,0.0,SD,274200.0,992400.0,False,0.0,09:17:24
19500.0,1000,-450.0,0.0,SD,274200.0,992200.0,False,0.0,09:17:24
19500.0,200,-450.0,0.0,SD,274200.0,991200.0,False,0.0,09:17:24
19500.0,100,-450.0,0.0,SD,274200.0,991000.0,False,0.0,09:17:24
19500.0,200,-450.0,0.0,SD,274200.0,990900.0,False,0.0,09:17:24
19500.0,2000,-450.0,0.0,SD,274200.0,990700.0,False,0.0,09:17:24
19500.0,1000,-450.0,0.0,SD,274200.0,988700.0,False,0.0,09:17:24
19500.0,200,-450.0,0.0,SD,274200.0,987700.0,False,0.0,09:17:24
19500.0,1000,-450.0,0.0,SD,274200.0,987500.0,False,0.0,09:17:24
19500.0,100,-450.0,0.0,SD,274200.0,986500.0,False,0.0,09:17:24
19500.0,100,-450.0,0.0,SD,274200.0,986400.0,False,0.0,09:17:24
19500.0,500,-450.0,0.0,SD,274200.0,986300.0,False,0.0,09:17:24
19500.0,1000,-450.0,0.0,SD,274200.0,985800.0,False,0.0,09:17:24
19500.0,1000,-450.0,0.0,SD,274200.0,984800.0,False,0.0,09:17:24
19500.0,500,-450.0,0.0,SD,274200.0,983800.0,False,0.0,09:17:24
19500.0,100,-450.0,0.0,SD,274200.0,983300.0,False,0.0,09:17:24
19500.0,1000,-450.0,0.0,SD,274200.0,983200.0,False,0.0,09:17:24
19500.0,100,-450.0,0.0,SD,274200.0,982200.0,False,0.0,09:17:24
19500.0,100,-450.0,0.0,SD,274200.0,982100.0,False,0.0,09:17:24
19500.0,200,-450.0,0.0,SD,274200.0,982000.0,False,0.0,09:17:24
19500.0,200,-450.0,0.0,SD,274200.0,981800.0,False,0.0,09:17:24
19500.0,100,-450.0,0.0,SD,274200.0,981600.0,False,0.0,09:17:24
19500.0,100,-450.0,0.0,SD,274200.0,981500.0,False,0.0,09:17:24
19500.0,3000,-450.0,0.0,SD,274200.0,981400.0,False,0.0,09:17:24
19500.0,28000,-450.0,0.0,SD,274200.0,978400.0,True,0.0,09:17:24
19500.0,1000,-450.0,0.0,SD,274200.0,950400.0,False,0.0,09:17:24
19500.0,8000,-450.0,0.0,SD,274200.0,949400.0,False,0.0,09:17:24
19500.0,500,-450.0,0.0,SD,274200.0,941400.0,False,0.0,09:17:24
19500.0,400,-450.0,0.0,SD,274200.0,940900.0,False,0.0,09:17:24
19500.0,1000,-450.0,0.0,SD,274200.0,940500.0,False,0.0,09:17:24
19500.0,300,-450.0,0.0,SD,274200.0,939500.0,False,0.0,09:17:24
19500.0,1000,-450.0,0.0,SD,274200.0,939200.0,False,0.0,09:17:24
19500.0,1000,-450.0,0.0,SD,274200.0,938200.0,False,0.0,09:17:24
19500.0,2000,-450.0,0.0,SD,274200.0,937200.0,False,0.0,09:17:24
19500.0,300,-450.0,0.0,SD,274200.0,935200.0,False,0.0,09:17:24
19500.0,500,-450.0,0.0,SD,274200.0,934900.0,False,0.0,09:17:24
19500.0,1600,-450.0,0.0,SD,274200.0,934400.0,False,0.0,09:17:24
19500.0,1000,-450.0,0.0,SD,274200.0,932800.0,False,0.0,09:17:24
19500.0,3000,-450.0,0.0,SD,274200.0,931800.0,False,0.0,09:17:24
19500.0,5000,-450.0,0.0,SD,274200.0,928800.0,False,0.0,09:17:24
19500.0,300,-450.0,0.0,SD,274200.0,923800.0,False,0.0,09:17:24
19500.0,600,-450.0,0.0,SD,274200.0,923500.0,False,0.0,09:17:24
19500.0,2300,-450.0,0.0,SD,274200.0,922900.0,False,0.0,09:17:24
19500.0,200,-450.0,0.0,SD,274200.0,920600.0,False,0.0,09:17:24
19500.0,2000,-450.0,0.0,SD,274200.0,920400.0,False,0.0,09:17:24
19500.0,26000,-450.0,0.0,SD,274200.0,918400.0,True,0.0,09:17:24
19500.0,4000,-450.0,0.0,SD,274200.0,892400.0,False,0.0,09:17:24
19500.0,1000,-450.0,0.0,SD,274200.0,888400.0,False,-50.0,09:17:24
19550.0,1600,-400.0,0.0,BU,274200.0,887400.0,False,0.0,09:17:23
19550.0,400,-400.0,0.0,BU,272600.0,887400.0,False,0.0,09:17:23
19550.0,500,-400.0,0.0,BU,272200.0,887400.0,False,0.0,09:17:22
19550.0,1000,-400.0,0.0,BU,271700.0,887400.0,False,0.0,09:17:22
19550.0,300,-400.0,0.0,BU,270700.0,887400.0,False,0.0,09:17:21
19550.0,100,-400.0,0.0,BU,270400.0,887400.0,False,50.0,09:17:20
19500.0,1000,-450.0,0.0,SD,270300.0,887400.0,False,0.0,09:17:20
19500.0,200,-450.0,0.0,SD,270300.0,886400.0,False,0.0,09:17:20
19500.0,200,-450.0,0.0,SD,270300.0,886200.0,False,0.0,09:17:20
19500.0,5000,-450.0,0.0,SD,270300.0,886000.0,False,0.0,09:17:20
19500.0,100,-450.0,0.0,SD,270300.0,881000.0,False,0.0,09:17:20
19500.0,100,-450.0,0.0,SD,270300.0,880900.0,False,0.0,09:17:20
19500.0,400,-450.0,0.0,SD,270300.0,880800.0,False,0.0,09:17:20
19500.0,5000,-450.0,0.0,SD,270300.0,880400.0,False,0.0,09:17:20
19500.0,100,-450.0,0.0,SD,270300.0,875400.0,False,0.0,09:17:20
19500.0,1000,-450.0,0.0,SD,270300.0,875300.0,False,0.0,09:17:20
19500.0,200,-450.0,0.0,SD,270300.0,874300.0,False,0.0,09:17:20
19500.0,16700,-450.0,0.0,SD,270300.0,874100.0,True,-50.0,09:17:20
19550.0,100,-400.0,0.0,BU,270300.0,857400.0,False,50.0,09:17:20
19500.0,300,-450.0,0.0,SD,270200.0,857400.0,False,0.0,09:17:20
19500.0,10000,-450.0,0.0,SD,270200.0,857100.0,False,-50.0,09:17:19
19550.0,400,-400.0,0.0,BU,270200.0,847100.0,False,0.0,09:17:18
19550.0,100,-400.0,0.0,BU,269800.0,847100.0,False,50.0,09:17:17
19500.0,200,-450.0,0.0,SD,269700.0,847100.0,False,0.0,09:17:17
19500.0,2800,-450.0,0.0,SD,269700.0,846900.0,False,0.0,09:17:17
19500.0,1000,-450.0,0.0,SD,269700.0,844100.0,False,0.0,09:17:17
19500.0,100,-450.0,0.0,SD,269700.0,843100.0,False,0.0,09:17:17
19500.0,3000,-450.0,0.0,SD,269700.0,843000.0,False,0.0,09:17:17
19500.0,100,-450.0,0.0,SD,269700.0,840000.0,False,-50.0,09:17:17
19550.0,200,-400.0,0.0,BU,269700.0,839900.0,False,0.0,09:17:17
19550.0,1000,-400.0,0.0,BU,269500.0,839900.0,False,0.0,09:17:17
19550.0,300,-400.0,0.0,BU,268500.0,839900.0,False,0.0,09:17:17
19550.0,600,-400.0,0.0,BU,268200.0,839900.0,False,0.0,09:17:17
19550.0,200,-400.0,0.0,BU,267600.0,839900.0,False,0.0,09:17:17
19550.0,200,-400.0,0.0,BU,267400.0,839900.0,False,50.0,09:17:17
19500.0,100,-450.0,0.0,SD,267200.0,839900.0,False,-50.0,09:17:16
19550.0,100,-400.0,0.0,BU,267200.0,839800.0,False,0.0,09:17:16
19550.0,200,-400.0,0.0,BU,267100.0,839800.0,False,0.0,09:17:16
19550.0,300,-400.0,0.0,BU,266900.0,839800.0,False,0.0,09:17:16
19550.0,1300,-400.0,0.0,BU,266600.0,839800.0,False,0.0,09:17:14
19550.0,3000,-400.0,0.0,BU,265300.0,839800.0,False,0.0,09:17:14
19550.0,1800,-400.0,0.0,BU,262300.0,839800.0,False,0.0,09:17:14
19550.0,300,-400.0,0.0,BU,260500.0,839800.0,False,0.0,09:17:14
19550.0,2000,-400.0,0.0,BU,260200.0,839800.0,False,0.0,09:17:14
19550.0,1200,-400.0,0.0,BU,258200.0,839800.0,False,0.0,09:17:14
19550.0,1100,-400.0,0.0,BU,257000.0,839800.0,False,0.0,09:17:14
19550.0,5000,-400.0,0.0,BU,255900.0,839800.0,False,0.0,09:17:14
19550.0,100,-400.0,0.0,BU,250900.0,839800.0,False,0.0,09:17:14
19550.0,200,-400.0,0.0,BU,250800.0,839800.0,False,0.0,09:17:14
19550.0,500,-400.0,0.0,BU,250600.0,839800.0,False,0.0,09:17:14
19550.0,8500,-400.0,0.0,BU,250100.0,839800.0,False,0.0,09:17:14
19550.0,500,-400.0,0.0,BU,241600.0,839800.0,False,0.0,09:17:13
19550.0,2000,-400.0,0.0,BU,241100.0,839800.0,False,0.0,09:17:13
19550.0,500,-400.0,0.0,BU,239100.0,839800.0,False,0.0,09:17:13
19550.0,100,-400.0,0.0,BU,238600.0,839800.0,False,50.0,09:17:12
19500.0,400,-450.0,0.0,SD,238500.0,839800.0,False,-50.0,09:17:12
19550.0,5000,-400.0,0.0,BU,238500.0,839400.0,False,0.0,09:17:11
19550.0,1500,-400.0,0.0,BU,233500.0,839400.0,False,0.0,09:17:11
19550.0,500,-400.0,0.0,BU,232000.0,839400.0,False,50.0,09:17:11
19500.0,4400,-450.0,0.0,SD,231500.0,839400.0,False,0.0,09:17:11
19500.0,1000,-450.0,0.0,SD,231500.0,835000.0,False,0.0,09:17:11
19500.0,100,-450.0,0.0,SD,231500.0,834000.0,False,0.0,09:17:11
19500.0,100,-450.0,0.0,SD,231500.0,833900.0,False,0.0,09:17:11
19500.0,100,-450.0,0.0,SD,231500.0,833800.0,False,0.0,09:17:11
19500.0,500,-450.0,0.0,SD,231500.0,833700.0,False,0.0,09:17:11
19500.0,10000,-450.0,0.0,SD,231500.0,833200.0,False,0.0,09:17:11
19500.0,5000,-450.0,0.0,SD,231500.0,823200.0,False,0.0,09:17:11
19500.0,5000,-450.0,0.0,SD,231500.0,818200.0,False,0.0,09:17:11
19500.0,100,-450.0,0.0,SD,231500.0,813200.0,False,0.0,09:17:10
19500.0,500,-450.0,0.0,SD,231500.0,813100.0,False,0.0,09:17:10
19500.0,300,-450.0,0.0,SD,231500.0,812600.0,False,0.0,09:17:10
19500.0,1000,-450.0,0.0,SD,231500.0,812300.0,False,0.0,09:17:10
19500.0,500,-450.0,0.0,SD,231500.0,811300.0,False,0.0,09:17:10
19500.0,100,-450.0,0.0,SD,231500.0,810800.0,False,0.0,09:17:10
19500.0,200,-450.0,0.0,SD,231500.0,810700.0,False,0.0,09:17:10
19500.0,1000,-450.0,0.0,SD,231500.0,810500.0,False,0.0,09:17:10
19500.0,800,-450.0,0.0,SD,231500.0,809500.0,False,0.0,09:17:10
19500.0,200,-450.0,0.0,SD,231500.0,808700.0,False,0.0,09:17:10
19500.0,200,-450.0,0.0,SD,231500.0,808500.0,False,0.0,09:17:10
19500.0,1000,-450.0,0.0,SD,231500.0,808300.0,False,0.0,09:17:10
19500.0,100,-450.0,0.0,SD,231500.0,807300.0,False,-50.0,09:17:10
19550.0,100,-400.0,0.0,BU,231500.0,807200.0,False,50.0,09:17:10
19500.0,7800,-450.0,0.0,SD,231400.0,807200.0,False,-50.0,09:17:10
19550.0,5000,-400.0,0.0,BU,231400.0,799400.0,False,0.0,09:17:09
19550.0,400,-400.0,0.0,BU,226400.0,799400.0,False,0.0,09:17:09
19550.0,100,-400.0,0.0,BU,226000.0,799400.0,False,0.0,09:17:09
19550.0,100,-400.0,0.0,BU,225900.0,799400.0,False,0.0,09:17:08
19550.0,400,-400.0,0.0,BU,225800.0,799400.0,False,50.0,09:17:08
19500.0,300,-450.0,0.0,SD,225400.0,799400.0,False,-50.0,09:17:07
19550.0,100,-400.0,0.0,BU,225400.0,799100.0,False,0.0,09:17:07
19550.0,100,-400.0,0.0,BU,225300.0,799100.0,False,0.0,09:17:07
19550.0,1400,-400.0,0.0,BU,225200.0,799100.0,False,0.0,09:17:07
19550.0,400,-400.0,0.0,BU,223800.0,799100.0,False,0.0,09:17:07
19550.0,500,-400.0,0.0,BU,223400.0,799100.0,False,50.0,09:17:06
19500.0,21900,-450.0,0.0,SD,222900.0,799100.0,True,0.0,09:17:06
19500.0,1000,-450.0,0.0,SD,222900.0,777200.0,False,0.0,09:17:06
19500.0,2000,-450.0,0.0,SD,222900.0,776200.0,False,0.0,09:17:06
19500.0,300,-450.0,0.0,SD,222900.0,774200.0,False,0.0,09:17:06
19500.0,100,-450.0,0.0,SD,222900.0,773900.0,False,0.0,09:17:06
19500.0,100000,-450.0,0.0,SD,222900.0,773800.0,True,0.0,09:17:06
19500.0,500,-450.0,0.0,SD,222900.0,673800.0,False,0.0,09:17:06
19500.0,2000,-450.0,0.0,SD,222900.0,673300.0,False,0.0,09:17:06
19500.0,400,-450.0,0.0,SD,222900.0,671300.0,False,0.0,09:17:06
19500.0,100,-450.0,0.0,SD,222900.0,670900.0,False,0.0,09:17:06
19500.0,200,-450.0,0.0,SD,222900.0,670800.0,False,0.0,09:17:06
19500.0,2000,-450.0,0.0,SD,222900.0,670600.0,False,0.0,09:17:06
19500.0,200,-450.0,0.0,SD,222900.0,668600.0,False,0.0,09:17:06
19500.0,100,-450.0,0.0,SD,222900.0,668400.0,False,0.0,09:17:06
19500.0,300,-450.0,0.0,SD,222900.0,668300.0,False,0.0,09:17:06
19500.0,500,-450.0,0.0,SD,222900.0,668000.0,False,0.0,09:17:06
19500.0,500,-450.0,0.0,SD,222900.0,667500.0,False,0.0,09:17:06
19500.0,1000,-450.0,0.0,SD,222900.0,667000.0,False,0.0,09:17:06
19500.0,100,-450.0,0.0,SD,222900.0,666000.0,False,0.0,09:17:06
19500.0,500,-450.0,0.0,SD,222900.0,665900.0,False,0.0,09:17:06
19500.0,300,-450.0,0.0,SD,222900.0,665400.0,False,0.0,09:17:06
19500.0,500,-450.0,0.0,SD,222900.0,665100.0,False,0.0,09:17:06
19500.0,200,-450.0,0.0,SD,222900.0,664600.0,False,0.0,09:17:06
19500.0,1000,-450.0,0.0,SD,222900.0,664400.0,False,0.0,09:17:06
19500.0,500,-450.0,0.0,SD,222900.0,663400.0,False,0.0,09:17:06
19500.0,1000,-450.0,0.0,SD,222900.0,662900.0,False,0.0,09:17:06
19500.0,100,-450.0,0.0,SD,222900.0,661900.0,False,0.0,09:17:06
19500.0,600,-450.0,0.0,SD,222900.0,661800.0,False,0.0,09:17:06
19500.0,200,-450.0,0.0,SD,222900.0,661200.0,False,0.0,09:17:06
19500.0,500,-450.0,0.0,SD,222900.0,661000.0,False,0.0,09:17:06
19500.0,300,-450.0,0.0,SD,222900.0,660500.0,False,0.0,09:17:06
19500.0,500,-450.0,0.0,SD,222900.0,660200.0,False,0.0,09:17:06
19500.0,500,-450.0,0.0,SD,222900.0,659700.0,False,0.0,09:17:06
19500.0,500,-450.0,0.0,SD,222900.0,659200.0,False,0.0,09:17:06
19500.0,1000,-450.0,0.0,SD,222900.0,658700.0,False,0.0,09:17:06
19500.0,1500,-450.0,0.0,SD,222900.0,657700.0,False,0.0,09:17:06
19500.0,10000,-450.0,0.0,SD,222900.0,656200.0,False,0.0,09:17:06
19500.0,100,-450.0,0.0,SD,222900.0,646200.0,False,0.0,09:17:06
19500.0,500,-450.0,0.0,SD,222900.0,646100.0,False,0.0,09:17:06
19500.0,100,-450.0,0.0,SD,222900.0,645600.0,False,0.0,09:17:06
19500.0,1000,-450.0,0.0,SD,222900.0,645500.0,False,0.0,09:17:06
19500.0,100,-450.0,0.0,SD,222900.0,644500.0,False,0.0,09:17:06
19500.0,500,-450.0,0.0,SD,222900.0,644400.0,False,0.0,09:17:06
19500.0,200,-450.0,0.0,SD,222900.0,643900.0,False,0.0,09:17:06
19500.0,100,-450.0,0.0,SD,222900.0,643700.0,False,0.0,09:17:06
19500.0,900,-450.0,0.0,SD,222900.0,643600.0,False,0.0,09:17:06
19500.0,100,-450.0,0.0,SD,222900.0,642700.0,False,0.0,09:17:06
19500.0,500,-450.0,0.0,SD,222900.0,642600.0,False,0.0,09:17:06
19500.0,200,-450.0,0.0,SD,222900.0,642100.0,False,0.0,09:17:06
19500.0,200,-450.0,0.0,SD,222900.0,641900.0,False,0.0,09:17:06
19500.0,100,-450.0,0.0,SD,222900.0,641700.0,False,0.0,09:17:06
19500.0,300,-450.0,0.0,SD,222900.0,641600.0,False,0.0,09:17:06
19500.0,200,-450.0,0.0,SD,222900.0,641300.0,False,0.0,09:17:06
19500.0,2000,-450.0,0.0,SD,222900.0,641100.0,False,0.0,09:17:06
19500.0,1000,-450.0,0.0,SD,222900.0,639100.0,False,0.0,09:17:06
19500.0,400,-450.0,0.0,SD,222900.0,638100.0,False,0.0,09:17:06
19500.0,500,-450.0,0.0,SD,222900.0,637700.0,False,0.0,09:17:06
19500.0,500,-450.0,0.0,SD,222900.0,637200.0,False,0.0,09:17:06
19500.0,2000,-450.0,0.0,SD,222900.0,636700.0,False,0.0,09:17:06
19500.0,300,-450.0,0.0,SD,222900.0,634700.0,False,0.0,09:17:06
19500.0,2800,-450.0,0.0,SD,222900.0,634400.0,False,0.0,09:17:06
19500.0,4300,-450.0,0.0,SD,222900.0,631600.0,False,0.0,09:17:06
19500.0,1900,-450.0,0.0,SD,222900.0,627300.0,False,0.0,09:17:06
19500.0,1000,-450.0,0.0,SD,222900.0,625400.0,False,0.0,09:17:06
19500.0,200,-450.0,0.0,SD,222900.0,624400.0,False,0.0,09:17:06
19500.0,100,-450.0,0.0,SD,222900.0,624200.0,False,0.0,09:17:06
19500.0,900,-450.0,0.0,SD,222900.0,624100.0,False,0.0,09:17:06
19500.0,600,-450.0,0.0,SD,222900.0,623200.0,False,0.0,09:17:06
19500.0,3000,-450.0,0.0,SD,222900.0,622600.0,False,0.0,09:17:06
19500.0,3000,-450.0,0.0,SD,222900.0,619600.0,False,0.0,09:17:06
19500.0,500,-450.0,0.0,SD,222900.0,616600.0,False,0.0,09:17:06
19500.0,500,-450.0,0.0,SD,222900.0,616100.0,False,0.0,09:17:06
19500.0,300,-450.0,0.0,SD,222900.0,615600.0,False,0.0,09:17:06
19500.0,100,-450.0,0.0,SD,222900.0,615300.0,False,0.0,09:17:06
19500.0,16100,-450.0,0.0,SD,222900.0,615200.0,True,-50.0,09:17:06
19550.0,100,-400.0,0.0,BU,222900.0,599100.0,False,0.0,09:17:06
19550.0,100,-400.0,0.0,BU,222800.0,599100.0,False,50.0,09:17:06
19500.0,300,-450.0,0.0,SD,222700.0,599100.0,False,-50.0,09:17:05
19550.0,1000,-400.0,0.0,BU,222700.0,598800.0,False,0.0,09:17:05
19550.0,700,-400.0,0.0,BU,221700.0,598800.0,False,0.0,09:17:05
19550.0,300,-400.0,0.0,BU,221000.0,598800.0,False,0.0,09:17:05
19550.0,100,-400.0,0.0,BU,220700.0,598800.0,False,0.0,09:17:04
19550.0,200,-400.0,0.0,BU,220600.0,598800.0,False,50.0,09:17:04
19500.0,3000,-450.0,0.0,SD,220400.0,598800.0,False,-50.0,09:17:03
19550.0,500,-400.0,0.0,BU,220400.0,595800.0,False,0.0,09:17:03
19550.0,100,-400.0,0.0,BU,219900.0,595800.0,False,0.0,09:17:03
19550.0,100,-400.0,0.0,BU,219800.0,595800.0,False,0.0,09:17:02
19550.0,200,-400.0,0.0,BU,219700.0,595800.0,False,0.0,09:17:02
19550.0,1800,-400.0,0.0,BU,219500.0,595800.0,False,0.0,09:17:02
19550.0,1000,-400.0,0.0,BU,217700.0,595800.0,False,0.0,09:17:01
19550.0,100,-400.0,0.0,BU,216700.0,595800.0,False,0.0,09:17:01
19550.0,300,-400.0,0.0,BU,216600.0,595800.0,False,0.0,09:17:01
19550.0,100,-400.0,0.0,BU,216300.0,595800.0,False,0.0,09:17:01
19550.0,2000,-400.0,0.0,BU,216200.0,595800.0,False,0.0,09:17:01
19550.0,1000,-400.0,0.0,BU,214200.0,595800.0,False,0.0,09:17:01
19550.0,2000,-400.0,0.0,BU,213200.0,595800.0,False,0.0,09:17:00
19550.0,500,-400.0,0.0,BU,211200.0,595800.0,False,0.0,09:17:00
19550.0,100,-400.0,0.0,BU,210700.0,595800.0,False,0.0,09:17:00
19550.0,100,-400.0,0.0,BU,210600.0,595800.0,False,0.0,09:17:00
19550.0,200,-400.0,0.0,SD,210500.0,595800.0,False,0.0,09:16:59
19550.0,100,-400.0,0.0,SD,210500.0,595600.0,False,0.0,09:16:59
19550.0,500,-400.0,0.0,SD,210500.0,595500.0,False,0.0,09:16:59
19550.0,100,-400.0,0.0,SD,210500.0,595000.0,False,0.0,09:16:59
19550.0,1000,-400.0,0.0,SD,210500.0,594900.0,False,0.0,09:16:59
19550.0,100,-400.0,0.0,SD,210500.0,593900.0,False,0.0,09:16:59
19550.0,100,-400.0,0.0,SD,210500.0,593800.0,False,0.0,09:16:59
19550.0,300,-400.0,0.0,SD,210500.0,593700.0,False,0.0,09:16:59
19550.0,2000,-400.0,0.0,SD,210500.0,593400.0,False,0.0,09:16:59
19550.0,900,-400.0,0.0,SD,210500.0,591400.0,False,0.0,09:16:59
19550.0,300,-400.0,0.0,SD,210500.0,590500.0,False,0.0,09:16:59
19550.0,800,-400.0,0.0,SD,210500.0,590200.0,False,0.0,09:16:59
19550.0,100,-400.0,0.0,SD,210500.0,589400.0,False,0.0,09:16:59
19550.0,100,-400.0,0.0,SD,210500.0,589300.0,False,0.0,09:16:59
19550.0,900,-400.0,0.0,SD,210500.0,589200.0,False,0.0,09:16:59
19550.0,100,-400.0,0.0,SD,210500.0,588300.0,False,0.0,09:16:59
19550.0,100,-400.0,0.0,SD,210500.0,588200.0,False,0.0,09:16:59
19550.0,100,-400.0,0.0,SD,210500.0,588100.0,False,0.0,09:16:59
19550.0,200,-400.0,0.0,SD,210500.0,588000.0,False,0.0,09:16:59
19550.0,100,-400.0,0.0,SD,210500.0,587800.0,False,0.0,09:16:59
19550.0,600,-400.0,0.0,SD,210500.0,587700.0,False,0.0,09:16:59
19550.0,200,-400.0,0.0,SD,210500.0,587100.0,False,0.0,09:16:59
19550.0,1800,-400.0,0.0,SD,210500.0,586900.0,False,0.0,09:16:59
19550.0,100,-400.0,0.0,SD,210500.0,585100.0,False,0.0,09:16:59
19550.0,200,-400.0,0.0,SD,210500.0,585000.0,False,0.0,09:16:59
19550.0,1000,-400.0,0.0,SD,210500.0,584800.0,False,0.0,09:16:59
19550.0,400,-400.0,0.0,SD,210500.0,583800.0,False,0.0,09:16:59
19550.0,500,-400.0,0.0,SD,210500.0,583400.0,False,0.0,09:16:59
19550.0,200,-400.0,0.0,SD,210500.0,582900.0,False,0.0,09:16:59
19550.0,100,-400.0,0.0,SD,210500.0,582700.0,False,0.0,09:16:59
19550.0,500,-400.0,0.0,SD,210500.0,582600.0,False,0.0,09:16:59
19550.0,2900,-400.0,0.0,SD,210500.0,582100.0,False,0.0,09:16:59
19550.0,10000,-400.0,0.0,SD,210500.0,579200.0,False,0.0,09:16:59
19550.0,3200,-400.0,0.0,SD,210500.0,569200.0,False,-50.0,09:16:59
19600.0,5000,-350.0,0.0,BU,210500.0,566000.0,False,50.0,09:16:58
19550.0,1300,-400.0,0.0,SD,205500.0,566000.0,False,0.0,09:16:58
19550.0,1400,-400.0,0.0,SD,205500.0,564700.0,False,0.0,09:16:58
19550.0,1000,-400.0,0.0,SD,205500.0,563300.0,False,0.0,09:16:57
19550.0,1400,-400.0,0.0,SD,205500.0,562300.0,False,0.0,09:16:57
19550.0,1500,-400.0,0.0,SD,205500.0,560900.0,False,0.0,09:16:57
19550.0,100,-400.0,0.0,SD,205500.0,559400.0,False,0.0,09:16:56
19550.0,3100,-400.0,0.0,SD,205500.0,559300.0,False,0.0,09:16:56
19550.0,200,-400.0,0.0,SD,205500.0,556200.0,False,0.0,09:16:55
19550.0,5000,-400.0,0.0,SD,205500.0,556000.0,False,0.0,09:16:55
19550.0,500,-400.0,0.0,SD,205500.0,551000.0,False,0.0,09:16:55
19550.0,600,-400.0,0.0,SD,205500.0,550500.0,False,0.0,09:16:55
19550.0,300,-400.0,0.0,SD,205500.0,549900.0,False,0.0,09:16:54
19550.0,4000,-400.0,0.0,SD,205500.0,549600.0,False,0.0,09:16:53
19550.0,600,-400.0,0.0,SD,205500.0,545600.0,False,0.0,09:16:52
19550.0,1600,-400.0,0.0,SD,205500.0,545000.0,False,0.0,09:16:51
19550.0,500,-400.0,0.0,SD,205500.0,543400.0,False,-50.0,09:16:51
19600.0,1000,-350.0,0.0,BU,205500.0,542900.0,False,50.0,09:16:51
19550.0,500,-400.0,0.0,SD,204500.0,542900.0,False,0.0,09:16:51
19550.0,100,-400.0,0.0,SD,204500.0,542400.0,False,0.0,09:16:50
19550.0,400,-400.0,0.0,SD,204500.0,542300.0,False,0.0,09:16:49
19550.0,1000,-400.0,0.0,SD,204500.0,541900.0,False,-50.0,09:16:48
19600.0,200,-350.0,0.0,BU,204500.0,540900.0,False,50.0,09:16:48
19550.0,300,-400.0,0.0,SD,204300.0,540900.0,False,0.0,09:16:47
19550.0,8500,-400.0,0.0,SD,204300.0,540600.0,False,0.0,09:16:47
19550.0,1500,-400.0,0.0,SD,204300.0,532100.0,False,0.0,09:16:47
19550.0,500,-400.0,0.0,SD,204300.0,530600.0,False,0.0,09:16:47
19550.0,100,-400.0,0.0,BU,204300.0,530100.0,False,0.0,09:16:46
19550.0,200,-400.0,0.0,BU,204200.0,530100.0,False,0.0,09:16:46
19550.0,200,-400.0,0.0,BU,204000.0,530100.0,False,0.0,09:16:46
19550.0,2000,-400.0,0.0,BU,203800.0,530100.0,False,0.0,09:16:44
19550.0,8000,-400.0,0.0,BU,201800.0,530100.0,False,0.0,09:16:44
19550.0,400,-400.0,0.0,BU,193800.0,530100.0,False,0.0,09:16:44
19550.0,1000,-400.0,0.0,BU,193400.0,530100.0,False,0.0,09:16:44
19550.0,100,-400.0,0.0,BU,192400.0,530100.0,False,0.0,09:16:44
19550.0,300,-400.0,0.0,BU,192300.0,530100.0,False,0.0,09:16:44
19550.0,100,-400.0,0.0,BU,192000.0,530100.0,False,0.0,09:16:43
19550.0,100,-400.0,0.0,BU,191900.0,530100.0,False,-50.0,09:16:43
19600.0,1000,-350.0,0.0,BU,191800.0,530100.0,False,50.0,09:16:42
19550.0,400,-400.0,0.0,BU,190800.0,530100.0,False,0.0,09:16:42
19550.0,100,-400.0,0.0,BU,190400.0,530100.0,False,50.0,09:16:42
19500.0,2000,-450.0,0.0,SD,190300.0,530100.0,False,0.0,09:16:41
19500.0,1000,-450.0,0.0,SD,190300.0,528100.0,False,0.0,09:16:41
19500.0,1100,-450.0,0.0,SD,190300.0,527100.0,False,0.0,09:16:41
19500.0,100,-450.0,0.0,SD,190300.0,526000.0,False,-50.0,09:16:40
19550.0,2000,-400.0,0.0,SD,190300.0,525900.0,False,50.0,09:16:40
19500.0,1500,-450.0,0.0,SD,190300.0,523900.0,False,0.0,09:16:40
19500.0,100,-450.0,0.0,SD,190300.0,522400.0,False,0.0,09:16:40
19500.0,100,-450.0,0.0,SD,190300.0,522300.0,False,0.0,09:16:40
19500.0,5000,-450.0,0.0,SD,190300.0,522200.0,False,0.0,09:16:40
19500.0,2500,-450.0,0.0,SD,190300.0,517200.0,False,0.0,09:16:40
19500.0,100,-450.0,0.0,SD,190300.0,514700.0,False,0.0,09:16:40
19500.0,1000,-450.0,0.0,SD,190300.0,514600.0,False,0.0,09:16:40
19500.0,30000,-450.0,0.0,SD,190300.0,513600.0,True,-50.0,09:16:40
19550.0,1000,-400.0,0.0,SD,190300.0,483600.0,False,0.0,09:16:40
19550.0,300,-400.0,0.0,SD,190300.0,482600.0,False,0.0,09:16:40
19550.0,100,-400.0,0.0,SD,190300.0,482300.0,False,0.0,09:16:40
19550.0,800,-400.0,0.0,SD,190300.0,482200.0,False,0.0,09:16:40
19550.0,200,-400.0,0.0,SD,190300.0,481400.0,False,0.0,09:16:40
19550.0,1000,-400.0,0.0,SD,190300.0,481200.0,False,0.0,09:16:40
19550.0,500,-400.0,0.0,SD,190300.0,480200.0,False,0.0,09:16:40
19550.0,500,-400.0,0.0,SD,190300.0,479700.0,False,0.0,09:16:40
19550.0,200,-400.0,0.0,SD,190300.0,479200.0,False,0.0,09:16:40
19550.0,700,-400.0,0.0,SD,190300.0,479000.0,False,0.0,09:16:40
19550.0,100,-400.0,0.0,SD,190300.0,478300.0,False,0.0,09:16:40
19550.0,500,-400.0,0.0,SD,190300.0,478200.0,False,0.0,09:16:40
19550.0,1000,-400.0,0.0,SD,190300.0,477700.0,False,0.0,09:16:40
19550.0,500,-400.0,0.0,SD,190300.0,476700.0,False,0.0,09:16:40
19550.0,100,-400.0,0.0,SD,190300.0,476200.0,False,0.0,09:16:40
19550.0,2000,-400.0,0.0,SD,190300.0,476100.0,False,0.0,09:16:40
19550.0,3000,-400.0,0.0,SD,190300.0,474100.0,False,0.0,09:16:40
19550.0,2000,-400.0,0.0,SD,190300.0,471100.0,False,0.0,09:16:40
19550.0,200,-400.0,0.0,SD,190300.0,469100.0,False,0.0,09:16:40
19550.0,100,-400.0,0.0,SD,190300.0,468900.0,False,0.0,09:16:40
19550.0,200,-400.0,0.0,SD,190300.0,468800.0,False,0.0,09:16:40
19550.0,500,-400.0,0.0,SD,190300.0,468600.0,False,0.0,09:16:40
19550.0,1000,-400.0,0.0,SD,190300.0,468100.0,False,0.0,09:16:40
19550.0,1000,-400.0,0.0,SD,190300.0,467100.0,False,0.0,09:16:40
19550.0,100,-400.0,0.0,SD,190300.0,466100.0,False,0.0,09:16:40
19550.0,5000,-400.0,0.0,SD,190300.0,466000.0,False,0.0,09:16:40
19550.0,100,-400.0,0.0,SD,190300.0,461000.0,False,0.0,09:16:40
19550.0,5000,-400.0,0.0,SD,190300.0,460900.0,False,0.0,09:16:40
19550.0,500,-400.0,0.0,SD,190300.0,455900.0,False,0.0,09:16:40
19550.0,200,-400.0,0.0,SD,190300.0,455400.0,False,0.0,09:16:40
19550.0,1000,-400.0,0.0,SD,190300.0,455200.0,False,0.0,09:16:40
19550.0,5700,-400.0,0.0,SD,190300.0,454200.0,False,0.0,09:16:40
19550.0,1000,-400.0,0.0,SD,190300.0,448500.0,False,0.0,09:16:40
19550.0,100,-400.0,0.0,SD,190300.0,447500.0,False,0.0,09:16:40
19550.0,100,-400.0,0.0,SD,190300.0,447400.0,False,0.0,09:16:40
19550.0,500,-400.0,0.0,SD,190300.0,447300.0,False,0.0,09:16:40
19550.0,1000,-400.0,0.0,SD,190300.0,446800.0,False,0.0,09:16:40
19550.0,500,-400.0,0.0,SD,190300.0,445800.0,False,0.0,09:16:40
19550.0,1200,-400.0,0.0,SD,190300.0,445300.0,False,0.0,09:16:40
19550.0,100,-400.0,0.0,SD,190300.0,444100.0,False,0.0,09:16:40
19550.0,100,-400.0,0.0,SD,190300.0,444000.0,False,0.0,09:16:40
19550.0,100,-400.0,0.0,SD,190300.0,443900.0,False,0.0,09:16:40
19550.0,100,-400.0,0.0,SD,190300.0,443800.0,False,0.0,09:16:40
19550.0,500,-400.0,0.0,SD,190300.0,443700.0,False,0.0,09:16:40
19550.0,100,-400.0,0.0,SD,190300.0,443200.0,False,0.0,09:16:40
19550.0,100,-400.0,0.0,SD,190300.0,443100.0,False,0.0,09:16:40
19550.0,100,-400.0,0.0,SD,190300.0,443000.0,False,0.0,09:16:40
19550.0,500,-400.0,0.0,SD,190300.0,442900.0,False,0.0,09:16:40
19550.0,100,-400.0,0.0,SD,190300.0,442400.0,False,0.0,09:16:40
19550.0,300,-400.0,0.0,SD,190300.0,442300.0,False,0.0,09:16:40
19550.0,200,-400.0,0.0,SD,190300.0,442000.0,False,0.0,09:16:40
19550.0,200,-400.0,0.0,SD,190300.0,441800.0,False,0.0,09:16:40
19550.0,100,-400.0,0.0,SD,190300.0,441600.0,False,0.0,09:16:40
19550.0,200,-400.0,0.0,SD,190300.0,441500.0,False,0.0,09:16:40
19550.0,300,-400.0,0.0,SD,190300.0,441300.0,False,0.0,09:16:40
19550.0,100,-400.0,0.0,SD,190300.0,441000.0,False,0.0,09:16:40
19550.0,100,-400.0,0.0,SD,190300.0,440900.0,False,0.0,09:16:40
19550.0,100,-400.0,0.0,SD,190300.0,440800.0,False,0.0,09:16:40
19550.0,600,-400.0,0.0,SD,190300.0,440700.0,False,0.0,09:16:40
19550.0,1000,-400.0,0.0,SD,190300.0,440100.0,False,0.0,09:16:40
19550.0,200,-400.0,0.0,SD,190300.0,439100.0,False,0.0,09:16:40
19550.0,400,-400.0,0.0,SD,190300.0,438900.0,False,0.0,09:16:40
19550.0,40000,-400.0,0.0,SD,190300.0,438500.0,True,0.0,09:16:40
19550.0,100,-400.0,0.0,SD,190300.0,398500.0,False,0.0,09:16:40
19550.0,500,-400.0,0.0,SD,190300.0,398400.0,False,0.0,09:16:40
19550.0,1000,-400.0,0.0,SD,190300.0,397900.0,False,0.0,09:16:40
19550.0,200,-400.0,0.0,SD,190300.0,396900.0,False,0.0,09:16:40
19550.0,100,-400.0,0.0,SD,190300.0,396700.0,False,0.0,09:16:40
19550.0,500,-400.0,0.0,SD,190300.0,396600.0,False,-50.0,09:16:40
19600.0,200,-350.0,0.0,BU,190300.0,396100.0,False,0.0,09:16:40
19600.0,200,-350.0,0.0,BU,190100.0,396100.0,False,50.0,09:16:40
19550.0,100,-400.0,0.0,SD,189900.0,396100.0,False,0.0,09:16:39
19550.0,3000,-400.0,0.0,SD,189900.0,396000.0,False,0.0,09:16:39
19550.0,100,-400.0,0.0,SD,189900.0,393000.0,False,0.0,09:16:39
19550.0,100,-400.0,0.0,SD,189900.0,392900.0,False,0.0,09:16:39
19550.0,6700,-400.0,0.0,SD,189900.0,392800.0,False,-50.0,09:16:39
19600.0,5000,-350.0,0.0,BU,189900.0,386100.0,False,0.0,09:16:38
19600.0,400,-350.0,0.0,BU,184900.0,386100.0,False,0.0,09:16:38
19600.0,100,-350.0,0.0,BU,184500.0,386100.0,False,50.0,09:16:37
19550.0,1800,-400.0,0.0,SD,184400.0,386100.0,False,0.0,09:16:37
19550.0,500,-400.0,0.0,SD,184400.0,384300.0,False,-50.0,09:16:36
19600.0,2500,-350.0,0.0,BU,184400.0,383800.0,False,0.0,09:16:36
19600.0,3000,-350.0,0.0,BU,181900.0,383800.0,False,50.0,09:16:36
19550.0,1200,-400.0,0.0,SD,178900.0,383800.0,False,0.0,09:16:35
19550.0,18800,-400.0,0.0,SD,178900.0,382600.0,True,-50.0,09:16:35
19600.0,1500,-350.0,0.0,BU,178900.0,363800.0,False,50.0,09:16:34
19550.0,14500,-400.0,0.0,SD,177400.0,363800.0,True,0.0,09:16:32
19550.0,5000,-400.0,0.0,SD,177400.0,349300.0,False,-50.0,09:16:32
19600.0,200,-350.0,0.0,BU,177400.0,344300.0,False,0.0,09:16:31
19600.0,100,-350.0,0.0,BU,177200.0,344300.0,False,0.0,09:16:31
19600.0,500,-350.0,0.0,BU,177100.0,344300.0,False,0.0,09:16:31
19600.0,1000,-350.0,0.0,BU,176600.0,344300.0,False,50.0,09:16:31
19550.0,300,-400.0,0.0,SD,175600.0,344300.0,False,0.0,09:16:30
19550.0,10000,-400.0,0.0,SD,175600.0,344000.0,False,-50.0,09:16:30
19600.0,200,-350.0,0.0,BU,175600.0,334000.0,False,0.0,09:16:30
19600.0,100,-350.0,0.0,BU,175400.0,334000.0,False,0.0,09:16:29
19600.0,1900,-350.0,0.0,BU,175300.0,334000.0,False,50.0,09:16:29
19550.0,5000,-400.0,0.0,SD,173400.0,334000.0,False,-50.0,09:16:29
19600.0,100,-350.0,0.0,BU,173400.0,329000.0,False,0.0,09:16:29
19600.0,100,-350.0,0.0,BU,173300.0,329000.0,False,50.0,09:16:28
19550.0,100,-400.0,0.0,SD,173200.0,329000.0,False,0.0,09:16:28
19550.0,20000,-400.0,0.0,SD,173200.0,328900.0,True,-50.0,09:16:27
19600.0,200,-350.0,0.0,BU,173200.0,308900.0,False,0.0,09:16:27
19600.0,200,-350.0,0.0,BU,173000.0,308900.0,False,0.0,09:16:26
19600.0,100,-350.0,0.0,BU,172800.0,308900.0,False,0.0,09:16:26
19600.0,100,-350.0,0.0,BU,172700.0,308900.0,False,0.0,09:16:26
19600.0,2300,-350.0,0.0,BU,172600.0,308900.0,False,0.0,09:16:25
19600.0,3000,-350.0,0.0,BU,170300.0,308900.0,False,0.0,09:16:25
19600.0,1200,-350.0,0.0,BU,167300.0,308900.0,False,0.0,09:16:25
19600.0,3500,-350.0,0.0,BU,166100.0,308900.0,False,50.0,09:16:25
19550.0,25000,-400.0,0.0,SD,162600.0,308900.0,True,-50.0,09:16:25
19600.0,500,-350.0,0.0,BU,162600.0,283900.0,False,0.0,09:16:24
19600.0,6000,-350.0,0.0,BU,162100.0,283900.0,False,0.0,09:16:23
19600.0,5000,-350.0,0.0,BU,156100.0,283900.0,False,0.0,09:16:23
19600.0,100,-350.0,0.0,BU,151100.0,283900.0,False,0.0,09:16:22
19600.0,1000,-350.0,0.0,BU,151000.0,283900.0,False,0.0,09:16:22
19600.0,100,-350.0,0.0,BU,150000.0,283900.0,False,0.0,09:16:22
19600.0,400,-350.0,0.0,BU,149900.0,283900.0,False,0.0,09:16:21
19600.0,1000,-350.0,0.0,BU,149500.0,283900.0,False,50.0,09:16:20
19550.0,400,-400.0,0.0,SD,148500.0,283900.0,False,-50.0,09:16:20
19600.0,300,-350.0,0.0,BU,148500.0,283500.0,False,0.0,09:16:20
19600.0,100,-350.0,0.0,BU,148200.0,283500.0,False,0.0,09:16:19
19600.0,100,-350.0,0.0,BU,148100.0,283500.0,False,50.0,09:16:18
19550.0,10000,-400.0,0.0,SD,148000.0,283500.0,False,-50.0,09:16:18
19600.0,1900,-350.0,0.0,BU,148000.0,273500.0,False,0.0,09:16:18
19600.0,700,-350.0,0.0,BU,146100.0,273500.0,False,50.0,09:16:18
19550.0,3300,-400.0,0.0,SD,145400.0,273500.0,False,0.0,09:16:18
19550.0,200,-400.0,0.0,SD,145400.0,270200.0,False,0.0,09:16:17
19550.0,200,-400.0,0.0,SD,145400.0,270000.0,False,-50.0,09:16:17
19600.0,200,-350.0,0.0,BU,145400.0,269800.0,False,0.0,09:16:16
19600.0,100,-350.0,0.0,BU,145200.0,269800.0,False,50.0,09:16:16
19550.0,200,-400.0,0.0,SD,145100.0,269800.0,False,-50.0,09:16:16
19600.0,100,-350.0,0.0,BU,145100.0,269600.0,False,0.0,09:16:16
19600.0,500,-350.0,0.0,BU,145000.0,269600.0,False,0.0,09:16:15
19600.0,400,-350.0,0.0,BU,144500.0,269600.0,False,0.0,09:16:15
19600.0,900,-350.0,0.0,BU,144100.0,269600.0,False,0.0,09:16:15
19600.0,100,-350.0,0.0,BU,143200.0,269600.0,False,0.0,09:16:15
19600.0,1000,-350.0,0.0,BU,143100.0,269600.0,False,0.0,09:16:14
19600.0,500,-350.0,0.0,BU,142100.0,269600.0,False,0.0,09:16:14
19600.0,100,-350.0,0.0,BU,141600.0,269600.0,False,0.0,09:16:14
19600.0,1000,-350.0,0.0,BU,141500.0,269600.0,False,0.0,09:16:13
19600.0,2400,-350.0,0.0,BU,140500.0,269600.0,False,0.0,09:16:12
19600.0,300,-350.0,0.0,BU,138100.0,269600.0,False,0.0,09:16:11
19600.0,2000,-350.0,0.0,BU,137800.0,269600.0,False,50.0,09:16:11
19550.0,10000,-400.0,0.0,SD,135800.0,269600.0,False,-50.0,09:16:11
19600.0,100,-350.0,0.0,BU,135800.0,259600.0,False,0.0,09:16:11
19600.0,300,-350.0,0.0,BU,135700.0,259600.0,False,0.0,09:16:11
19600.0,2500,-350.0,0.0,BU,135400.0,259600.0,False,0.0,09:16:10
19600.0,100,-350.0,0.0,BU,132900.0,259600.0,False,50.0,09:16:10
19550.0,6000,-400.0,0.0,SD,132800.0,259600.0,False,-50.0,09:16:09
19600.0,200,-350.0,0.0,BU,132800.0,253600.0,False,0.0,09:16:09
19600.0,200,-350.0,0.0,BU,132600.0,253600.0,False,0.0,09:16:08
19600.0,1200,-350.0,0.0,BU,132400.0,253600.0,False,0.0,09:16:08
19600.0,200,-350.0,0.0,BU,131200.0,253600.0,False,0.0,09:16:08
19600.0,3600,-350.0,0.0,BU,131000.0,253600.0,False,50.0,09:16:08
19550.0,20000,-400.0,0.0,SD,127400.0,253600.0,True,-50.0,09:16:08
19600.0,400,-350.0,0.0,BU,127400.0,233600.0,False,0.0,09:16:08
19600.0,1000,-350.0,0.0,BU,127000.0,233600.0,False,0.0,09:16:07
19600.0,100,-350.0,0.0,BU,126000.0,233600.0,False,0.0,09:16:07
19600.0,100,-350.0,0.0,BU,125900.0,233600.0,False,0.0,09:16:06
19600.0,700,-350.0,0.0,BU,125800.0,233600.0,False,0.0,09:16:06
19600.0,100,-350.0,0.0,BU,125100.0,233600.0,False,0.0,09:16:06
19600.0,1000,-350.0,0.0,BU,125000.0,233600.0,False,0.0,09:16:06
19600.0,100,-350.0,0.0,BU,124000.0,233600.0,False,0.0,09:16:05
19600.0,200,-350.0,0.0,BU,123900.0,233600.0,False,0.0,09:16:04
19600.0,100,-350.0,0.0,BU,123700.0,233600.0,False,0.0,09:16:04
19600.0,2000,-350.0,0.0,BU,123600.0,233600.0,False,0.0,09:16:03
19600.0,1000,-350.0,0.0,BU,121600.0,233600.0,False,0.0,09:16:03
19600.0,100,-350.0,0.0,BU,120600.0,233600.0,False,0.0,09:16:03
19600.0,1000,-350.0,0.0,BU,120500.0,233600.0,False,0.0,09:16:03
19600.0,500,-350.0,0.0,BU,119500.0,233600.0,False,0.0,09:16:03
19600.0,100,-350.0,0.0,BU,119000.0,233600.0,False,0.0,09:16:02
19600.0,400,-350.0,0.0,BU,118900.0,233600.0,False,0.0,09:16:02
19600.0,200,-350.0,0.0,BU,118500.0,233600.0,False,0.0,09:16:02
19600.0,900,-350.0,0.0,BU,118300.0,233600.0,False,0.0,09:16:01
19600.0,100,-350.0,0.0,BU,117400.0,233600.0,False,0.0,09:16:01
19600.0,100,-350.0,0.0,BU,117300.0,233600.0,False,0.0,09:16:00
19600.0,4600,-350.0,0.0,BU,117200.0,233600.0,False,0.0,09:16:00
19600.0,10000,-350.0,0.0,BU,112600.0,233600.0,False,0.0,09:16:00
19600.0,100,-350.0,0.0,BU,102600.0,233600.0,False,0.0,09:16:00
19600.0,1000,-350.0,0.0,BU,102500.0,233600.0,False,0.0,09:16:00
19600.0,300,-350.0,0.0,BU,101500.0,233600.0,False,0.0,09:16:00
19600.0,3000,-350.0,0.0,BU,101200.0,233600.0,False,0.0,09:16:00
19600.0,2000,-350.0,0.0,BU,98200.0,233600.0,False,0.0,09:16:00
19600.0,500,-350.0,0.0,BU,96200.0,233600.0,False,0.0,09:16:00
19600.0,100,-350.0,0.0,BU,95700.0,233600.0,False,0.0,09:15:59
19600.0,300,-350.0,0.0,BU,95600.0,233600.0,False,0.0,09:15:59
19600.0,900,-350.0,0.0,BU,95300.0,233600.0,False,0.0,09:15:59
19600.0,400,-350.0,0.0,BU,94400.0,233600.0,False,0.0,09:15:59
19600.0,2000,-350.0,0.0,BU,94000.0,233600.0,False,50.0,09:15:59
19550.0,1000,-400.0,0.0,SD,92000.0,233600.0,False,-50.0,09:15:58
19600.0,100,-350.0,0.0,BU,92000.0,232600.0,False,50.0,09:15:58
19550.0,1000,-400.0,0.0,SD,91900.0,232600.0,False,0.0,09:15:58
19550.0,6000,-400.0,0.0,SD,91900.0,231600.0,False,-50.0,09:15:57
19600.0,1000,-350.0,0.0,BU,91900.0,225600.0,False,0.0,09:15:57
19600.0,100,-350.0,0.0,BU,90900.0,225600.0,False,0.0,09:15:57
19600.0,100,-350.0,0.0,BU,90800.0,225600.0,False,0.0,09:15:57
19600.0,300,-350.0,0.0,BU,90700.0,225600.0,False,0.0,09:15:56
19600.0,500,-350.0,0.0,BU,90400.0,225600.0,False,0.0,09:15:56
19600.0,200,-350.0,0.0,BU,89900.0,225600.0,False,0.0,09:15:56
19600.0,100,-350.0,0.0,BU,89700.0,225600.0,False,0.0,09:15:56
19600.0,100,-350.0,0.0,BU,89600.0,225600.0,False,0.0,09:15:56
19600.0,1100,-350.0,0.0,BU,89500.0,225600.0,False,0.0,09:15:56
19600.0,100,-350.0,0.0,BU,88400.0,225600.0,False,0.0,09:15:55
19600.0,100,-350.0,0.0,BU,88300.0,225600.0,False,0.0,09:15:55
19600.0,300,-350.0,0.0,BU,88200.0,225600.0,False,0.0,09:15:55
19600.0,300,-350.0,0.0,BU,87900.0,225600.0,False,0.0,09:15:55
19600.0,200,-350.0,0.0,BU,87600.0,225600.0,False,0.0,09:15:55
19600.0,1200,-350.0,0.0,BU,87400.0,225600.0,False,0.0,09:15:55
19600.0,3000,-350.0,0.0,BU,86200.0,225600.0,False,0.0,09:15:54
19600.0,1000,-350.0,0.0,BU,83200.0,225600.0,False,0.0,09:15:54
19600.0,1000,-350.0,0.0,BU,82200.0,225600.0,False,0.0,09:15:54
19600.0,500,-350.0,0.0,BU,81200.0,225600.0,False,0.0,09:15:53
19600.0,5000,-350.0,0.0,BU,80700.0,225600.0,False,0.0,09:15:52
19600.0,200,-350.0,0.0,BU,75700.0,225600.0,False,0.0,09:15:52
19600.0,200,-350.0,0.0,BU,75500.0,225600.0,False,0.0,09:15:52
19600.0,200,-350.0,0.0,BU,75300.0,225600.0,False,0.0,09:15:52
19600.0,500,-350.0,0.0,BU,75100.0,225600.0,False,0.0,09:15:51
19600.0,1900,-350.0,0.0,BU,74600.0,225600.0,False,0.0,09:15:51
19600.0,1000,-350.0,0.0,BU,72700.0,225600.0,False,0.0,09:15:51
19600.0,500,-350.0,0.0,BU,71700.0,225600.0,False,0.0,09:15:50
19600.0,17000,-350.0,0.0,BU,71200.0,225600.0,True,0.0,09:15:50
19600.0,400,-350.0,0.0,BU,54200.0,225600.0,False,50.0,09:15:48
19550.0,10000,-400.0,0.0,SD,53800.0,225600.0,False,-50.0,09:15:48
19600.0,900,-350.0,0.0,BU,53800.0,215600.0,False,0.0,09:15:48
19600.0,100,-350.0,0.0,BU,52900.0,215600.0,False,0.0,09:15:48
19600.0,500,-350.0,0.0,BU,52800.0,215600.0,False,50.0,09:15:47
19550.0,3000,-400.0,0.0,SD,52300.0,215600.0,False,-50.0,09:15:47
19600.0,500,-350.0,0.0,BU,52300.0,212600.0,False,0.0,09:15:46
19600.0,100,-350.0,0.0,BU,51800.0,212600.0,False,0.0,09:15:46
19600.0,1200,-350.0,0.0,BU,51700.0,212600.0,False,0.0,09:15:46
19600.0,5000,-350.0,0.0,BU,50500.0,212600.0,False,0.0,09:15:45
19600.0,200,-350.0,0.0,BU,45500.0,212600.0,False,0.0,09:15:45
19600.0,200,-350.0,0.0,BU,45300.0,212600.0,False,0.0,09:15:45
19600.0,500,-350.0,0.0,BU,45100.0,212600.0,False,0.0,09:15:44
19600.0,1200,-350.0,0.0,BU,44600.0,212600.0,False,0.0,09:15:43
19600.0,400,-350.0,0.0,BU,43400.0,212600.0,False,0.0,09:15:43
19600.0,500,-350.0,0.0,BU,43000.0,212600.0,False,0.0,09:15:43
19600.0,1000,-350.0,0.0,BU,42500.0,212600.0,False,0.0,09:15:43
19600.0,200,-350.0,0.0,BU,41500.0,212600.0,False,0.0,09:15:43
19600.0,500,-350.0,0.0,BU,41300.0,212600.0,False,0.0,09:15:42
19600.0,5000,-350.0,0.0,BU,40800.0,212600.0,False,0.0,09:15:41
19600.0,6000,-350.0,0.0,BU,35800.0,212600.0,False,0.0,09:15:41
19600.0,1000,-350.0,0.0,BU,29800.0,212600.0,False,0.0,09:15:40
19600.0,1000,-350.0,0.0,BU,28800.0,212600.0,False,0.0,09:15:40
19600.0,2000,-350.0,0.0,BU,27800.0,212600.0,False,0.0,09:15:40
19600.0,100,-350.0,0.0,BU,25800.0,212600.0,False,50.0,09:15:40
19550.0,100,-400.0,0.0,SD,25700.0,212600.0,False,-50.0,09:15:40
19600.0,500,-350.0,0.0,BU,25700.0,212500.0,False,0.0,09:15:39
19600.0,500,-350.0,0.0,BU,25200.0,212500.0,False,0.0,09:15:39
19600.0,2000,-350.0,0.0,SD,24700.0,212500.0,False,0.0,09:15:39
19600.0,3100,-350.0,0.0,SD,24700.0,210500.0,False,0.0,09:15:39
19600.0,200,-350.0,0.0,SD,24700.0,207400.0,False,0.0,09:15:39
19600.0,200,-350.0,0.0,SD,24700.0,207200.0,False,0.0,09:15:39
19600.0,100,-350.0,0.0,SD,24700.0,207000.0,False,0.0,09:15:39
19600.0,500,-350.0,0.0,SD,24700.0,206900.0,False,0.0,09:15:39
19600.0,100,-350.0,0.0,SD,24700.0,206400.0,False,0.0,09:15:39
19600.0,300,-350.0,0.0,SD,24700.0,206300.0,False,0.0,09:15:39
19600.0,600,-350.0,0.0,SD,24700.0,206000.0,False,0.0,09:15:39
19600.0,500,-350.0,0.0,SD,24700.0,205400.0,False,0.0,09:15:39
19600.0,200,-350.0,0.0,SD,24700.0,204900.0,False,0.0,09:15:39
19600.0,200,-350.0,0.0,SD,24700.0,204700.0,False,0.0,09:15:39
19600.0,1000,-350.0,0.0,SD,24700.0,204500.0,False,0.0,09:15:39
19600.0,500,-350.0,0.0,SD,24700.0,203500.0,False,0.0,09:15:39
19600.0,500,-350.0,0.0,SD,24700.0,203000.0,False,0.0,09:15:39
19600.0,100,-350.0,0.0,SD,24700.0,202500.0,False,0.0,09:15:39
19600.0,200,-350.0,0.0,SD,24700.0,202400.0,False,0.0,09:15:39
19600.0,100,-350.0,0.0,SD,24700.0,202200.0,False,0.0,09:15:39
19600.0,500,-350.0,0.0,SD,24700.0,202100.0,False,0.0,09:15:39
19600.0,5000,-350.0,0.0,SD,24700.0,201600.0,False,0.0,09:15:39
19600.0,400,-350.0,0.0,SD,24700.0,196600.0,False,0.0,09:15:39
19600.0,100,-350.0,0.0,SD,24700.0,196200.0,False,0.0,09:15:39
19600.0,500,-350.0,0.0,SD,24700.0,196100.0,False,0.0,09:15:39
19600.0,500,-350.0,0.0,SD,24700.0,195600.0,False,0.0,09:15:39
19600.0,200,-350.0,0.0,SD,24700.0,195100.0,False,0.0,09:15:39
19600.0,20000,-350.0,0.0,SD,24700.0,194900.0,True,0.0,09:15:39
19600.0,1000,-350.0,0.0,SD,24700.0,174900.0,False,0.0,09:15:39
19600.0,100,-350.0,0.0,SD,24700.0,173900.0,False,0.0,09:15:39
19600.0,200,-350.0,0.0,SD,24700.0,173800.0,False,0.0,09:15:39
19600.0,200,-350.0,0.0,SD,24700.0,173600.0,False,0.0,09:15:39
19600.0,200,-350.0,0.0,SD,24700.0,173400.0,False,0.0,09:15:39
19600.0,200,-350.0,0.0,SD,24700.0,173200.0,False,0.0,09:15:39
19600.0,200,-350.0,0.0,SD,24700.0,173000.0,False,0.0,09:15:39
19600.0,500,-350.0,0.0,SD,24700.0,172800.0,False,0.0,09:15:39
19600.0,3000,-350.0,0.0,SD,24700.0,172300.0,False,0.0,09:15:39
19600.0,100,-350.0,0.0,SD,24700.0,169300.0,False,0.0,09:15:39
19600.0,200,-350.0,0.0,SD,24700.0,169200.0,False,0.0,09:15:39
19600.0,300,-350.0,0.0,SD,24700.0,169000.0,False,0.0,09:15:39
19600.0,100,-350.0,0.0,SD,24700.0,168700.0,False,0.0,09:15:39
19600.0,100,-350.0,0.0,SD,24700.0,168600.0,False,0.0,09:15:39
19600.0,2000,-350.0,0.0,SD,24700.0,168500.0,False,0.0,09:15:39
19600.0,200,-350.0,0.0,SD,24700.0,166500.0,False,0.0,09:15:39
19600.0,2000,-350.0,0.0,SD,24700.0,166300.0,False,0.0,09:15:39
19600.0,200,-350.0,0.0,SD,24700.0,164300.0,False,0.0,09:15:39
19600.0,200,-350.0,0.0,SD,24700.0,164100.0,False,0.0,09:15:39
19600.0,1000,-350.0,0.0,SD,24700.0,163900.0,False,0.0,09:15:39
19600.0,500,-350.0,0.0,SD,24700.0,162900.0,False,0.0,09:15:39
19600.0,200,-350.0,0.0,SD,24700.0,162400.0,False,0.0,09:15:39
19600.0,5000,-350.0,0.0,SD,24700.0,162200.0,False,0.0,09:15:39
19600.0,200,-350.0,0.0,SD,24700.0,157200.0,False,0.0,09:15:39
19600.0,2000,-350.0,0.0,SD,24700.0,157000.0,False,0.0,09:15:39
19600.0,200,-350.0,0.0,SD,24700.0,155000.0,False,0.0,09:15:39
19600.0,500,-350.0,0.0,SD,24700.0,154800.0,False,0.0,09:15:39
19600.0,200,-350.0,0.0,SD,24700.0,154300.0,False,0.0,09:15:39
19600.0,100,-350.0,0.0,SD,24700.0,154100.0,False,0.0,09:15:39
19600.0,1000,-350.0,0.0,SD,24700.0,154000.0,False,0.0,09:15:39
19600.0,200,-350.0,0.0,SD,24700.0,153000.0,False,0.0,09:15:39
19600.0,100,-350.0,0.0,SD,24700.0,152800.0,False,0.0,09:15:39
19600.0,200,-350.0,0.0,SD,24700.0,152700.0,False,0.0,09:15:39
19600.0,200,-350.0,0.0,SD,24700.0,152500.0,False,0.0,09:15:39
19600.0,100,-350.0,0.0,SD,24700.0,152300.0,False,0.0,09:15:39
19600.0,10000,-350.0,0.0,SD,24700.0,152200.0,False,0.0,09:15:39
19600.0,1000,-350.0,0.0,SD,24700.0,142200.0,False,0.0,09:15:39
19600.0,1900,-350.0,0.0,SD,24700.0,141200.0,False,0.0,09:15:39
19600.0,500,-350.0,0.0,SD,24700.0,139300.0,False,0.0,09:15:39
19600.0,800,-350.0,0.0,SD,24700.0,138800.0,False,-50.0,09:15:39
19650.0,200,-300.0,0.0,SD,24700.0,138000.0,False,0.0,09:15:39
19650.0,1400,-300.0,0.0,SD,24700.0,137800.0,False,0.0,09:15:39
19650.0,200,-300.0,0.0,SD,24700.0,136400.0,False,0.0,09:15:39
19650.0,100,-300.0,0.0,SD,24700.0,136200.0,False,0.0,09:15:39
19650.0,900,-300.0,0.0,SD,24700.0,136100.0,False,0.0,09:15:39
19650.0,10000,-300.0,0.0,SD,24700.0,135200.0,False,50.0,09:15:37
19600.0,1200,-350.0,0.0,SD,24700.0,125200.0,False,-50.0,09:15:37
19650.0,200,-300.0,0.0,SD,24700.0,124000.0,False,0.0,09:15:37
19650.0,1000,-300.0,0.0,SD,24700.0,123800.0,False,50.0,09:15:37
19600.0,100,-350.0,0.0,SD,24700.0,122800.0,False,-50.0,09:15:35
19650.0,200,-300.0,0.0,BU,24700.0,122700.0,False,0.0,09:15:35
19650.0,200,-300.0,0.0,BU,24500.0,122700.0,False,0.0,09:15:35
19650.0,1000,-300.0,0.0,SD,24300.0,122700.0,False,0.0,09:15:35
19650.0,200,-300.0,0.0,SD,24300.0,121700.0,False,0.0,09:15:34
19650.0,800,-300.0,0.0,SD,24300.0,121500.0,False,0.0,09:15:33
19650.0,800,-300.0,0.0,SD,24300.0,120700.0,False,0.0,09:15:33
19650.0,1500,-300.0,0.0,BU,24300.0,119900.0,False,0.0,09:15:32
19650.0,500,-300.0,0.0,BU,22800.0,119900.0,False,0.0,09:15:32
19650.0,3100,-300.0,0.0,BU,22300.0,119900.0,False,0.0,09:15:32
19650.0,3100,-300.0,0.0,BU,19200.0,119900.0,False,0.0,09:15:32
19650.0,300,-300.0,0.0,BU,16100.0,119900.0,False,0.0,09:15:31
19650.0,100,-300.0,0.0,BU,15800.0,119900.0,False,0.0,09:15:31
19650.0,100,-300.0,0.0,BU,15700.0,119900.0,False,0.0,09:15:30
19650.0,1400,-300.0,0.0,BU,15600.0,119900.0,False,0.0,09:15:29
19650.0,1000,-300.0,0.0,BU,14200.0,119900.0,False,0.0,09:15:29
19650.0,600,-300.0,0.0,BU,13200.0,119900.0,False,0.0,09:15:29
19650.0,100,-300.0,0.0,BU,12600.0,119900.0,False,50.0,09:15:28
19600.0,7000,-350.0,0.0,SD,12500.0,119900.0,False,-50.0,09:15:27
19650.0,2500,-300.0,0.0,BU,12500.0,112900.0,False,0.0,09:15:25
19650.0,1000,-300.0,0.0,BU,10000.0,112900.0,False,0.0,09:15:24
19650.0,4500,-300.0,0.0,BU,9000.0,112900.0,False,50.0,09:15:23
19600.0,100,-350.0,0.0,SD,4500.0,112900.0,False,-50.0,09:15:23
19650.0,1200,-300.0,0.0,BU,4500.0,112800.0,False,0.0,09:15:22
19650.0,100,-300.0,0.0,BU,3300.0,112800.0,False,50.0,09:15:22
19600.0,800,-350.0,0.0,SD,3200.0,112800.0,False,0.0,09:15:21
19600.0,100,-350.0,0.0,SD,3200.0,112000.0,False,0.0,09:15:21
19600.0,200,-350.0,0.0,SD,3200.0,111900.0,False,0.0,09:15:21
19600.0,900,-350.0,0.0,SD,3200.0,111700.0,False,0.0,09:15:21
19600.0,1100,-350.0,0.0,SD,3200.0,110800.0,False,0.0,09:15:21
19600.0,200,-350.0,0.0,SD,3200.0,109700.0,False,0.0,09:15:21
19600.0,100,-350.0,0.0,SD,3200.0,109500.0,False,0.0,09:15:21
19600.0,1000,-350.0,0.0,SD,3200.0,109400.0,False,0.0,09:15:21
19600.0,500,-350.0,0.0,SD,3200.0,108400.0,False,0.0,09:15:21
19600.0,100,-350.0,0.0,SD,3200.0,107900.0,False,0.0,09:15:21
19600.0,200,-350.0,0.0,SD,3200.0,107800.0,False,0.0,09:15:21
19600.0,500,-350.0,0.0,SD,3200.0,107600.0,False,0.0,09:15:21
19600.0,100,-350.0,0.0,SD,3200.0,107100.0,False,0.0,09:15:21
19600.0,500,-350.0,0.0,SD,3200.0,107000.0,False,0.0,09:15:21
19600.0,4500,-350.0,0.0,SD,3200.0,106500.0,False,0.0,09:15:21
19600.0,1000,-350.0,0.0,SD,3200.0,102000.0,False,0.0,09:15:21
19600.0,200,-350.0,0.0,SD,3200.0,101000.0,False,-50.0,09:15:21
19650.0,2000,-300.0,0.0,BU,3200.0,100800.0,False,50.0,09:15:21
19600.0,100,-350.0,0.0,SD,1200.0,100800.0,False,0.0,09:15:19
19600.0,1000,-350.0,0.0,SD,1200.0,100700.0,False,0.0,09:15:19
19600.0,100,-350.0,0.0,SD,1200.0,99700.0,False,-50.0,09:15:19
19650.0,100,-300.0,0.0,BU,1200.0,99600.0,False,0.0,09:15:15
19650.0,1000,-300.0,0.0,BU,1100.0,99600.0,False,0.0,09:15:13
19650.0,100,-300.0,0.0,BU,100.0,99600.0,False,50.0,09:15:09
19600.0,2500,-350.0,0.0,SD,0.0,99600.0,False,0.0,09:15:08
19600.0,7500,-350.0,0.0,SD,0.0,97100.0,False,0.0,09:15:08
19600.0,1000,-350.0,0.0,SD,0.0,89600.0,False,0.0,09:15:02
19600.0,300,-350.0,0.0,SD,0.0,88600.0,False,0.0,09:15:02
19600.0,300,-350.0,0.0,SD,0.0,88300.0,False,0.0,09:15:02
19600.0,7700,-350.0,0.0,SD,0.0,88000.0,False,0.0,09:15:02
19600.0,300,-350.0,0.0,SD,0.0,80300.0,False,0.0,09:15:02
19600.0,200,-350.0,0.0,SD,0.0,80000.0,False,0.0,09:15:02
19600.0,800,-350.0,0.0,SD,0.0,79800.0,False,0.0,09:15:02
19600.0,100,-350.0,0.0,SD,0.0,79000.0,False,0.0,09:15:02
19600.0,100,-350.0,0.0,SD,0.0,78900.0,False,0.0,09:15:02
19600.0,100,-350.0,0.0,SD,0.0,78800.0,False,0.0,09:15:02
19600.0,1000,-350.0,0.0,SD,0.0,78700.0,False,0.0,09:15:02
19600.0,100,-350.0,0.0,SD,0.0,77700.0,False,0.0,09:15:02
19600.0,100,-350.0,0.0,SD,0.0,77600.0,False,0.0,09:15:02
19600.0,1000,-350.0,0.0,SD,0.0,77500.0,False,0.0,09:15:02
19600.0,500,-350.0,0.0,SD,0.0,76500.0,False,0.0,09:15:02
19600.0,11200,-350.0,0.0,SD,0.0,76000.0,True,0.0,09:15:02
19600.0,200,-350.0,0.0,SD,0.0,64800.0,False,0.0,09:15:02
19600.0,200,-350.0,0.0,SD,0.0,64600.0,False,0.0,09:15:02
19600.0,200,-350.0,0.0,SD,0.0,64400.0,False,0.0,09:15:02
19600.0,100,-350.0,0.0,SD,0.0,64200.0,False,0.0,09:15:02
19600.0,200,-350.0,0.0,SD,0.0,64100.0,False,0.0,09:15:02
19600.0,1000,-350.0,0.0,SD,0.0,63900.0,False,0.0,09:15:02
19600.0,200,-350.0,0.0,SD,0.0,62900.0,False,0.0,09:15:02
19600.0,500,-350.0,0.0,SD,0.0,62700.0,False,0.0,09:15:02
19600.0,1000,-350.0,0.0,SD,0.0,62200.0,False,0.0,09:15:02
19600.0,100,-350.0,0.0,SD,0.0,61200.0,False,0.0,09:15:02
19600.0,100,-350.0,0.0,SD,0.0,61100.0,False,0.0,09:15:02
19600.0,2000,-350.0,0.0,SD,0.0,61000.0,False,0.0,09:15:02
19600.0,1000,-350.0,0.0,SD,0.0,59000.0,False,0.0,09:15:02
19600.0,1800,-350.0,0.0,SD,0.0,58000.0,False,0.0,09:15:02
19600.0,300,-350.0,0.0,SD,0.0,56200.0,False,0.0,09:15:02
19600.0,900,-350.0,0.0,SD,0.0,55900.0,False,0.0,09:15:02
19600.0,200,-350.0,0.0,SD,0.0,55000.0,False,0.0,09:15:02
19600.0,300,-350.0,0.0,SD,0.0,54800.0,False,0.0,09:15:02
19600.0,1000,-350.0,0.0,SD,0.0,54500.0,False,0.0,09:15:02
19600.0,300,-350.0,0.0,SD,0.0,53500.0,False,0.0,09:15:02
19600.0,2000,-350.0,0.0,SD,0.0,53200.0,False,0.0,09:15:02
19600.0,2000,-350.0,0.0,SD,0.0,51200.0,False,0.0,09:15:02
19600.0,100,-350.0,0.0,SD,0.0,49200.0,False,0.0,09:15:02
19600.0,100,-350.0,0.0,SD,0.0,49100.0,False,0.0,09:15:02
19600.0,1000,-350.0,0.0,SD,0.0,49000.0,False,0.0,09:15:02
19600.0,1400,-350.0,0.0,SD,0.0,48000.0,False,0.0,09:15:02
19600.0,4500,-350.0,0.0,SD,0.0,46600.0,False,0.0,09:15:02
19600.0,2000,-350.0,0.0,SD,0.0,42100.0,False,0.0,09:15:02
19600.0,100,-350.0,0.0,SD,0.0,40100.0,False,0.0,09:15:02
19600.0,200,-350.0,0.0,SD,0.0,40000.0,False,0.0,09:15:02
19600.0,100,-350.0,0.0,SD,0.0,39800.0,False,0.0,09:15:02
19600.0,900,-350.0,0.0,SD,0.0,39700.0,False,0.0,09:15:02
19600.0,100,-350.0,0.0,SD,0.0,38800.0,False,0.0,09:15:02
19600.0,400,-350.0,0.0,SD,0.0,38700.0,False,0.0,09:15:02
19600.0,400,-350.0,0.0,SD,0.0,38300.0,False,0.0,09:15:02
19600.0,900,-350.0,0.0,SD,0.0,37900.0,False,0.0,09:15:02
19600.0,100,-350.0,0.0,SD,0.0,37000.0,False,0.0,09:15:02
19600.0,100,-350.0,0.0,SD,0.0,36900.0,False,0.0,09:15:02
19600.0,200,-350.0,0.0,SD,0.0,36800.0,False,0.0,09:15:02
19600.0,300,-350.0,0.0,SD,0.0,36600.0,False,0.0,09:15:02
19600.0,700,-350.0,0.0,SD,0.0,36300.0,False,0.0,09:15:02
19600.0,100,-350.0,0.0,SD,0.0,35600.0,False,0.0,09:15:02
19600.0,100,-350.0,0.0,SD,0.0,35500.0,False,0.0,09:15:02
19600.0,200,-350.0,0.0,SD,0.0,35400.0,False,0.0,09:15:02
19600.0,600,-350.0,0.0,SD,0.0,35200.0,False,0.0,09:15:02
19600.0,100,-350.0,0.0,SD,0.0,34600.0,False,0.0,09:15:02
19600.0,100,-350.0,0.0,SD,0.0,34500.0,False,0.0,09:15:02
19600.0,100,-350.0,0.0,SD,0.0,34400.0,False,0.0,09:15:02
19600.0,2000,-350.0,0.0,SD,0.0,34300.0,False,0.0,09:15:02
19600.0,1000,-350.0,0.0,SD,0.0,32300.0,False,0.0,09:15:02
19600.0,400,-350.0,0.0,SD,0.0,31300.0,False,0.0,09:15:02
19600.0,500,-350.0,0.0,SD,0.0,30900.0,False,0.0,09:15:02
19600.0,100,-350.0,0.0,SD,0.0,30400.0,False,0.0,09:15:02
19600.0,100,-350.0,0.0,SD,0.0,30300.0,False,0.0,09:15:02
19600.0,100,-350.0,0.0,SD,0.0,30200.0,False,0.0,09:15:02
19600.0,1000,-350.0,0.0,SD,0.0,30100.0,False,0.0,09:15:02
19600.0,100,-350.0,0.0,SD,0.0,29100.0,False,0.0,09:15:02
19600.0,100,-350.0,0.0,SD,0.0,29000.0,False,0.0,09:15:02
19600.0,100,-350.0,0.0,SD,0.0,28900.0,False,0.0,09:15:02
19600.0,500,-350.0,0.0,SD,0.0,28800.0,False,0.0,09:15:02
19600.0,1000,-350.0,0.0,SD,0.0,28300.0,False,0.0,09:15:02
19600.0,100,-350.0,0.0,SD,0.0,27300.0,False,0.0,09:15:02
19600.0,100,-350.0,0.0,SD,0.0,27200.0,False,0.0,09:15:02
19600.0,8000,-350.0,0.0,SD,0.0,27100.0,False,0.0,09:15:02
19600.0,100,-350.0,0.0,SD,0.0,19100.0,False,0.0,09:15:02
19600.0,500,-350.0,0.0,SD,0.0,19000.0,False,0.0,09:15:02
19600.0,15000,-350.0,0.0,SD,0.0,18500.0,True,0.0,09:15:02
19600.0,300,-350.0,0.0,SD,0.0,3500.0,False,0.0,09:15:02
19600.0,1000,-350.0,0.0,SD,0.0,3200.0,False,0.0,09:15:02
19600.0,300,-350.0,0.0,SD,0.0,2200.0,False,0.0,09:15:02
19600.0,1900,-350.0,0.0,SD,0.0,1900.0,False,0.0,09:15:02
19600.0,878900,-350.0,0.0,,0.0,0.0,False,0.0,09:15:01
